0.0,0.37,0.01,0.0,0.0006157543421376871,25.023233010153884
0.0,0.37,0.20900000000000002,0.0,0.01286926575067766,25.485569912216164
0.0,0.37,0.40800000000000003,0.0,0.024050569388897963,25.90745137237538
0.0,0.37,0.607,0.0,0.03713417216698441,26.401108429079805
0.0,0.37,0.806,0.0,0.05263018147618577,26.985787930283944
0.0,0.37,1.0050000000000001,0.0,0.06773684381781923,27.555776991759338
0.0,0.37,1.2040000000000002,0.0,0.0976038642535594,28.682688718667848
0.0,0.37,1.4030000000000002,0.0,0.12673884987469805,29.781980060112915
0.0,0.37,1.6020000000000003,0.0,0.15587383549583672,30.881271401557978
0.0,0.37,1.8010000000000004,0.0,0.1850088211169754,31.98056274300304
0.0,0.37,2.0,0.0,0.214143806738114,33.07985408444811
0.0,0.74,0.01,0.0,0.002806985749207746,25.105910302129168
0.0,0.74,0.20900000000000002,0.0,0.05866600215844189,27.213525314499613
0.0,0.74,0.40800000000000003,0.0,0.11234274323310113,29.238800956219855
0.0,0.74,0.607,0.0,0.1775854586416591,31.700472057541965
0.0,0.74,0.806,0.0,0.25435374816692374,34.597014278981824
0.0,0.74,1.0050000000000001,0.0,0.32919318619657867,37.420779057671936
0.0,0.74,1.2040000000000002,0.0,0.45637574252142077,42.219500593656136
0.0,0.74,1.4030000000000002,0.0,0.580441079328497,46.900606405719145
0.0,0.74,1.6020000000000003,0.0,0.7045064161355733,51.58171221778217
0.0,0.74,1.8010000000000004,0.0,0.8285717529426495,56.262818029845185
0.0,0.74,2.0,0.0,0.9526370897497254,60.943923841908195
0.0,1.1099999999999999,0.01,0.0,0.006817617725072856,25.25723534694376
0.0,1.1099999999999999,0.20900000000000002,0.0,0.14248821045402266,30.376218751124533
0.0,1.1099999999999999,0.40800000000000003,0.0,0.2768179897095952,35.44461195900512
0.0,1.1099999999999999,0.607,0.0,0.4436102109823954,41.7378446741278
0.0,1.1099999999999999,0.806,0.0,0.6392854468789262,49.12086161991993
0.0,1.1099999999999999,1.0050000000000001,0.0,0.8300442195619763,56.31837562737557
0.0,1.1099999999999999,1.2040000000000002,0.0,1.1260260674103708,67.48605859093198
0.0,1.1099999999999999,1.4030000000000002,0.0,1.4147534582036574,78.38002383479335
0.0,1.1099999999999999,1.6020000000000003,0.0,1.7034808489969442,89.27398907865472
0.0,1.1099999999999999,1.8010000000000004,0.0,1.992208239790231,100.1679543225161
0.0,1.1099999999999999,2.0,0.0,2.280935630583517,111.06191956637745
0.0,1.48,0.01,0.0,0.012795961728668625,25.482804080177132
0.0,1.48,0.20900000000000002,0.0,0.2674356001291743,35.090605275702075
0.0,1.48,0.40800000000000003,0.0,0.5249310681673486,44.806159700768816
0.0,1.48,0.607,0.0,0.8494040063470341,57.04883921029204
0.0,1.48,0.806,0.0,1.2293960801989574,71.38630970144266
0.0,1.48,1.0050000000000001,0.0,1.5998406145068624,85.3635422405543
0.0,1.48,1.2040000000000002,0.0,2.138002239152688,105.66890370405669
0.0,1.48,1.4030000000000002,0.0,2.662973627900331,125.47658473953203
0.0,1.48,1.6020000000000003,0.0,3.187945016647974,145.28426577500738
0.0,1.48,1.8010000000000004,0.0,3.7129164053956174,165.09194681048274
0.0,1.48,2.0,0.0,4.237887794143259,184.89962784595804
0.0,1.85,0.01,0.0,0.02085305537068678,25.786806058865476
0.0,1.85,0.20900000000000002,0.0,0.43582885724735365,41.44424663028849
0.0,1.85,0.40800000000000003,0.0,0.8623440638868433,57.537080165557605
0.0,1.85,0.607,0.0,1.4058749892103053,78.0450305653064
0.0,1.85,0.806,0.0,2.0416575812740376,102.03372606650038
0.0,1.85,1.0050000000000001,0.0,2.6614657363512433,125.4196905249508
0.0,1.85,1.2040000000000002,0.0,3.516376447722944,157.6763030711293
0.0,1.85,1.4030000000000002,0.0,4.350333465188476,189.14231236862696
0.0,1.85,1.6020000000000003,0.0,5.184290482654007,220.6083216661246
0.0,1.85,1.8010000000000004,0.0,6.01824750011954,252.0743309636223
0.0,1.85,2.0,0.0,6.8522045175850685,283.54034026111987
0.0,2.2199999999999998,0.01,0.0,0.031078880794228287,26.172636396776202
0.0,2.2199999999999998,0.20900000000000002,0.0,0.6495486085993712,49.50810069262261
0.0,2.2199999999999998,0.40800000000000003,0.0,1.293693202597772,73.8123026589119
0.0,2.2199999999999998,0.607,0.0,2.122029751006942,105.066246192971
0.0,2.2199999999999998,0.806,0.0,3.09013622217236,141.59384483976544
0.0,2.2199999999999998,1.0050000000000001,0.0,4.033918410142666,177.20366462608766
0.0,2.2199999999999998,1.2040000000000002,0.0,5.280974359765987,224.2562983752473
0.0,2.2199999999999998,1.4030000000000002,0.0,6.497465212584813,270.1556812972216
0.0,2.2199999999999998,1.6020000000000003,0.0,7.713956065403641,316.0550642191959
0.0,2.2199999999999998,1.8010000000000004,0.0,8.930446918222467,361.95444714117025
0.0,2.2199999999999998,2.0,0.0,10.146937771041292,407.85383006314447
0.0,2.59,0.01,0.0,0.04354966068761968,26.643171050066915
0.0,2.59,0.20900000000000002,0.0,0.9101879083712515,59.342274946398504
0.0,2.59,0.40800000000000003,0.0,1.8229379799976935,93.78122280413545
0.0,2.59,0.607,0.0,3.005610702394165,138.4046147769266
0.0,2.59,0.806,0.0,4.386959711985011,190.52425627951902
0.0,2.59,1.0050000000000001,0.0,5.733601460028347,241.33435905089053
0.0,2.59,1.2040000000000002,0.0,7.448807262190928,306.05074201507654
0.0,2.59,1.4030000000000002,0.0,9.121973706457366,369.1809391222971
0.0,2.59,1.6020000000000003,0.0,10.795140150723805,432.31113622951773
0.0,2.59,1.8010000000000004,0.0,12.46830659499024,495.4413333367383
0.0,2.59,2.0,0.0,14.141473039256676,558.5715304439589
0.0,2.96,0.01,0.0,0.05833183749071964,27.20091695660918
0.0,2.96,0.20900000000000002,0.0,1.2191354035560407,70.99916439313188
0.0,2.96,0.40800000000000003,0.0,2.453553253097534,117.57495033557113
0.0,2.96,0.607,0.0,4.063449329015884,178.3178949141813
0.0,2.96,0.806,0.0,5.942854986732162,249.229698113816
0.0,2.96,1.0050000000000001,0.0,7.775039396767126,318.3597977154699
0.0,2.96,1.2040000000000002,0.0,10.034863249729446,403.62514938086105
0.0,2.96,1.4030000000000002,0.0,12.239299263158376,486.80066399563
0.0,2.96,1.6020000000000003,0.0,14.443735276587304,569.9761786103987
0.0,2.96,1.8010000000000004,0.0,16.648171290016236,653.1516932251676
0.0,2.96,2.0,0.0,18.852607303445158,736.3272078399362
0.0,3.33,0.01,0.0,0.07548450455723195,27.848103766106906
0.0,3.33,0.20900000000000002,0.0,1.577626145246148,84.52536871163437
0.0,3.33,0.40800000000000003,0.0,3.188647428248228,145.3107684477847
0.0,3.33,0.607,0.0,5.301684808441221,225.0377237448074
0.0,3.33,0.806,0.0,7.767481911394437,318.0746464426556
0.0,3.33,1.0050000000000001,0.0,10.171324313268425,408.77395801744217
0.0,3.33,1.2040000000000002,0.0,13.052595655833192,517.4871278271844
0.0,3.33,1.4030000000000002,0.0,15.863247602746862,623.5357591611977
0.0,3.33,1.6020000000000003,0.0,18.673899549660533,729.5843904952109
0.0,3.33,1.8010000000000004,0.0,21.484551496574202,835.6330218292242
0.0,3.33,2.0,0.0,24.295203443487864,941.6816531632371
0.37,0.0,0.01,0.00954193,0.0,25.36002629848784
0.37,0.0,0.20900000000000002,0.00954193,0.0,25.36002629848784
0.37,0.0,0.40800000000000003,0.00954193,0.0,25.36002629848784
0.37,0.0,0.607,0.00954193,0.0,25.36002629848784
0.37,0.0,0.806,0.00954193,0.0,25.36002629848784
0.37,0.0,1.0050000000000001,0.00954193,0.0,25.36002629848784
0.37,0.0,1.2040000000000002,0.00954193,0.0,25.36002629848784
0.37,0.0,1.4030000000000002,0.00954193,0.0,25.36002629848784
0.37,0.0,1.6020000000000003,0.00954193,0.0,25.36002629848784
0.37,0.0,1.8010000000000004,0.00954193,0.0,25.36002629848784
0.37,0.0,2.0,0.00954193,0.0,25.36002629848784
0.37,0.37,0.01,0.00954193,0.0006157543421376871,25.38325930864172
0.37,0.37,0.20900000000000002,0.00954193,0.01286926575067766,25.845596210704
0.37,0.37,0.40800000000000003,0.00954193,0.024050569388897963,26.26747767086322
0.37,0.37,0.607,0.00954193,0.03713417216698441,26.76113472756764
0.37,0.37,0.806,0.00954193,0.05263018147618577,27.345814228771783
0.37,0.37,1.0050000000000001,0.00954193,0.06773684381781923,27.915803290247176
0.37,0.37,1.2040000000000002,0.00954193,0.0976038642535594,29.042715017155686
0.37,0.37,1.4030000000000002,0.00954193,0.12673884987469805,30.14200635860075
0.37,0.37,1.6020000000000003,0.00954193,0.15587383549583672,31.241297700045816
0.37,0.37,1.8010000000000004,0.00954193,0.1850088211169754,32.34058904149088
0.37,0.37,2.0,0.00954193,0.214143806738114,33.43988038293594
0.37,0.74,0.01,0.00954193,0.002806985749207746,25.465936600617006
0.37,0.74,0.20900000000000002,0.00954193,0.05866600215844189,27.57355161298745
0.37,0.74,0.40800000000000003,0.00954193,0.11234274323310113,29.59882725470769
0.37,0.74,0.607,0.00954193,0.1775854586416591,32.060498356029804
0.37,0.74,0.806,0.00954193,0.25435374816692374,34.957040577469655
0.37,0.74,1.0050000000000001,0.00954193,0.32919318619657867,37.78080535615977
0.37,0.74,1.2040000000000002,0.00954193,0.45637574252142077,42.579526892143974
0.37,0.74,1.4030000000000002,0.00954193,0.580441079328497,47.260632704206984
0.37,0.74,1.6020000000000003,0.00954193,0.7045064161355733,51.94173851627001
0.37,0.74,1.8010000000000004,0.00954193,0.8285717529426495,56.622844328333024
0.37,0.74,2.0,0.00954193,0.9526370897497254,61.303950140396026
0.37,1.1099999999999999,0.01,0.00954193,0.006817617725072856,25.617261645431594
0.37,1.1099999999999999,0.20900000000000002,0.00954193,0.14248821045402266,30.736245049612368
0.37,1.1099999999999999,0.40800000000000003,0.00954193,0.2768179897095952,35.804638257492954
0.37,1.1099999999999999,0.607,0.00954193,0.4436102109823954,42.09787097261564
0.37,1.1099999999999999,0.806,0.00954193,0.6392854468789262,49.48088791840777
0.37,1.1099999999999999,1.0050000000000001,0.00954193,0.8300442195619763,56.67840192586341
0.37,1.1099999999999999,1.2040000000000002,0.00954193,1.1260260674103708,67.84608488941981
0.37,1.1099999999999999,1.4030000000000002,0.00954193,1.4147534582036574,78.74005013328119
0.37,1.1099999999999999,1.6020000000000003,0.00954193,1.7034808489969442,89.63401537714256
0.37,1.1099999999999999,1.8010000000000004,0.00954193,1.992208239790231,100.52798062100395
0.37,1.1099999999999999,2.0,0.00954193,2.280935630583517,111.42194586486528
0.37,1.48,0.01,0.00954193,0.012795961728668625,25.84283037866497
0.37,1.48,0.20900000000000002,0.00954193,0.2674356001291743,35.45063157418991
0.37,1.48,0.40800000000000003,0.00954193,0.5249310681673486,45.166185999256655
0.37,1.48,0.607,0.00954193,0.8494040063470341,57.408865508779876
0.37,1.48,0.806,0.00954193,1.2293960801989574,71.7463359999305
0.37,1.48,1.0050000000000001,0.00954193,1.5998406145068624,85.72356853904213
0.37,1.48,1.2040000000000002,0.00954193,2.138002239152688,106.02893000254451
0.37,1.48,1.4030000000000002,0.00954193,2.662973627900331,125.83661103801985
0.37,1.48,1.6020000000000003,0.00954193,3.187945016647974,145.6442920734952
0.37,1.48,1.8010000000000004,0.00954193,3.7129164053956174,165.45197310897055
0.37,1.48,2.0,0.00954193,4.237887794143259,185.25965414444588
0.37,1.85,0.01,0.00954193,0.02085305537068678,26.146832357353315
0.37,1.85,0.20900000000000002,0.00954193,0.43582885724735365,41.80427292877633
0.37,1.85,0.40800000000000003,0.00954193,0.8623440638868433,57.897106464045436
0.37,1.85,0.607,0.00954193,1.4058749892103053,78.40505686379424
0.37,1.85,0.806,0.00954193,2.0416575812740376,102.39375236498822
0.37,1.85,1.0050000000000001,0.00954193,2.6614657363512433,125.77971682343862
0.37,1.85,1.2040000000000002,0.00954193,3.516376447722944,158.03632936961714
0.37,1.85,1.4030000000000002,0.00954193,4.350333465188476,189.5023386671148
0.37,1.85,1.6020000000000003,0.00954193,5.184290482654007,220.96834796461243
0.37,1.85,1.8010000000000004,0.00954193,6.01824750011954,252.43435726211015
0.37,1.85,2.0,0.00954193,6.8522045175850685,283.9003665596077
0.37,2.2199999999999998,0.01,0.00954193,0.031078880794228287,26.532662695264037
0.37,2.2199999999999998,0.20900000000000002,0.00954193,0.6495486085993712,49.868126991110444
0.37,2.2199999999999998,0.40800000000000003,0.00954193,1.293693202597772,74.17232895739974
0.37,2.2199999999999998,0.607,0.00954193,2.122029751006942,105.42627249145882
0.37,2.2199999999999998,0.806,0.00954193,3.09013622217236,141.95387113825328
0.37,2.2199999999999998,1.0050000000000001,0.00954193,4.033918410142666,177.5636909245755
0.37,2.2199999999999998,1.2040000000000002,0.00954193,5.280974359765987,224.61632467373514
0.37,2.2199999999999998,1.4030000000000002,0.00954193,6.497465212584813,270.5157075957094
0.37,2.2199999999999998,1.6020000000000003,0.00954193,7.713956065403641,316.4150905176838
0.37,2.2199999999999998,1.8010000000000004,0.00954193,8.930446918222467,362.31447343965806
0.37,2.2199999999999998,2.0,0.00954193,10.146937771041292,408.2138563616323
0.37,2.59,0.01,0.00954193,0.04354966068761968,27.00319734855475
0.37,2.59,0.20900000000000002,0.00954193,0.9101879083712515,59.702301244886335
0.37,2.59,0.40800000000000003,0.00954193,1.8229379799976935,94.1412491026233
0.37,2.59,0.607,0.00954193,3.005610702394165,138.76464107541443
0.37,2.59,0.806,0.00954193,4.386959711985011,190.88428257800686
0.37,2.59,1.0050000000000001,0.00954193,5.733601460028347,241.69438534937836
0.37,2.59,1.2040000000000002,0.00954193,7.448807262190928,306.41076831356435
0.37,2.59,1.4030000000000002,0.00954193,9.121973706457366,369.5409654207849
0.37,2.59,1.6020000000000003,0.00954193,10.795140150723805,432.6711625280056
0.37,2.59,1.8010000000000004,0.00954193,12.46830659499024,495.80135963522616
0.37,2.59,2.0,0.00954193,14.141473039256676,558.9315567424467
0.37,2.96,0.01,0.00954193,0.05833183749071964,27.560943255097015
0.37,2.96,0.20900000000000002,0.00954193,1.2191354035560407,71.35919069161972
0.37,2.96,0.40800000000000003,0.00954193,2.453553253097534,117.93497663405897
0.37,2.96,0.607,0.00954193,4.063449329015884,178.67792121266913
0.37,2.96,0.806,0.00954193,5.942854986732162,249.58972441230387
0.37,2.96,1.0050000000000001,0.00954193,7.775039396767126,318.71982401395775
0.37,2.96,1.2040000000000002,0.00954193,10.034863249729446,403.9851756793489
0.37,2.96,1.4030000000000002,0.00954193,12.239299263158376,487.1606902941178
0.37,2.96,1.6020000000000003,0.00954193,14.443735276587304,570.3362049088865
0.37,2.96,1.8010000000000004,0.00954193,16.648171290016236,653.5117195236554
0.37,2.96,2.0,0.00954193,18.852607303445158,736.6872341384241
0.37,3.33,0.01,0.00954193,0.07548450455723195,28.208130064594744
0.37,3.33,0.20900000000000002,0.00954193,1.577626145246148,84.88539501012221
0.37,3.33,0.40800000000000003,0.00954193,3.188647428248228,145.67079474627258
0.37,3.33,0.607,0.00954193,5.301684808441221,225.39775004329528
0.37,3.33,0.806,0.00954193,7.767481911394437,318.43467274114346
0.37,3.33,1.0050000000000001,0.00954193,10.171324313268425,409.13398431593
0.37,3.33,1.2040000000000002,0.00954193,13.052595655833192,517.8471541256722
0.37,3.33,1.4030000000000002,0.00954193,15.863247602746862,623.8957854596855
0.37,3.33,1.6020000000000003,0.00954193,18.673899549660533,729.9444167936987
0.37,3.33,1.8010000000000004,0.00954193,21.484551496574202,835.993048127712
0.37,3.33,2.0,0.00954193,24.295203443487864,942.0416794617249
0.74,0.0,0.01,0.03816772,0.0,26.440105193951347
0.74,0.0,0.20900000000000002,0.03816772,0.0,26.440105193951347
0.74,0.0,0.40800000000000003,0.03816772,0.0,26.440105193951347
0.74,0.0,0.607,0.03816772,0.0,26.440105193951347
0.74,0.0,0.806,0.03816772,0.0,26.440105193951347
0.74,0.0,1.0050000000000001,0.03816772,0.0,26.440105193951347
0.74,0.0,1.2040000000000002,0.03816772,0.0,26.440105193951347
0.74,0.0,1.4030000000000002,0.03816772,0.0,26.440105193951347
0.74,0.0,1.6020000000000003,0.03816772,0.0,26.440105193951347
0.74,0.0,1.8010000000000004,0.03816772,0.0,26.440105193951347
0.74,0.0,2.0,0.03816772,0.0,26.440105193951347
0.74,0.37,0.01,0.03816772,0.0006157543421376871,26.46333820410523
0.74,0.37,0.20900000000000002,0.03816772,0.01286926575067766,26.92567510616751
0.74,0.37,0.40800000000000003,0.03816772,0.024050569388897963,27.34755656632673
0.74,0.37,0.607,0.03816772,0.03713417216698441,27.84121362303115
0.74,0.37,0.806,0.03816772,0.05263018147618577,28.425893124235294
0.74,0.37,1.0050000000000001,0.03816772,0.06773684381781923,28.995882185710688
0.74,0.37,1.2040000000000002,0.03816772,0.0976038642535594,30.122793912619198
0.74,0.37,1.4030000000000002,0.03816772,0.12673884987469805,31.22208525406426
0.74,0.37,1.6020000000000003,0.03816772,0.15587383549583672,32.32137659550933
0.74,0.37,1.8010000000000004,0.03816772,0.1850088211169754,33.42066793695439
0.74,0.37,2.0,0.03816772,0.214143806738114,34.519959278399455
0.74,0.74,0.01,0.03816772,0.002806985749207746,26.546015496080518
0.74,0.74,0.20900000000000002,0.03816772,0.05866600215844189,28.653630508450963
0.74,0.74,0.40800000000000003,0.03816772,0.11234274323310113,30.6789061501712
0.74,0.74,0.607,0.03816772,0.1775854586416591,33.14057725149331
0.74,0.74,0.806,0.03816772,0.25435374816692374,36.03711947293317
0.74,0.74,1.0050000000000001,0.03816772,0.32919318619657867,38.860884251623276
0.74,0.74,1.2040000000000002,0.03816772,0.45637574252142077,43.65960578760749
0.74,0.74,1.4030000000000002,0.03816772,0.580441079328497,48.3407115996705
0.74,0.74,1.6020000000000003,0.03816772,0.7045064161355733,53.02181741173352
0.74,0.74,1.8010000000000004,0.03816772,0.8285717529426495,57.70292322379654
0.74,0.74,2.0,0.03816772,0.9526370897497254,62.38402903585954
0.74,1.1099999999999999,0.01,0.03816772,0.006817617725072856,26.697340540895105
0.74,1.1099999999999999,0.20900000000000002,0.03816772,0.14248821045402266,31.81632394507588
0.74,1.1099999999999999,0.40800000000000003,0.03816772,0.2768179897095952,36.88471715295647
0.74,1.1099999999999999,0.607,0.03816772,0.4436102109823954,43.177949868079146
0.74,1.1099999999999999,0.806,0.03816772,0.6392854468789262,50.560966813871275
0.74,1.1099999999999999,1.0050000000000001,0.03816772,0.8300442195619763,57.75848082132693
0.74,1.1099999999999999,1.2040000000000002,0.03816772,1.1260260674103708,68.92616378488331
0.74,1.1099999999999999,1.4030000000000002,0.03816772,1.4147534582036574,79.82012902874469
0.74,1.1099999999999999,1.6020000000000003,0.03816772,1.7034808489969442,90.71409427260606
0.74,1.1099999999999999,1.8010000000000004,0.03816772,1.992208239790231,101.60805951646745
0.74,1.1099999999999999,2.0,0.03816772,2.280935630583517,112.5020247603288
0.74,1.48,0.01,0.03816772,0.012795961728668625,26.922909274128482
0.74,1.48,0.20900000000000002,0.03816772,0.2674356001291743,36.53071046965343
0.74,1.48,0.40800000000000003,0.03816772,0.5249310681673486,46.24626489472016
0.74,1.48,0.607,0.03816772,0.8494040063470341,58.488944404243384
0.74,1.48,0.806,0.03816772,1.2293960801989574,72.826414895394
0.74,1.48,1.0050000000000001,0.03816772,1.5998406145068624,86.80364743450565
0.74,1.48,1.2040000000000002,0.03816772,2.138002239152688,107.10900889800803
0.74,1.48,1.4030000000000002,0.03816772,2.662973627900331,126.91668993348337
0.74,1.48,1.6020000000000003,0.03816772,3.187945016647974,146.72437096895874
0.74,1.48,1.8010000000000004,0.03816772,3.7129164053956174,166.53205200443406
0.74,1.48,2.0,0.03816772,4.237887794143259,186.3397330399094
0.74,1.85,0.01,0.03816772,0.02085305537068678,27.226911252816826
0.74,1.85,0.20900000000000002,0.03816772,0.43582885724735365,42.88435182423984
0.74,1.85,0.40800000000000003,0.03816772,0.8623440638868433,58.97718535950895
0.74,1.85,0.607,0.03816772,1.4058749892103053,79.48513575925773
0.74,1.85,0.806,0.03816772,2.0416575812740376,103.47383126045173
0.74,1.85,1.0050000000000001,0.03816772,2.6614657363512433,126.85979571890213
0.74,1.85,1.2040000000000002,0.03816772,3.516376447722944,159.11640826508065
0.74,1.85,1.4030000000000002,0.03816772,4.350333465188476,190.5824175625783
0.74,1.85,1.6020000000000003,0.03816772,5.184290482654007,222.04842686007595
0.74,1.85,1.8010000000000004,0.03816772,6.01824750011954,253.51443615757364
0.74,1.85,2.0,0.03816772,6.8522045175850685,284.9804454550712
0.74,2.2199999999999998,0.01,0.03816772,0.031078880794228287,27.61274159072755
0.74,2.2199999999999998,0.20900000000000002,0.03816772,0.6495486085993712,50.94820588657396
0.74,2.2199999999999998,0.40800000000000003,0.03816772,1.293693202597772,75.25240785286326
0.74,2.2199999999999998,0.607,0.03816772,2.122029751006942,106.50635138692233
0.74,2.2199999999999998,0.806,0.03816772,3.09013622217236,143.0339500337168
0.74,2.2199999999999998,1.0050000000000001,0.03816772,4.033918410142666,178.643769820039
0.74,2.2199999999999998,1.2040000000000002,0.03816772,5.280974359765987,225.69640356919865
0.74,2.2199999999999998,1.4030000000000002,0.03816772,6.497465212584813,271.59578649117293
0.74,2.2199999999999998,1.6020000000000003,0.03816772,7.713956065403641,317.4951694131473
0.74,2.2199999999999998,1.8010000000000004,0.03816772,8.930446918222467,363.39455233512155
0.74,2.2199999999999998,2.0,0.03816772,10.146937771041292,409.29393525709577
0.74,2.59,0.01,0.03816772,0.04354966068761968,28.08327624401826
0.74,2.59,0.20900000000000002,0.03816772,0.9101879083712515,60.78238014034985
0.74,2.59,0.40800000000000003,0.03816772,1.8229379799976935,95.2213279980868
0.74,2.59,0.607,0.03816772,3.005610702394165,139.84471997087792
0.74,2.59,0.806,0.03816772,4.386959711985011,191.96436147347038
0.74,2.59,1.0050000000000001,0.03816772,5.733601460028347,242.77446424484188
0.74,2.59,1.2040000000000002,0.03816772,7.448807262190928,307.4908472090279
0.74,2.59,1.4030000000000002,0.03816772,9.121973706457366,370.62104431624846
0.74,2.59,1.6020000000000003,0.03816772,10.795140150723805,433.7512414234691
0.74,2.59,1.8010000000000004,0.03816772,12.46830659499024,496.88143853068965
0.74,2.59,2.0,0.03816772,14.141473039256676,560.0116356379101
0.74,2.96,0.01,0.03816772,0.05833183749071964,28.641022150560527
0.74,2.96,0.20900000000000002,0.03816772,1.2191354035560407,72.43926958708322
0.74,2.96,0.40800000000000003,0.03816772,2.453553253097534,119.01505552952247
0.74,2.96,0.607,0.03816772,4.063449329015884,179.75800010813265
0.74,2.96,0.806,0.03816772,5.942854986732162,250.66980330776735
0.74,2.96,1.0050000000000001,0.03816772,7.775039396767126,319.79990290942123
0.74,2.96,1.2040000000000002,0.03816772,10.034863249729446,405.0652545748124
0.74,2.96,1.4030000000000002,0.03816772,12.239299263158376,488.2407691895813
0.74,2.96,1.6020000000000003,0.03816772,14.443735276587304,571.4162838043501
0.74,2.96,1.8010000000000004,0.03816772,16.648171290016236,654.5917984191191
0.74,2.96,2.0,0.03816772,18.852607303445158,737.7673130338876
0.74,3.33,0.01,0.03816772,0.07548450455723195,29.288208960058256
0.74,3.33,0.20900000000000002,0.03816772,1.577626145246148,85.96547390558572
0.74,3.33,0.40800000000000003,0.03816772,3.188647428248228,146.75087364173606
0.74,3.33,0.607,0.03816772,5.301684808441221,226.4778289387588
0.74,3.33,0.806,0.03816772,7.767481911394437,319.51475163660695
0.74,3.33,1.0050000000000001,0.03816772,10.171324313268425,410.2140632113935
0.74,3.33,1.2040000000000002,0.03816772,13.052595655833192,518.9272330211357
0.74,3.33,1.4030000000000002,0.03816772,15.863247602746862,624.975864355149
0.74,3.33,1.6020000000000003,0.03816772,18.673899549660533,731.0244956891623
0.74,3.33,1.8010000000000004,0.03816772,21.484551496574202,837.0731270231755
0.74,3.33,2.0,0.03816772,24.295203443487864,943.1217583571885
1.1099999999999999,0.0,0.01,0.08587736999999998,0.0,28.24023668639053
1.1099999999999999,0.0,0.20900000000000002,0.08587736999999998,0.0,28.24023668639053
1.1099999999999999,0.0,0.40800000000000003,0.08587736999999998,0.0,28.24023668639053
1.1099999999999999,0.0,0.607,0.08587736999999998,0.0,28.24023668639053
1.1099999999999999,0.0,0.806,0.08587736999999998,0.0,28.24023668639053
1.1099999999999999,0.0,1.0050000000000001,0.08587736999999998,0.0,28.24023668639053
1.1099999999999999,0.0,1.2040000000000002,0.08587736999999998,0.0,28.24023668639053
1.1099999999999999,0.0,1.4030000000000002,0.08587736999999998,0.0,28.24023668639053
1.1099999999999999,0.0,1.6020000000000003,0.08587736999999998,0.0,28.24023668639053
1.1099999999999999,0.0,1.8010000000000004,0.08587736999999998,0.0,28.24023668639053
1.1099999999999999,0.0,2.0,0.08587736999999998,0.0,28.24023668639053
1.1099999999999999,0.37,0.01,0.08587736999999998,0.0006157543421376871,28.263469696544416
1.1099999999999999,0.37,0.20900000000000002,0.08587736999999998,0.01286926575067766,28.725806598606695
1.1099999999999999,0.37,0.40800000000000003,0.08587736999999998,0.024050569388897963,29.147688058765915
1.1099999999999999,0.37,0.607,0.08587736999999998,0.03713417216698441,29.641345115470337
1.1099999999999999,0.37,0.806,0.08587736999999998,0.05263018147618577,30.22602461667448
1.1099999999999999,0.37,1.0050000000000001,0.08587736999999998,0.06773684381781923,30.796013678149873
1.1099999999999999,0.37,1.2040000000000002,0.08587736999999998,0.0976038642535594,31.92292540505838
1.1099999999999999,0.37,1.4030000000000002,0.08587736999999998,0.12673884987469805,33.022216746503446
1.1099999999999999,0.37,1.6020000000000003,0.08587736999999998,0.15587383549583672,34.12150808794851
1.1099999999999999,0.37,1.8010000000000004,0.08587736999999998,0.1850088211169754,35.22079942939358
1.1099999999999999,0.37,2.0,0.08587736999999998,0.214143806738114,36.32009077083864
1.1099999999999999,0.74,0.01,0.08587736999999998,0.002806985749207746,28.3461469885197
1.1099999999999999,0.74,0.20900000000000002,0.08587736999999998,0.05866600215844189,30.453762000890144
1.1099999999999999,0.74,0.40800000000000003,0.08587736999999998,0.11234274323310113,32.479037642610386
1.1099999999999999,0.74,0.607,0.08587736999999998,0.1775854586416591,34.9407087439325
1.1099999999999999,0.74,0.806,0.08587736999999998,0.25435374816692374,37.837250965372355
1.1099999999999999,0.74,1.0050000000000001,0.08587736999999998,0.32919318619657867,40.66101574406247
1.1099999999999999,0.74,1.2040000000000002,0.08587736999999998,0.45637574252142077,45.45973728004667
1.1099999999999999,0.74,1.4030000000000002,0.08587736999999998,0.580441079328497,50.14084309210968
1.1099999999999999,0.74,1.6020000000000003,0.08587736999999998,0.7045064161355733,54.8219489041727
1.1099999999999999,0.74,1.8010000000000004,0.08587736999999998,0.8285717529426495,59.50305471623572
1.1099999999999999,0.74,2.0,0.08587736999999998,0.9526370897497254,64.18416052829872
1.1099999999999999,1.1099999999999999,0.01,0.08587736999999998,0.006817617725072856,28.49747203333429
1.1099999999999999,1.1099999999999999,0.20900000000000002,0.08587736999999998,0.14248821045402266,33.616455437515064
1.1099999999999999,1.1099999999999999,0.40800000000000003,0.08587736999999998,0.2768179897095952,38.684848645395654
1.1099999999999999,1.1099999999999999,0.607,0.08587736999999998,0.4436102109823954,44.97808136051833
1.1099999999999999,1.1099999999999999,0.806,0.08587736999999998,0.6392854468789262,52.36109830631046
1.1099999999999999,1.1099999999999999,1.0050000000000001,0.08587736999999998,0.8300442195619763,59.55861231376611
1.1099999999999999,1.1099999999999999,1.2040000000000002,0.08587736999999998,1.1260260674103708,70.72629527732249
1.1099999999999999,1.1099999999999999,1.4030000000000002,0.08587736999999998,1.4147534582036574,81.62026052118387
1.1099999999999999,1.1099999999999999,1.6020000000000003,0.08587736999999998,1.7034808489969442,92.51422576504525
1.1099999999999999,1.1099999999999999,1.8010000000000004,0.08587736999999998,1.992208239790231,103.40819100890664
1.1099999999999999,1.1099999999999999,2.0,0.08587736999999998,2.280935630583517,114.30215625276799
1.1099999999999999,1.48,0.01,0.08587736999999998,0.012795961728668625,28.723040766567667
1.1099999999999999,1.48,0.20900000000000002,0.08587736999999998,0.2674356001291743,38.33084196209261
1.1099999999999999,1.48,0.40800000000000003,0.08587736999999998,0.5249310681673486,48.04639638715935
1.1099999999999999,1.48,0.607,0.08587736999999998,0.8494040063470341,60.28907589668257
1.1099999999999999,1.48,0.806,0.08587736999999998,1.2293960801989574,74.62654638783317
1.1099999999999999,1.48,1.0050000000000001,0.08587736999999998,1.5998406145068624,88.60377892694483
1.1099999999999999,1.48,1.2040000000000002,0.08587736999999998,2.138002239152688,108.90914039044722
1.1099999999999999,1.48,1.4030000000000002,0.08587736999999998,2.662973627900331,128.71682142592255
1.1099999999999999,1.48,1.6020000000000003,0.08587736999999998,3.187945016647974,148.5245024613979
1.1099999999999999,1.48,1.8010000000000004,0.08587736999999998,3.7129164053956174,168.33218349687326
1.1099999999999999,1.48,2.0,0.08587736999999998,4.237887794143259,188.13986453234858
1.1099999999999999,1.85,0.01,0.08587736999999998,0.02085305537068678,29.02704274525601
1.1099999999999999,1.85,0.20900000000000002,0.08587736999999998,0.43582885724735365,44.68448331667902
1.1099999999999999,1.85,0.40800000000000003,0.08587736999999998,0.8623440638868433,60.77731685194813
1.1099999999999999,1.85,0.607,0.08587736999999998,1.4058749892103053,81.28526725169692
1.1099999999999999,1.85,0.806,0.08587736999999998,2.0416575812740376,105.27396275289092
1.1099999999999999,1.85,1.0050000000000001,0.08587736999999998,2.6614657363512433,128.6599272113413
1.1099999999999999,1.85,1.2040000000000002,0.08587736999999998,3.516376447722944,160.91653975751984
1.1099999999999999,1.85,1.4030000000000002,0.08587736999999998,4.350333465188476,192.3825490550175
1.1099999999999999,1.85,1.6020000000000003,0.08587736999999998,5.184290482654007,223.84855835251514
1.1099999999999999,1.85,1.8010000000000004,0.08587736999999998,6.01824750011954,255.31456765001283
1.1099999999999999,1.85,2.0,0.08587736999999998,6.8522045175850685,286.7805769475104
1.1099999999999999,2.2199999999999998,0.01,0.08587736999999998,0.031078880794228287,29.412873083166733
1.1099999999999999,2.2199999999999998,0.20900000000000002,0.08587736999999998,0.6495486085993712,52.74833737901315
1.1099999999999999,2.2199999999999998,0.40800000000000003,0.08587736999999998,1.293693202597772,77.05253934530245
1.1099999999999999,2.2199999999999998,0.607,0.08587736999999998,2.122029751006942,108.30648287936152
1.1099999999999999,2.2199999999999998,0.806,0.08587736999999998,3.09013622217236,144.83408152615598
1.1099999999999999,2.2199999999999998,1.0050000000000001,0.08587736999999998,4.033918410142666,180.4439013124782
1.1099999999999999,2.2199999999999998,1.2040000000000002,0.08587736999999998,5.280974359765987,227.49653506163781
1.1099999999999999,2.2199999999999998,1.4030000000000002,0.08587736999999998,6.497465212584813,273.3959179836121
1.1099999999999999,2.2199999999999998,1.6020000000000003,0.08587736999999998,7.713956065403641,319.2953009055865
1.1099999999999999,2.2199999999999998,1.8010000000000004,0.08587736999999998,8.930446918222467,365.19468382756077
1.1099999999999999,2.2199999999999998,2.0,0.08587736999999998,10.146937771041292,411.094066749535
1.1099999999999999,2.59,0.01,0.08587736999999998,0.04354966068761968,29.883407736457446
1.1099999999999999,2.59,0.20900000000000002,0.08587736999999998,0.9101879083712515,62.582511632789036
1.1099999999999999,2.59,0.40800000000000003,0.08587736999999998,1.8229379799976935,97.02145949052598
1.1099999999999999,2.59,0.607,0.08587736999999998,3.005610702394165,141.64485146331714
1.1099999999999999,2.59,0.806,0.08587736999999998,4.386959711985011,193.76449296590957
1.1099999999999999,2.59,1.0050000000000001,0.08587736999999998,5.733601460028347,244.57459573728107
1.1099999999999999,2.59,1.2040000000000002,0.08587736999999998,7.448807262190928,309.29097870146705
1.1099999999999999,2.59,1.4030000000000002,0.08587736999999998,9.121973706457366,372.4211758086877
1.1099999999999999,2.59,1.6020000000000003,0.08587736999999998,10.795140150723805,435.5513729159083
1.1099999999999999,2.59,1.8010000000000004,0.08587736999999998,12.46830659499024,498.68157002312887
1.1099999999999999,2.59,2.0,0.08587736999999998,14.141473039256676,561.8117671303494
1.1099999999999999,2.96,0.01,0.08587736999999998,0.05833183749071964,30.441153642999712
1.1099999999999999,2.96,0.20900000000000002,0.08587736999999998,1.2191354035560407,74.2394010795224
1.1099999999999999,2.96,0.40800000000000003,0.08587736999999998,2.453553253097534,120.81518702196168
1.1099999999999999,2.96,0.607,0.08587736999999998,4.063449329015884,181.55813160057184
1.1099999999999999,2.96,0.806,0.08587736999999998,5.942854986732162,252.46993480020654
1.1099999999999999,2.96,1.0050000000000001,0.08587736999999998,7.775039396767126,321.60003440186046
1.1099999999999999,2.96,1.2040000000000002,0.08587736999999998,10.034863249729446,406.8653860672516
1.1099999999999999,2.96,1.4030000000000002,0.08587736999999998,12.239299263158376,490.0409006820205
1.1099999999999999,2.96,1.6020000000000003,0.08587736999999998,14.443735276587304,573.2164152967893
1.1099999999999999,2.96,1.8010000000000004,0.08587736999999998,16.648171290016236,656.3919299115581
1.1099999999999999,2.96,2.0,0.08587736999999998,18.852607303445158,739.5674445263268
1.1099999999999999,3.33,0.01,0.08587736999999998,0.07548450455723195,31.08834045249744
1.1099999999999999,3.33,0.20900000000000002,0.08587736999999998,1.577626145246148,87.7656053980249
1.1099999999999999,3.33,0.40800000000000003,0.08587736999999998,3.188647428248228,148.55100513417528
1.1099999999999999,3.33,0.607,0.08587736999999998,5.301684808441221,228.27796043119795
1.1099999999999999,3.33,0.806,0.08587736999999998,7.767481911394437,321.3148831290461
1.1099999999999999,3.33,1.0050000000000001,0.08587736999999998,10.171324313268425,412.01419470383274
1.1099999999999999,3.33,1.2040000000000002,0.08587736999999998,13.052595655833192,520.7273645135749
1.1099999999999999,3.33,1.4030000000000002,0.08587736999999998,15.863247602746862,626.7759958475882
1.1099999999999999,3.33,1.6020000000000003,0.08587736999999998,18.673899549660533,732.8246271816014
1.1099999999999999,3.33,1.8010000000000004,0.08587736999999998,21.484551496574202,838.8732585156146
1.1099999999999999,3.33,2.0,0.08587736999999998,24.295203443487864,944.9218898496276
1.48,0.0,0.01,0.15267088,0.0,30.760420775805393
1.48,0.0,0.20900000000000002,0.15267088,0.0,30.760420775805393
1.48,0.0,0.40800000000000003,0.15267088,0.0,30.760420775805393
1.48,0.0,0.607,0.15267088,0.0,30.760420775805393
1.48,0.0,0.806,0.15267088,0.0,30.760420775805393
1.48,0.0,1.0050000000000001,0.15267088,0.0,30.760420775805393
1.48,0.0,1.2040000000000002,0.15267088,0.0,30.760420775805393
1.48,0.0,1.4030000000000002,0.15267088,0.0,30.760420775805393
1.48,0.0,1.6020000000000003,0.15267088,0.0,30.760420775805393
1.48,0.0,1.8010000000000004,0.15267088,0.0,30.760420775805393
1.48,0.0,2.0,0.15267088,0.0,30.760420775805393
1.48,0.37,0.01,0.15267088,0.0006157543421376871,30.783653785959274
1.48,0.37,0.20900000000000002,0.15267088,0.01286926575067766,31.245990688021557
1.48,0.37,0.40800000000000003,0.15267088,0.024050569388897963,31.667872148180773
1.48,0.37,0.607,0.15267088,0.03713417216698441,32.1615292048852
1.48,0.37,0.806,0.15267088,0.05263018147618577,32.74620870608934
1.48,0.37,1.0050000000000001,0.15267088,0.06773684381781923,33.31619776756473
1.48,0.37,1.2040000000000002,0.15267088,0.0976038642535594,34.44310949447324
1.48,0.37,1.4030000000000002,0.15267088,0.12673884987469805,35.54240083591831
1.48,0.37,1.6020000000000003,0.15267088,0.15587383549583672,36.64169217736337
1.48,0.37,1.8010000000000004,0.15267088,0.1850088211169754,37.740983518808434
1.48,0.37,2.0,0.15267088,0.214143806738114,38.8402748602535
1.48,0.74,0.01,0.15267088,0.002806985749207746,30.86633107793456
1.48,0.74,0.20900000000000002,0.15267088,0.05866600215844189,32.973946090305006
1.48,0.74,0.40800000000000003,0.15267088,0.11234274323310113,34.99922173202525
1.48,0.74,0.607,0.15267088,0.1775854586416591,37.46089283334736
1.48,0.74,0.806,0.15267088,0.25435374816692374,40.35743505478722
1.48,0.74,1.0050000000000001,0.15267088,0.32919318619657867,43.18119983347732
1.48,0.74,1.2040000000000002,0.15267088,0.45637574252142077,47.97992136946153
1.48,0.74,1.4030000000000002,0.15267088,0.580441079328497,52.661027181524545
1.48,0.74,1.6020000000000003,0.15267088,0.7045064161355733,57.34213299358756
1.48,0.74,1.8010000000000004,0.15267088,0.8285717529426495,62.02323880565058
1.48,0.74,2.0,0.15267088,0.9526370897497254,66.70434461771359
1.48,1.1099999999999999,0.01,0.15267088,0.006817617725072856,31.017656122749152
1.48,1.1099999999999999,0.20900000000000002,0.15267088,0.14248821045402266,36.136639526929926
1.48,1.1099999999999999,0.40800000000000003,0.15267088,0.2768179897095952,41.205032734810516
1.48,1.1099999999999999,0.607,0.15267088,0.4436102109823954,47.498265449933186
1.48,1.1099999999999999,0.806,0.15267088,0.6392854468789262,54.88128239572532
1.48,1.1099999999999999,1.0050000000000001,0.15267088,0.8300442195619763,62.07879640318097
1.48,1.1099999999999999,1.2040000000000002,0.15267088,1.1260260674103708,73.24647936673736
1.48,1.1099999999999999,1.4030000000000002,0.15267088,1.4147534582036574,84.14044461059873
1.48,1.1099999999999999,1.6020000000000003,0.15267088,1.7034808489969442,95.03440985446012
1.48,1.1099999999999999,1.8010000000000004,0.15267088,1.992208239790231,105.9283750983215
1.48,1.1099999999999999,2.0,0.15267088,2.280935630583517,116.82234034218284
1.48,1.48,0.01,0.15267088,0.012795961728668625,31.243224855982525
1.48,1.48,0.20900000000000002,0.15267088,0.2674356001291743,40.851026051507475
1.48,1.48,0.40800000000000003,0.15267088,0.5249310681673486,50.5665804765742
1.48,1.48,0.607,0.15267088,0.8494040063470341,62.80925998609743
1.48,1.48,0.806,0.15267088,1.2293960801989574,77.14673047724804
1.48,1.48,1.0050000000000001,0.15267088,1.5998406145068624,91.1239630163597
1.48,1.48,1.2040000000000002,0.15267088,2.138002239152688,111.42932447986209
1.48,1.48,1.4030000000000002,0.15267088,2.662973627900331,131.23700551533742
1.48,1.48,1.6020000000000003,0.15267088,3.187945016647974,151.04468655081277
1.48,1.48,1.8010000000000004,0.15267088,3.7129164053956174,170.85236758628812
1.48,1.48,2.0,0.15267088,4.237887794143259,190.66004862176342
1.48,1.85,0.01,0.15267088,0.02085305537068678,31.54722683467087
1.48,1.85,0.20900000000000002,0.15267088,0.43582885724735365,47.20466740609388
1.48,1.85,0.40800000000000003,0.15267088,0.8623440638868433,63.297500941363
1.48,1.85,0.607,0.15267088,1.4058749892103053,83.80545134111179
1.48,1.85,0.806,0.15267088,2.0416575812740376,107.79414684230578
1.48,1.85,1.0050000000000001,0.15267088,2.6614657363512433,131.18011130075618
1.48,1.85,1.2040000000000002,0.15267088,3.516376447722944,163.43672384693468
1.48,1.85,1.4030000000000002,0.15267088,4.350333465188476,194.90273314443235
1.48,1.85,1.6020000000000003,0.15267088,5.184290482654007,226.36874244192998
1.48,1.85,1.8010000000000004,0.15267088,6.01824750011954,257.8347517394277
1.48,1.85,2.0,0.15267088,6.8522045175850685,289.3007610369252
1.48,2.2199999999999998,0.01,0.15267088,0.031078880794228287,31.933057172581595
1.48,2.2199999999999998,0.20900000000000002,0.15267088,0.6495486085993712,55.268521468428006
1.48,2.2199999999999998,0.40800000000000003,0.15267088,1.293693202597772,79.57272343471732
1.48,2.2199999999999998,0.607,0.15267088,2.122029751006942,110.8266669687764
1.48,2.2199999999999998,0.806,0.15267088,3.09013622217236,147.35426561557085
1.48,2.2199999999999998,1.0050000000000001,0.15267088,4.033918410142666,182.96408540189304
1.48,2.2199999999999998,1.2040000000000002,0.15267088,5.280974359765987,230.01671915105265
1.48,2.2199999999999998,1.4030000000000002,0.15267088,6.497465212584813,275.916102073027
1.48,2.2199999999999998,1.6020000000000003,0.15267088,7.713956065403641,321.8154849950013
1.48,2.2199999999999998,1.8010000000000004,0.15267088,8.930446918222467,367.7148679169756
1.48,2.2199999999999998,2.0,0.15267088,10.146937771041292,413.61425083894983
1.48,2.59,0.01,0.15267088,0.04354966068761968,32.403591825872304
1.48,2.59,0.20900000000000002,0.15267088,0.9101879083712515,65.10269572220389
1.48,2.59,0.40800000000000003,0.15267088,1.8229379799976935,99.54164357994085
1.48,2.59,0.607,0.15267088,3.005610702394165,144.16503555273198
1.48,2.59,0.806,0.15267088,4.386959711985011,196.2846770553244
1.48,2.59,1.0050000000000001,0.15267088,5.733601460028347,247.0947798266959
1.48,2.59,1.2040000000000002,0.15267088,7.448807262190928,311.8111627908819
1.48,2.59,1.4030000000000002,0.15267088,9.121973706457366,374.9413598981025
1.48,2.59,1.6020000000000003,0.15267088,10.795140150723805,438.07155700532314
1.48,2.59,1.8010000000000004,0.15267088,12.46830659499024,501.2017541125437
1.48,2.59,2.0,0.15267088,14.141473039256676,564.3319512197642
1.48,2.96,0.01,0.15267088,0.05833183749071964,32.96133773241457
1.48,2.96,0.20900000000000002,0.15267088,1.2191354035560407,76.75958516893726
1.48,2.96,0.40800000000000003,0.15267088,2.453553253097534,123.33537111137653
1.48,2.96,0.607,0.15267088,4.063449329015884,184.07831568998668
1.48,2.96,0.806,0.15267088,5.942854986732162,254.99011888962139
1.48,2.96,1.0050000000000001,0.15267088,7.775039396767126,324.1202184912753
1.48,2.96,1.2040000000000002,0.15267088,10.034863249729446,409.38557015666646
1.48,2.96,1.4030000000000002,0.15267088,12.239299263158376,492.56108477143533
1.48,2.96,1.6020000000000003,0.15267088,14.443735276587304,575.7365993862041
1.48,2.96,1.8010000000000004,0.15267088,16.648171290016236,658.912114000973
1.48,2.96,2.0,0.15267088,18.852607303445158,742.0876286157417
1.48,3.33,0.01,0.15267088,0.07548450455723195,33.6085245419123
1.48,3.33,0.20900000000000002,0.15267088,1.577626145246148,90.28578948743976
1.48,3.33,0.40800000000000003,0.15267088,3.188647428248228,151.07118922359012
1.48,3.33,0.607,0.15267088,5.301684808441221,230.7981445206128
1.48,3.33,0.806,0.15267088,7.767481911394437,323.83506721846095
1.48,3.33,1.0050000000000001,0.15267088,10.171324313268425,414.5343787932476
1.48,3.33,1.2040000000000002,0.15267088,13.052595655833192,523.2475486029898
1.48,3.33,1.4030000000000002,0.15267088,15.863247602746862,629.2961799370031
1.48,3.33,1.6020000000000003,0.15267088,18.673899549660533,735.3448112710164
1.48,3.33,1.8010000000000004,0.15267088,21.484551496574202,841.3934426050296
1.48,3.33,2.0,0.15267088,24.295203443487864,947.4420739390425
1.85,0.0,0.01,0.23854825000000002,0.0,34.000657462195925
1.85,0.0,0.20900000000000002,0.23854825000000002,0.0,34.000657462195925
1.85,0.0,0.40800000000000003,0.23854825000000002,0.0,34.000657462195925
1.85,0.0,0.607,0.23854825000000002,0.0,34.000657462195925
1.85,0.0,0.806,0.23854825000000002,0.0,34.000657462195925
1.85,0.0,1.0050000000000001,0.23854825000000002,0.0,34.000657462195925
1.85,0.0,1.2040000000000002,0.23854825000000002,0.0,34.000657462195925
1.85,0.0,1.4030000000000002,0.23854825000000002,0.0,34.000657462195925
1.85,0.0,1.6020000000000003,0.23854825000000002,0.0,34.000657462195925
1.85,0.0,1.8010000000000004,0.23854825000000002,0.0,34.000657462195925
1.85,0.0,2.0,0.23854825000000002,0.0,34.000657462195925
1.85,0.37,0.01,0.23854825000000002,0.0006157543421376871,34.023890472349805
1.85,0.37,0.20900000000000002,0.23854825000000002,0.01286926575067766,34.48622737441209
1.85,0.37,0.40800000000000003,0.23854825000000002,0.024050569388897963,34.90810883457131
1.85,0.37,0.607,0.23854825000000002,0.03713417216698441,35.40176589127573
1.85,0.37,0.806,0.23854825000000002,0.05263018147618577,35.98644539247987
1.85,0.37,1.0050000000000001,0.23854825000000002,0.06773684381781923,36.55643445395526
1.85,0.37,1.2040000000000002,0.23854825000000002,0.0976038642535594,37.68334618086378
1.85,0.37,1.4030000000000002,0.23854825000000002,0.12673884987469805,38.78263752230884
1.85,0.37,1.6020000000000003,0.23854825000000002,0.15587383549583672,39.881928863753906
1.85,0.37,1.8010000000000004,0.23854825000000002,0.1850088211169754,40.981220205198966
1.85,0.37,2.0,0.23854825000000002,0.214143806738114,42.08051154664403
1.85,0.74,0.01,0.23854825000000002,0.002806985749207746,34.10656776432509
1.85,0.74,0.20900000000000002,0.23854825000000002,0.05866600215844189,36.21418277669554
1.85,0.74,0.40800000000000003,0.23854825000000002,0.11234274323310113,38.23945841841578
1.85,0.74,0.607,0.23854825000000002,0.1775854586416591,40.70112951973789
1.85,0.74,0.806,0.23854825000000002,0.25435374816692374,43.59767174117775
1.85,0.74,1.0050000000000001,0.23854825000000002,0.32919318619657867,46.421436519867854
1.85,0.74,1.2040000000000002,0.23854825000000002,0.45637574252142077,51.22015805585207
1.85,0.74,1.4030000000000002,0.23854825000000002,0.580441079328497,55.90126386791508
1.85,0.74,1.6020000000000003,0.23854825000000002,0.7045064161355733,60.5823696799781
1.85,0.74,1.8010000000000004,0.23854825000000002,0.8285717529426495,65.26347549204112
1.85,0.74,2.0,0.23854825000000002,0.9526370897497254,69.94458130410412
1.85,1.1099999999999999,0.01,0.23854825000000002,0.006817617725072856,34.25789280913968
1.85,1.1099999999999999,0.20900000000000002,0.23854825000000002,0.14248821045402266,39.37687621332046
1.85,1.1099999999999999,0.40800000000000003,0.23854825000000002,0.2768179897095952,44.44526942120105
1.85,1.1099999999999999,0.607,0.23854825000000002,0.4436102109823954,50.738502136323724
1.85,1.1099999999999999,0.806,0.23854825000000002,0.6392854468789262,58.12151908211586
1.85,1.1099999999999999,1.0050000000000001,0.23854825000000002,0.8300442195619763,65.31903308957149
1.85,1.1099999999999999,1.2040000000000002,0.23854825000000002,1.1260260674103708,76.48671605312789
1.85,1.1099999999999999,1.4030000000000002,0.23854825000000002,1.4147534582036574,87.38068129698927
1.85,1.1099999999999999,1.6020000000000003,0.23854825000000002,1.7034808489969442,98.27464654085065
1.85,1.1099999999999999,1.8010000000000004,0.23854825000000002,1.992208239790231,109.16861178471203
1.85,1.1099999999999999,2.0,0.23854825000000002,2.280935630583517,120.06257702857337
1.85,1.48,0.01,0.23854825000000002,0.012795961728668625,34.483461542373064
1.85,1.48,0.20900000000000002,0.23854825000000002,0.2674356001291743,44.091262737898006
1.85,1.48,0.40800000000000003,0.23854825000000002,0.5249310681673486,53.80681716296474
1.85,1.48,0.607,0.23854825000000002,0.8494040063470341,66.04949667248796
1.85,1.48,0.806,0.23854825000000002,1.2293960801989574,80.38696716363859
1.85,1.48,1.0050000000000001,0.23854825000000002,1.5998406145068624,94.36419970275023
1.85,1.48,1.2040000000000002,0.23854825000000002,2.138002239152688,114.6695611662526
1.85,1.48,1.4030000000000002,0.23854825000000002,2.662973627900331,134.47724220172796
1.85,1.48,1.6020000000000003,0.23854825000000002,3.187945016647974,154.2849232372033
1.85,1.48,1.8010000000000004,0.23854825000000002,3.7129164053956174,174.09260427267864
1.85,1.48,2.0,0.23854825000000002,4.237887794143259,193.90028530815394
1.85,1.85,0.01,0.23854825000000002,0.02085305537068678,34.787463521061404
1.85,1.85,0.20900000000000002,0.23854825000000002,0.43582885724735365,50.44490409248442
1.85,1.85,0.40800000000000003,0.23854825000000002,0.8623440638868433,66.53773762775353
1.85,1.85,0.607,0.23854825000000002,1.4058749892103053,87.04568802750232
1.85,1.85,0.806,0.23854825000000002,2.0416575812740376,111.03438352869631
1.85,1.85,1.0050000000000001,0.23854825000000002,2.6614657363512433,134.42034798714673
1.85,1.85,1.2040000000000002,0.23854825000000002,3.516376447722944,166.67696053332523
1.85,1.85,1.4030000000000002,0.23854825000000002,4.350333465188476,198.1429698308229
1.85,1.85,1.6020000000000003,0.23854825000000002,5.184290482654007,229.6089791283205
1.85,1.85,1.8010000000000004,0.23854825000000002,6.01824750011954,261.0749884258182
1.85,1.85,2.0,0.23854825000000002,6.8522045175850685,292.5409977233158
1.85,2.2199999999999998,0.01,0.23854825000000002,0.031078880794228287,35.17329385897213
1.85,2.2199999999999998,0.20900000000000002,0.23854825000000002,0.6495486085993712,58.50875815481854
1.85,2.2199999999999998,0.40800000000000003,0.23854825000000002,1.293693202597772,82.81296012110784
1.85,2.2199999999999998,0.607,0.23854825000000002,2.122029751006942,114.06690365516691
1.85,2.2199999999999998,0.806,0.23854825000000002,3.09013622217236,150.59450230196137
1.85,2.2199999999999998,1.0050000000000001,0.23854825000000002,4.033918410142666,186.20432208828356
1.85,2.2199999999999998,1.2040000000000002,0.23854825000000002,5.280974359765987,233.2569558374432
1.85,2.2199999999999998,1.4030000000000002,0.23854825000000002,6.497465212584813,279.1563387594175
1.85,2.2199999999999998,1.6020000000000003,0.23854825000000002,7.713956065403641,325.05572168139184
1.85,2.2199999999999998,1.8010000000000004,0.23854825000000002,8.930446918222467,370.9551046033661
1.85,2.2199999999999998,2.0,0.23854825000000002,10.146937771041292,416.85448752534035
1.85,2.59,0.01,0.23854825000000002,0.04354966068761968,35.64382851226284
1.85,2.59,0.20900000000000002,0.23854825000000002,0.9101879083712515,68.34293240859444
1.85,2.59,0.40800000000000003,0.23854825000000002,1.8229379799976935,102.78188026633138
1.85,2.59,0.607,0.23854825000000002,3.005610702394165,147.4052722391225
1.85,2.59,0.806,0.23854825000000002,4.386959711985011,199.52491374171495
1.85,2.59,1.0050000000000001,0.23854825000000002,5.733601460028347,250.33501651308646
1.85,2.59,1.2040000000000002,0.23854825000000002,7.448807262190928,315.0513994772724
1.85,2.59,1.4030000000000002,0.23854825000000002,9.121973706457366,378.18159658449304
1.85,2.59,1.6020000000000003,0.23854825000000002,10.795140150723805,441.31179369171366
1.85,2.59,1.8010000000000004,0.23854825000000002,12.46830659499024,504.4419907989342
1.85,2.59,2.0,0.23854825000000002,14.141473039256676,567.5721879061548
1.85,2.96,0.01,0.23854825000000002,0.05833183749071964,36.20157441880511
1.85,2.96,0.20900000000000002,0.23854825000000002,1.2191354035560407,79.9998218553278
1.85,2.96,0.40800000000000003,0.23854825000000002,2.453553253097534,126.57560779776705
1.85,2.96,0.607,0.23854825000000002,4.063449329015884,187.3185523763772
1.85,2.96,0.806,0.23854825000000002,5.942854986732162,258.2303555760119
1.85,2.96,1.0050000000000001,0.23854825000000002,7.775039396767126,327.3604551776658
1.85,2.96,1.2040000000000002,0.23854825000000002,10.034863249729446,412.625806843057
1.85,2.96,1.4030000000000002,0.23854825000000002,12.239299263158376,495.8013214578259
1.85,2.96,1.6020000000000003,0.23854825000000002,14.443735276587304,578.9768360725947
1.85,2.96,1.8010000000000004,0.23854825000000002,16.648171290016236,662.1523506873635
1.85,2.96,2.0,0.23854825000000002,18.852607303445158,745.3278653021322
1.85,3.33,0.01,0.23854825000000002,0.07548450455723195,36.848761228302834
1.85,3.33,0.20900000000000002,0.23854825000000002,1.577626145246148,93.5260261738303
1.85,3.33,0.40800000000000003,0.23854825000000002,3.188647428248228,154.31142590998064
1.85,3.33,0.607,0.23854825000000002,5.301684808441221,234.03838120700334
1.85,3.33,0.806,0.23854825000000002,7.767481911394437,327.0753039048515
1.85,3.33,1.0050000000000001,0.23854825000000002,10.171324313268425,417.7746154796381
1.85,3.33,1.2040000000000002,0.23854825000000002,13.052595655833192,526.4877852893803
1.85,3.33,1.4030000000000002,0.23854825000000002,15.863247602746862,632.5364166233936
1.85,3.33,1.6020000000000003,0.23854825000000002,18.673899549660533,738.5850479574068
1.85,3.33,1.8010000000000004,0.23854825000000002,21.484551496574202,844.6336792914201
1.85,3.33,2.0,0.23854825000000002,24.295203443487864,950.682310625433
2.2199999999999998,0.0,0.01,0.3435094799999999,0.0,37.96094674556213
2.2199999999999998,0.0,0.20900000000000002,0.3435094799999999,0.0,37.96094674556213
2.2199999999999998,0.0,0.40800000000000003,0.3435094799999999,0.0,37.96094674556213
2.2199999999999998,0.0,0.607,0.3435094799999999,0.0,37.96094674556213
2.2199999999999998,0.0,0.806,0.3435094799999999,0.0,37.96094674556213
2.2199999999999998,0.0,1.0050000000000001,0.3435094799999999,0.0,37.96094674556213
2.2199999999999998,0.0,1.2040000000000002,0.3435094799999999,0.0,37.96094674556213
2.2199999999999998,0.0,1.4030000000000002,0.3435094799999999,0.0,37.96094674556213
2.2199999999999998,0.0,1.6020000000000003,0.3435094799999999,0.0,37.96094674556213
2.2199999999999998,0.0,1.8010000000000004,0.3435094799999999,0.0,37.96094674556213
2.2199999999999998,0.0,2.0,0.3435094799999999,0.0,37.96094674556213
2.2199999999999998,0.37,0.01,0.3435094799999999,0.0006157543421376871,37.98417975571601
2.2199999999999998,0.37,0.20900000000000002,0.3435094799999999,0.01286926575067766,38.44651665777829
2.2199999999999998,0.37,0.40800000000000003,0.3435094799999999,0.024050569388897963,38.86839811793751
2.2199999999999998,0.37,0.607,0.3435094799999999,0.03713417216698441,39.36205517464194
2.2199999999999998,0.37,0.806,0.3435094799999999,0.05263018147618577,39.94673467584607
2.2199999999999998,0.37,1.0050000000000001,0.3435094799999999,0.06773684381781923,40.51672373732147
2.2199999999999998,0.37,1.2040000000000002,0.3435094799999999,0.0976038642535594,41.64363546422997
2.2199999999999998,0.37,1.4030000000000002,0.3435094799999999,0.12673884987469805,42.74292680567504
2.2199999999999998,0.37,1.6020000000000003,0.3435094799999999,0.15587383549583672,43.84221814712011
2.2199999999999998,0.37,1.8010000000000004,0.3435094799999999,0.1850088211169754,44.941509488565174
2.2199999999999998,0.37,2.0,0.3435094799999999,0.214143806738114,46.04080083001024
2.2199999999999998,0.74,0.01,0.3435094799999999,0.002806985749207746,38.0668570476913
2.2199999999999998,0.74,0.20900000000000002,0.3435094799999999,0.05866600215844189,40.174472060061746
2.2199999999999998,0.74,0.40800000000000003,0.3435094799999999,0.11234274323310113,42.19974770178199
2.2199999999999998,0.74,0.607,0.3435094799999999,0.1775854586416591,44.6614188031041
2.2199999999999998,0.74,0.806,0.3435094799999999,0.25435374816692374,47.55796102454396
2.2199999999999998,0.74,1.0050000000000001,0.3435094799999999,0.32919318619657867,50.38172580323406
2.2199999999999998,0.74,1.2040000000000002,0.3435094799999999,0.45637574252142077,55.18044733921826
2.2199999999999998,0.74,1.4030000000000002,0.3435094799999999,0.580441079328497,59.86155315128128
2.2199999999999998,0.74,1.6020000000000003,0.3435094799999999,0.7045064161355733,64.54265896334431
2.2199999999999998,0.74,1.8010000000000004,0.3435094799999999,0.8285717529426495,69.22376477540732
2.2199999999999998,0.74,2.0,0.3435094799999999,0.9526370897497254,73.90487058747033
2.2199999999999998,1.1099999999999999,0.01,0.3435094799999999,0.006817617725072856,38.218182092505884
2.2199999999999998,1.1099999999999999,0.20900000000000002,0.3435094799999999,0.14248821045402266,43.337165496686666
2.2199999999999998,1.1099999999999999,0.40800000000000003,0.3435094799999999,0.2768179897095952,48.40555870456725
2.2199999999999998,1.1099999999999999,0.607,0.3435094799999999,0.4436102109823954,54.698791419689925
2.2199999999999998,1.1099999999999999,0.806,0.3435094799999999,0.6392854468789262,62.08180836548206
2.2199999999999998,1.1099999999999999,1.0050000000000001,0.3435094799999999,0.8300442195619763,69.27932237293771
2.2199999999999998,1.1099999999999999,1.2040000000000002,0.3435094799999999,1.1260260674103708,80.4470053364941
2.2199999999999998,1.1099999999999999,1.4030000000000002,0.3435094799999999,1.4147534582036574,91.34097058035547
2.2199999999999998,1.1099999999999999,1.6020000000000003,0.3435094799999999,1.7034808489969442,102.23493582421685
2.2199999999999998,1.1099999999999999,1.8010000000000004,0.3435094799999999,1.992208239790231,113.12890106807824
2.2199999999999998,1.1099999999999999,2.0,0.3435094799999999,2.280935630583517,124.0228663119396
2.2199999999999998,1.48,0.01,0.3435094799999999,0.012795961728668625,38.443750825739265
2.2199999999999998,1.48,0.20900000000000002,0.3435094799999999,0.2674356001291743,48.051552021264214
2.2199999999999998,1.48,0.40800000000000003,0.3435094799999999,0.5249310681673486,57.76710644633094
2.2199999999999998,1.48,0.607,0.3435094799999999,0.8494040063470341,70.00978595585417
2.2199999999999998,1.48,0.806,0.3435094799999999,1.2293960801989574,84.34725644700478
2.2199999999999998,1.48,1.0050000000000001,0.3435094799999999,1.5998406145068624,98.32448898611644
2.2199999999999998,1.48,1.2040000000000002,0.3435094799999999,2.138002239152688,118.62985044961881
2.2199999999999998,1.48,1.4030000000000002,0.3435094799999999,2.662973627900331,138.43753148509415
2.2199999999999998,1.48,1.6020000000000003,0.3435094799999999,3.187945016647974,158.2452125205695
2.2199999999999998,1.48,1.8010000000000004,0.3435094799999999,3.7129164053956174,178.05289355604486
2.2199999999999998,1.48,2.0,0.3435094799999999,4.237887794143259,197.86057459152016
2.2199999999999998,1.85,0.01,0.3435094799999999,0.02085305537068678,38.747752804427606
2.2199999999999998,1.85,0.20900000000000002,0.3435094799999999,0.43582885724735365,54.40519337585062
2.2199999999999998,1.85,0.40800000000000003,0.3435094799999999,0.8623440638868433,70.49802691111972
2.2199999999999998,1.85,0.607,0.3435094799999999,1.4058749892103053,91.00597731086853
2.2199999999999998,1.85,0.806,0.3435094799999999,2.0416575812740376,114.9946728120625
2.2199999999999998,1.85,1.0050000000000001,0.3435094799999999,2.6614657363512433,138.38063727051292
2.2199999999999998,1.85,1.2040000000000002,0.3435094799999999,3.516376447722944,170.63724981669142
2.2199999999999998,1.85,1.4030000000000002,0.3435094799999999,4.350333465188476,202.1032591141891
2.2199999999999998,1.85,1.6020000000000003,0.3435094799999999,5.184290482654007,233.56926841168672
2.2199999999999998,1.85,1.8010000000000004,0.3435094799999999,6.01824750011954,265.0352777091844
2.2199999999999998,1.85,2.0,0.3435094799999999,6.8522045175850685,296.501287006682
2.2199999999999998,2.2199999999999998,0.01,0.3435094799999999,0.031078880794228287,39.13358314233833
2.2199999999999998,2.2199999999999998,0.20900000000000002,0.3435094799999999,0.6495486085993712,62.46904743818474
2.2199999999999998,2.2199999999999998,0.40800000000000003,0.3435094799999999,1.293693202597772,86.77324940447404
2.2199999999999998,2.2199999999999998,0.607,0.3435094799999999,2.122029751006942,118.02719293853313
2.2199999999999998,2.2199999999999998,0.806,0.3435094799999999,3.09013622217236,154.5547915853276
2.2199999999999998,2.2199999999999998,1.0050000000000001,0.3435094799999999,4.033918410142666,190.16461137164978
2.2199999999999998,2.2199999999999998,1.2040000000000002,0.3435094799999999,5.280974359765987,237.21724512080942
2.2199999999999998,2.2199999999999998,1.4030000000000002,0.3435094799999999,6.497465212584813,283.1166280427837
2.2199999999999998,2.2199999999999998,1.6020000000000003,0.3435094799999999,7.713956065403641,329.01601096475804
2.2199999999999998,2.2199999999999998,1.8010000000000004,0.3435094799999999,8.930446918222467,374.9153938867324
2.2199999999999998,2.2199999999999998,2.0,0.3435094799999999,10.146937771041292,420.8147768087066
2.2199999999999998,2.59,0.01,0.3435094799999999,0.04354966068761968,39.604117795629044
2.2199999999999998,2.59,0.20900000000000002,0.3435094799999999,0.9101879083712515,72.30322169196063
2.2199999999999998,2.59,0.40800000000000003,0.3435094799999999,1.8229379799976935,106.74216954969759
2.2199999999999998,2.59,0.607,0.3435094799999999,3.005610702394165,151.36556152248872
2.2199999999999998,2.59,0.806,0.3435094799999999,4.386959711985011,203.48520302508115
2.2199999999999998,2.59,1.0050000000000001,0.3435094799999999,5.733601460028347,254.29530579645265
2.2199999999999998,2.59,1.2040000000000002,0.3435094799999999,7.448807262190928,319.01168876063866
2.2199999999999998,2.59,1.4030000000000002,0.3435094799999999,9.121973706457366,382.1418858678593
2.2199999999999998,2.59,1.6020000000000003,0.3435094799999999,10.795140150723805,445.2720829750799
2.2199999999999998,2.59,1.8010000000000004,0.3435094799999999,12.46830659499024,508.4022800823005
2.2199999999999998,2.59,2.0,0.3435094799999999,14.141473039256676,571.5324771895209
2.2199999999999998,2.96,0.01,0.3435094799999999,0.05833183749071964,40.16186370217131
2.2199999999999998,2.96,0.20900000000000002,0.3435094799999999,1.2191354035560407,83.960111138694
2.2199999999999998,2.96,0.40800000000000003,0.3435094799999999,2.453553253097534,130.53589708113327
2.2199999999999998,2.96,0.607,0.3435094799999999,4.063449329015884,191.27884165974342
2.2199999999999998,2.96,0.806,0.3435094799999999,5.942854986732162,262.19064485937815
2.2199999999999998,2.96,1.0050000000000001,0.3435094799999999,7.775039396767126,331.320744461032
2.2199999999999998,2.96,1.2040000000000002,0.3435094799999999,10.034863249729446,416.58609612642323
2.2199999999999998,2.96,1.4030000000000002,0.3435094799999999,12.239299263158376,499.7616107411921
2.2199999999999998,2.96,1.6020000000000003,0.3435094799999999,14.443735276587304,582.9371253559609
2.2199999999999998,2.96,1.8010000000000004,0.3435094799999999,16.648171290016236,666.1126399707298
2.2199999999999998,2.96,2.0,0.3435094799999999,18.852607303445158,749.2881545854984
2.2199999999999998,3.33,0.01,0.3435094799999999,0.07548450455723195,40.80905051166904
2.2199999999999998,3.33,0.20900000000000002,0.3435094799999999,1.577626145246148,97.4863154571965
2.2199999999999998,3.33,0.40800000000000003,0.3435094799999999,3.188647428248228,158.27171519334686
2.2199999999999998,3.33,0.607,0.3435094799999999,5.301684808441221,237.99867049036953
2.2199999999999998,3.33,0.806,0.3435094799999999,7.767481911394437,331.0355931882177
2.2199999999999998,3.33,1.0050000000000001,0.3435094799999999,10.171324313268425,421.73490476300435
2.2199999999999998,3.33,1.2040000000000002,0.3435094799999999,13.052595655833192,530.4480745727466
2.2199999999999998,3.33,1.4030000000000002,0.3435094799999999,15.863247602746862,636.4967059067599
2.2199999999999998,3.33,1.6020000000000003,0.3435094799999999,18.673899549660533,742.545337240773
2.2199999999999998,3.33,1.8010000000000004,0.3435094799999999,21.484551496574202,848.5939685747863
2.2199999999999998,3.33,2.0,0.3435094799999999,24.295203443487864,954.6425999087993
2.59,0.0,0.01,0.46755456999999995,0.0,42.64128862590401
2.59,0.0,0.20900000000000002,0.46755456999999995,0.0,42.64128862590401
2.59,0.0,0.40800000000000003,0.46755456999999995,0.0,42.64128862590401
2.59,0.0,0.607,0.46755456999999995,0.0,42.64128862590401
2.59,0.0,0.806,0.46755456999999995,0.0,42.64128862590401
2.59,0.0,1.0050000000000001,0.46755456999999995,0.0,42.64128862590401
2.59,0.0,1.2040000000000002,0.46755456999999995,0.0,42.64128862590401
2.59,0.0,1.4030000000000002,0.46755456999999995,0.0,42.64128862590401
2.59,0.0,1.6020000000000003,0.46755456999999995,0.0,42.64128862590401
2.59,0.0,1.8010000000000004,0.46755456999999995,0.0,42.64128862590401
2.59,0.0,2.0,0.46755456999999995,0.0,42.64128862590401
2.59,0.37,0.01,0.46755456999999995,0.0006157543421376871,42.6645216360579
2.59,0.37,0.20900000000000002,0.46755456999999995,0.01286926575067766,43.126858538120175
2.59,0.37,0.40800000000000003,0.46755456999999995,0.024050569388897963,43.54873999827939
2.59,0.37,0.607,0.46755456999999995,0.03713417216698441,44.042397054983816
2.59,0.37,0.806,0.46755456999999995,0.05263018147618577,44.62707655618796
2.59,0.37,1.0050000000000001,0.46755456999999995,0.06773684381781923,45.19706561766335
2.59,0.37,1.2040000000000002,0.46755456999999995,0.0976038642535594,46.32397734457186
2.59,0.37,1.4030000000000002,0.46755456999999995,0.12673884987469805,47.423268686016925
2.59,0.37,1.6020000000000003,0.46755456999999995,0.15587383549583672,48.52256002746199
2.59,0.37,1.8010000000000004,0.46755456999999995,0.1850088211169754,49.62185136890706
2.59,0.37,2.0,0.46755456999999995,0.214143806738114,50.72114271035211
2.59,0.74,0.01,0.46755456999999995,0.002806985749207746,42.747198928033185
2.59,0.74,0.20900000000000002,0.46755456999999995,0.05866600215844189,44.85481394040363
2.59,0.74,0.40800000000000003,0.46755456999999995,0.11234274323310113,46.880089582123865
2.59,0.74,0.607,0.46755456999999995,0.1775854586416591,49.341760683445976
2.59,0.74,0.806,0.46755456999999995,0.25435374816692374,52.238302904885835
2.59,0.74,1.0050000000000001,0.46755456999999995,0.32919318619657867,55.06206768357595
2.59,0.74,1.2040000000000002,0.46755456999999995,0.45637574252142077,59.860789219560154
2.59,0.74,1.4030000000000002,0.46755456999999995,0.580441079328497,64.54189503162317
2.59,0.74,1.6020000000000003,0.46755456999999995,0.7045064161355733,69.22300084368618
2.59,0.74,1.8010000000000004,0.46755456999999995,0.8285717529426495,73.9041066557492
2.59,0.74,2.0,0.46755456999999995,0.9526370897497254,78.5852124678122
2.59,1.1099999999999999,0.01,0.46755456999999995,0.006817617725072856,42.89852397284777
2.59,1.1099999999999999,0.20900000000000002,0.46755456999999995,0.14248821045402266,48.017507377028544
2.59,1.1099999999999999,0.40800000000000003,0.46755456999999995,0.2768179897095952,53.08590058490913
2.59,1.1099999999999999,0.607,0.46755456999999995,0.4436102109823954,59.37913330003181
2.59,1.1099999999999999,0.806,0.46755456999999995,0.6392854468789262,66.76215024582395
2.59,1.1099999999999999,1.0050000000000001,0.46755456999999995,0.8300442195619763,73.95966425327958
2.59,1.1099999999999999,1.2040000000000002,0.46755456999999995,1.1260260674103708,85.12734721683599
2.59,1.1099999999999999,1.4030000000000002,0.46755456999999995,1.4147534582036574,96.02131246069736
2.59,1.1099999999999999,1.6020000000000003,0.46755456999999995,1.7034808489969442,106.91527770455873
2.59,1.1099999999999999,1.8010000000000004,0.46755456999999995,1.992208239790231,117.8092429484201
2.59,1.1099999999999999,2.0,0.46755456999999995,2.280935630583517,128.70320819228147
2.59,1.48,0.01,0.46755456999999995,0.012795961728668625,43.12409270608114
2.59,1.48,0.20900000000000002,0.46755456999999995,0.2674356001291743,52.731893901606085
2.59,1.48,0.40800000000000003,0.46755456999999995,0.5249310681673486,62.44744832667283
2.59,1.48,0.607,0.46755456999999995,0.8494040063470341,74.69012783619606
2.59,1.48,0.806,0.46755456999999995,1.2293960801989574,89.02759832734667
2.59,1.48,1.0050000000000001,0.46755456999999995,1.5998406145068624,103.0048308664583
2.59,1.48,1.2040000000000002,0.46755456999999995,2.138002239152688,123.3101923299607
2.59,1.48,1.4030000000000002,0.46755456999999995,2.662973627900331,143.11787336543603
2.59,1.48,1.6020000000000003,0.46755456999999995,3.187945016647974,162.92555440091138
2.59,1.48,1.8010000000000004,0.46755456999999995,3.7129164053956174,182.73323543638676
2.59,1.48,2.0,0.46755456999999995,4.237887794143259,202.54091647186206
2.59,1.85,0.01,0.46755456999999995,0.02085305537068678,43.42809468476949
2.59,1.85,0.20900000000000002,0.46755456999999995,0.43582885724735365,59.08553525619251
2.59,1.85,0.40800000000000003,0.46755456999999995,0.8623440638868433,75.17836879146162
2.59,1.85,0.607,0.46755456999999995,1.4058749892103053,95.68631919121042
2.59,1.85,0.806,0.46755456999999995,2.0416575812740376,119.67501469240439
2.59,1.85,1.0050000000000001,0.46755456999999995,2.6614657363512433,143.0609791508548
2.59,1.85,1.2040000000000002,0.46755456999999995,3.516376447722944,175.3175916970333
2.59,1.85,1.4030000000000002,0.46755456999999995,4.350333465188476,206.78360099453099
2.59,1.85,1.6020000000000003,0.46755456999999995,5.184290482654007,238.24961029202862
2.59,1.85,1.8010000000000004,0.46755456999999995,6.01824750011954,269.71561958952634
2.59,1.85,2.0,0.46755456999999995,6.8522045175850685,301.18162888702386
2.59,2.2199999999999998,0.01,0.46755456999999995,0.031078880794228287,43.81392502268021
2.59,2.2199999999999998,0.20900000000000002,0.46755456999999995,0.6495486085993712,67.14938931852663
2.59,2.2199999999999998,0.40800000000000003,0.46755456999999995,1.293693202597772,91.45359128481593
2.59,2.2199999999999998,0.607,0.46755456999999995,2.122029751006942,122.707534818875
2.59,2.2199999999999998,0.806,0.46755456999999995,3.09013622217236,159.23513346566946
2.59,2.2199999999999998,1.0050000000000001,0.46755456999999995,4.033918410142666,194.84495325199168
2.59,2.2199999999999998,1.2040000000000002,0.46755456999999995,5.280974359765987,241.89758700115132
2.59,2.2199999999999998,1.4030000000000002,0.46755456999999995,6.497465212584813,287.7969699231256
2.59,2.2199999999999998,1.6020000000000003,0.46755456999999995,7.713956065403641,333.69635284509997
2.59,2.2199999999999998,1.8010000000000004,0.46755456999999995,8.930446918222467,379.59573576707425
2.59,2.2199999999999998,2.0,0.46755456999999995,10.146937771041292,425.49511868904847
2.59,2.59,0.01,0.46755456999999995,0.04354966068761968,44.28445967597092
2.59,2.59,0.20900000000000002,0.46755456999999995,0.9101879083712515,76.98356357230251
2.59,2.59,0.40800000000000003,0.46755456999999995,1.8229379799976935,111.42251143003948
2.59,2.59,0.607,0.46755456999999995,3.005610702394165,156.0459034028306
2.59,2.59,0.806,0.46755456999999995,4.386959711985011,208.16554490542305
2.59,2.59,1.0050000000000001,0.46755456999999995,5.733601460028347,258.97564767679455
2.59,2.59,1.2040000000000002,0.46755456999999995,7.448807262190928,323.69203064098053
2.59,2.59,1.4030000000000002,0.46755456999999995,9.121973706457366,386.82222774820116
2.59,2.59,1.6020000000000003,0.46755456999999995,10.795140150723805,449.9524248554218
2.59,2.59,1.8010000000000004,0.46755456999999995,12.46830659499024,513.0826219626424
2.59,2.59,2.0,0.46755456999999995,14.141473039256676,576.2128190698628
2.59,2.96,0.01,0.46755456999999995,0.05833183749071964,44.842205582513195
2.59,2.96,0.20900000000000002,0.46755456999999995,1.2191354035560407,88.64045301903587
2.59,2.96,0.40800000000000003,0.46755456999999995,2.453553253097534,135.21623896147514
2.59,2.96,0.607,0.46755456999999995,4.063449329015884,195.95918354008532
2.59,2.96,0.806,0.46755456999999995,5.942854986732162,266.87098673972
2.59,2.96,1.0050000000000001,0.46755456999999995,7.775039396767126,336.00108634137393
2.59,2.96,1.2040000000000002,0.46755456999999995,10.034863249729446,421.2664380067651
2.59,2.96,1.4030000000000002,0.46755456999999995,12.239299263158376,504.44195262153397
2.59,2.96,1.6020000000000003,0.46755456999999995,14.443735276587304,587.6174672363028
2.59,2.96,1.8010000000000004,0.46755456999999995,16.648171290016236,670.7929818510717
2.59,2.96,2.0,0.46755456999999995,18.852607303445158,753.9684964658403
2.59,3.33,0.01,0.46755456999999995,0.07548450455723195,45.48939239201091
2.59,3.33,0.20900000000000002,0.46755456999999995,1.577626145246148,102.16665733753838
2.59,3.33,0.40800000000000003,0.46755456999999995,3.188647428248228,162.95205707368874
2.59,3.33,0.607,0.46755456999999995,5.301684808441221,242.67901237071143
2.59,3.33,0.806,0.46755456999999995,7.767481911394437,335.71593506855965
2.59,3.33,1.0050000000000001,0.46755456999999995,10.171324313268425,426.4152466433462
2.59,3.33,1.2040000000000002,0.46755456999999995,13.052595655833192,535.1284164530884
2.59,3.33,1.4030000000000002,0.46755456999999995,15.863247602746862,641.1770477871017
2.59,3.33,1.6020000000000003,0.46755456999999995,18.673899549660533,747.2256791211149
2.59,3.33,1.8010000000000004,0.46755456999999995,21.484551496574202,853.2743104551282
2.59,3.33,2.0,0.46755456999999995,24.295203443487864,959.3229417891412
2.96,0.0,0.01,0.61068352,0.0,48.04168310322157
2.96,0.0,0.20900000000000002,0.61068352,0.0,48.04168310322157
2.96,0.0,0.40800000000000003,0.61068352,0.0,48.04168310322157
2.96,0.0,0.607,0.61068352,0.0,48.04168310322157
2.96,0.0,0.806,0.61068352,0.0,48.04168310322157
2.96,0.0,1.0050000000000001,0.61068352,0.0,48.04168310322157
2.96,0.0,1.2040000000000002,0.61068352,0.0,48.04168310322157
2.96,0.0,1.4030000000000002,0.61068352,0.0,48.04168310322157
2.96,0.0,1.6020000000000003,0.61068352,0.0,48.04168310322157
2.96,0.0,1.8010000000000004,0.61068352,0.0,48.04168310322157
2.96,0.0,2.0,0.61068352,0.0,48.04168310322157
2.96,0.37,0.01,0.61068352,0.0006157543421376871,48.06491611337546
2.96,0.37,0.20900000000000002,0.61068352,0.01286926575067766,48.527253015437736
2.96,0.37,0.40800000000000003,0.61068352,0.024050569388897963,48.94913447559695
2.96,0.37,0.607,0.61068352,0.03713417216698441,49.44279153230137
2.96,0.37,0.806,0.61068352,0.05263018147618577,50.02747103350552
2.96,0.37,1.0050000000000001,0.61068352,0.06773684381781923,50.59746009498091
2.96,0.37,1.2040000000000002,0.61068352,0.0976038642535594,51.72437182188942
2.96,0.37,1.4030000000000002,0.61068352,0.12673884987469805,52.82366316333449
2.96,0.37,1.6020000000000003,0.61068352,0.15587383549583672,53.922954504779554
2.96,0.37,1.8010000000000004,0.61068352,0.1850088211169754,55.022245846224614
2.96,0.37,2.0,0.61068352,0.214143806738114,56.121537187669674
2.96,0.74,0.01,0.61068352,0.002806985749207746,48.14759340535074
2.96,0.74,0.20900000000000002,0.61068352,0.05866600215844189,50.255208417721185
2.96,0.74,0.40800000000000003,0.61068352,0.11234274323310113,52.28048405944142
2.96,0.74,0.607,0.61068352,0.1775854586416591,54.74215516076353
2.96,0.74,0.806,0.61068352,0.25435374816692374,57.6386973822034
2.96,0.74,1.0050000000000001,0.61068352,0.32919318619657867,60.4624621608935
2.96,0.74,1.2040000000000002,0.61068352,0.45637574252142077,65.26118369687771
2.96,0.74,1.4030000000000002,0.61068352,0.580441079328497,69.94228950894072
2.96,0.74,1.6020000000000003,0.61068352,0.7045064161355733,74.62339532100374
2.96,0.74,1.8010000000000004,0.61068352,0.8285717529426495,79.30450113306676
2.96,0.74,2.0,0.61068352,0.9526370897497254,83.98560694512976
2.96,1.1099999999999999,0.01,0.61068352,0.006817617725072856,48.29891845016533
2.96,1.1099999999999999,0.20900000000000002,0.61068352,0.14248821045402266,53.417901854346105
2.96,1.1099999999999999,0.40800000000000003,0.61068352,0.2768179897095952,58.48629506222669
2.96,1.1099999999999999,0.607,0.61068352,0.4436102109823954,64.77952777734937
2.96,1.1099999999999999,0.806,0.61068352,0.6392854468789262,72.16254472314151
2.96,1.1099999999999999,1.0050000000000001,0.61068352,0.8300442195619763,79.36005873059713
2.96,1.1099999999999999,1.2040000000000002,0.61068352,1.1260260674103708,90.52774169415353
2.96,1.1099999999999999,1.4030000000000002,0.61068352,1.4147534582036574,101.4217069380149
2.96,1.1099999999999999,1.6020000000000003,0.61068352,1.7034808489969442,112.3156721818763
2.96,1.1099999999999999,1.8010000000000004,0.61068352,1.992208239790231,123.20963742573767
2.96,1.1099999999999999,2.0,0.61068352,2.280935630583517,134.103602669599
2.96,1.48,0.01,0.61068352,0.012795961728668625,48.524487183398705
2.96,1.48,0.20900000000000002,0.61068352,0.2674356001291743,58.13228837892365
2.96,1.48,0.40800000000000003,0.61068352,0.5249310681673486,67.84784280399039
2.96,1.48,0.607,0.61068352,0.8494040063470341,80.09052231351362
2.96,1.48,0.806,0.61068352,1.2293960801989574,94.42799280466423
2.96,1.48,1.0050000000000001,0.61068352,1.5998406145068624,108.40522534377587
2.96,1.48,1.2040000000000002,0.61068352,2.138002239152688,128.71058680727828
2.96,1.48,1.4030000000000002,0.61068352,2.662973627900331,148.5182678427536
2.96,1.48,1.6020000000000003,0.61068352,3.187945016647974,168.32594887822896
2.96,1.48,1.8010000000000004,0.61068352,3.7129164053956174,188.1336299137043
2.96,1.48,2.0,0.61068352,4.237887794143259,207.94131094917958
2.96,1.85,0.01,0.61068352,0.02085305537068678,48.82848916208705
2.96,1.85,0.20900000000000002,0.61068352,0.43582885724735365,64.48592973351006
2.96,1.85,0.40800000000000003,0.61068352,0.8623440638868433,80.57876326877917
2.96,1.85,0.607,0.61068352,1.4058749892103053,101.08671366852796
2.96,1.85,0.806,0.61068352,2.0416575812740376,125.07540916972195
2.96,1.85,1.0050000000000001,0.61068352,2.6614657363512433,148.46137362817237
2.96,1.85,1.2040000000000002,0.61068352,3.516376447722944,180.71798617435084
2.96,1.85,1.4030000000000002,0.61068352,4.350333465188476,212.18399547184856
2.96,1.85,1.6020000000000003,0.61068352,5.184290482654007,243.65000476934617
2.96,1.85,1.8010000000000004,0.61068352,6.01824750011954,275.1160140668439
2.96,1.85,2.0,0.61068352,6.8522045175850685,306.58202336434147
2.96,2.2199999999999998,0.01,0.61068352,0.031078880794228287,49.21431949999777
2.96,2.2199999999999998,0.20900000000000002,0.61068352,0.6495486085993712,72.54978379584418
2.96,2.2199999999999998,0.40800000000000003,0.61068352,1.293693202597772,96.85398576213348
2.96,2.2199999999999998,0.607,0.61068352,2.122029751006942,128.10792929619257
2.96,2.2199999999999998,0.806,0.61068352,3.09013622217236,164.635527942987
2.96,2.2199999999999998,1.0050000000000001,0.61068352,4.033918410142666,200.2453477293092
2.96,2.2199999999999998,1.2040000000000002,0.61068352,5.280974359765987,247.29798147846887
2.96,2.2199999999999998,1.4030000000000002,0.61068352,6.497465212584813,293.1973644004432
2.96,2.2199999999999998,1.6020000000000003,0.61068352,7.713956065403641,339.0967473224175
2.96,2.2199999999999998,1.8010000000000004,0.61068352,8.930446918222467,384.9961302443918
2.96,2.2199999999999998,2.0,0.61068352,10.146937771041292,430.895513166366
2.96,2.59,0.01,0.61068352,0.04354966068761968,49.684854153288484
2.96,2.59,0.20900000000000002,0.61068352,0.9101879083712515,82.38395804962008
2.96,2.59,0.40800000000000003,0.61068352,1.8229379799976935,116.82290590735704
2.96,2.59,0.607,0.61068352,3.005610702394165,161.44629788014817
2.96,2.59,0.806,0.61068352,4.386959711985011,213.56593938274057
2.96,2.59,1.0050000000000001,0.61068352,5.733601460028347,264.37604215411216
2.96,2.59,1.2040000000000002,0.61068352,7.448807262190928,329.0924251182981
2.96,2.59,1.4030000000000002,0.61068352,9.121973706457366,392.2226222255187
2.96,2.59,1.6020000000000003,0.61068352,10.795140150723805,455.35281933273933
2.96,2.59,1.8010000000000004,0.61068352,12.46830659499024,518.4830164399599
2.96,2.59,2.0,0.61068352,14.141473039256676,581.6132135471804
2.96,2.96,0.01,0.61068352,0.05833183749071964,50.24260005983075
2.96,2.96,0.20900000000000002,0.61068352,1.2191354035560407,94.04084749635344
2.96,2.96,0.40800000000000003,0.61068352,2.453553253097534,140.6166334387927
2.96,2.96,0.607,0.61068352,4.063449329015884,201.35957801740287
2.96,2.96,0.806,0.61068352,5.942854986732162,272.2713812170375
2.96,2.96,1.0050000000000001,0.61068352,7.775039396767126,341.4014808186915
2.96,2.96,1.2040000000000002,0.61068352,10.034863249729446,426.66683248408265
2.96,2.96,1.4030000000000002,0.61068352,12.239299263158376,509.8423470988516
2.96,2.96,1.6020000000000003,0.61068352,14.443735276587304,593.0178617136203
2.96,2.96,1.8010000000000004,0.61068352,16.648171290016236,676.1933763283891
2.96,2.96,2.0,0.61068352,18.852607303445158,759.3688909431578
2.96,3.33,0.01,0.61068352,0.07548450455723195,50.889786869328475
2.96,3.33,0.20900000000000002,0.61068352,1.577626145246148,107.56705181485596
2.96,3.33,0.40800000000000003,0.61068352,3.188647428248228,168.35245155100628
2.96,3.33,0.607,0.61068352,5.301684808441221,248.079406848029
2.96,3.33,0.806,0.61068352,7.767481911394437,341.1163295458772
2.96,3.33,1.0050000000000001,0.61068352,10.171324313268425,431.81564112066377
2.96,3.33,1.2040000000000002,0.61068352,13.052595655833192,540.528810930406
2.96,3.33,1.4030000000000002,0.61068352,15.863247602746862,646.5774422644192
2.96,3.33,1.6020000000000003,0.61068352,18.673899549660533,752.6260735984324
2.96,3.33,1.8010000000000004,0.61068352,21.484551496574202,858.6747049324457
2.96,3.33,2.0,0.61068352,24.295203443487864,964.7233362664587
3.33,0.0,0.01,0.77289633,0.0,54.1621301775148
3.33,0.0,0.20900000000000002,0.77289633,0.0,54.1621301775148
3.33,0.0,0.40800000000000003,0.77289633,0.0,54.1621301775148
3.33,0.0,0.607,0.77289633,0.0,54.1621301775148
3.33,0.0,0.806,0.77289633,0.0,54.1621301775148
3.33,0.0,1.0050000000000001,0.77289633,0.0,54.1621301775148
3.33,0.0,1.2040000000000002,0.77289633,0.0,54.1621301775148
3.33,0.0,1.4030000000000002,0.77289633,0.0,54.1621301775148
3.33,0.0,1.6020000000000003,0.77289633,0.0,54.1621301775148
3.33,0.0,1.8010000000000004,0.77289633,0.0,54.1621301775148
3.33,0.0,2.0,0.77289633,0.0,54.1621301775148
3.33,0.37,0.01,0.77289633,0.0006157543421376871,54.185363187668685
3.33,0.37,0.20900000000000002,0.77289633,0.01286926575067766,54.64770008973096
3.33,0.37,0.40800000000000003,0.77289633,0.024050569388897963,55.06958154989018
3.33,0.37,0.607,0.77289633,0.03713417216698441,55.56323860659461
3.33,0.37,0.806,0.77289633,0.05263018147618577,56.147918107798745
3.33,0.37,1.0050000000000001,0.77289633,0.06773684381781923,56.71790716927414
3.33,0.37,1.2040000000000002,0.77289633,0.0976038642535594,57.84481889618265
3.33,0.37,1.4030000000000002,0.77289633,0.12673884987469805,58.94411023762771
3.33,0.37,1.6020000000000003,0.77289633,0.15587383549583672,60.04340157907278
3.33,0.37,1.8010000000000004,0.77289633,0.1850088211169754,61.142692920517845
3.33,0.37,2.0,0.77289633,0.214143806738114,62.241984261962905
3.33,0.74,0.01,0.77289633,0.002806985749207746,54.26804047964397
3.33,0.74,0.20900000000000002,0.77289633,0.05866600215844189,56.37565549201442
3.33,0.74,0.40800000000000003,0.77289633,0.11234274323310113,58.40093113373465
3.33,0.74,0.607,0.77289633,0.1775854586416591,60.86260223505676
3.33,0.74,0.806,0.77289633,0.25435374816692374,63.75914445649662
3.33,0.74,1.0050000000000001,0.77289633,0.32919318619657867,66.58290923518673
3.33,0.74,1.2040000000000002,0.77289633,0.45637574252142077,71.38163077117093
3.33,0.74,1.4030000000000002,0.77289633,0.580441079328497,76.06273658323394
3.33,0.74,1.6020000000000003,0.77289633,0.7045064161355733,80.74384239529698
3.33,0.74,1.8010000000000004,0.77289633,0.8285717529426495,85.42494820735999
3.33,0.74,2.0,0.77289633,0.9526370897497254,90.106054019423
3.33,1.1099999999999999,0.01,0.77289633,0.006817617725072856,54.419365524458556
3.33,1.1099999999999999,0.20900000000000002,0.77289633,0.14248821045402266,59.53834892863933
3.33,1.1099999999999999,0.40800000000000003,0.77289633,0.2768179897095952,64.60674213651993
3.33,1.1099999999999999,0.607,0.77289633,0.4436102109823954,70.89997485164261
3.33,1.1099999999999999,0.806,0.77289633,0.6392854468789262,78.28299179743473
3.33,1.1099999999999999,1.0050000000000001,0.77289633,0.8300442195619763,85.48050580489037
3.33,1.1099999999999999,1.2040000000000002,0.77289633,1.1260260674103708,96.64818876844677
3.33,1.1099999999999999,1.4030000000000002,0.77289633,1.4147534582036574,107.54215401230815
3.33,1.1099999999999999,1.6020000000000003,0.77289633,1.7034808489969442,118.43611925616952
3.33,1.1099999999999999,1.8010000000000004,0.77289633,1.992208239790231,129.33008450003092
3.33,1.1099999999999999,2.0,0.77289633,2.280935630583517,140.22404974389224
3.33,1.48,0.01,0.77289633,0.012795961728668625,54.644934257691936
3.33,1.48,0.20900000000000002,0.77289633,0.2674356001291743,64.25273545321689
3.33,1.48,0.40800000000000003,0.77289633,0.5249310681673486,73.96828987828363
3.33,1.48,0.607,0.77289633,0.8494040063470341,86.21096938780684
3.33,1.48,0.806,0.77289633,1.2293960801989574,100.54843987895745
3.33,1.48,1.0050000000000001,0.77289633,1.5998406145068624,114.5256724180691
3.33,1.48,1.2040000000000002,0.77289633,2.138002239152688,134.8310338815715
3.33,1.48,1.4030000000000002,0.77289633,2.662973627900331,154.63871491704683
3.33,1.48,1.6020000000000003,0.77289633,3.187945016647974,174.44639595252218
3.33,1.48,1.8010000000000004,0.77289633,3.7129164053956174,194.2540769879975
3.33,1.48,2.0,0.77289633,4.237887794143259,214.06175802347283
3.33,1.85,0.01,0.77289633,0.02085305537068678,54.94893623638028
3.33,1.85,0.20900000000000002,0.77289633,0.43582885724735365,70.60637680780329
3.33,1.85,0.40800000000000003,0.77289633,0.8623440638868433,86.6992103430724
3.33,1.85,0.607,0.77289633,1.4058749892103053,107.2071607428212
3.33,1.85,0.806,0.77289633,2.0416575812740376,131.1958562440152
3.33,1.85,1.0050000000000001,0.77289633,2.6614657363512433,154.5818207024656
3.33,1.85,1.2040000000000002,0.77289633,3.516376447722944,186.83843324864412
3.33,1.85,1.4030000000000002,0.77289633,4.350333465188476,218.30444254614176
3.33,1.85,1.6020000000000003,0.77289633,5.184290482654007,249.77045184363936
3.33,1.85,1.8010000000000004,0.77289633,6.01824750011954,281.23646114113706
3.33,1.85,2.0,0.77289633,6.8522045175850685,312.70247043863463
3.33,2.2199999999999998,0.01,0.77289633,0.031078880794228287,55.334766574291
3.33,2.2199999999999998,0.20900000000000002,0.77289633,0.6495486085993712,78.6702308701374
3.33,2.2199999999999998,0.40800000000000003,0.77289633,1.293693202597772,102.97443283642671
3.33,2.2199999999999998,0.607,0.77289633,2.122029751006942,134.2283763704858
3.33,2.2199999999999998,0.806,0.77289633,3.09013622217236,170.75597501728024
3.33,2.2199999999999998,1.0050000000000001,0.77289633,4.033918410142666,206.36579480360248
3.33,2.2199999999999998,1.2040000000000002,0.77289633,5.280974359765987,253.41842855276207
3.33,2.2199999999999998,1.4030000000000002,0.77289633,6.497465212584813,299.31781147473635
3.33,2.2199999999999998,1.6020000000000003,0.77289633,7.713956065403641,345.21719439671074
3.33,2.2199999999999998,1.8010000000000004,0.77289633,8.930446918222467,391.116577318685
3.33,2.2199999999999998,2.0,0.77289633,10.146937771041292,437.01596024065924
3.33,2.59,0.01,0.77289633,0.04354966068761968,55.805301227581715
3.33,2.59,0.20900000000000002,0.77289633,0.9101879083712515,88.5044051239133
3.33,2.59,0.40800000000000003,0.77289633,1.8229379799976935,122.94335298165026
3.33,2.59,0.607,0.77289633,3.005610702394165,167.5667449544414
3.33,2.59,0.806,0.77289633,4.386959711985011,219.68638645703385
3.33,2.59,1.0050000000000001,0.77289633,5.733601460028347,270.4964892284053
3.33,2.59,1.2040000000000002,0.77289633,7.448807262190928,335.21287219259136
3.33,2.59,1.4030000000000002,0.77289633,9.121973706457366,398.34306929981193
3.33,2.59,1.6020000000000003,0.77289633,10.795140150723805,461.47326640703255
3.33,2.59,1.8010000000000004,0.77289633,12.46830659499024,524.6034635142531
3.33,2.59,2.0,0.77289633,14.141473039256676,587.7336606214736
3.33,2.96,0.01,0.77289633,0.05833183749071964,56.36304713412398
3.33,2.96,0.20900000000000002,0.77289633,1.2191354035560407,100.16129457064667
3.33,2.96,0.40800000000000003,0.77289633,2.453553253097534,146.7370805130859
3.33,2.96,0.607,0.77289633,4.063449329015884,207.48002509169606
3.33,2.96,0.806,0.77289633,5.942854986732162,278.39182829133085
3.33,2.96,1.0050000000000001,0.77289633,7.775039396767126,347.5219278929847
3.33,2.96,1.2040000000000002,0.77289633,10.034863249729446,432.7872795583759
3.33,2.96,1.4030000000000002,0.77289633,12.239299263158376,515.9627941731447
3.33,2.96,1.6020000000000003,0.77289633,14.443735276587304,599.1383087879135
3.33,2.96,1.8010000000000004,0.77289633,16.648171290016236,682.3138234026824
3.33,2.96,2.0,0.77289633,18.852607303445158,765.489338017451
3.33,3.33,0.01,0.77289633,0.07548450455723195,57.01023394362171
3.33,3.33,0.20900000000000002,0.77289633,1.577626145246148,113.68749888914918
3.33,3.33,0.40800000000000003,0.77289633,3.188647428248228,174.47289862529954
3.33,3.33,0.607,0.77289633,5.301684808441221,254.1998539223222
3.33,3.33,0.806,0.77289633,7.767481911394437,347.23677662017036
3.33,3.33,1.0050000000000001,0.77289633,10.171324313268425,437.936088194957
3.33,3.33,1.2040000000000002,0.77289633,13.052595655833192,546.6492580046992
3.33,3.33,1.4030000000000002,0.77289633,15.863247602746862,652.6978893387125
3.33,3.33,1.6020000000000003,0.77289633,18.673899549660533,758.7465206727258
3.33,3.33,1.8010000000000004,0.77289633,21.484551496574202,864.7951520067389
3.33,3.33,2.0,0.77289633,24.295203443487864,970.8437833407519
