0.0,0.99,0.01,0.0,0.00303988233579177,25.084090797670587
0.0,0.99,0.20900000000000002,0.0,0.063533540818048,26.7574976713153
0.0,0.99,0.40800000000000003,0.0,0.12402719930030423,28.430904544960008
0.0,0.99,0.607,0.0,0.15725786680046666,29.350148459210697
0.0,0.99,0.806,0.0,0.16704745794219342,29.62095319342167
0.0,0.99,1.0050000000000001,0.0,0.17659107945724356,29.884953788582116
0.0,0.99,1.2040000000000002,0.0,0.23444935090402075,31.48545922279449
0.0,0.99,1.4030000000000002,0.0,0.2908895274623965,33.04673658263891
0.0,0.99,1.6020000000000003,0.0,0.3473297040207723,34.608013942483325
0.0,0.99,1.8010000000000004,0.0,0.403769880579148,36.16929130232774
0.0,0.99,2.0,0.0,0.4602100571375236,37.73056866217216
0.0,1.98,0.01,0.0,0.009201599574640151,25.254539407320614
0.0,1.98,0.20900000000000002,0.0,0.19231343110997914,30.319873613000805
0.0,1.98,0.40800000000000003,0.0,0.3754252626453181,35.385207818680996
0.0,1.98,0.607,0.0,0.5218338726300258,39.43523852365217
0.0,1.98,0.806,0.0,0.636684572496434,42.612297994368845
0.0,1.98,1.0050000000000001,0.0,0.7486495763862989,45.709531850243394
0.0,1.98,1.2040000000000002,0.0,1.0476981342350482,53.98196775200687
0.0,1.98,1.4030000000000002,0.0,1.3394170705678963,62.05164787186435
0.0,1.98,1.6020000000000003,0.0,1.6311360069007446,70.12132799172184
0.0,1.98,1.8010000000000004,0.0,1.922854943233593,78.19100811157934
0.0,1.98,2.0,0.0,2.2145738795664407,86.2606882314368
0.0,2.9699999999999998,0.01,0.0,0.01758871566566804,25.486548151194135
0.0,2.9699999999999998,0.20900000000000002,0.0,0.3676041574124621,35.16885635995746
0.0,2.9699999999999998,0.40800000000000003,0.0,0.717619599159256,44.851164568720776
0.0,2.9699999999999998,0.607,0.0,1.0641817743848365,54.43794673263724
0.0,2.9699999999999998,0.806,0.0,1.4077747858725511,63.942594353320914
0.0,2.9699999999999998,1.0050000000000001,0.0,1.7427348071218807,73.20843173227885
0.0,2.9699999999999998,1.2040000000000002,0.0,2.5197742055400116,94.70329752531153
0.0,2.9699999999999998,1.4030000000000002,0.0,3.2777685206635807,115.67132837243653
0.0,2.9699999999999998,1.6020000000000003,0.0,4.03576283578715,136.63935921956153
0.0,2.9699999999999998,1.8010000000000004,0.0,4.793757150910718,157.60739006668652
0.0,2.9699999999999998,2.0,0.0,5.551751466034285,178.57542091381148
0.0,3.96,0.01,0.0,0.02785286579520346,25.770480381610053
0.0,3.96,0.20900000000000002,0.0,0.5821248951197524,41.103039975650134
0.0,3.96,0.40800000000000003,0.0,1.1363969244443013,56.43559956969021
0.0,3.96,0.607,0.0,1.7738246652488951,74.06845547023224
0.0,3.96,0.806,0.0,2.4827507748026876,93.67913623243948
0.0,3.96,1.0050000000000001,0.0,3.1738646705485944,112.79708632222945
0.0,3.96,1.2040000000000002,0.0,4.700370592239884,155.0240827728875
0.0,3.96,1.4030000000000002,0.0,6.189462153105406,196.2161038203432
0.0,3.96,1.6020000000000003,0.0,7.678553713970929,237.40812486779885
0.0,3.96,1.8010000000000004,0.0,9.16764527483645,278.6001459152545
0.0,3.96,2.0,0.0,10.65673683570197,319.7921669627101
0.0,4.95,0.01,0.0,0.03978500444473304,26.100553373298286
0.0,4.95,0.20900000000000002,0.0,0.8315065928949206,48.00156550193418
0.0,4.95,0.40800000000000003,0.0,1.6232281813451082,69.90257763057008
0.0,4.95,0.607,0.0,2.644862205642908,98.1635464908135
0.0,4.95,0.806,0.0,3.864177950482581,131.89288936328023
0.0,4.95,1.0050000000000001,0.0,5.052857621331306,164.77476130930307
0.0,4.95,1.2040000000000002,0.0,7.627171340136893,235.9867590632612
0.0,4.95,1.4030000000000002,0.0,10.138389134461947,305.45336471540656
0.0,4.95,1.6020000000000003,0.0,12.649606928787005,374.91997036755197
0.0,4.95,1.8010000000000004,0.0,15.160824723112063,444.38657601969743
0.0,4.95,2.0,0.0,17.672042517437113,513.8531816718427
0.0,5.9399999999999995,0.01,0.0,0.05324032337768872,26.47276136591117
0.0,5.9399999999999995,0.20900000000000002,0.0,1.1127227585936943,55.780712547543416
0.0,5.9399999999999995,0.40800000000000003,0.0,2.1722051938097,85.08866372917565
0.0,5.9399999999999995,0.607,0.0,3.6734285513172686,126.61628081098944
0.0,5.9399999999999995,0.806,0.0,5.554466533598893,178.65052651725844
0.0,5.9399999999999995,1.0050000000000001,0.0,7.388242255019168,229.3773791153297
0.0,5.9399999999999995,1.2040000000000002,0.0,11.331012587536605,338.44433160543855
0.0,5.9399999999999995,1.4030000000000002,0.0,15.17714639229626,444.8380744756918
0.0,5.9399999999999995,1.6020000000000003,0.0,19.02328019705591,551.2318173459449
0.0,5.9399999999999995,1.8010000000000004,0.0,22.869414001815567,657.6255602161982
0.0,5.9399999999999995,2.0,0.0,26.715547806575213,764.0193030864513
0.0,6.93,0.01,0.0,0.06811031634969857,26.884102803587787
0.0,6.93,0.20900000000000002,0.0,1.4235056117087002,64.37774859498478
0.0,6.93,0.40800000000000003,0.0,2.7789009070677015,101.87139438638178
0.0,6.93,0.607,0.0,4.856772363110387,159.3505494636345
0.0,6.93,0.806,0.0,7.555838275068018,234.01350691751085
0.0,6.93,1.0050000000000001,0.0,10.18708846059455,306.8005106665159
0.0,6.93,1.2040000000000002,0.0,15.838222642472541,463.12510767558894
0.0,6.93,1.4030000000000002,0.0,21.350848633618224,615.6182194638512
0.0,6.93,1.6020000000000003,0.0,26.86347462476391,768.1113312521136
0.0,6.93,1.8010000000000004,0.0,32.37610061590959,920.6044430403759
0.0,6.93,2.0,0.0,37.88872660705527,1073.097554828638
0.0,7.92,0.01,0.0,0.08430948627059263,27.332212621593158
0.0,7.92,0.20900000000000002,0.0,1.762068263055386,73.74324379129698
0.0,7.92,0.40800000000000003,0.0,3.4398270398401793,120.15427496100081
0.0,7.92,0.607,0.0,6.192829111683306,196.30924237021594
0.0,7.92,0.806,0.0,9.87033943722145,298.03843533116043
0.0,7.92,1.0050000000000001,0.0,13.455450005836523,397.2116184187143
0.0,7.92,1.2040000000000002,0.0,21.171906132257625,610.6682194262137
0.0,7.92,1.4030000000000002,0.0,28.699233432050754,818.8930409972546
0.0,7.92,1.6020000000000003,0.0,36.22656073184388,1027.1178625682955
0.0,7.92,1.8010000000000004,0.0,43.75388803163701,1235.3426841393364
0.0,7.92,2.0,0.0,51.281215331430126,1443.5675057103767
0.0,8.91,0.01,0.0,0.10176805698209351,27.815160635742558
0.0,8.91,0.20900000000000002,0.0,2.1269523909257546,83.83685728701948
0.0,8.91,0.40800000000000003,0.0,4.152136724869416,139.85855393829644
0.0,8.91,0.607,0.0,7.679991424335834,237.44789555562474
0.0,8.91,0.806,0.0,12.49986176518631,370.77764219049266
0.0,8.91,1.0050000000000001,0.0,17.19862983616617,500.7573951913186
0.0,8.91,1.2040000000000002,0.0,27.3527326407744,781.6454395788214
0.0,8.91,1.4030000000000002,0.0,37.257960376642224,1055.6489730744736
0.0,8.91,1.6020000000000003,0.0,47.16318811251005,1329.6525065701258
0.0,8.91,1.8010000000000004,0.0,57.06841584837788,1603.6560400657781
0.0,8.91,2.0,0.0,66.97364358424568,1877.6595735614296
0.99,0.0,0.01,0.014172246000000001,0.0,25.39204
0.99,0.0,0.20900000000000002,0.014172246000000001,0.0,25.39204
0.99,0.0,0.40800000000000003,0.014172246000000001,0.0,25.39204
0.99,0.0,0.607,0.014172246000000001,0.0,25.39204
0.99,0.0,0.806,0.014172246000000001,0.0,25.39204
0.99,0.0,1.0050000000000001,0.014172246000000001,0.0,25.39204
0.99,0.0,1.2040000000000002,0.014172246000000001,0.0,25.39204
0.99,0.0,1.4030000000000002,0.014172246000000001,0.0,25.39204
0.99,0.0,1.6020000000000003,0.014172246000000001,0.0,25.39204
0.99,0.0,1.8010000000000004,0.014172246000000001,0.0,25.39204
0.99,0.0,2.0,0.014172246000000001,0.0,25.39204
0.99,0.99,0.01,0.014172246000000001,0.00303988233579177,25.47613079767059
0.99,0.99,0.20900000000000002,0.014172246000000001,0.063533540818048,27.149537671315297
0.99,0.99,0.40800000000000003,0.014172246000000001,0.12402719930030423,28.822944544960006
0.99,0.99,0.607,0.014172246000000001,0.15725786680046666,29.742188459210695
0.99,0.99,0.806,0.014172246000000001,0.16704745794219342,30.01299319342167
0.99,0.99,1.0050000000000001,0.014172246000000001,0.17659107945724356,30.276993788582118
0.99,0.99,1.2040000000000002,0.014172246000000001,0.23444935090402075,31.877499222794487
0.99,0.99,1.4030000000000002,0.014172246000000001,0.2908895274623965,33.43877658263891
0.99,0.99,1.6020000000000003,0.014172246000000001,0.3473297040207723,35.000053942483326
0.99,0.99,1.8010000000000004,0.014172246000000001,0.403769880579148,36.561331302327744
0.99,0.99,2.0,0.014172246000000001,0.4602100571375236,38.12260866217216
0.99,1.98,0.01,0.014172246000000001,0.009201599574640151,25.646579407320612
0.99,1.98,0.20900000000000002,0.014172246000000001,0.19231343110997914,30.711913613000807
0.99,1.98,0.40800000000000003,0.014172246000000001,0.3754252626453181,35.777247818681
0.99,1.98,0.607,0.014172246000000001,0.5218338726300258,39.82727852365217
0.99,1.98,0.806,0.014172246000000001,0.636684572496434,43.00433799436885
0.99,1.98,1.0050000000000001,0.014172246000000001,0.7486495763862989,46.1015718502434
0.99,1.98,1.2040000000000002,0.014172246000000001,1.0476981342350482,54.37400775200687
0.99,1.98,1.4030000000000002,0.014172246000000001,1.3394170705678963,62.44368787186435
0.99,1.98,1.6020000000000003,0.014172246000000001,1.6311360069007446,70.51336799172185
0.99,1.98,1.8010000000000004,0.014172246000000001,1.922854943233593,78.58304811157933
0.99,1.98,2.0,0.014172246000000001,2.2145738795664407,86.65272823143681
0.99,2.9699999999999998,0.01,0.014172246000000001,0.01758871566566804,25.878588151194137
0.99,2.9699999999999998,0.20900000000000002,0.014172246000000001,0.3676041574124621,35.560896359957454
0.99,2.9699999999999998,0.40800000000000003,0.014172246000000001,0.717619599159256,45.24320456872077
0.99,2.9699999999999998,0.607,0.014172246000000001,1.0641817743848365,54.82998673263725
0.99,2.9699999999999998,0.806,0.014172246000000001,1.4077747858725511,64.33463435332092
0.99,2.9699999999999998,1.0050000000000001,0.014172246000000001,1.7427348071218807,73.60047173227886
0.99,2.9699999999999998,1.2040000000000002,0.014172246000000001,2.5197742055400116,95.09533752531152
0.99,2.9699999999999998,1.4030000000000002,0.014172246000000001,3.2777685206635807,116.06336837243653
0.99,2.9699999999999998,1.6020000000000003,0.014172246000000001,4.03576283578715,137.03139921956154
0.99,2.9699999999999998,1.8010000000000004,0.014172246000000001,4.793757150910718,157.99943006668653
0.99,2.9699999999999998,2.0,0.014172246000000001,5.551751466034285,178.96746091381146
0.99,3.96,0.01,0.014172246000000001,0.02785286579520346,26.162520381610054
0.99,3.96,0.20900000000000002,0.014172246000000001,0.5821248951197524,41.495079975650135
0.99,3.96,0.40800000000000003,0.014172246000000001,1.1363969244443013,56.82763956969022
0.99,3.96,0.607,0.014172246000000001,1.7738246652488951,74.46049547023223
0.99,3.96,0.806,0.014172246000000001,2.4827507748026876,94.07117623243948
0.99,3.96,1.0050000000000001,0.014172246000000001,3.1738646705485944,113.18912632222944
0.99,3.96,1.2040000000000002,0.014172246000000001,4.700370592239884,155.41612277288752
0.99,3.96,1.4030000000000002,0.014172246000000001,6.189462153105406,196.60814382034317
0.99,3.96,1.6020000000000003,0.014172246000000001,7.678553713970929,237.80016486779886
0.99,3.96,1.8010000000000004,0.014172246000000001,9.16764527483645,278.9921859152545
0.99,3.96,2.0,0.014172246000000001,10.65673683570197,320.18420696271005
0.99,4.95,0.01,0.014172246000000001,0.03978500444473304,26.492593373298288
0.99,4.95,0.20900000000000002,0.014172246000000001,0.8315065928949206,48.393605501934175
0.99,4.95,0.40800000000000003,0.014172246000000001,1.6232281813451082,70.29461763057007
0.99,4.95,0.607,0.014172246000000001,2.644862205642908,98.5555864908135
0.99,4.95,0.806,0.014172246000000001,3.864177950482581,132.28492936328024
0.99,4.95,1.0050000000000001,0.014172246000000001,5.052857621331306,165.16680130930308
0.99,4.95,1.2040000000000002,0.014172246000000001,7.627171340136893,236.3787990632612
0.99,4.95,1.4030000000000002,0.014172246000000001,10.138389134461947,305.8454047154066
0.99,4.95,1.6020000000000003,0.014172246000000001,12.649606928787005,375.312010367552
0.99,4.95,1.8010000000000004,0.014172246000000001,15.160824723112063,444.77861601969744
0.99,4.95,2.0,0.014172246000000001,17.672042517437113,514.2452216718426
0.99,5.9399999999999995,0.01,0.014172246000000001,0.05324032337768872,26.86480136591117
0.99,5.9399999999999995,0.20900000000000002,0.014172246000000001,1.1127227585936943,56.17275254754341
0.99,5.9399999999999995,0.40800000000000003,0.014172246000000001,2.1722051938097,85.48070372917564
0.99,5.9399999999999995,0.607,0.014172246000000001,3.6734285513172686,127.00832081098945
0.99,5.9399999999999995,0.806,0.014172246000000001,5.554466533598893,179.04256651725845
0.99,5.9399999999999995,1.0050000000000001,0.014172246000000001,7.388242255019168,229.7694191153297
0.99,5.9399999999999995,1.2040000000000002,0.014172246000000001,11.331012587536605,338.83637160543856
0.99,5.9399999999999995,1.4030000000000002,0.014172246000000001,15.17714639229626,445.23011447569183
0.99,5.9399999999999995,1.6020000000000003,0.014172246000000001,19.02328019705591,551.623857345945
0.99,5.9399999999999995,1.8010000000000004,0.014172246000000001,22.869414001815567,658.0176002161982
0.99,5.9399999999999995,2.0,0.014172246000000001,26.715547806575213,764.4113430864512
0.99,6.93,0.01,0.014172246000000001,0.06811031634969857,27.27614280358779
0.99,6.93,0.20900000000000002,0.014172246000000001,1.4235056117087002,64.76978859498479
0.99,6.93,0.40800000000000003,0.014172246000000001,2.7789009070677015,102.26343438638179
0.99,6.93,0.607,0.014172246000000001,4.856772363110387,159.7425894636345
0.99,6.93,0.806,0.014172246000000001,7.555838275068018,234.40554691751086
0.99,6.93,1.0050000000000001,0.014172246000000001,10.18708846059455,307.1925506665159
0.99,6.93,1.2040000000000002,0.014172246000000001,15.838222642472541,463.51714767558894
0.99,6.93,1.4030000000000002,0.014172246000000001,21.350848633618224,616.0102594638513
0.99,6.93,1.6020000000000003,0.014172246000000001,26.86347462476391,768.5033712521135
0.99,6.93,1.8010000000000004,0.014172246000000001,32.37610061590959,920.9964830403759
0.99,6.93,2.0,0.014172246000000001,37.88872660705527,1073.489594828638
0.99,7.92,0.01,0.014172246000000001,0.08430948627059263,27.724252621593156
0.99,7.92,0.20900000000000002,0.014172246000000001,1.762068263055386,74.13528379129698
0.99,7.92,0.40800000000000003,0.014172246000000001,3.4398270398401793,120.5463149610008
0.99,7.92,0.607,0.014172246000000001,6.192829111683306,196.70128237021592
0.99,7.92,0.806,0.014172246000000001,9.87033943722145,298.43047533116044
0.99,7.92,1.0050000000000001,0.014172246000000001,13.455450005836523,397.6036584187143
0.99,7.92,1.2040000000000002,0.014172246000000001,21.171906132257625,611.0602594262136
0.99,7.92,1.4030000000000002,0.014172246000000001,28.699233432050754,819.2850809972546
0.99,7.92,1.6020000000000003,0.014172246000000001,36.22656073184388,1027.5099025682957
0.99,7.92,1.8010000000000004,0.014172246000000001,43.75388803163701,1235.7347241393365
0.99,7.92,2.0,0.014172246000000001,51.281215331430126,1443.959545710377
0.99,8.91,0.01,0.014172246000000001,0.10176805698209351,28.20720063574256
0.99,8.91,0.20900000000000002,0.014172246000000001,2.1269523909257546,84.22889728701949
0.99,8.91,0.40800000000000003,0.014172246000000001,4.152136724869416,140.25059393829645
0.99,8.91,0.607,0.014172246000000001,7.679991424335834,237.83993555562475
0.99,8.91,0.806,0.014172246000000001,12.49986176518631,371.16968219049267
0.99,8.91,1.0050000000000001,0.014172246000000001,17.19862983616617,501.14943519131856
0.99,8.91,1.2040000000000002,0.014172246000000001,27.3527326407744,782.0374795788214
0.99,8.91,1.4030000000000002,0.014172246000000001,37.257960376642224,1056.0410130744738
0.99,8.91,1.6020000000000003,0.014172246000000001,47.16318811251005,1330.0445465701257
0.99,8.91,1.8010000000000004,0.014172246000000001,57.06841584837788,1604.048080065778
0.99,8.91,2.0,0.014172246000000001,66.97364358424568,1878.0516135614298
1.98,0.0,0.01,0.056688984000000005,0.0,26.56816
1.98,0.0,0.20900000000000002,0.056688984000000005,0.0,26.56816
1.98,0.0,0.40800000000000003,0.056688984000000005,0.0,26.56816
1.98,0.0,0.607,0.056688984000000005,0.0,26.56816
1.98,0.0,0.806,0.056688984000000005,0.0,26.56816
1.98,0.0,1.0050000000000001,0.056688984000000005,0.0,26.56816
1.98,0.0,1.2040000000000002,0.056688984000000005,0.0,26.56816
1.98,0.0,1.4030000000000002,0.056688984000000005,0.0,26.56816
1.98,0.0,1.6020000000000003,0.056688984000000005,0.0,26.56816
1.98,0.0,1.8010000000000004,0.056688984000000005,0.0,26.56816
1.98,0.0,2.0,0.056688984000000005,0.0,26.56816
1.98,0.99,0.01,0.056688984000000005,0.00303988233579177,26.65225079767059
1.98,0.99,0.20900000000000002,0.056688984000000005,0.063533540818048,28.325657671315298
1.98,0.99,0.40800000000000003,0.056688984000000005,0.12402719930030423,29.999064544960007
1.98,0.99,0.607,0.056688984000000005,0.15725786680046666,30.918308459210696
1.98,0.99,0.806,0.056688984000000005,0.16704745794219342,31.18911319342167
1.98,0.99,1.0050000000000001,0.056688984000000005,0.17659107945724356,31.45311378858212
1.98,0.99,1.2040000000000002,0.056688984000000005,0.23444935090402075,33.05361922279449
1.98,0.99,1.4030000000000002,0.056688984000000005,0.2908895274623965,34.614896582638906
1.98,0.99,1.6020000000000003,0.056688984000000005,0.3473297040207723,36.17617394248333
1.98,0.99,1.8010000000000004,0.056688984000000005,0.403769880579148,37.73745130232774
1.98,0.99,2.0,0.056688984000000005,0.4602100571375236,39.29872866217217
1.98,1.98,0.01,0.056688984000000005,0.009201599574640151,26.822699407320613
1.98,1.98,0.20900000000000002,0.056688984000000005,0.19231343110997914,31.888033613000808
1.98,1.98,0.40800000000000003,0.056688984000000005,0.3754252626453181,36.953367818681
1.98,1.98,0.607,0.056688984000000005,0.5218338726300258,41.003398523652166
1.98,1.98,0.806,0.056688984000000005,0.636684572496434,44.18045799436885
1.98,1.98,1.0050000000000001,0.056688984000000005,0.7486495763862989,47.2776918502434
1.98,1.98,1.2040000000000002,0.056688984000000005,1.0476981342350482,55.55012775200686
1.98,1.98,1.4030000000000002,0.056688984000000005,1.3394170705678963,63.619807871864346
1.98,1.98,1.6020000000000003,0.056688984000000005,1.6311360069007446,71.68948799172185
1.98,1.98,1.8010000000000004,0.056688984000000005,1.922854943233593,79.75916811157933
1.98,1.98,2.0,0.056688984000000005,2.2145738795664407,87.82884823143681
1.98,2.9699999999999998,0.01,0.056688984000000005,0.01758871566566804,27.054708151194138
1.98,2.9699999999999998,0.20900000000000002,0.056688984000000005,0.3676041574124621,36.73701635995746
1.98,2.9699999999999998,0.40800000000000003,0.056688984000000005,0.717619599159256,46.419324568720775
1.98,2.9699999999999998,0.607,0.056688984000000005,1.0641817743848365,56.00610673263724
1.98,2.9699999999999998,0.806,0.056688984000000005,1.4077747858725511,65.51075435332092
1.98,2.9699999999999998,1.0050000000000001,0.056688984000000005,1.7427348071218807,74.77659173227886
1.98,2.9699999999999998,1.2040000000000002,0.056688984000000005,2.5197742055400116,96.27145752531152
1.98,2.9699999999999998,1.4030000000000002,0.056688984000000005,3.2777685206635807,117.23948837243653
1.98,2.9699999999999998,1.6020000000000003,0.056688984000000005,4.03576283578715,138.20751921956153
1.98,2.9699999999999998,1.8010000000000004,0.056688984000000005,4.793757150910718,159.17555006668655
1.98,2.9699999999999998,2.0,0.056688984000000005,5.551751466034285,180.1435809138115
1.98,3.96,0.01,0.056688984000000005,0.02785286579520346,27.338640381610055
1.98,3.96,0.20900000000000002,0.056688984000000005,0.5821248951197524,42.67119997565014
1.98,3.96,0.40800000000000003,0.056688984000000005,1.1363969244443013,58.00375956969022
1.98,3.96,0.607,0.056688984000000005,1.7738246652488951,75.63661547023223
1.98,3.96,0.806,0.056688984000000005,2.4827507748026876,95.24729623243948
1.98,3.96,1.0050000000000001,0.056688984000000005,3.1738646705485944,114.36524632222944
1.98,3.96,1.2040000000000002,0.056688984000000005,4.700370592239884,156.59224277288752
1.98,3.96,1.4030000000000002,0.056688984000000005,6.189462153105406,197.7842638203432
1.98,3.96,1.6020000000000003,0.056688984000000005,7.678553713970929,238.97628486779885
1.98,3.96,1.8010000000000004,0.056688984000000005,9.16764527483645,280.1683059152545
1.98,3.96,2.0,0.056688984000000005,10.65673683570197,321.3603269627101
1.98,4.95,0.01,0.056688984000000005,0.03978500444473304,27.668713373298285
1.98,4.95,0.20900000000000002,0.056688984000000005,0.8315065928949206,49.56972550193418
1.98,4.95,0.40800000000000003,0.056688984000000005,1.6232281813451082,71.47073763057007
1.98,4.95,0.607,0.056688984000000005,2.644862205642908,99.7317064908135
1.98,4.95,0.806,0.056688984000000005,3.864177950482581,133.46104936328024
1.98,4.95,1.0050000000000001,0.056688984000000005,5.052857621331306,166.34292130930308
1.98,4.95,1.2040000000000002,0.056688984000000005,7.627171340136893,237.5549190632612
1.98,4.95,1.4030000000000002,0.056688984000000005,10.138389134461947,307.0215247154066
1.98,4.95,1.6020000000000003,0.056688984000000005,12.649606928787005,376.488130367552
1.98,4.95,1.8010000000000004,0.056688984000000005,15.160824723112063,445.9547360196974
1.98,4.95,2.0,0.056688984000000005,17.672042517437113,515.4213416718426
1.98,5.9399999999999995,0.01,0.056688984000000005,0.05324032337768872,28.040921365911167
1.98,5.9399999999999995,0.20900000000000002,0.056688984000000005,1.1127227585936943,57.34887254754341
1.98,5.9399999999999995,0.40800000000000003,0.056688984000000005,2.1722051938097,86.65682372917564
1.98,5.9399999999999995,0.607,0.056688984000000005,3.6734285513172686,128.18444081098943
1.98,5.9399999999999995,0.806,0.056688984000000005,5.554466533598893,180.21868651725845
1.98,5.9399999999999995,1.0050000000000001,0.056688984000000005,7.388242255019168,230.9455391153297
1.98,5.9399999999999995,1.2040000000000002,0.056688984000000005,11.331012587536605,340.0124916054386
1.98,5.9399999999999995,1.4030000000000002,0.056688984000000005,15.17714639229626,446.4062344756918
1.98,5.9399999999999995,1.6020000000000003,0.056688984000000005,19.02328019705591,552.799977345945
1.98,5.9399999999999995,1.8010000000000004,0.056688984000000005,22.869414001815567,659.1937202161982
1.98,5.9399999999999995,2.0,0.056688984000000005,26.715547806575213,765.5874630864513
1.98,6.93,0.01,0.056688984000000005,0.06811031634969857,28.45226280358779
1.98,6.93,0.20900000000000002,0.056688984000000005,1.4235056117087002,65.94590859498479
1.98,6.93,0.40800000000000003,0.056688984000000005,2.7789009070677015,103.43955438638179
1.98,6.93,0.607,0.056688984000000005,4.856772363110387,160.9187094636345
1.98,6.93,0.806,0.056688984000000005,7.555838275068018,235.58166691751086
1.98,6.93,1.0050000000000001,0.056688984000000005,10.18708846059455,308.3686706665159
1.98,6.93,1.2040000000000002,0.056688984000000005,15.838222642472541,464.69326767558897
1.98,6.93,1.4030000000000002,0.056688984000000005,21.350848633618224,617.1863794638513
1.98,6.93,1.6020000000000003,0.056688984000000005,26.86347462476391,769.6794912521136
1.98,6.93,1.8010000000000004,0.056688984000000005,32.37610061590959,922.172603040376
1.98,6.93,2.0,0.056688984000000005,37.88872660705527,1074.665714828638
1.98,7.92,0.01,0.056688984000000005,0.08430948627059263,28.900372621593156
1.98,7.92,0.20900000000000002,0.056688984000000005,1.762068263055386,75.31140379129698
1.98,7.92,0.40800000000000003,0.056688984000000005,3.4398270398401793,121.7224349610008
1.98,7.92,0.607,0.056688984000000005,6.192829111683306,197.87740237021595
1.98,7.92,0.806,0.056688984000000005,9.87033943722145,299.6065953311604
1.98,7.92,1.0050000000000001,0.056688984000000005,13.455450005836523,398.77977841871433
1.98,7.92,1.2040000000000002,0.056688984000000005,21.171906132257625,612.2363794262136
1.98,7.92,1.4030000000000002,0.056688984000000005,28.699233432050754,820.4612009972545
1.98,7.92,1.6020000000000003,0.056688984000000005,36.22656073184388,1028.6860225682956
1.98,7.92,1.8010000000000004,0.056688984000000005,43.75388803163701,1236.9108441393364
1.98,7.92,2.0,0.056688984000000005,51.281215331430126,1445.1356657103768
1.98,8.91,0.01,0.056688984000000005,0.10176805698209351,29.38332063574256
1.98,8.91,0.20900000000000002,0.056688984000000005,2.1269523909257546,85.40501728701949
1.98,8.91,0.40800000000000003,0.056688984000000005,4.152136724869416,141.42671393829642
1.98,8.91,0.607,0.056688984000000005,7.679991424335834,239.01605555562475
1.98,8.91,0.806,0.056688984000000005,12.49986176518631,372.34580219049263
1.98,8.91,1.0050000000000001,0.056688984000000005,17.19862983616617,502.32555519131864
1.98,8.91,1.2040000000000002,0.056688984000000005,27.3527326407744,783.2135995788215
1.98,8.91,1.4030000000000002,0.056688984000000005,37.257960376642224,1057.2171330744736
1.98,8.91,1.6020000000000003,0.056688984000000005,47.16318811251005,1331.2206665701258
1.98,8.91,1.8010000000000004,0.056688984000000005,57.06841584837788,1605.2242000657782
1.98,8.91,2.0,0.056688984000000005,66.97364358424568,1879.2277335614294
2.9699999999999998,0.0,0.01,0.127550214,0.0,28.52836
2.9699999999999998,0.0,0.20900000000000002,0.127550214,0.0,28.52836
2.9699999999999998,0.0,0.40800000000000003,0.127550214,0.0,28.52836
2.9699999999999998,0.0,0.607,0.127550214,0.0,28.52836
2.9699999999999998,0.0,0.806,0.127550214,0.0,28.52836
2.9699999999999998,0.0,1.0050000000000001,0.127550214,0.0,28.52836
2.9699999999999998,0.0,1.2040000000000002,0.127550214,0.0,28.52836
2.9699999999999998,0.0,1.4030000000000002,0.127550214,0.0,28.52836
2.9699999999999998,0.0,1.6020000000000003,0.127550214,0.0,28.52836
2.9699999999999998,0.0,1.8010000000000004,0.127550214,0.0,28.52836
2.9699999999999998,0.0,2.0,0.127550214,0.0,28.52836
2.9699999999999998,0.99,0.01,0.127550214,0.00303988233579177,28.612450797670586
2.9699999999999998,0.99,0.20900000000000002,0.127550214,0.063533540818048,30.2858576713153
2.9699999999999998,0.99,0.40800000000000003,0.127550214,0.12402719930030423,31.959264544960007
2.9699999999999998,0.99,0.607,0.127550214,0.15725786680046666,32.87850845921069
2.9699999999999998,0.99,0.806,0.127550214,0.16704745794219342,33.14931319342167
2.9699999999999998,0.99,1.0050000000000001,0.127550214,0.17659107945724356,33.413313788582116
2.9699999999999998,0.99,1.2040000000000002,0.127550214,0.23444935090402075,35.01381922279449
2.9699999999999998,0.99,1.4030000000000002,0.127550214,0.2908895274623965,36.575096582638906
2.9699999999999998,0.99,1.6020000000000003,0.127550214,0.3473297040207723,38.136373942483324
2.9699999999999998,0.99,1.8010000000000004,0.127550214,0.403769880579148,39.69765130232774
2.9699999999999998,0.99,2.0,0.127550214,0.4602100571375236,41.25892866217216
2.9699999999999998,1.98,0.01,0.127550214,0.009201599574640151,28.782899407320613
2.9699999999999998,1.98,0.20900000000000002,0.127550214,0.19231343110997914,33.84823361300081
2.9699999999999998,1.98,0.40800000000000003,0.127550214,0.3754252626453181,38.913567818681
2.9699999999999998,1.98,0.607,0.127550214,0.5218338726300258,42.963598523652166
2.9699999999999998,1.98,0.806,0.127550214,0.636684572496434,46.14065799436885
2.9699999999999998,1.98,1.0050000000000001,0.127550214,0.7486495763862989,49.2378918502434
2.9699999999999998,1.98,1.2040000000000002,0.127550214,1.0476981342350482,57.51032775200686
2.9699999999999998,1.98,1.4030000000000002,0.127550214,1.3394170705678963,65.58000787186435
2.9699999999999998,1.98,1.6020000000000003,0.127550214,1.6311360069007446,73.64968799172183
2.9699999999999998,1.98,1.8010000000000004,0.127550214,1.922854943233593,81.71936811157934
2.9699999999999998,1.98,2.0,0.127550214,2.2145738795664407,89.78904823143681
2.9699999999999998,2.9699999999999998,0.01,0.127550214,0.01758871566566804,29.014908151194135
2.9699999999999998,2.9699999999999998,0.20900000000000002,0.127550214,0.3676041574124621,38.69721635995746
2.9699999999999998,2.9699999999999998,0.40800000000000003,0.127550214,0.717619599159256,48.379524568720775
2.9699999999999998,2.9699999999999998,0.607,0.127550214,1.0641817743848365,57.96630673263724
2.9699999999999998,2.9699999999999998,0.806,0.127550214,1.4077747858725511,67.4709543533209
2.9699999999999998,2.9699999999999998,1.0050000000000001,0.127550214,1.7427348071218807,76.73679173227885
2.9699999999999998,2.9699999999999998,1.2040000000000002,0.127550214,2.5197742055400116,98.23165752531152
2.9699999999999998,2.9699999999999998,1.4030000000000002,0.127550214,3.2777685206635807,119.19968837243653
2.9699999999999998,2.9699999999999998,1.6020000000000003,0.127550214,4.03576283578715,140.16771921956155
2.9699999999999998,2.9699999999999998,1.8010000000000004,0.127550214,4.793757150910718,161.13575006668654
2.9699999999999998,2.9699999999999998,2.0,0.127550214,5.551751466034285,182.10378091381148
2.9699999999999998,3.96,0.01,0.127550214,0.02785286579520346,29.298840381610052
2.9699999999999998,3.96,0.20900000000000002,0.127550214,0.5821248951197524,44.63139997565013
2.9699999999999998,3.96,0.40800000000000003,0.127550214,1.1363969244443013,59.96395956969022
2.9699999999999998,3.96,0.607,0.127550214,1.7738246652488951,77.59681547023223
2.9699999999999998,3.96,0.806,0.127550214,2.4827507748026876,97.20749623243948
2.9699999999999998,3.96,1.0050000000000001,0.127550214,3.1738646705485944,116.32544632222944
2.9699999999999998,3.96,1.2040000000000002,0.127550214,4.700370592239884,158.5524427728875
2.9699999999999998,3.96,1.4030000000000002,0.127550214,6.189462153105406,199.74446382034319
2.9699999999999998,3.96,1.6020000000000003,0.127550214,7.678553713970929,240.93648486779884
2.9699999999999998,3.96,1.8010000000000004,0.127550214,9.16764527483645,282.1285059152545
2.9699999999999998,3.96,2.0,0.127550214,10.65673683570197,323.3205269627101
2.9699999999999998,4.95,0.01,0.127550214,0.03978500444473304,29.628913373298285
2.9699999999999998,4.95,0.20900000000000002,0.127550214,0.8315065928949206,51.52992550193417
2.9699999999999998,4.95,0.40800000000000003,0.127550214,1.6232281813451082,73.43093763057007
2.9699999999999998,4.95,0.607,0.127550214,2.644862205642908,101.6919064908135
2.9699999999999998,4.95,0.806,0.127550214,3.864177950482581,135.42124936328025
2.9699999999999998,4.95,1.0050000000000001,0.127550214,5.052857621331306,168.30312130930307
2.9699999999999998,4.95,1.2040000000000002,0.127550214,7.627171340136893,239.51511906326118
2.9699999999999998,4.95,1.4030000000000002,0.127550214,10.138389134461947,308.9817247154066
2.9699999999999998,4.95,1.6020000000000003,0.127550214,12.649606928787005,378.448330367552
2.9699999999999998,4.95,1.8010000000000004,0.127550214,15.160824723112063,447.91493601969745
2.9699999999999998,4.95,2.0,0.127550214,17.672042517437113,517.3815416718426
2.9699999999999998,5.9399999999999995,0.01,0.127550214,0.05324032337768872,30.001121365911168
2.9699999999999998,5.9399999999999995,0.20900000000000002,0.127550214,1.1127227585936943,59.30907254754341
2.9699999999999998,5.9399999999999995,0.40800000000000003,0.127550214,2.1722051938097,88.61702372917564
2.9699999999999998,5.9399999999999995,0.607,0.127550214,3.6734285513172686,130.14464081098944
2.9699999999999998,5.9399999999999995,0.806,0.127550214,5.554466533598893,182.17888651725843
2.9699999999999998,5.9399999999999995,1.0050000000000001,0.127550214,7.388242255019168,232.90573911532968
2.9699999999999998,5.9399999999999995,1.2040000000000002,0.127550214,11.331012587536605,341.97269160543857
2.9699999999999998,5.9399999999999995,1.4030000000000002,0.127550214,15.17714639229626,448.36643447569185
2.9699999999999998,5.9399999999999995,1.6020000000000003,0.127550214,19.02328019705591,554.760177345945
2.9699999999999998,5.9399999999999995,1.8010000000000004,0.127550214,22.869414001815567,661.1539202161982
2.9699999999999998,5.9399999999999995,2.0,0.127550214,26.715547806575213,767.5476630864513
2.9699999999999998,6.93,0.01,0.127550214,0.06811031634969857,30.412462803587786
2.9699999999999998,6.93,0.20900000000000002,0.127550214,1.4235056117087002,67.90610859498479
2.9699999999999998,6.93,0.40800000000000003,0.127550214,2.7789009070677015,105.39975438638179
2.9699999999999998,6.93,0.607,0.127550214,4.856772363110387,162.8789094636345
2.9699999999999998,6.93,0.806,0.127550214,7.555838275068018,237.54186691751084
2.9699999999999998,6.93,1.0050000000000001,0.127550214,10.18708846059455,310.3288706665159
2.9699999999999998,6.93,1.2040000000000002,0.127550214,15.838222642472541,466.65346767558896
2.9699999999999998,6.93,1.4030000000000002,0.127550214,21.350848633618224,619.1465794638513
2.9699999999999998,6.93,1.6020000000000003,0.127550214,26.86347462476391,771.6396912521136
2.9699999999999998,6.93,1.8010000000000004,0.127550214,32.37610061590959,924.132803040376
2.9699999999999998,6.93,2.0,0.127550214,37.88872660705527,1076.625914828638
2.9699999999999998,7.92,0.01,0.127550214,0.08430948627059263,30.860572621593157
2.9699999999999998,7.92,0.20900000000000002,0.127550214,1.762068263055386,77.27160379129698
2.9699999999999998,7.92,0.40800000000000003,0.127550214,3.4398270398401793,123.6826349610008
2.9699999999999998,7.92,0.607,0.127550214,6.192829111683306,199.83760237021593
2.9699999999999998,7.92,0.806,0.127550214,9.87033943722145,301.56679533116045
2.9699999999999998,7.92,1.0050000000000001,0.127550214,13.455450005836523,400.7399784187143
2.9699999999999998,7.92,1.2040000000000002,0.127550214,21.171906132257625,614.1965794262136
2.9699999999999998,7.92,1.4030000000000002,0.127550214,28.699233432050754,822.4214009972545
2.9699999999999998,7.92,1.6020000000000003,0.127550214,36.22656073184388,1030.6462225682956
2.9699999999999998,7.92,1.8010000000000004,0.127550214,43.75388803163701,1238.8710441393364
2.9699999999999998,7.92,2.0,0.127550214,51.281215331430126,1447.095865710377
2.9699999999999998,8.91,0.01,0.127550214,0.10176805698209351,31.343520635742557
2.9699999999999998,8.91,0.20900000000000002,0.127550214,2.1269523909257546,87.36521728701948
2.9699999999999998,8.91,0.40800000000000003,0.127550214,4.152136724869416,143.3869139382964
2.9699999999999998,8.91,0.607,0.127550214,7.679991424335834,240.97625555562473
2.9699999999999998,8.91,0.806,0.127550214,12.49986176518631,374.3060021904927
2.9699999999999998,8.91,1.0050000000000001,0.127550214,17.19862983616617,504.2857551913186
2.9699999999999998,8.91,1.2040000000000002,0.127550214,27.3527326407744,785.1737995788214
2.9699999999999998,8.91,1.4030000000000002,0.127550214,37.257960376642224,1059.1773330744736
2.9699999999999998,8.91,1.6020000000000003,0.127550214,47.16318811251005,1333.1808665701258
2.9699999999999998,8.91,1.8010000000000004,0.127550214,57.06841584837788,1607.1844000657782
2.9699999999999998,8.91,2.0,0.127550214,66.97364358424568,1881.1879335614296
3.96,0.0,0.01,0.22675593600000002,0.0,31.27264
3.96,0.0,0.20900000000000002,0.22675593600000002,0.0,31.27264
3.96,0.0,0.40800000000000003,0.22675593600000002,0.0,31.27264
3.96,0.0,0.607,0.22675593600000002,0.0,31.27264
3.96,0.0,0.806,0.22675593600000002,0.0,31.27264
3.96,0.0,1.0050000000000001,0.22675593600000002,0.0,31.27264
3.96,0.0,1.2040000000000002,0.22675593600000002,0.0,31.27264
3.96,0.0,1.4030000000000002,0.22675593600000002,0.0,31.27264
3.96,0.0,1.6020000000000003,0.22675593600000002,0.0,31.27264
3.96,0.0,1.8010000000000004,0.22675593600000002,0.0,31.27264
3.96,0.0,2.0,0.22675593600000002,0.0,31.27264
3.96,0.99,0.01,0.22675593600000002,0.00303988233579177,31.356730797670586
3.96,0.99,0.20900000000000002,0.22675593600000002,0.063533540818048,33.030137671315295
3.96,0.99,0.40800000000000003,0.22675593600000002,0.12402719930030423,34.70354454496001
3.96,0.99,0.607,0.22675593600000002,0.15725786680046666,35.622788459210696
3.96,0.99,0.806,0.22675593600000002,0.16704745794219342,35.89359319342167
3.96,0.99,1.0050000000000001,0.22675593600000002,0.17659107945724356,36.15759378858212
3.96,0.99,1.2040000000000002,0.22675593600000002,0.23444935090402075,37.758099222794485
3.96,0.99,1.4030000000000002,0.22675593600000002,0.2908895274623965,39.31937658263891
3.96,0.99,1.6020000000000003,0.22675593600000002,0.3473297040207723,40.88065394248333
3.96,0.99,1.8010000000000004,0.22675593600000002,0.403769880579148,42.441931302327745
3.96,0.99,2.0,0.22675593600000002,0.4602100571375236,44.003208662172156
3.96,1.98,0.01,0.22675593600000002,0.009201599574640151,31.527179407320613
3.96,1.98,0.20900000000000002,0.22675593600000002,0.19231343110997914,36.592513613000804
3.96,1.98,0.40800000000000003,0.22675593600000002,0.3754252626453181,41.657847818681
3.96,1.98,0.607,0.22675593600000002,0.5218338726300258,45.70787852365217
3.96,1.98,0.806,0.22675593600000002,0.636684572496434,48.884937994368855
3.96,1.98,1.0050000000000001,0.22675593600000002,0.7486495763862989,51.982171850243404
3.96,1.98,1.2040000000000002,0.22675593600000002,1.0476981342350482,60.25460775200686
3.96,1.98,1.4030000000000002,0.22675593600000002,1.3394170705678963,68.32428787186436
3.96,1.98,1.6020000000000003,0.22675593600000002,1.6311360069007446,76.39396799172184
3.96,1.98,1.8010000000000004,0.22675593600000002,1.922854943233593,84.46364811157935
3.96,1.98,2.0,0.22675593600000002,2.2145738795664407,92.53332823143681
3.96,2.9699999999999998,0.01,0.22675593600000002,0.01758871566566804,31.759188151194138
3.96,2.9699999999999998,0.20900000000000002,0.22675593600000002,0.3676041574124621,41.441496359957455
3.96,2.9699999999999998,0.40800000000000003,0.22675593600000002,0.717619599159256,51.12380456872077
3.96,2.9699999999999998,0.607,0.22675593600000002,1.0641817743848365,60.710586732637246
3.96,2.9699999999999998,0.806,0.22675593600000002,1.4077747858725511,70.21523435332091
3.96,2.9699999999999998,1.0050000000000001,0.22675593600000002,1.7427348071218807,79.48107173227885
3.96,2.9699999999999998,1.2040000000000002,0.22675593600000002,2.5197742055400116,100.97593752531152
3.96,2.9699999999999998,1.4030000000000002,0.22675593600000002,3.2777685206635807,121.94396837243653
3.96,2.9699999999999998,1.6020000000000003,0.22675593600000002,4.03576283578715,142.91199921956155
3.96,2.9699999999999998,1.8010000000000004,0.22675593600000002,4.793757150910718,163.88003006668652
3.96,2.9699999999999998,2.0,0.22675593600000002,5.551751466034285,184.84806091381148
3.96,3.96,0.01,0.22675593600000002,0.02785286579520346,32.04312038161005
3.96,3.96,0.20900000000000002,0.22675593600000002,0.5821248951197524,47.37567997565014
3.96,3.96,0.40800000000000003,0.22675593600000002,1.1363969244443013,62.708239569690214
3.96,3.96,0.607,0.22675593600000002,1.7738246652488951,80.34109547023223
3.96,3.96,0.806,0.22675593600000002,2.4827507748026876,99.95177623243949
3.96,3.96,1.0050000000000001,0.22675593600000002,3.1738646705485944,119.06972632222944
3.96,3.96,1.2040000000000002,0.22675593600000002,4.700370592239884,161.2967227728875
3.96,3.96,1.4030000000000002,0.22675593600000002,6.189462153105406,202.4887438203432
3.96,3.96,1.6020000000000003,0.22675593600000002,7.678553713970929,243.68076486779884
3.96,3.96,1.8010000000000004,0.22675593600000002,9.16764527483645,284.8727859152545
3.96,3.96,2.0,0.22675593600000002,10.65673683570197,326.06480696271007
3.96,4.95,0.01,0.22675593600000002,0.03978500444473304,32.373193373298285
3.96,4.95,0.20900000000000002,0.22675593600000002,0.8315065928949206,54.274205501934176
3.96,4.95,0.40800000000000003,0.22675593600000002,1.6232281813451082,76.17521763057007
3.96,4.95,0.607,0.22675593600000002,2.644862205642908,104.4361864908135
3.96,4.95,0.806,0.22675593600000002,3.864177950482581,138.16552936328026
3.96,4.95,1.0050000000000001,0.22675593600000002,5.052857621331306,171.04740130930307
3.96,4.95,1.2040000000000002,0.22675593600000002,7.627171340136893,242.25939906326118
3.96,4.95,1.4030000000000002,0.22675593600000002,10.138389134461947,311.72600471540653
3.96,4.95,1.6020000000000003,0.22675593600000002,12.649606928787005,381.192610367552
3.96,4.95,1.8010000000000004,0.22675593600000002,15.160824723112063,450.6592160196974
3.96,4.95,2.0,0.22675593600000002,17.672042517437113,520.1258216718427
3.96,5.9399999999999995,0.01,0.22675593600000002,0.05324032337768872,32.745401365911164
3.96,5.9399999999999995,0.20900000000000002,0.22675593600000002,1.1127227585936943,62.05335254754341
3.96,5.9399999999999995,0.40800000000000003,0.22675593600000002,2.1722051938097,91.36130372917565
3.96,5.9399999999999995,0.607,0.22675593600000002,3.6734285513172686,132.88892081098945
3.96,5.9399999999999995,0.806,0.22675593600000002,5.554466533598893,184.92316651725847
3.96,5.9399999999999995,1.0050000000000001,0.22675593600000002,7.388242255019168,235.6500191153297
3.96,5.9399999999999995,1.2040000000000002,0.22675593600000002,11.331012587536605,344.7169716054386
3.96,5.9399999999999995,1.4030000000000002,0.22675593600000002,15.17714639229626,451.1107144756918
3.96,5.9399999999999995,1.6020000000000003,0.22675593600000002,19.02328019705591,557.5044573459451
3.96,5.9399999999999995,1.8010000000000004,0.22675593600000002,22.869414001815567,663.8982002161982
3.96,5.9399999999999995,2.0,0.22675593600000002,26.715547806575213,770.2919430864513
3.96,6.93,0.01,0.22675593600000002,0.06811031634969857,33.15674280358779
3.96,6.93,0.20900000000000002,0.22675593600000002,1.4235056117087002,70.65038859498479
3.96,6.93,0.40800000000000003,0.22675593600000002,2.7789009070677015,108.14403438638179
3.96,6.93,0.607,0.22675593600000002,4.856772363110387,165.62318946363447
3.96,6.93,0.806,0.22675593600000002,7.555838275068018,240.28614691751085
3.96,6.93,1.0050000000000001,0.22675593600000002,10.18708846059455,313.0731506665159
3.96,6.93,1.2040000000000002,0.22675593600000002,15.838222642472541,469.39774767558896
3.96,6.93,1.4030000000000002,0.22675593600000002,21.350848633618224,621.8908594638514
3.96,6.93,1.6020000000000003,0.22675593600000002,26.86347462476391,774.3839712521136
3.96,6.93,1.8010000000000004,0.22675593600000002,32.37610061590959,926.877083040376
3.96,6.93,2.0,0.22675593600000002,37.88872660705527,1079.370194828638
3.96,7.92,0.01,0.22675593600000002,0.08430948627059263,33.60485262159315
3.96,7.92,0.20900000000000002,0.22675593600000002,1.762068263055386,80.01588379129699
3.96,7.92,0.40800000000000003,0.22675593600000002,3.4398270398401793,126.4269149610008
3.96,7.92,0.607,0.22675593600000002,6.192829111683306,202.5818823702159
3.96,7.92,0.806,0.22675593600000002,9.87033943722145,304.3110753311604
3.96,7.92,1.0050000000000001,0.22675593600000002,13.455450005836523,403.4842584187143
3.96,7.92,1.2040000000000002,0.22675593600000002,21.171906132257625,616.9408594262137
3.96,7.92,1.4030000000000002,0.22675593600000002,28.699233432050754,825.1656809972546
3.96,7.92,1.6020000000000003,0.22675593600000002,36.22656073184388,1033.3905025682957
3.96,7.92,1.8010000000000004,0.22675593600000002,43.75388803163701,1241.6153241393365
3.96,7.92,2.0,0.22675593600000002,51.281215331430126,1449.8401457103769
3.96,8.91,0.01,0.22675593600000002,0.10176805698209351,34.08780063574256
3.96,8.91,0.20900000000000002,0.22675593600000002,2.1269523909257546,90.1094972870195
3.96,8.91,0.40800000000000003,0.22675593600000002,4.152136724869416,146.13119393829643
3.96,8.91,0.607,0.22675593600000002,7.679991424335834,243.7205355556247
3.96,8.91,0.806,0.22675593600000002,12.49986176518631,377.0502821904926
3.96,8.91,1.0050000000000001,0.22675593600000002,17.19862983616617,507.03003519131863
3.96,8.91,1.2040000000000002,0.22675593600000002,27.3527326407744,787.9180795788214
3.96,8.91,1.4030000000000002,0.22675593600000002,37.257960376642224,1061.9216130744737
3.96,8.91,1.6020000000000003,0.22675593600000002,47.16318811251005,1335.925146570126
3.96,8.91,1.8010000000000004,0.22675593600000002,57.06841584837788,1609.928680065778
3.96,8.91,2.0,0.22675593600000002,66.97364358424568,1883.9322135614298
4.95,0.0,0.01,0.35430615000000004,0.0,34.801
4.95,0.0,0.20900000000000002,0.35430615000000004,0.0,34.801
4.95,0.0,0.40800000000000003,0.35430615000000004,0.0,34.801
4.95,0.0,0.607,0.35430615000000004,0.0,34.801
4.95,0.0,0.806,0.35430615000000004,0.0,34.801
4.95,0.0,1.0050000000000001,0.35430615000000004,0.0,34.801
4.95,0.0,1.2040000000000002,0.35430615000000004,0.0,34.801
4.95,0.0,1.4030000000000002,0.35430615000000004,0.0,34.801
4.95,0.0,1.6020000000000003,0.35430615000000004,0.0,34.801
4.95,0.0,1.8010000000000004,0.35430615000000004,0.0,34.801
4.95,0.0,2.0,0.35430615000000004,0.0,34.801
4.95,0.99,0.01,0.35430615000000004,0.00303988233579177,34.88509079767059
4.95,0.99,0.20900000000000002,0.35430615000000004,0.063533540818048,36.558497671315294
4.95,0.99,0.40800000000000003,0.35430615000000004,0.12402719930030423,38.23190454496001
4.95,0.99,0.607,0.35430615000000004,0.15725786680046666,39.151148459210695
4.95,0.99,0.806,0.35430615000000004,0.16704745794219342,39.42195319342167
4.95,0.99,1.0050000000000001,0.35430615000000004,0.17659107945724356,39.68595378858212
4.95,0.99,1.2040000000000002,0.35430615000000004,0.23444935090402075,41.28645922279449
4.95,0.99,1.4030000000000002,0.35430615000000004,0.2908895274623965,42.84773658263891
4.95,0.99,1.6020000000000003,0.35430615000000004,0.3473297040207723,44.40901394248333
4.95,0.99,1.8010000000000004,0.35430615000000004,0.403769880579148,45.970291302327745
4.95,0.99,2.0,0.35430615000000004,0.4602100571375236,47.53156866217216
4.95,1.98,0.01,0.35430615000000004,0.009201599574640151,35.055539407320616
4.95,1.98,0.20900000000000002,0.35430615000000004,0.19231343110997914,40.12087361300081
4.95,1.98,0.40800000000000003,0.35430615000000004,0.3754252626453181,45.186207818681
4.95,1.98,0.607,0.35430615000000004,0.5218338726300258,49.23623852365217
4.95,1.98,0.806,0.35430615000000004,0.636684572496434,52.41329799436885
4.95,1.98,1.0050000000000001,0.35430615000000004,0.7486495763862989,55.510531850243396
4.95,1.98,1.2040000000000002,0.35430615000000004,1.0476981342350482,63.78296775200687
4.95,1.98,1.4030000000000002,0.35430615000000004,1.3394170705678963,71.85264787186435
4.95,1.98,1.6020000000000003,0.35430615000000004,1.6311360069007446,79.92232799172184
4.95,1.98,1.8010000000000004,0.35430615000000004,1.922854943233593,87.99200811157934
4.95,1.98,2.0,0.35430615000000004,2.2145738795664407,96.0616882314368
4.95,2.9699999999999998,0.01,0.35430615000000004,0.01758871566566804,35.28754815119414
4.95,2.9699999999999998,0.20900000000000002,0.35430615000000004,0.3676041574124621,44.96985635995746
4.95,2.9699999999999998,0.40800000000000003,0.35430615000000004,0.717619599159256,54.65216456872078
4.95,2.9699999999999998,0.607,0.35430615000000004,1.0641817743848365,64.23894673263725
4.95,2.9699999999999998,0.806,0.35430615000000004,1.4077747858725511,73.74359435332092
4.95,2.9699999999999998,1.0050000000000001,0.35430615000000004,1.7427348071218807,83.00943173227886
4.95,2.9699999999999998,1.2040000000000002,0.35430615000000004,2.5197742055400116,104.50429752531151
4.95,2.9699999999999998,1.4030000000000002,0.35430615000000004,3.2777685206635807,125.47232837243652
4.95,2.9699999999999998,1.6020000000000003,0.35430615000000004,4.03576283578715,146.44035921956151
4.95,2.9699999999999998,1.8010000000000004,0.35430615000000004,4.793757150910718,167.40839006668654
4.95,2.9699999999999998,2.0,0.35430615000000004,5.551751466034285,188.37642091381147
4.95,3.96,0.01,0.35430615000000004,0.02785286579520346,35.57148038161006
4.95,3.96,0.20900000000000002,0.35430615000000004,0.5821248951197524,50.904039975650136
4.95,3.96,0.40800000000000003,0.35430615000000004,1.1363969244443013,66.23659956969021
4.95,3.96,0.607,0.35430615000000004,1.7738246652488951,83.86945547023223
4.95,3.96,0.806,0.35430615000000004,2.4827507748026876,103.48013623243948
4.95,3.96,1.0050000000000001,0.35430615000000004,3.1738646705485944,122.59808632222943
4.95,3.96,1.2040000000000002,0.35430615000000004,4.700370592239884,164.82508277288753
4.95,3.96,1.4030000000000002,0.35430615000000004,6.189462153105406,206.01710382034318
4.95,3.96,1.6020000000000003,0.35430615000000004,7.678553713970929,247.20912486779886
4.95,3.96,1.8010000000000004,0.35430615000000004,9.16764527483645,288.4011459152545
4.95,3.96,2.0,0.35430615000000004,10.65673683570197,329.5931669627101
4.95,4.95,0.01,0.35430615000000004,0.03978500444473304,35.901553373298285
4.95,4.95,0.20900000000000002,0.35430615000000004,0.8315065928949206,57.802565501934176
4.95,4.95,0.40800000000000003,0.35430615000000004,1.6232281813451082,79.70357763057007
4.95,4.95,0.607,0.35430615000000004,2.644862205642908,107.96454649081349
4.95,4.95,0.806,0.35430615000000004,3.864177950482581,141.69388936328025
4.95,4.95,1.0050000000000001,0.35430615000000004,5.052857621331306,174.5757613093031
4.95,4.95,1.2040000000000002,0.35430615000000004,7.627171340136893,245.7877590632612
4.95,4.95,1.4030000000000002,0.35430615000000004,10.138389134461947,315.25436471540655
4.95,4.95,1.6020000000000003,0.35430615000000004,12.649606928787005,384.720970367552
4.95,4.95,1.8010000000000004,0.35430615000000004,15.160824723112063,454.1875760196974
4.95,4.95,2.0,0.35430615000000004,17.672042517437113,523.6541816718427
4.95,5.9399999999999995,0.01,0.35430615000000004,0.05324032337768872,36.27376136591117
4.95,5.9399999999999995,0.20900000000000002,0.35430615000000004,1.1127227585936943,65.58171254754342
4.95,5.9399999999999995,0.40800000000000003,0.35430615000000004,2.1722051938097,94.88966372917564
4.95,5.9399999999999995,0.607,0.35430615000000004,3.6734285513172686,136.41728081098944
4.95,5.9399999999999995,0.806,0.35430615000000004,5.554466533598893,188.45152651725846
4.95,5.9399999999999995,1.0050000000000001,0.35430615000000004,7.388242255019168,239.1783791153297
4.95,5.9399999999999995,1.2040000000000002,0.35430615000000004,11.331012587536605,348.2453316054386
4.95,5.9399999999999995,1.4030000000000002,0.35430615000000004,15.17714639229626,454.6390744756918
4.95,5.9399999999999995,1.6020000000000003,0.35430615000000004,19.02328019705591,561.032817345945
4.95,5.9399999999999995,1.8010000000000004,0.35430615000000004,22.869414001815567,667.4265602161983
4.95,5.9399999999999995,2.0,0.35430615000000004,26.715547806575213,773.8203030864513
4.95,6.93,0.01,0.35430615000000004,0.06811031634969857,36.68510280358779
4.95,6.93,0.20900000000000002,0.35430615000000004,1.4235056117087002,74.1787485949848
4.95,6.93,0.40800000000000003,0.35430615000000004,2.7789009070677015,111.67239438638178
4.95,6.93,0.607,0.35430615000000004,4.856772363110387,169.1515494636345
4.95,6.93,0.806,0.35430615000000004,7.555838275068018,243.81450691751087
4.95,6.93,1.0050000000000001,0.35430615000000004,10.18708846059455,316.60151066651594
4.95,6.93,1.2040000000000002,0.35430615000000004,15.838222642472541,472.926107675589
4.95,6.93,1.4030000000000002,0.35430615000000004,21.350848633618224,625.4192194638513
4.95,6.93,1.6020000000000003,0.35430615000000004,26.86347462476391,777.9123312521136
4.95,6.93,1.8010000000000004,0.35430615000000004,32.37610061590959,930.405443040376
4.95,6.93,2.0,0.35430615000000004,37.88872660705527,1082.898554828638
4.95,7.92,0.01,0.35430615000000004,0.08430948627059263,37.13321262159316
4.95,7.92,0.20900000000000002,0.35430615000000004,1.762068263055386,83.54424379129698
4.95,7.92,0.40800000000000003,0.35430615000000004,3.4398270398401793,129.95527496100078
4.95,7.92,0.607,0.35430615000000004,6.192829111683306,206.11024237021593
4.95,7.92,0.806,0.35430615000000004,9.87033943722145,307.8394353311604
4.95,7.92,1.0050000000000001,0.35430615000000004,13.455450005836523,407.01261841871434
4.95,7.92,1.2040000000000002,0.35430615000000004,21.171906132257625,620.4692194262136
4.95,7.92,1.4030000000000002,0.35430615000000004,28.699233432050754,828.6940409972545
4.95,7.92,1.6020000000000003,0.35430615000000004,36.22656073184388,1036.9188625682955
4.95,7.92,1.8010000000000004,0.35430615000000004,43.75388803163701,1245.1436841393363
4.95,7.92,2.0,0.35430615000000004,51.281215331430126,1453.3685057103767
4.95,8.91,0.01,0.35430615000000004,0.10176805698209351,37.61616063574256
4.95,8.91,0.20900000000000002,0.35430615000000004,2.1269523909257546,93.63785728701949
4.95,8.91,0.40800000000000003,0.35430615000000004,4.152136724869416,149.65955393829643
4.95,8.91,0.607,0.35430615000000004,7.679991424335834,247.24889555562473
4.95,8.91,0.806,0.35430615000000004,12.49986176518631,380.57864219049264
4.95,8.91,1.0050000000000001,0.35430615000000004,17.19862983616617,510.5583951913186
4.95,8.91,1.2040000000000002,0.35430615000000004,27.3527326407744,791.4464395788215
4.95,8.91,1.4030000000000002,0.35430615000000004,37.257960376642224,1065.4499730744735
4.95,8.91,1.6020000000000003,0.35430615000000004,47.16318811251005,1339.4535065701257
4.95,8.91,1.8010000000000004,0.35430615000000004,57.06841584837788,1613.457040065778
4.95,8.91,2.0,0.35430615000000004,66.97364358424568,1887.4605735614298
5.9399999999999995,0.0,0.01,0.510200856,0.0,39.11344
5.9399999999999995,0.0,0.20900000000000002,0.510200856,0.0,39.11344
5.9399999999999995,0.0,0.40800000000000003,0.510200856,0.0,39.11344
5.9399999999999995,0.0,0.607,0.510200856,0.0,39.11344
5.9399999999999995,0.0,0.806,0.510200856,0.0,39.11344
5.9399999999999995,0.0,1.0050000000000001,0.510200856,0.0,39.11344
5.9399999999999995,0.0,1.2040000000000002,0.510200856,0.0,39.11344
5.9399999999999995,0.0,1.4030000000000002,0.510200856,0.0,39.11344
5.9399999999999995,0.0,1.6020000000000003,0.510200856,0.0,39.11344
5.9399999999999995,0.0,1.8010000000000004,0.510200856,0.0,39.11344
5.9399999999999995,0.0,2.0,0.510200856,0.0,39.11344
5.9399999999999995,0.99,0.01,0.510200856,0.00303988233579177,39.19753079767058
5.9399999999999995,0.99,0.20900000000000002,0.510200856,0.063533540818048,40.870937671315296
5.9399999999999995,0.99,0.40800000000000003,0.510200856,0.12402719930030423,42.544344544960005
5.9399999999999995,0.99,0.607,0.510200856,0.15725786680046666,43.4635884592107
5.9399999999999995,0.99,0.806,0.510200856,0.16704745794219342,43.73439319342167
5.9399999999999995,0.99,1.0050000000000001,0.510200856,0.17659107945724356,43.99839378858211
5.9399999999999995,0.99,1.2040000000000002,0.510200856,0.23444935090402075,45.598899222794486
5.9399999999999995,0.99,1.4030000000000002,0.510200856,0.2908895274623965,47.160176582638904
5.9399999999999995,0.99,1.6020000000000003,0.510200856,0.3473297040207723,48.72145394248332
5.9399999999999995,0.99,1.8010000000000004,0.510200856,0.403769880579148,50.28273130232775
5.9399999999999995,0.99,2.0,0.510200856,0.4602100571375236,51.84400866217216
5.9399999999999995,1.98,0.01,0.510200856,0.009201599574640151,39.36797940732061
5.9399999999999995,1.98,0.20900000000000002,0.510200856,0.19231343110997914,44.433313613000806
5.9399999999999995,1.98,0.40800000000000003,0.510200856,0.3754252626453181,49.49864781868099
5.9399999999999995,1.98,0.607,0.510200856,0.5218338726300258,53.548678523652164
5.9399999999999995,1.98,0.806,0.510200856,0.636684572496434,56.72573799436884
5.9399999999999995,1.98,1.0050000000000001,0.510200856,0.7486495763862989,59.8229718502434
5.9399999999999995,1.98,1.2040000000000002,0.510200856,1.0476981342350482,68.09540775200686
5.9399999999999995,1.98,1.4030000000000002,0.510200856,1.3394170705678963,76.16508787186434
5.9399999999999995,1.98,1.6020000000000003,0.510200856,1.6311360069007446,84.23476799172184
5.9399999999999995,1.98,1.8010000000000004,0.510200856,1.922854943233593,92.30444811157933
5.9399999999999995,1.98,2.0,0.510200856,2.2145738795664407,100.3741282314368
5.9399999999999995,2.9699999999999998,0.01,0.510200856,0.01758871566566804,39.59998815119413
5.9399999999999995,2.9699999999999998,0.20900000000000002,0.510200856,0.3676041574124621,49.282296359957456
5.9399999999999995,2.9699999999999998,0.40800000000000003,0.510200856,0.717619599159256,58.96460456872077
5.9399999999999995,2.9699999999999998,0.607,0.510200856,1.0641817743848365,68.55138673263724
5.9399999999999995,2.9699999999999998,0.806,0.510200856,1.4077747858725511,78.05603435332091
5.9399999999999995,2.9699999999999998,1.0050000000000001,0.510200856,1.7427348071218807,87.32187173227885
5.9399999999999995,2.9699999999999998,1.2040000000000002,0.510200856,2.5197742055400116,108.81673752531152
5.9399999999999995,2.9699999999999998,1.4030000000000002,0.510200856,3.2777685206635807,129.78476837243653
5.9399999999999995,2.9699999999999998,1.6020000000000003,0.510200856,4.03576283578715,150.75279921956152
5.9399999999999995,2.9699999999999998,1.8010000000000004,0.510200856,4.793757150910718,171.72083006668652
5.9399999999999995,2.9699999999999998,2.0,0.510200856,5.551751466034285,192.68886091381148
5.9399999999999995,3.96,0.01,0.510200856,0.02785286579520346,39.883920381610054
5.9399999999999995,3.96,0.20900000000000002,0.510200856,0.5821248951197524,55.21647997565013
5.9399999999999995,3.96,0.40800000000000003,0.510200856,1.1363969244443013,70.54903956969021
5.9399999999999995,3.96,0.607,0.510200856,1.7738246652488951,88.18189547023223
5.9399999999999995,3.96,0.806,0.510200856,2.4827507748026876,107.79257623243947
5.9399999999999995,3.96,1.0050000000000001,0.510200856,3.1738646705485944,126.91052632222944
5.9399999999999995,3.96,1.2040000000000002,0.510200856,4.700370592239884,169.1375227728875
5.9399999999999995,3.96,1.4030000000000002,0.510200856,6.189462153105406,210.3295438203432
5.9399999999999995,3.96,1.6020000000000003,0.510200856,7.678553713970929,251.52156486779884
5.9399999999999995,3.96,1.8010000000000004,0.510200856,9.16764527483645,292.71358591525444
5.9399999999999995,3.96,2.0,0.510200856,10.65673683570197,333.90560696271007
5.9399999999999995,4.95,0.01,0.510200856,0.03978500444473304,40.21399337329829
5.9399999999999995,4.95,0.20900000000000002,0.510200856,0.8315065928949206,62.11500550193418
5.9399999999999995,4.95,0.40800000000000003,0.510200856,1.6232281813451082,84.01601763057008
5.9399999999999995,4.95,0.607,0.510200856,2.644862205642908,112.2769864908135
5.9399999999999995,4.95,0.806,0.510200856,3.864177950482581,146.00632936328023
5.9399999999999995,4.95,1.0050000000000001,0.510200856,5.052857621331306,178.88820130930307
5.9399999999999995,4.95,1.2040000000000002,0.510200856,7.627171340136893,250.1001990632612
5.9399999999999995,4.95,1.4030000000000002,0.510200856,10.138389134461947,319.56680471540653
5.9399999999999995,4.95,1.6020000000000003,0.510200856,12.649606928787005,389.033410367552
5.9399999999999995,4.95,1.8010000000000004,0.510200856,15.160824723112063,458.5000160196974
5.9399999999999995,4.95,2.0,0.510200856,17.672042517437113,527.9666216718426
5.9399999999999995,5.9399999999999995,0.01,0.510200856,0.05324032337768872,40.586201365911165
5.9399999999999995,5.9399999999999995,0.20900000000000002,0.510200856,1.1127227585936943,69.8941525475434
5.9399999999999995,5.9399999999999995,0.40800000000000003,0.510200856,2.1722051938097,99.20210372917565
5.9399999999999995,5.9399999999999995,0.607,0.510200856,3.6734285513172686,140.72972081098945
5.9399999999999995,5.9399999999999995,0.806,0.510200856,5.554466533598893,192.76396651725847
5.9399999999999995,5.9399999999999995,1.0050000000000001,0.510200856,7.388242255019168,243.4908191153297
5.9399999999999995,5.9399999999999995,1.2040000000000002,0.510200856,11.331012587536605,352.5577716054386
5.9399999999999995,5.9399999999999995,1.4030000000000002,0.510200856,15.17714639229626,458.9515144756918
5.9399999999999995,5.9399999999999995,1.6020000000000003,0.510200856,19.02328019705591,565.345257345945
5.9399999999999995,5.9399999999999995,1.8010000000000004,0.510200856,22.869414001815567,671.7390002161982
5.9399999999999995,5.9399999999999995,2.0,0.510200856,26.715547806575213,778.1327430864512
5.9399999999999995,6.93,0.01,0.510200856,0.06811031634969857,40.997542803587784
5.9399999999999995,6.93,0.20900000000000002,0.510200856,1.4235056117087002,78.49118859498478
5.9399999999999995,6.93,0.40800000000000003,0.510200856,2.7789009070677015,115.98483438638178
5.9399999999999995,6.93,0.607,0.510200856,4.856772363110387,173.46398946363448
5.9399999999999995,6.93,0.806,0.510200856,7.555838275068018,248.12694691751082
5.9399999999999995,6.93,1.0050000000000001,0.510200856,10.18708846059455,320.91395066651586
5.9399999999999995,6.93,1.2040000000000002,0.510200856,15.838222642472541,477.23854767558896
5.9399999999999995,6.93,1.4030000000000002,0.510200856,21.350848633618224,629.7316594638513
5.9399999999999995,6.93,1.6020000000000003,0.510200856,26.86347462476391,782.2247712521136
5.9399999999999995,6.93,1.8010000000000004,0.510200856,32.37610061590959,934.717883040376
5.9399999999999995,6.93,2.0,0.510200856,37.88872660705527,1087.2109948286381
5.9399999999999995,7.92,0.01,0.510200856,0.08430948627059263,41.445652621593155
5.9399999999999995,7.92,0.20900000000000002,0.510200856,1.762068263055386,87.85668379129697
5.9399999999999995,7.92,0.40800000000000003,0.510200856,3.4398270398401793,134.26771496100082
5.9399999999999995,7.92,0.607,0.510200856,6.192829111683306,210.4226823702159
5.9399999999999995,7.92,0.806,0.510200856,9.87033943722145,312.1518753311604
5.9399999999999995,7.92,1.0050000000000001,0.510200856,13.455450005836523,411.3250584187143
5.9399999999999995,7.92,1.2040000000000002,0.510200856,21.171906132257625,624.7816594262137
5.9399999999999995,7.92,1.4030000000000002,0.510200856,28.699233432050754,833.0064809972546
5.9399999999999995,7.92,1.6020000000000003,0.510200856,36.22656073184388,1041.2313025682956
5.9399999999999995,7.92,1.8010000000000004,0.510200856,43.75388803163701,1249.4561241393365
5.9399999999999995,7.92,2.0,0.510200856,51.281215331430126,1457.6809457103768
5.9399999999999995,8.91,0.01,0.510200856,0.10176805698209351,41.928600635742555
5.9399999999999995,8.91,0.20900000000000002,0.510200856,2.1269523909257546,97.95029728701948
5.9399999999999995,8.91,0.40800000000000003,0.510200856,4.152136724869416,153.97199393829644
5.9399999999999995,8.91,0.607,0.510200856,7.679991424335834,251.5613355556247
5.9399999999999995,8.91,0.806,0.510200856,12.49986176518631,384.8910821904926
5.9399999999999995,8.91,1.0050000000000001,0.510200856,17.19862983616617,514.8708351913185
5.9399999999999995,8.91,1.2040000000000002,0.510200856,27.3527326407744,795.7588795788214
5.9399999999999995,8.91,1.4030000000000002,0.510200856,37.257960376642224,1069.7624130744737
5.9399999999999995,8.91,1.6020000000000003,0.510200856,47.16318811251005,1343.7659465701258
5.9399999999999995,8.91,1.8010000000000004,0.510200856,57.06841584837788,1617.7694800657782
5.9399999999999995,8.91,2.0,0.510200856,66.97364358424568,1891.7730135614295
6.93,0.0,0.01,0.694440054,0.0,44.209959999999995
6.93,0.0,0.20900000000000002,0.694440054,0.0,44.209959999999995
6.93,0.0,0.40800000000000003,0.694440054,0.0,44.209959999999995
6.93,0.0,0.607,0.694440054,0.0,44.209959999999995
6.93,0.0,0.806,0.694440054,0.0,44.209959999999995
6.93,0.0,1.0050000000000001,0.694440054,0.0,44.209959999999995
6.93,0.0,1.2040000000000002,0.694440054,0.0,44.209959999999995
6.93,0.0,1.4030000000000002,0.694440054,0.0,44.209959999999995
6.93,0.0,1.6020000000000003,0.694440054,0.0,44.209959999999995
6.93,0.0,1.8010000000000004,0.694440054,0.0,44.209959999999995
6.93,0.0,2.0,0.694440054,0.0,44.209959999999995
6.93,0.99,0.01,0.694440054,0.00303988233579177,44.294050797670586
6.93,0.99,0.20900000000000002,0.694440054,0.063533540818048,45.967457671315294
6.93,0.99,0.40800000000000003,0.694440054,0.12402719930030423,47.64086454496
6.93,0.99,0.607,0.694440054,0.15725786680046666,48.560108459210696
6.93,0.99,0.806,0.694440054,0.16704745794219342,48.830913193421665
6.93,0.99,1.0050000000000001,0.694440054,0.17659107945724356,49.09491378858211
6.93,0.99,1.2040000000000002,0.694440054,0.23444935090402075,50.695419222794484
6.93,0.99,1.4030000000000002,0.694440054,0.2908895274623965,52.2566965826389
6.93,0.99,1.6020000000000003,0.694440054,0.3473297040207723,53.81797394248333
6.93,0.99,1.8010000000000004,0.694440054,0.403769880579148,55.379251302327745
6.93,0.99,2.0,0.694440054,0.4602100571375236,56.940528662172156
6.93,1.98,0.01,0.694440054,0.009201599574640151,44.46449940732061
6.93,1.98,0.20900000000000002,0.694440054,0.19231343110997914,49.529833613000804
6.93,1.98,0.40800000000000003,0.694440054,0.3754252626453181,54.59516781868099
6.93,1.98,0.607,0.694440054,0.5218338726300258,58.64519852365216
6.93,1.98,0.806,0.694440054,0.636684572496434,61.82225799436885
6.93,1.98,1.0050000000000001,0.694440054,0.7486495763862989,64.91949185024339
6.93,1.98,1.2040000000000002,0.694440054,1.0476981342350482,73.19192775200686
6.93,1.98,1.4030000000000002,0.694440054,1.3394170705678963,81.26160787186434
6.93,1.98,1.6020000000000003,0.694440054,1.6311360069007446,89.33128799172185
6.93,1.98,1.8010000000000004,0.694440054,1.922854943233593,97.40096811157933
6.93,1.98,2.0,0.694440054,2.2145738795664407,105.47064823143681
6.93,2.9699999999999998,0.01,0.694440054,0.01758871566566804,44.69650815119414
6.93,2.9699999999999998,0.20900000000000002,0.694440054,0.3676041574124621,54.378816359957455
6.93,2.9699999999999998,0.40800000000000003,0.694440054,0.717619599159256,64.06112456872077
6.93,2.9699999999999998,0.607,0.694440054,1.0641817743848365,73.64790673263724
6.93,2.9699999999999998,0.806,0.694440054,1.4077747858725511,83.15255435332091
6.93,2.9699999999999998,1.0050000000000001,0.694440054,1.7427348071218807,92.41839173227886
6.93,2.9699999999999998,1.2040000000000002,0.694440054,2.5197742055400116,113.91325752531152
6.93,2.9699999999999998,1.4030000000000002,0.694440054,3.2777685206635807,134.88128837243653
6.93,2.9699999999999998,1.6020000000000003,0.694440054,4.03576283578715,155.84931921956152
6.93,2.9699999999999998,1.8010000000000004,0.694440054,4.793757150910718,176.81735006668652
6.93,2.9699999999999998,2.0,0.694440054,5.551751466034285,197.78538091381145
6.93,3.96,0.01,0.694440054,0.02785286579520346,44.98044038161005
6.93,3.96,0.20900000000000002,0.694440054,0.5821248951197524,60.31299997565013
6.93,3.96,0.40800000000000003,0.694440054,1.1363969244443013,75.6455595696902
6.93,3.96,0.607,0.694440054,1.7738246652488951,93.27841547023222
6.93,3.96,0.806,0.694440054,2.4827507748026876,112.88909623243947
6.93,3.96,1.0050000000000001,0.694440054,3.1738646705485944,132.00704632222943
6.93,3.96,1.2040000000000002,0.694440054,4.700370592239884,174.2340427728875
6.93,3.96,1.4030000000000002,0.694440054,6.189462153105406,215.42606382034316
6.93,3.96,1.6020000000000003,0.694440054,7.678553713970929,256.61808486779887
6.93,3.96,1.8010000000000004,0.694440054,9.16764527483645,297.8101059152545
6.93,3.96,2.0,0.694440054,10.65673683570197,339.00212696271007
6.93,4.95,0.01,0.694440054,0.03978500444473304,45.310513373298285
6.93,4.95,0.20900000000000002,0.694440054,0.8315065928949206,67.21152550193418
6.93,4.95,0.40800000000000003,0.694440054,1.6232281813451082,89.11253763057006
6.93,4.95,0.607,0.694440054,2.644862205642908,117.3735064908135
6.93,4.95,0.806,0.694440054,3.864177950482581,151.10284936328023
6.93,4.95,1.0050000000000001,0.694440054,5.052857621331306,183.98472130930307
6.93,4.95,1.2040000000000002,0.694440054,7.627171340136893,255.1967190632612
6.93,4.95,1.4030000000000002,0.694440054,10.138389134461947,324.6633247154066
6.93,4.95,1.6020000000000003,0.694440054,12.649606928787005,394.129930367552
6.93,4.95,1.8010000000000004,0.694440054,15.160824723112063,463.59653601969745
6.93,4.95,2.0,0.694440054,17.672042517437113,533.0631416718427
6.93,5.9399999999999995,0.01,0.694440054,0.05324032337768872,45.68272136591116
6.93,5.9399999999999995,0.20900000000000002,0.694440054,1.1127227585936943,74.99067254754341
6.93,5.9399999999999995,0.40800000000000003,0.694440054,2.1722051938097,104.29862372917565
6.93,5.9399999999999995,0.607,0.694440054,3.6734285513172686,145.82624081098945
6.93,5.9399999999999995,0.806,0.694440054,5.554466533598893,197.86048651725844
6.93,5.9399999999999995,1.0050000000000001,0.694440054,7.388242255019168,248.58733911532968
6.93,5.9399999999999995,1.2040000000000002,0.694440054,11.331012587536605,357.6542916054386
6.93,5.9399999999999995,1.4030000000000002,0.694440054,15.17714639229626,464.0480344756918
6.93,5.9399999999999995,1.6020000000000003,0.694440054,19.02328019705591,570.441777345945
6.93,5.9399999999999995,1.8010000000000004,0.694440054,22.869414001815567,676.8355202161982
6.93,5.9399999999999995,2.0,0.694440054,26.715547806575213,783.2292630864512
6.93,6.93,0.01,0.694440054,0.06811031634969857,46.09406280358779
6.93,6.93,0.20900000000000002,0.694440054,1.4235056117087002,83.58770859498479
6.93,6.93,0.40800000000000003,0.694440054,2.7789009070677015,121.08135438638179
6.93,6.93,0.607,0.694440054,4.856772363110387,178.56050946363447
6.93,6.93,0.806,0.694440054,7.555838275068018,253.22346691751088
6.93,6.93,1.0050000000000001,0.694440054,10.18708846059455,326.0104706665159
6.93,6.93,1.2040000000000002,0.694440054,15.838222642472541,482.3350676755889
6.93,6.93,1.4030000000000002,0.694440054,21.350848633618224,634.8281794638513
6.93,6.93,1.6020000000000003,0.694440054,26.86347462476391,787.3212912521136
6.93,6.93,1.8010000000000004,0.694440054,32.37610061590959,939.814403040376
6.93,6.93,2.0,0.694440054,37.88872660705527,1092.307514828638
6.93,7.92,0.01,0.694440054,0.08430948627059263,46.54217262159315
6.93,7.92,0.20900000000000002,0.694440054,1.762068263055386,92.95320379129699
6.93,7.92,0.40800000000000003,0.694440054,3.4398270398401793,139.3642349610008
6.93,7.92,0.607,0.694440054,6.192829111683306,215.5192023702159
6.93,7.92,0.806,0.694440054,9.87033943722145,317.24839533116045
6.93,7.92,1.0050000000000001,0.694440054,13.455450005836523,416.4215784187143
6.93,7.92,1.2040000000000002,0.694440054,21.171906132257625,629.8781794262136
6.93,7.92,1.4030000000000002,0.694440054,28.699233432050754,838.1030009972545
6.93,7.92,1.6020000000000003,0.694440054,36.22656073184388,1046.3278225682955
6.93,7.92,1.8010000000000004,0.694440054,43.75388803163701,1254.5526441393363
6.93,7.92,2.0,0.694440054,51.281215331430126,1462.7774657103769
6.93,8.91,0.01,0.694440054,0.10176805698209351,47.02512063574255
6.93,8.91,0.20900000000000002,0.694440054,2.1269523909257546,103.0468172870195
6.93,8.91,0.40800000000000003,0.694440054,4.152136724869416,159.0685139382964
6.93,8.91,0.607,0.694440054,7.679991424335834,256.65785555562474
6.93,8.91,0.806,0.694440054,12.49986176518631,389.9876021904927
6.93,8.91,1.0050000000000001,0.694440054,17.19862983616617,519.9673551913186
6.93,8.91,1.2040000000000002,0.694440054,27.3527326407744,800.8553995788214
6.93,8.91,1.4030000000000002,0.694440054,37.257960376642224,1074.8589330744735
6.93,8.91,1.6020000000000003,0.694440054,47.16318811251005,1348.8624665701257
6.93,8.91,1.8010000000000004,0.694440054,57.06841584837788,1622.866000065778
6.93,8.91,2.0,0.694440054,66.97364358424568,1896.8695335614298
7.92,0.0,0.01,0.9070237440000001,0.0,50.090559999999996
7.92,0.0,0.20900000000000002,0.9070237440000001,0.0,50.090559999999996
7.92,0.0,0.40800000000000003,0.9070237440000001,0.0,50.090559999999996
7.92,0.0,0.607,0.9070237440000001,0.0,50.090559999999996
7.92,0.0,0.806,0.9070237440000001,0.0,50.090559999999996
7.92,0.0,1.0050000000000001,0.9070237440000001,0.0,50.090559999999996
7.92,0.0,1.2040000000000002,0.9070237440000001,0.0,50.090559999999996
7.92,0.0,1.4030000000000002,0.9070237440000001,0.0,50.090559999999996
7.92,0.0,1.6020000000000003,0.9070237440000001,0.0,50.090559999999996
7.92,0.0,1.8010000000000004,0.9070237440000001,0.0,50.090559999999996
7.92,0.0,2.0,0.9070237440000001,0.0,50.090559999999996
7.92,0.99,0.01,0.9070237440000001,0.00303988233579177,50.17465079767059
7.92,0.99,0.20900000000000002,0.9070237440000001,0.063533540818048,51.8480576713153
7.92,0.99,0.40800000000000003,0.9070237440000001,0.12402719930030423,53.52146454496001
7.92,0.99,0.607,0.9070237440000001,0.15725786680046666,54.4407084592107
7.92,0.99,0.806,0.9070237440000001,0.16704745794219342,54.71151319342167
7.92,0.99,1.0050000000000001,0.9070237440000001,0.17659107945724356,54.97551378858212
7.92,0.99,1.2040000000000002,0.9070237440000001,0.23444935090402075,56.576019222794486
7.92,0.99,1.4030000000000002,0.9070237440000001,0.2908895274623965,58.13729658263891
7.92,0.99,1.6020000000000003,0.9070237440000001,0.3473297040207723,59.69857394248333
7.92,0.99,1.8010000000000004,0.9070237440000001,0.403769880579148,61.25985130232774
7.92,0.99,2.0,0.9070237440000001,0.4602100571375236,62.82112866217216
7.92,1.98,0.01,0.9070237440000001,0.009201599574640151,50.34509940732062
7.92,1.98,0.20900000000000002,0.9070237440000001,0.19231343110997914,55.410433613000805
7.92,1.98,0.40800000000000003,0.9070237440000001,0.3754252626453181,60.475767818681
7.92,1.98,0.607,0.9070237440000001,0.5218338726300258,64.52579852365216
7.92,1.98,0.806,0.9070237440000001,0.636684572496434,67.70285799436886
7.92,1.98,1.0050000000000001,0.9070237440000001,0.7486495763862989,70.8000918502434
7.92,1.98,1.2040000000000002,0.9070237440000001,1.0476981342350482,79.07252775200686
7.92,1.98,1.4030000000000002,0.9070237440000001,1.3394170705678963,87.14220787186434
7.92,1.98,1.6020000000000003,0.9070237440000001,1.6311360069007446,95.21188799172184
7.92,1.98,1.8010000000000004,0.9070237440000001,1.922854943233593,103.28156811157933
7.92,1.98,2.0,0.9070237440000001,2.2145738795664407,111.35124823143681
7.92,2.9699999999999998,0.01,0.9070237440000001,0.01758871566566804,50.57710815119414
7.92,2.9699999999999998,0.20900000000000002,0.9070237440000001,0.3676041574124621,60.259416359957456
7.92,2.9699999999999998,0.40800000000000003,0.9070237440000001,0.717619599159256,69.94172456872077
7.92,2.9699999999999998,0.607,0.9070237440000001,1.0641817743848365,79.52850673263725
7.92,2.9699999999999998,0.806,0.9070237440000001,1.4077747858725511,89.03315435332091
7.92,2.9699999999999998,1.0050000000000001,0.9070237440000001,1.7427348071218807,98.29899173227886
7.92,2.9699999999999998,1.2040000000000002,0.9070237440000001,2.5197742055400116,119.79385752531152
7.92,2.9699999999999998,1.4030000000000002,0.9070237440000001,3.2777685206635807,140.76188837243654
7.92,2.9699999999999998,1.6020000000000003,0.9070237440000001,4.03576283578715,161.7299192195615
7.92,2.9699999999999998,1.8010000000000004,0.9070237440000001,4.793757150910718,182.69795006668653
7.92,2.9699999999999998,2.0,0.9070237440000001,5.551751466034285,203.66598091381147
7.92,3.96,0.01,0.9070237440000001,0.02785286579520346,50.86104038161005
7.92,3.96,0.20900000000000002,0.9070237440000001,0.5821248951197524,66.19359997565013
7.92,3.96,0.40800000000000003,0.9070237440000001,1.1363969244443013,81.52615956969021
7.92,3.96,0.607,0.9070237440000001,1.7738246652488951,99.15901547023223
7.92,3.96,0.806,0.9070237440000001,2.4827507748026876,118.76969623243949
7.92,3.96,1.0050000000000001,0.9070237440000001,3.1738646705485944,137.88764632222944
7.92,3.96,1.2040000000000002,0.9070237440000001,4.700370592239884,180.11464277288752
7.92,3.96,1.4030000000000002,0.9070237440000001,6.189462153105406,221.30666382034318
7.92,3.96,1.6020000000000003,0.9070237440000001,7.678553713970929,262.49868486779883
7.92,3.96,1.8010000000000004,0.9070237440000001,9.16764527483645,303.6907059152545
7.92,3.96,2.0,0.9070237440000001,10.65673683570197,344.8827269627101
7.92,4.95,0.01,0.9070237440000001,0.03978500444473304,51.19111337329829
7.92,4.95,0.20900000000000002,0.9070237440000001,0.8315065928949206,73.09212550193419
7.92,4.95,0.40800000000000003,0.9070237440000001,1.6232281813451082,94.99313763057008
7.92,4.95,0.607,0.9070237440000001,2.644862205642908,123.2541064908135
7.92,4.95,0.806,0.9070237440000001,3.864177950482581,156.98344936328024
7.92,4.95,1.0050000000000001,0.9070237440000001,5.052857621331306,189.86532130930308
7.92,4.95,1.2040000000000002,0.9070237440000001,7.627171340136893,261.0773190632612
7.92,4.95,1.4030000000000002,0.9070237440000001,10.138389134461947,330.54392471540655
7.92,4.95,1.6020000000000003,0.9070237440000001,12.649606928787005,400.010530367552
7.92,4.95,1.8010000000000004,0.9070237440000001,15.160824723112063,469.4771360196974
7.92,4.95,2.0,0.9070237440000001,17.672042517437113,538.9437416718426
7.92,5.9399999999999995,0.01,0.9070237440000001,0.05324032337768872,51.563321365911165
7.92,5.9399999999999995,0.20900000000000002,0.9070237440000001,1.1127227585936943,80.87127254754341
7.92,5.9399999999999995,0.40800000000000003,0.9070237440000001,2.1722051938097,110.17922372917565
7.92,5.9399999999999995,0.607,0.9070237440000001,3.6734285513172686,151.70684081098946
7.92,5.9399999999999995,0.806,0.9070237440000001,5.554466533598893,203.74108651725845
7.92,5.9399999999999995,1.0050000000000001,0.9070237440000001,7.388242255019168,254.46793911532967
7.92,5.9399999999999995,1.2040000000000002,0.9070237440000001,11.331012587536605,363.5348916054386
7.92,5.9399999999999995,1.4030000000000002,0.9070237440000001,15.17714639229626,469.9286344756918
7.92,5.9399999999999995,1.6020000000000003,0.9070237440000001,19.02328019705591,576.322377345945
7.92,5.9399999999999995,1.8010000000000004,0.9070237440000001,22.869414001815567,682.7161202161982
7.92,5.9399999999999995,2.0,0.9070237440000001,26.715547806575213,789.1098630864514
7.92,6.93,0.01,0.9070237440000001,0.06811031634969857,51.97466280358779
7.92,6.93,0.20900000000000002,0.9070237440000001,1.4235056117087002,89.46830859498479
7.92,6.93,0.40800000000000003,0.9070237440000001,2.7789009070677015,126.96195438638179
7.92,6.93,0.607,0.9070237440000001,4.856772363110387,184.4411094636345
7.92,6.93,0.806,0.9070237440000001,7.555838275068018,259.10406691751086
7.92,6.93,1.0050000000000001,0.9070237440000001,10.18708846059455,331.89107066651593
7.92,6.93,1.2040000000000002,0.9070237440000001,15.838222642472541,488.21566767558903
7.92,6.93,1.4030000000000002,0.9070237440000001,21.350848633618224,640.7087794638512
7.92,6.93,1.6020000000000003,0.9070237440000001,26.86347462476391,793.2018912521137
7.92,6.93,1.8010000000000004,0.9070237440000001,32.37610061590959,945.6950030403759
7.92,6.93,2.0,0.9070237440000001,37.88872660705527,1098.188114828638
7.92,7.92,0.01,0.9070237440000001,0.08430948627059263,52.422772621593154
7.92,7.92,0.20900000000000002,0.9070237440000001,1.762068263055386,98.83380379129699
7.92,7.92,0.40800000000000003,0.9070237440000001,3.4398270398401793,145.2448349610008
7.92,7.92,0.607,0.9070237440000001,6.192829111683306,221.39980237021592
7.92,7.92,0.806,0.9070237440000001,9.87033943722145,323.1289953311604
7.92,7.92,1.0050000000000001,0.9070237440000001,13.455450005836523,422.30217841871433
7.92,7.92,1.2040000000000002,0.9070237440000001,21.171906132257625,635.7587794262136
7.92,7.92,1.4030000000000002,0.9070237440000001,28.699233432050754,843.9836009972546
7.92,7.92,1.6020000000000003,0.9070237440000001,36.22656073184388,1052.2084225682954
7.92,7.92,1.8010000000000004,0.9070237440000001,43.75388803163701,1260.4332441393362
7.92,7.92,2.0,0.9070237440000001,51.281215331430126,1468.6580657103768
7.92,8.91,0.01,0.9070237440000001,0.10176805698209351,52.90572063574256
7.92,8.91,0.20900000000000002,0.9070237440000001,2.1269523909257546,108.9274172870195
7.92,8.91,0.40800000000000003,0.9070237440000001,4.152136724869416,164.94911393829642
7.92,8.91,0.607,0.9070237440000001,7.679991424335834,262.53845555562475
7.92,8.91,0.806,0.9070237440000001,12.49986176518631,395.86820219049264
7.92,8.91,1.0050000000000001,0.9070237440000001,17.19862983616617,525.8479551913185
7.92,8.91,1.2040000000000002,0.9070237440000001,27.3527326407744,806.7359995788214
7.92,8.91,1.4030000000000002,0.9070237440000001,37.257960376642224,1080.7395330744735
7.92,8.91,1.6020000000000003,0.9070237440000001,47.16318811251005,1354.7430665701256
7.92,8.91,1.8010000000000004,0.9070237440000001,57.06841584837788,1628.746600065778
7.92,8.91,2.0,0.9070237440000001,66.97364358424568,1902.7501335614297
8.91,0.0,0.01,1.1479519260000002,0.0,56.75524
8.91,0.0,0.20900000000000002,1.1479519260000002,0.0,56.75524
8.91,0.0,0.40800000000000003,1.1479519260000002,0.0,56.75524
8.91,0.0,0.607,1.1479519260000002,0.0,56.75524
8.91,0.0,0.806,1.1479519260000002,0.0,56.75524
8.91,0.0,1.0050000000000001,1.1479519260000002,0.0,56.75524
8.91,0.0,1.2040000000000002,1.1479519260000002,0.0,56.75524
8.91,0.0,1.4030000000000002,1.1479519260000002,0.0,56.75524
8.91,0.0,1.6020000000000003,1.1479519260000002,0.0,56.75524
8.91,0.0,1.8010000000000004,1.1479519260000002,0.0,56.75524
8.91,0.0,2.0,1.1479519260000002,0.0,56.75524
8.91,0.99,0.01,1.1479519260000002,0.00303988233579177,56.8393307976706
8.91,0.99,0.20900000000000002,1.1479519260000002,0.063533540818048,58.51273767131531
8.91,0.99,0.40800000000000003,1.1479519260000002,0.12402719930030423,60.186144544960015
8.91,0.99,0.607,1.1479519260000002,0.15725786680046666,61.1053884592107
8.91,0.99,0.806,1.1479519260000002,0.16704745794219342,61.37619319342168
8.91,0.99,1.0050000000000001,1.1479519260000002,0.17659107945724356,61.64019378858212
8.91,0.99,1.2040000000000002,1.1479519260000002,0.23444935090402075,63.24069922279449
8.91,0.99,1.4030000000000002,1.1479519260000002,0.2908895274623965,64.8019765826389
8.91,0.99,1.6020000000000003,1.1479519260000002,0.3473297040207723,66.36325394248333
8.91,0.99,1.8010000000000004,1.1479519260000002,0.403769880579148,67.92453130232775
8.91,0.99,2.0,1.1479519260000002,0.4602100571375236,69.48580866217216
8.91,1.98,0.01,1.1479519260000002,0.009201599574640151,57.009779407320615
8.91,1.98,0.20900000000000002,1.1479519260000002,0.19231343110997914,62.07511361300081
8.91,1.98,0.40800000000000003,1.1479519260000002,0.3754252626453181,67.140447818681
8.91,1.98,0.607,1.1479519260000002,0.5218338726300258,71.19047852365216
8.91,1.98,0.806,1.1479519260000002,0.636684572496434,74.36753799436886
8.91,1.98,1.0050000000000001,1.1479519260000002,0.7486495763862989,77.46477185024341
8.91,1.98,1.2040000000000002,1.1479519260000002,1.0476981342350482,85.73720775200687
8.91,1.98,1.4030000000000002,1.1479519260000002,1.3394170705678963,93.80688787186435
8.91,1.98,1.6020000000000003,1.1479519260000002,1.6311360069007446,101.87656799172184
8.91,1.98,1.8010000000000004,1.1479519260000002,1.922854943233593,109.94624811157934
8.91,1.98,2.0,1.1479519260000002,2.2145738795664407,118.0159282314368
8.91,2.9699999999999998,0.01,1.1479519260000002,0.01758871566566804,57.24178815119414
8.91,2.9699999999999998,0.20900000000000002,1.1479519260000002,0.3676041574124621,66.92409635995746
8.91,2.9699999999999998,0.40800000000000003,1.1479519260000002,0.717619599159256,76.60640456872078
8.91,2.9699999999999998,0.607,1.1479519260000002,1.0641817743848365,86.19318673263726
8.91,2.9699999999999998,0.806,1.1479519260000002,1.4077747858725511,95.69783435332091
8.91,2.9699999999999998,1.0050000000000001,1.1479519260000002,1.7427348071218807,104.96367173227885
8.91,2.9699999999999998,1.2040000000000002,1.1479519260000002,2.5197742055400116,126.45853752531153
8.91,2.9699999999999998,1.4030000000000002,1.1479519260000002,3.2777685206635807,147.42656837243655
8.91,2.9699999999999998,1.6020000000000003,1.1479519260000002,4.03576283578715,168.39459921956154
8.91,2.9699999999999998,1.8010000000000004,1.1479519260000002,4.793757150910718,189.36263006668653
8.91,2.9699999999999998,2.0,1.1479519260000002,5.551751466034285,210.3306609138115
8.91,3.96,0.01,1.1479519260000002,0.02785286579520346,57.525720381610064
8.91,3.96,0.20900000000000002,1.1479519260000002,0.5821248951197524,72.85827997565013
8.91,3.96,0.40800000000000003,1.1479519260000002,1.1363969244443013,88.19083956969021
8.91,3.96,0.607,1.1479519260000002,1.7738246652488951,105.82369547023224
8.91,3.96,0.806,1.1479519260000002,2.4827507748026876,125.43437623243949
8.91,3.96,1.0050000000000001,1.1479519260000002,3.1738646705485944,144.55232632222948
8.91,3.96,1.2040000000000002,1.1479519260000002,4.700370592239884,186.7793227728875
8.91,3.96,1.4030000000000002,1.1479519260000002,6.189462153105406,227.9713438203432
8.91,3.96,1.6020000000000003,1.1479519260000002,7.678553713970929,269.1633648677988
8.91,3.96,1.8010000000000004,1.1479519260000002,9.16764527483645,310.3553859152545
8.91,3.96,2.0,1.1479519260000002,10.65673683570197,351.54740696271006
8.91,4.95,0.01,1.1479519260000002,0.03978500444473304,57.85579337329829
8.91,4.95,0.20900000000000002,1.1479519260000002,0.8315065928949206,79.7568055019342
8.91,4.95,0.40800000000000003,1.1479519260000002,1.6232281813451082,101.65781763057008
8.91,4.95,0.607,1.1479519260000002,2.644862205642908,129.9187864908135
8.91,4.95,0.806,1.1479519260000002,3.864177950482581,163.64812936328022
8.91,4.95,1.0050000000000001,1.1479519260000002,5.052857621331306,196.53000130930306
8.91,4.95,1.2040000000000002,1.1479519260000002,7.627171340136893,267.7419990632612
8.91,4.95,1.4030000000000002,1.1479519260000002,10.138389134461947,337.2086047154066
8.91,4.95,1.6020000000000003,1.1479519260000002,12.649606928787005,406.675210367552
8.91,4.95,1.8010000000000004,1.1479519260000002,15.160824723112063,476.1418160196974
8.91,4.95,2.0,1.1479519260000002,17.672042517437113,545.6084216718427
8.91,5.9399999999999995,0.01,1.1479519260000002,0.05324032337768872,58.228001365911176
8.91,5.9399999999999995,0.20900000000000002,1.1479519260000002,1.1127227585936943,87.53595254754342
8.91,5.9399999999999995,0.40800000000000003,1.1479519260000002,2.1722051938097,116.84390372917565
8.91,5.9399999999999995,0.607,1.1479519260000002,3.6734285513172686,158.37152081098944
8.91,5.9399999999999995,0.806,1.1479519260000002,5.554466533598893,210.40576651725846
8.91,5.9399999999999995,1.0050000000000001,1.1479519260000002,7.388242255019168,261.1326191153297
8.91,5.9399999999999995,1.2040000000000002,1.1479519260000002,11.331012587536605,370.19957160543856
8.91,5.9399999999999995,1.4030000000000002,1.1479519260000002,15.17714639229626,476.5933144756918
8.91,5.9399999999999995,1.6020000000000003,1.1479519260000002,19.02328019705591,582.987057345945
8.91,5.9399999999999995,1.8010000000000004,1.1479519260000002,22.869414001815567,689.3808002161983
8.91,5.9399999999999995,2.0,1.1479519260000002,26.715547806575213,795.7745430864513
8.91,6.93,0.01,1.1479519260000002,0.06811031634969857,58.639342803587795
8.91,6.93,0.20900000000000002,1.1479519260000002,1.4235056117087002,96.1329885949848
8.91,6.93,0.40800000000000003,1.1479519260000002,2.7789009070677015,133.6266343863818
8.91,6.93,0.607,1.1479519260000002,4.856772363110387,191.1057894636345
8.91,6.93,0.806,1.1479519260000002,7.555838275068018,265.76874691751084
8.91,6.93,1.0050000000000001,1.1479519260000002,10.18708846059455,338.5557506665159
8.91,6.93,1.2040000000000002,1.1479519260000002,15.838222642472541,494.880347675589
8.91,6.93,1.4030000000000002,1.1479519260000002,21.350848633618224,647.3734594638513
8.91,6.93,1.6020000000000003,1.1479519260000002,26.86347462476391,799.8665712521137
8.91,6.93,1.8010000000000004,1.1479519260000002,32.37610061590959,952.359683040376
8.91,6.93,2.0,1.1479519260000002,37.88872660705527,1104.852794828638
8.91,7.92,0.01,1.1479519260000002,0.08430948627059263,59.08745262159316
8.91,7.92,0.20900000000000002,1.1479519260000002,1.762068263055386,105.49848379129699
8.91,7.92,0.40800000000000003,1.1479519260000002,3.4398270398401793,151.9095149610008
8.91,7.92,0.607,1.1479519260000002,6.192829111683306,228.06448237021593
8.91,7.92,0.806,1.1479519260000002,9.87033943722145,329.79367533116044
8.91,7.92,1.0050000000000001,1.1479519260000002,13.455450005836523,428.9668584187143
8.91,7.92,1.2040000000000002,1.1479519260000002,21.171906132257625,642.4234594262136
8.91,7.92,1.4030000000000002,1.1479519260000002,28.699233432050754,850.6482809972546
8.91,7.92,1.6020000000000003,1.1479519260000002,36.22656073184388,1058.8731025682955
8.91,7.92,1.8010000000000004,1.1479519260000002,43.75388803163701,1267.0979241393363
8.91,7.92,2.0,1.1479519260000002,51.281215331430126,1475.322745710377
8.91,8.91,0.01,1.1479519260000002,0.10176805698209351,59.57040063574256
8.91,8.91,0.20900000000000002,1.1479519260000002,2.1269523909257546,115.5920972870195
8.91,8.91,0.40800000000000003,1.1479519260000002,4.152136724869416,171.61379393829645
8.91,8.91,0.607,1.1479519260000002,7.679991424335834,269.2031355556247
8.91,8.91,0.806,1.1479519260000002,12.49986176518631,402.5328821904926
8.91,8.91,1.0050000000000001,1.1479519260000002,17.19862983616617,532.5126351913186
8.91,8.91,1.2040000000000002,1.1479519260000002,27.3527326407744,813.4006795788215
8.91,8.91,1.4030000000000002,1.1479519260000002,37.257960376642224,1087.4042130744735
8.91,8.91,1.6020000000000003,1.1479519260000002,47.16318811251005,1361.4077465701257
8.91,8.91,1.8010000000000004,1.1479519260000002,57.06841584837788,1635.411280065778
8.91,8.91,2.0,1.1479519260000002,66.97364358424568,1909.4148135614296
