0.0,0.37,0.01,0.0,0.002691607922554952,25.086825165758125
0.0,0.37,0.20900000000000002,0.0,0.0562546055813985,26.814645964344837
0.0,0.37,0.40800000000000003,0.0,0.10981760324024205,28.542466762931546
0.0,0.37,0.607,0.0,0.13500028238321216,29.354802866009518
0.0,0.37,0.806,0.0,0.13578119233496394,29.379993249584647
0.0,0.37,1.0050000000000001,0.0,0.13654248143365666,29.404550708949348
0.0,0.37,1.2040000000000002,0.0,0.34091038353198416,35.99699562881881
0.0,0.37,1.4030000000000002,0.0,0.5402692684220193,42.42786101633852
0.0,0.37,1.6020000000000003,0.0,0.7396281533120544,48.85872640385823
0.0,0.37,1.8010000000000004,0.0,0.9389870382020895,55.289591791377944
0.0,0.37,2.0,0.0,1.1383459230921242,61.72045717889764
0.0,0.74,0.01,0.0,0.007361970133143282,25.23748045610959
0.0,0.74,0.20900000000000002,0.0,0.1538651757826946,29.963341532690457
0.0,0.74,0.40800000000000003,0.0,0.30036838143224587,34.68920260927132
0.0,0.74,0.607,0.0,0.42242000242375666,38.6263110323944
0.0,0.74,0.806,0.0,0.5234478309990084,41.88523960394629
0.0,0.74,1.0050000000000001,0.0,0.6219372719216154,45.06228554807226
0.0,0.74,1.2040000000000002,0.0,1.5632237804395954,75.42605303556851
0.0,0.74,1.4030000000000002,0.0,2.481439541199781,105.04561053562612
0.0,0.74,1.6020000000000003,0.0,3.399655301959967,134.66516803568373
0.0,0.74,1.8010000000000004,0.0,4.317871062720153,164.28472553574133
0.0,0.74,2.0,0.0,5.236086823480337,193.90428303579887
0.0,1.1099999999999999,0.01,0.0,0.013262099528920391,25.427805246169086
0.0,1.1099999999999999,0.20900000000000002,0.0,0.2771778801544362,33.941129644933866
0.0,1.1099999999999999,0.40800000000000003,0.0,0.5410936607799519,42.45445404369865
0.0,1.1099999999999999,0.607,0.0,0.8443070593102242,52.23543045072516
0.0,1.1099999999999999,0.806,0.0,1.181309063889446,63.10635064055616
0.0,1.1099999999999999,1.0050000000000001,0.0,1.5098436814189384,73.70413213215019
0.0,1.1099999999999999,1.2040000000000002,0.0,3.809854358270653,147.8972590692823
0.0,1.1099999999999999,1.4030000000000002,0.0,6.0534922244152165,220.2719270128572
0.0,1.1099999999999999,1.6020000000000003,0.0,8.29713009055978,292.64659495643207
0.0,1.1099999999999999,1.8010000000000004,0.0,10.540767956704345,365.021262900007
0.0,1.1099999999999999,2.0,0.0,12.784405822848903,437.3959308435817
0.0,1.48,0.01,0.0,0.020136143822108696,25.64954632152535
0.0,1.48,0.20900000000000002,0.0,0.42084540588207175,38.57551811987979
0.0,1.48,0.40800000000000003,0.0,0.8215546679420348,51.50148991823423
0.0,1.48,0.607,0.0,1.3975828624800588,70.08285277313456
0.0,1.48,0.806,0.0,2.1243525690552945,93.52679485422391
0.0,1.48,1.0050000000000001,0.0,2.8328617302391925,116.38169316443161
0.0,1.48,1.2040000000000002,0.0,7.168216158729634,256.23039241948584
0.0,1.48,1.4030000000000002,0.0,11.397311900247269,392.6514274771121
0.0,1.48,1.6020000000000003,0.0,15.626407641764901,529.0724625347384
0.0,1.48,1.8010000000000004,0.0,19.85550338328254,665.4934975923649
0.0,1.48,2.0,0.0,24.084599124800164,801.9145326499907
0.0,1.85,0.01,0.0,0.027838970371509567,25.898022032401908
0.0,1.85,0.20900000000000002,0.0,0.58183448076455,43.768660477199916
0.0,1.85,0.40800000000000003,0.0,1.1358299911575904,61.63929892199792
0.0,1.85,0.607,0.0,2.0817645319096756,92.1530013854591
0.0,1.85,0.806,0.0,3.3646933791386973,133.53737571543445
0.0,1.85,1.0050000000000001,0.0,4.615387833221261,173.88194164515917
0.0,1.85,1.2040000000000002,0.0,11.70396486993124,402.54335664700363
0.0,1.85,1.4030000000000002,0.0,18.61880227338852,625.6003252027244
0.0,1.85,1.6020000000000003,0.0,25.5336396768458,848.657293758445
0.0,1.85,1.8010000000000004,0.0,32.44847708030308,1071.7142623141656
0.0,1.85,2.0,0.0,39.36331448376035,1294.771230869886
0.0,2.2199999999999998,0.01,0.0,0.03627392378233431,26.17011449502245
0.0,2.2199999999999998,0.20900000000000002,0.0,0.7581250070507871,49.45539294596917
0.0,2.2199999999999998,0.40800000000000003,0.0,1.4799760903192398,72.7406713969159
0.0,2.2199999999999998,0.607,0.0,2.8972830376857965,118.45977840505506
0.0,2.2199999999999998,0.806,0.0,4.912552036426425,183.4677847333971
0.0,2.2199999999999998,1.0050000000000001,0.0,6.877186135701207,246.84242406856467
0.0,2.2199999999999998,1.2040000000000002,0.0,17.470429137415078,588.556412882676
0.0,2.2199999999999998,1.4030000000000002,0.0,27.804033830263407,921.8950588336961
0.0,2.2199999999999998,1.6020000000000003,0.0,38.13763852311174,1255.2337047847163
0.0,2.2199999999999998,1.8010000000000004,0.0,48.47124321596007,1588.5723507357366
0.0,2.2199999999999998,2.0,0.0,58.80484790880838,1921.910996686756
0.0,2.59,0.01,0.0,0.04537076244302284,26.463557874338807
0.0,2.59,0.20900000000000002,0.0,0.9482489350591775,55.58835957368109
0.0,2.59,0.40800000000000003,0.0,1.8511271076753322,84.71316127302339
0.0,2.59,0.607,0.0,3.8449597922396244,149.0296807336061
0.0,2.59,0.806,0.0,6.77680944034811,243.60449957768532
0.0,2.59,1.0050000000000001,0.0,9.634994524433768,335.8030666920138
0.0,2.59,1.2040000000000002,0.0,24.512864941985026,815.7294164055412
0.0,2.59,1.4030000000000002,0.0,39.02608167283159,1283.8928653907954
0.0,2.59,1.6020000000000003,0.0,53.53929840367814,1752.0563143760496
0.0,2.59,1.8010000000000004,0.0,68.05251513452471,2220.2197633613046
0.0,2.59,2.0,0.0,82.56573186537125,2688.3832123465577
0.0,2.96,0.01,0.0,0.05507551384910717,26.77661113979169
0.0,2.96,0.20900000000000002,0.0,1.1510782394463401,62.13117282164636
0.0,2.96,0.40800000000000003,0.0,2.2470809650435726,97.48573450350102
0.0,2.96,0.607,0.0,4.925795359006424,183.89498427778886
0.0,2.96,0.806,0.0,8.965345953807004,314.20172287921554
0.0,2.96,1.0050000000000001,0.0,12.903400302507062,441.23442282231485
0.0,2.96,1.2040000000000002,0.0,32.8707805289035,1085.3368135846179
0.0,2.96,1.4030000000000002,0.0,52.348764181123556,1713.6523810439235
0.0,2.96,1.6020000000000003,0.0,71.8267478333436,2341.9679485032284
0.0,2.96,1.8010000000000004,0.0,91.30473148556365,2970.283515962534
0.0,2.96,2.0,0.0,110.78271513778367,3598.599083421838
0.0,3.33,0.01,0.0,0.06534506101023696,27.107883435081863
0.0,3.33,0.20900000000000002,0.0,1.3657117751139527,69.05476379321092
0.0,3.33,0.40800000000000003,0.0,2.666078489217668,111.00164415133999
0.0,3.33,0.607,0.0,6.1408711654991555,223.09057343598892
0.0,3.33,0.806,0.0,11.485263734494245,395.4885541340943
0.0,3.33,1.0050000000000001,0.0,16.69537508316282,563.5549272769707
0.0,3.33,1.2040000000000002,0.0,42.579359115776754,1398.513535207919
0.0,3.33,1.4030000000000002,0.0,67.82893177504229,2213.007471375853
0.0,3.33,1.6020000000000003,0.0,93.07850443430783,3027.5014075437875
0.0,3.33,1.8010000000000004,0.0,118.32807709357337,3841.995343711722
0.0,3.33,2.0,0.0,143.57764975283885,4656.4892798796545
0.37,0.0,0.01,0.013098592,0.0,25.42253086419753
0.37,0.0,0.20900000000000002,0.013098592,0.0,25.42253086419753
0.37,0.0,0.40800000000000003,0.013098592,0.0,25.42253086419753
0.37,0.0,0.607,0.013098592,0.0,25.42253086419753
0.37,0.0,0.806,0.013098592,0.0,25.42253086419753
0.37,0.0,1.0050000000000001,0.013098592,0.0,25.42253086419753
0.37,0.0,1.2040000000000002,0.013098592,0.0,25.42253086419753
0.37,0.0,1.4030000000000002,0.013098592,0.0,25.42253086419753
0.37,0.0,1.6020000000000003,0.013098592,0.0,25.42253086419753
0.37,0.0,1.8010000000000004,0.013098592,0.0,25.42253086419753
0.37,0.0,2.0,0.013098592,0.0,25.42253086419753
0.37,0.37,0.01,0.013098592,0.002691607922554952,25.509356029955658
0.37,0.37,0.20900000000000002,0.013098592,0.0562546055813985,27.237176828542367
0.37,0.37,0.40800000000000003,0.013098592,0.10981760324024205,28.964997627129076
0.37,0.37,0.607,0.013098592,0.13500028238321216,29.777333730207047
0.37,0.37,0.806,0.013098592,0.13578119233496394,29.802524113782177
0.37,0.37,1.0050000000000001,0.013098592,0.13654248143365666,29.827081573146877
0.37,0.37,1.2040000000000002,0.013098592,0.34091038353198416,36.419526493016335
0.37,0.37,1.4030000000000002,0.013098592,0.5402692684220193,42.85039188053605
0.37,0.37,1.6020000000000003,0.013098592,0.7396281533120544,49.28125726805577
0.37,0.37,1.8010000000000004,0.013098592,0.9389870382020895,55.71212265557547
0.37,0.37,2.0,0.013098592,1.1383459230921242,62.14298804309517
0.37,0.74,0.01,0.013098592,0.007361970133143282,25.66001132030712
0.37,0.74,0.20900000000000002,0.013098592,0.1538651757826946,30.385872396887986
0.37,0.74,0.40800000000000003,0.013098592,0.30036838143224587,35.11173347346885
0.37,0.74,0.607,0.013098592,0.42242000242375666,39.048841896591924
0.37,0.74,0.806,0.013098592,0.5234478309990084,42.30777046814383
0.37,0.74,1.0050000000000001,0.013098592,0.6219372719216154,45.484816412269794
0.37,0.74,1.2040000000000002,0.013098592,1.5632237804395954,75.84858389976606
0.37,0.74,1.4030000000000002,0.013098592,2.481439541199781,105.46814139982365
0.37,0.74,1.6020000000000003,0.013098592,3.399655301959967,135.08769889988125
0.37,0.74,1.8010000000000004,0.013098592,4.317871062720153,164.70725639993887
0.37,0.74,2.0,0.013098592,5.236086823480337,194.3268138999964
0.37,1.1099999999999999,0.01,0.013098592,0.013262099528920391,25.850336110366616
0.37,1.1099999999999999,0.20900000000000002,0.013098592,0.2771778801544362,34.36366050913139
0.37,1.1099999999999999,0.40800000000000003,0.013098592,0.5410936607799519,42.87698490789617
0.37,1.1099999999999999,0.607,0.013098592,0.8443070593102242,52.65796131492269
0.37,1.1099999999999999,0.806,0.013098592,1.181309063889446,63.52888150475369
0.37,1.1099999999999999,1.0050000000000001,0.013098592,1.5098436814189384,74.12666299634773
0.37,1.1099999999999999,1.2040000000000002,0.013098592,3.809854358270653,148.31978993347983
0.37,1.1099999999999999,1.4030000000000002,0.013098592,6.0534922244152165,220.69445787705473
0.37,1.1099999999999999,1.6020000000000003,0.013098592,8.29713009055978,293.0691258206296
0.37,1.1099999999999999,1.8010000000000004,0.013098592,10.540767956704345,365.44379376420454
0.37,1.1099999999999999,2.0,0.013098592,12.784405822848903,437.81846170777925
0.37,1.48,0.01,0.013098592,0.020136143822108696,26.07207718572288
0.37,1.48,0.20900000000000002,0.013098592,0.42084540588207175,38.998048984077315
0.37,1.48,0.40800000000000003,0.013098592,0.8215546679420348,51.924020782431754
0.37,1.48,0.607,0.013098592,1.3975828624800588,70.5053836373321
0.37,1.48,0.806,0.013098592,2.1243525690552945,93.94932571842143
0.37,1.48,1.0050000000000001,0.013098592,2.8328617302391925,116.80422402862914
0.37,1.48,1.2040000000000002,0.013098592,7.168216158729634,256.6529232836833
0.37,1.48,1.4030000000000002,0.013098592,11.397311900247269,393.07395834130966
0.37,1.48,1.6020000000000003,0.013098592,15.626407641764901,529.494993398936
0.37,1.48,1.8010000000000004,0.013098592,19.85550338328254,665.9160284565623
0.37,1.48,2.0,0.013098592,24.084599124800164,802.3370635141882
0.37,1.85,0.01,0.013098592,0.027838970371509567,26.32055289659944
0.37,1.85,0.20900000000000002,0.013098592,0.58183448076455,44.19119134139744
0.37,1.85,0.40800000000000003,0.013098592,1.1358299911575904,62.06182978619545
0.37,1.85,0.607,0.013098592,2.0817645319096756,92.57553224965663
0.37,1.85,0.806,0.013098592,3.3646933791386973,133.959906579632
0.37,1.85,1.0050000000000001,0.013098592,4.615387833221261,174.3044725093567
0.37,1.85,1.2040000000000002,0.013098592,11.70396486993124,402.9658875112012
0.37,1.85,1.4030000000000002,0.013098592,18.61880227338852,626.0228560669219
0.37,1.85,1.6020000000000003,0.013098592,25.5336396768458,849.0798246226425
0.37,1.85,1.8010000000000004,0.013098592,32.44847708030308,1072.1367931783632
0.37,1.85,2.0,0.013098592,39.36331448376035,1295.1937617340836
0.37,2.2199999999999998,0.01,0.013098592,0.03627392378233431,26.59264535921998
0.37,2.2199999999999998,0.20900000000000002,0.013098592,0.7581250070507871,49.877923810166706
0.37,2.2199999999999998,0.40800000000000003,0.013098592,1.4799760903192398,73.16320226111343
0.37,2.2199999999999998,0.607,0.013098592,2.8972830376857965,118.88230926925259
0.37,2.2199999999999998,0.806,0.013098592,4.912552036426425,183.89031559759465
0.37,2.2199999999999998,1.0050000000000001,0.013098592,6.877186135701207,247.2649549327622
0.37,2.2199999999999998,1.2040000000000002,0.013098592,17.470429137415078,588.9789437468735
0.37,2.2199999999999998,1.4030000000000002,0.013098592,27.804033830263407,922.3175896978936
0.37,2.2199999999999998,1.6020000000000003,0.013098592,38.13763852311174,1255.656235648914
0.37,2.2199999999999998,1.8010000000000004,0.013098592,48.47124321596007,1588.9948815999342
0.37,2.2199999999999998,2.0,0.013098592,58.80484790880838,1922.3335275509537
0.37,2.59,0.01,0.013098592,0.04537076244302284,26.88608873853634
0.37,2.59,0.20900000000000002,0.013098592,0.9482489350591775,56.01089043787863
0.37,2.59,0.40800000000000003,0.013098592,1.8511271076753322,85.13569213722091
0.37,2.59,0.607,0.013098592,3.8449597922396244,149.45221159780363
0.37,2.59,0.806,0.013098592,6.77680944034811,244.02703044188286
0.37,2.59,1.0050000000000001,0.013098592,9.634994524433768,336.2255975562113
0.37,2.59,1.2040000000000002,0.013098592,24.512864941985026,816.1519472697387
0.37,2.59,1.4030000000000002,0.013098592,39.02608167283159,1284.315396254993
0.37,2.59,1.6020000000000003,0.013098592,53.53929840367814,1752.4788452402472
0.37,2.59,1.8010000000000004,0.013098592,68.05251513452471,2220.6422942255017
0.37,2.59,2.0,0.013098592,82.56573186537125,2688.8057432107553
0.37,2.96,0.01,0.013098592,0.05507551384910717,27.199142003989223
0.37,2.96,0.20900000000000002,0.013098592,1.1510782394463401,62.55370368584389
0.37,2.96,0.40800000000000003,0.013098592,2.2470809650435726,97.90826536769855
0.37,2.96,0.607,0.013098592,4.925795359006424,184.3175151419864
0.37,2.96,0.806,0.013098592,8.965345953807004,314.6242537434131
0.37,2.96,1.0050000000000001,0.013098592,12.903400302507062,441.6569536865124
0.37,2.96,1.2040000000000002,0.013098592,32.8707805289035,1085.7593444488155
0.37,2.96,1.4030000000000002,0.013098592,52.348764181123556,1714.074911908121
0.37,2.96,1.6020000000000003,0.013098592,71.8267478333436,2342.3904793674255
0.37,2.96,1.8010000000000004,0.013098592,91.30473148556365,2970.706046826731
0.37,2.96,2.0,0.013098592,110.78271513778367,3599.0216142860354
0.37,3.33,0.01,0.013098592,0.06534506101023696,27.530414299279393
0.37,3.33,0.20900000000000002,0.013098592,1.3657117751139527,69.47729465740846
0.37,3.33,0.40800000000000003,0.013098592,2.666078489217668,111.42417501553751
0.37,3.33,0.607,0.013098592,6.1408711654991555,223.51310430018646
0.37,3.33,0.806,0.013098592,11.485263734494245,395.9110849982918
0.37,3.33,1.0050000000000001,0.013098592,16.69537508316282,563.9774581411682
0.37,3.33,1.2040000000000002,0.013098592,42.579359115776754,1398.9360660721165
0.37,3.33,1.4030000000000002,0.013098592,67.82893177504229,2213.4300022400507
0.37,3.33,1.6020000000000003,0.013098592,93.07850443430783,3027.923938407985
0.37,3.33,1.8010000000000004,0.013098592,118.32807709357337,3842.4178745759195
0.37,3.33,2.0,0.013098592,143.57764975283885,4656.911810743852
0.74,0.0,0.01,0.052394368,0.0,26.690123456790122
0.74,0.0,0.20900000000000002,0.052394368,0.0,26.690123456790122
0.74,0.0,0.40800000000000003,0.052394368,0.0,26.690123456790122
0.74,0.0,0.607,0.052394368,0.0,26.690123456790122
0.74,0.0,0.806,0.052394368,0.0,26.690123456790122
0.74,0.0,1.0050000000000001,0.052394368,0.0,26.690123456790122
0.74,0.0,1.2040000000000002,0.052394368,0.0,26.690123456790122
0.74,0.0,1.4030000000000002,0.052394368,0.0,26.690123456790122
0.74,0.0,1.6020000000000003,0.052394368,0.0,26.690123456790122
0.74,0.0,1.8010000000000004,0.052394368,0.0,26.690123456790122
0.74,0.0,2.0,0.052394368,0.0,26.690123456790122
0.74,0.37,0.01,0.052394368,0.002691607922554952,26.77694862254825
0.74,0.37,0.20900000000000002,0.052394368,0.0562546055813985,28.50476942113496
0.74,0.37,0.40800000000000003,0.052394368,0.10981760324024205,30.23259021972167
0.74,0.37,0.607,0.052394368,0.13500028238321216,31.04492632279964
0.74,0.37,0.806,0.052394368,0.13578119233496394,31.070116706374773
0.74,0.37,1.0050000000000001,0.052394368,0.13654248143365666,31.094674165739473
0.74,0.37,1.2040000000000002,0.052394368,0.34091038353198416,37.68711908560893
0.74,0.37,1.4030000000000002,0.052394368,0.5402692684220193,44.117984473128644
0.74,0.37,1.6020000000000003,0.052394368,0.7396281533120544,50.54884986064836
0.74,0.37,1.8010000000000004,0.052394368,0.9389870382020895,56.97971524816806
0.74,0.37,2.0,0.052394368,1.1383459230921242,63.410580635687765
0.74,0.74,0.01,0.052394368,0.007361970133143282,26.927603912899716
0.74,0.74,0.20900000000000002,0.052394368,0.1538651757826946,31.65346498948058
0.74,0.74,0.40800000000000003,0.052394368,0.30036838143224587,36.379326066061445
0.74,0.74,0.607,0.052394368,0.42242000242375666,40.316434489184516
0.74,0.74,0.806,0.052394368,0.5234478309990084,43.57536306073642
0.74,0.74,1.0050000000000001,0.052394368,0.6219372719216154,46.752409004862386
0.74,0.74,1.2040000000000002,0.052394368,1.5632237804395954,77.11617649235865
0.74,0.74,1.4030000000000002,0.052394368,2.481439541199781,106.73573399241626
0.74,0.74,1.6020000000000003,0.052394368,3.399655301959967,136.35529149247384
0.74,0.74,1.8010000000000004,0.052394368,4.317871062720153,165.97484899253146
0.74,0.74,2.0,0.052394368,5.236086823480337,195.594406492589
0.74,1.1099999999999999,0.01,0.052394368,0.013262099528920391,27.117928702959208
0.74,1.1099999999999999,0.20900000000000002,0.052394368,0.2771778801544362,35.631253101723985
0.74,1.1099999999999999,0.40800000000000003,0.052394368,0.5410936607799519,44.144577500488765
0.74,1.1099999999999999,0.607,0.052394368,0.8443070593102242,53.92555390751528
0.74,1.1099999999999999,0.806,0.052394368,1.181309063889446,64.79647409734628
0.74,1.1099999999999999,1.0050000000000001,0.052394368,1.5098436814189384,75.39425558894033
0.74,1.1099999999999999,1.2040000000000002,0.052394368,3.809854358270653,149.58738252607242
0.74,1.1099999999999999,1.4030000000000002,0.052394368,6.0534922244152165,221.9620504696473
0.74,1.1099999999999999,1.6020000000000003,0.052394368,8.29713009055978,294.3367184132222
0.74,1.1099999999999999,1.8010000000000004,0.052394368,10.540767956704345,366.7113863567971
0.74,1.1099999999999999,2.0,0.052394368,12.784405822848903,439.0860543003718
0.74,1.48,0.01,0.052394368,0.020136143822108696,27.33966977831547
0.74,1.48,0.20900000000000002,0.052394368,0.42084540588207175,40.26564157666991
0.74,1.48,0.40800000000000003,0.052394368,0.8215546679420348,53.191613375024346
0.74,1.48,0.607,0.052394368,1.3975828624800588,71.77297622992468
0.74,1.48,0.806,0.052394368,2.1243525690552945,95.21691831101404
0.74,1.48,1.0050000000000001,0.052394368,2.8328617302391925,118.07181662122174
0.74,1.48,1.2040000000000002,0.052394368,7.168216158729634,257.92051587627594
0.74,1.48,1.4030000000000002,0.052394368,11.397311900247269,394.3415509339022
0.74,1.48,1.6020000000000003,0.052394368,15.626407641764901,530.7625859915286
0.74,1.48,1.8010000000000004,0.052394368,19.85550338328254,667.183621049155
0.74,1.48,2.0,0.052394368,24.084599124800164,803.6046561067809
0.74,1.85,0.01,0.052394368,0.027838970371509567,27.588145489192033
0.74,1.85,0.20900000000000002,0.052394368,0.58183448076455,45.458783933990034
0.74,1.85,0.40800000000000003,0.052394368,1.1358299911575904,63.32942237878804
0.74,1.85,0.607,0.052394368,2.0817645319096756,93.84312484224922
0.74,1.85,0.806,0.052394368,3.3646933791386973,135.2274991722246
0.74,1.85,1.0050000000000001,0.052394368,4.615387833221261,175.5720651019493
0.74,1.85,1.2040000000000002,0.052394368,11.70396486993124,404.23348010379374
0.74,1.85,1.4030000000000002,0.052394368,18.61880227338852,627.2904486595146
0.74,1.85,1.6020000000000003,0.052394368,25.5336396768458,850.3474172152352
0.74,1.85,1.8010000000000004,0.052394368,32.44847708030308,1073.4043857709557
0.74,1.85,2.0,0.052394368,39.36331448376035,1296.4613543266762
0.74,2.2199999999999998,0.01,0.052394368,0.03627392378233431,27.86023795181257
0.74,2.2199999999999998,0.20900000000000002,0.052394368,0.7581250070507871,51.1455164027593
0.74,2.2199999999999998,0.40800000000000003,0.052394368,1.4799760903192398,74.43079485370602
0.74,2.2199999999999998,0.607,0.052394368,2.8972830376857965,120.1499018618452
0.74,2.2199999999999998,0.806,0.052394368,4.912552036426425,185.15790819018724
0.74,2.2199999999999998,1.0050000000000001,0.052394368,6.877186135701207,248.5325475253548
0.74,2.2199999999999998,1.2040000000000002,0.052394368,17.470429137415078,590.2465363394662
0.74,2.2199999999999998,1.4030000000000002,0.052394368,27.804033830263407,923.5851822904863
0.74,2.2199999999999998,1.6020000000000003,0.052394368,38.13763852311174,1256.9238282415065
0.74,2.2199999999999998,1.8010000000000004,0.052394368,48.47124321596007,1590.2624741925267
0.74,2.2199999999999998,2.0,0.052394368,58.80484790880838,1923.6011201435463
0.74,2.59,0.01,0.052394368,0.04537076244302284,28.153681331128933
0.74,2.59,0.20900000000000002,0.052394368,0.9482489350591775,57.278483030471214
0.74,2.59,0.40800000000000003,0.052394368,1.8511271076753322,86.40328472981349
0.74,2.59,0.607,0.052394368,3.8449597922396244,150.71980419039625
0.74,2.59,0.806,0.052394368,6.77680944034811,245.29462303447545
0.74,2.59,1.0050000000000001,0.052394368,9.634994524433768,337.4931901488039
0.74,2.59,1.2040000000000002,0.052394368,24.512864941985026,817.4195398623314
0.74,2.59,1.4030000000000002,0.052394368,39.02608167283159,1285.5829888475855
0.74,2.59,1.6020000000000003,0.052394368,53.53929840367814,1753.7464378328398
0.74,2.59,1.8010000000000004,0.052394368,68.05251513452471,2221.9098868180945
0.74,2.59,2.0,0.052394368,82.56573186537125,2690.0733358033476
0.74,2.96,0.01,0.052394368,0.05507551384910717,28.466734596581816
0.74,2.96,0.20900000000000002,0.052394368,1.1510782394463401,63.821296278436485
0.74,2.96,0.40800000000000003,0.052394368,2.2470809650435726,99.17585796029114
0.74,2.96,0.607,0.052394368,4.925795359006424,185.585107734579
0.74,2.96,0.806,0.052394368,8.965345953807004,315.89184633600564
0.74,2.96,1.0050000000000001,0.052394368,12.903400302507062,442.92454627910496
0.74,2.96,1.2040000000000002,0.052394368,32.8707805289035,1087.026937041408
0.74,2.96,1.4030000000000002,0.052394368,52.348764181123556,1715.3425045007136
0.74,2.96,1.6020000000000003,0.052394368,71.8267478333436,2343.6580719600183
0.74,2.96,1.8010000000000004,0.052394368,91.30473148556365,2971.9736394193237
0.74,2.96,2.0,0.052394368,110.78271513778367,3600.2892068786277
0.74,3.33,0.01,0.052394368,0.06534506101023696,28.798006891871985
0.74,3.33,0.20900000000000002,0.052394368,1.3657117751139527,70.74488725000106
0.74,3.33,0.40800000000000003,0.052394368,2.666078489217668,112.69176760813012
0.74,3.33,0.607,0.052394368,6.1408711654991555,224.78069689277905
0.74,3.33,0.806,0.052394368,11.485263734494245,397.1786775908844
0.74,3.33,1.0050000000000001,0.052394368,16.69537508316282,565.2450507337609
0.74,3.33,1.2040000000000002,0.052394368,42.579359115776754,1400.203658664709
0.74,3.33,1.4030000000000002,0.052394368,67.82893177504229,2214.697594832643
0.74,3.33,1.6020000000000003,0.052394368,93.07850443430783,3029.1915310005775
0.74,3.33,1.8010000000000004,0.052394368,118.32807709357337,3843.685467168512
0.74,3.33,2.0,0.052394368,143.57764975283885,4658.179403336445
1.1099999999999999,0.0,0.01,0.11788732799999999,0.0,28.802777777777777
1.1099999999999999,0.0,0.20900000000000002,0.11788732799999999,0.0,28.802777777777777
1.1099999999999999,0.0,0.40800000000000003,0.11788732799999999,0.0,28.802777777777777
1.1099999999999999,0.0,0.607,0.11788732799999999,0.0,28.802777777777777
1.1099999999999999,0.0,0.806,0.11788732799999999,0.0,28.802777777777777
1.1099999999999999,0.0,1.0050000000000001,0.11788732799999999,0.0,28.802777777777777
1.1099999999999999,0.0,1.2040000000000002,0.11788732799999999,0.0,28.802777777777777
1.1099999999999999,0.0,1.4030000000000002,0.11788732799999999,0.0,28.802777777777777
1.1099999999999999,0.0,1.6020000000000003,0.11788732799999999,0.0,28.802777777777777
1.1099999999999999,0.0,1.8010000000000004,0.11788732799999999,0.0,28.802777777777777
1.1099999999999999,0.0,2.0,0.11788732799999999,0.0,28.802777777777777
1.1099999999999999,0.37,0.01,0.11788732799999999,0.002691607922554952,28.889602943535902
1.1099999999999999,0.37,0.20900000000000002,0.11788732799999999,0.0562546055813985,30.617423742122615
1.1099999999999999,0.37,0.40800000000000003,0.11788732799999999,0.10981760324024205,32.345244540709324
1.1099999999999999,0.37,0.607,0.11788732799999999,0.13500028238321216,33.15758064378729
1.1099999999999999,0.37,0.806,0.11788732799999999,0.13578119233496394,33.18277102736243
1.1099999999999999,0.37,1.0050000000000001,0.11788732799999999,0.13654248143365666,33.20732848672713
1.1099999999999999,0.37,1.2040000000000002,0.11788732799999999,0.34091038353198416,39.79977340659658
1.1099999999999999,0.37,1.4030000000000002,0.11788732799999999,0.5402692684220193,46.2306387941163
1.1099999999999999,0.37,1.6020000000000003,0.11788732799999999,0.7396281533120544,52.66150418163601
1.1099999999999999,0.37,1.8010000000000004,0.11788732799999999,0.9389870382020895,59.09236956915572
1.1099999999999999,0.37,2.0,0.11788732799999999,1.1383459230921242,65.52323495667542
1.1099999999999999,0.74,0.01,0.11788732799999999,0.007361970133143282,29.040258233887368
1.1099999999999999,0.74,0.20900000000000002,0.11788732799999999,0.1538651757826946,33.766119310468234
1.1099999999999999,0.74,0.40800000000000003,0.11788732799999999,0.30036838143224587,38.4919803870491
1.1099999999999999,0.74,0.607,0.11788732799999999,0.42242000242375666,42.429088810172175
1.1099999999999999,0.74,0.806,0.11788732799999999,0.5234478309990084,45.68801738172407
1.1099999999999999,0.74,1.0050000000000001,0.11788732799999999,0.6219372719216154,48.86506332585004
1.1099999999999999,0.74,1.2040000000000002,0.11788732799999999,1.5632237804395954,79.22883081334629
1.1099999999999999,0.74,1.4030000000000002,0.11788732799999999,2.481439541199781,108.84838831340389
1.1099999999999999,0.74,1.6020000000000003,0.11788732799999999,3.399655301959967,138.46794581346148
1.1099999999999999,0.74,1.8010000000000004,0.11788732799999999,4.317871062720153,168.0875033135191
1.1099999999999999,0.74,2.0,0.11788732799999999,5.236086823480337,197.70706081357665
1.1099999999999999,1.1099999999999999,0.01,0.11788732799999999,0.013262099528920391,29.230583023946863
1.1099999999999999,1.1099999999999999,0.20900000000000002,0.11788732799999999,0.2771778801544362,37.743907422711644
1.1099999999999999,1.1099999999999999,0.40800000000000003,0.11788732799999999,0.5410936607799519,46.257231821476424
1.1099999999999999,1.1099999999999999,0.607,0.11788732799999999,0.8443070593102242,56.03820822850294
1.1099999999999999,1.1099999999999999,0.806,0.11788732799999999,1.181309063889446,66.90912841833394
1.1099999999999999,1.1099999999999999,1.0050000000000001,0.11788732799999999,1.5098436814189384,77.50690990992797
1.1099999999999999,1.1099999999999999,1.2040000000000002,0.11788732799999999,3.809854358270653,151.70003684706006
1.1099999999999999,1.1099999999999999,1.4030000000000002,0.11788732799999999,6.0534922244152165,224.07470479063494
1.1099999999999999,1.1099999999999999,1.6020000000000003,0.11788732799999999,8.29713009055978,296.4493727342099
1.1099999999999999,1.1099999999999999,1.8010000000000004,0.11788732799999999,10.540767956704345,368.8240406777848
1.1099999999999999,1.1099999999999999,2.0,0.11788732799999999,12.784405822848903,441.1987086213595
1.1099999999999999,1.48,0.01,0.11788732799999999,0.020136143822108696,29.452324099303127
1.1099999999999999,1.48,0.20900000000000002,0.11788732799999999,0.42084540588207175,42.378295897657566
1.1099999999999999,1.48,0.40800000000000003,0.11788732799999999,0.8215546679420348,55.304267696012005
1.1099999999999999,1.48,0.607,0.11788732799999999,1.3975828624800588,73.88563055091234
1.1099999999999999,1.48,0.806,0.11788732799999999,2.1243525690552945,97.32957263200169
1.1099999999999999,1.48,1.0050000000000001,0.11788732799999999,2.8328617302391925,120.18447094220939
1.1099999999999999,1.48,1.2040000000000002,0.11788732799999999,7.168216158729634,260.03317019726353
1.1099999999999999,1.48,1.4030000000000002,0.11788732799999999,11.397311900247269,396.4542052548899
1.1099999999999999,1.48,1.6020000000000003,0.11788732799999999,15.626407641764901,532.8752403125162
1.1099999999999999,1.48,1.8010000000000004,0.11788732799999999,19.85550338328254,669.2962753701427
1.1099999999999999,1.48,2.0,0.11788732799999999,24.084599124800164,805.7173104277686
1.1099999999999999,1.85,0.01,0.11788732799999999,0.027838970371509567,29.70079981017969
1.1099999999999999,1.85,0.20900000000000002,0.11788732799999999,0.58183448076455,47.57143825497769
1.1099999999999999,1.85,0.40800000000000003,0.11788732799999999,1.1358299911575904,65.4420766997757
1.1099999999999999,1.85,0.607,0.11788732799999999,2.0817645319096756,95.95577916323687
1.1099999999999999,1.85,0.806,0.11788732799999999,3.3646933791386973,137.34015349321223
1.1099999999999999,1.85,1.0050000000000001,0.11788732799999999,4.615387833221261,177.68471942293695
1.1099999999999999,1.85,1.2040000000000002,0.11788732799999999,11.70396486993124,406.34613442478144
1.1099999999999999,1.85,1.4030000000000002,0.11788732799999999,18.61880227338852,629.4031029805022
1.1099999999999999,1.85,1.6020000000000003,0.11788732799999999,25.5336396768458,852.4600715362228
1.1099999999999999,1.85,1.8010000000000004,0.11788732799999999,32.44847708030308,1075.5170400919435
1.1099999999999999,1.85,2.0,0.11788732799999999,39.36331448376035,1298.5740086476637
1.1099999999999999,2.2199999999999998,0.01,0.11788732799999999,0.03627392378233431,29.972892272800227
1.1099999999999999,2.2199999999999998,0.20900000000000002,0.11788732799999999,0.7581250070507871,53.25817072374695
1.1099999999999999,2.2199999999999998,0.40800000000000003,0.11788732799999999,1.4799760903192398,76.54344917469368
1.1099999999999999,2.2199999999999998,0.607,0.11788732799999999,2.8972830376857965,122.26255618283282
1.1099999999999999,2.2199999999999998,0.806,0.11788732799999999,4.912552036426425,187.27056251117486
1.1099999999999999,2.2199999999999998,1.0050000000000001,0.11788732799999999,6.877186135701207,250.64520184634245
1.1099999999999999,2.2199999999999998,1.2040000000000002,0.11788732799999999,17.470429137415078,592.3591906604538
1.1099999999999999,2.2199999999999998,1.4030000000000002,0.11788732799999999,27.804033830263407,925.6978366114739
1.1099999999999999,2.2199999999999998,1.6020000000000003,0.11788732799999999,38.13763852311174,1259.036482562494
1.1099999999999999,2.2199999999999998,1.8010000000000004,0.11788732799999999,48.47124321596007,1592.3751285135143
1.1099999999999999,2.2199999999999998,2.0,0.11788732799999999,58.80484790880838,1925.7137744645338
1.1099999999999999,2.59,0.01,0.11788732799999999,0.04537076244302284,30.266335652116584
1.1099999999999999,2.59,0.20900000000000002,0.11788732799999999,0.9482489350591775,59.39113735145887
1.1099999999999999,2.59,0.40800000000000003,0.11788732799999999,1.8511271076753322,88.51593905080117
1.1099999999999999,2.59,0.607,0.11788732799999999,3.8449597922396244,152.8324585113839
1.1099999999999999,2.59,0.806,0.11788732799999999,6.77680944034811,247.4072773554631
1.1099999999999999,2.59,1.0050000000000001,0.11788732799999999,9.634994524433768,339.6058444697916
1.1099999999999999,2.59,1.2040000000000002,0.11788732799999999,24.512864941985026,819.532194183319
1.1099999999999999,2.59,1.4030000000000002,0.11788732799999999,39.02608167283159,1287.695643168573
1.1099999999999999,2.59,1.6020000000000003,0.11788732799999999,53.53929840367814,1755.8590921538273
1.1099999999999999,2.59,1.8010000000000004,0.11788732799999999,68.05251513452471,2224.022541139082
1.1099999999999999,2.59,2.0,0.11788732799999999,82.56573186537125,2692.1859901243356
1.1099999999999999,2.96,0.01,0.11788732799999999,0.05507551384910717,30.579388917569467
1.1099999999999999,2.96,0.20900000000000002,0.11788732799999999,1.1510782394463401,65.93395059942415
1.1099999999999999,2.96,0.40800000000000003,0.11788732799999999,2.2470809650435726,101.28851228127878
1.1099999999999999,2.96,0.607,0.11788732799999999,4.925795359006424,187.69776205556664
1.1099999999999999,2.96,0.806,0.11788732799999999,8.965345953807004,318.00450065699334
1.1099999999999999,2.96,1.0050000000000001,0.11788732799999999,12.903400302507062,445.03720060009266
1.1099999999999999,2.96,1.2040000000000002,0.11788732799999999,32.8707805289035,1089.1395913623955
1.1099999999999999,2.96,1.4030000000000002,0.11788732799999999,52.348764181123556,1717.4551588217012
1.1099999999999999,2.96,1.6020000000000003,0.11788732799999999,71.8267478333436,2345.770726281006
1.1099999999999999,2.96,1.8010000000000004,0.11788732799999999,91.30473148556365,2974.0862937403112
1.1099999999999999,2.96,2.0,0.11788732799999999,110.78271513778367,3602.4018611996157
1.1099999999999999,3.33,0.01,0.11788732799999999,0.06534506101023696,30.91066121285964
1.1099999999999999,3.33,0.20900000000000002,0.11788732799999999,1.3657117751139527,72.8575415709887
1.1099999999999999,3.33,0.40800000000000003,0.11788732799999999,2.666078489217668,114.80442192911775
1.1099999999999999,3.33,0.607,0.11788732799999999,6.1408711654991555,226.8933512137667
1.1099999999999999,3.33,0.806,0.11788732799999999,11.485263734494245,399.2913319118721
1.1099999999999999,3.33,1.0050000000000001,0.11788732799999999,16.69537508316282,567.3577050547485
1.1099999999999999,3.33,1.2040000000000002,0.11788732799999999,42.579359115776754,1402.3163129856966
1.1099999999999999,3.33,1.4030000000000002,0.11788732799999999,67.82893177504229,2216.810249153631
1.1099999999999999,3.33,1.6020000000000003,0.11788732799999999,93.07850443430783,3031.3041853215655
1.1099999999999999,3.33,1.8010000000000004,0.11788732799999999,118.32807709357337,3845.7981214895
1.1099999999999999,3.33,2.0,0.11788732799999999,143.57764975283885,4660.292057657432
1.48,0.0,0.01,0.209577472,0.0,31.760493827160495
1.48,0.0,0.20900000000000002,0.209577472,0.0,31.760493827160495
1.48,0.0,0.40800000000000003,0.209577472,0.0,31.760493827160495
1.48,0.0,0.607,0.209577472,0.0,31.760493827160495
1.48,0.0,0.806,0.209577472,0.0,31.760493827160495
1.48,0.0,1.0050000000000001,0.209577472,0.0,31.760493827160495
1.48,0.0,1.2040000000000002,0.209577472,0.0,31.760493827160495
1.48,0.0,1.4030000000000002,0.209577472,0.0,31.760493827160495
1.48,0.0,1.6020000000000003,0.209577472,0.0,31.760493827160495
1.48,0.0,1.8010000000000004,0.209577472,0.0,31.760493827160495
1.48,0.0,2.0,0.209577472,0.0,31.760493827160495
1.48,0.37,0.01,0.209577472,0.002691607922554952,31.84731899291862
1.48,0.37,0.20900000000000002,0.209577472,0.0562546055813985,33.57513979150533
1.48,0.37,0.40800000000000003,0.209577472,0.10981760324024205,35.30296059009204
1.48,0.37,0.607,0.209577472,0.13500028238321216,36.11529669317001
1.48,0.37,0.806,0.209577472,0.13578119233496394,36.14048707674514
1.48,0.37,1.0050000000000001,0.209577472,0.13654248143365666,36.16504453610984
1.48,0.37,1.2040000000000002,0.209577472,0.34091038353198416,42.7574894559793
1.48,0.37,1.4030000000000002,0.209577472,0.5402692684220193,49.18835484349901
1.48,0.37,1.6020000000000003,0.209577472,0.7396281533120544,55.61922023101873
1.48,0.37,1.8010000000000004,0.209577472,0.9389870382020895,62.05008561853843
1.48,0.37,2.0,0.209577472,1.1383459230921242,68.48095100605813
1.48,0.74,0.01,0.209577472,0.007361970133143282,31.997974283270086
1.48,0.74,0.20900000000000002,0.209577472,0.1538651757826946,36.72383535985095
1.48,0.74,0.40800000000000003,0.209577472,0.30036838143224587,41.449696436431815
1.48,0.74,0.607,0.209577472,0.42242000242375666,45.386804859554886
1.48,0.74,0.806,0.209577472,0.5234478309990084,48.645733431106784
1.48,0.74,1.0050000000000001,0.209577472,0.6219372719216154,51.822779375232756
1.48,0.74,1.2040000000000002,0.209577472,1.5632237804395954,82.18654686272902
1.48,0.74,1.4030000000000002,0.209577472,2.481439541199781,111.80610436278661
1.48,0.74,1.6020000000000003,0.209577472,3.399655301959967,141.4256618628442
1.48,0.74,1.8010000000000004,0.209577472,4.317871062720153,171.04521936290183
1.48,0.74,2.0,0.209577472,5.236086823480337,200.66477686295937
1.48,1.1099999999999999,0.01,0.209577472,0.013262099528920391,32.18829907332958
1.48,1.1099999999999999,0.20900000000000002,0.209577472,0.2771778801544362,40.701623472094354
1.48,1.1099999999999999,0.40800000000000003,0.209577472,0.5410936607799519,49.214947870859135
1.48,1.1099999999999999,0.607,0.209577472,0.8443070593102242,58.995924277885656
1.48,1.1099999999999999,0.806,0.209577472,1.181309063889446,69.86684446771665
1.48,1.1099999999999999,1.0050000000000001,0.209577472,1.5098436814189384,80.4646259593107
1.48,1.1099999999999999,1.2040000000000002,0.209577472,3.809854358270653,154.6577528964428
1.48,1.1099999999999999,1.4030000000000002,0.209577472,6.0534922244152165,227.03242084001766
1.48,1.1099999999999999,1.6020000000000003,0.209577472,8.29713009055978,299.4070887835926
1.48,1.1099999999999999,1.8010000000000004,0.209577472,10.540767956704345,371.78175672716753
1.48,1.1099999999999999,2.0,0.209577472,12.784405822848903,444.15642467074224
1.48,1.48,0.01,0.209577472,0.020136143822108696,32.410040148685844
1.48,1.48,0.20900000000000002,0.209577472,0.42084540588207175,45.336011947040284
1.48,1.48,0.40800000000000003,0.209577472,0.8215546679420348,58.26198374539472
1.48,1.48,0.607,0.209577472,1.3975828624800588,76.84334660029505
1.48,1.48,0.806,0.209577472,2.1243525690552945,100.28728868138441
1.48,1.48,1.0050000000000001,0.209577472,2.8328617302391925,123.1421869915921
1.48,1.48,1.2040000000000002,0.209577472,7.168216158729634,262.99088624664626
1.48,1.48,1.4030000000000002,0.209577472,11.397311900247269,399.41192130427265
1.48,1.48,1.6020000000000003,0.209577472,15.626407641764901,535.8329563618988
1.48,1.48,1.8010000000000004,0.209577472,19.85550338328254,672.2539914195254
1.48,1.48,2.0,0.209577472,24.084599124800164,808.6750264771513
1.48,1.85,0.01,0.209577472,0.027838970371509567,32.6585158595624
1.48,1.85,0.20900000000000002,0.209577472,0.58183448076455,50.529154304360404
1.48,1.85,0.40800000000000003,0.209577472,1.1358299911575904,68.39979274915841
1.48,1.85,0.607,0.209577472,2.0817645319096756,98.9134952126196
1.48,1.85,0.806,0.209577472,3.3646933791386973,140.29786954259495
1.48,1.85,1.0050000000000001,0.209577472,4.615387833221261,180.64243547231965
1.48,1.85,1.2040000000000002,0.209577472,11.70396486993124,409.30385047416416
1.48,1.85,1.4030000000000002,0.209577472,18.61880227338852,632.360819029885
1.48,1.85,1.6020000000000003,0.209577472,25.5336396768458,855.4177875856055
1.48,1.85,1.8010000000000004,0.209577472,32.44847708030308,1078.4747561413262
1.48,1.85,2.0,0.209577472,39.36331448376035,1301.5317246970465
1.48,2.2199999999999998,0.01,0.209577472,0.03627392378233431,32.93060832218294
1.48,2.2199999999999998,0.20900000000000002,0.209577472,0.7581250070507871,56.21588677312967
1.48,2.2199999999999998,0.40800000000000003,0.209577472,1.4799760903192398,79.50116522407639
1.48,2.2199999999999998,0.607,0.209577472,2.8972830376857965,125.22027223221555
1.48,2.2199999999999998,0.806,0.209577472,4.912552036426425,190.22827856055758
1.48,2.2199999999999998,1.0050000000000001,0.209577472,6.877186135701207,253.60291789572517
1.48,2.2199999999999998,1.2040000000000002,0.209577472,17.470429137415078,595.3169067098365
1.48,2.2199999999999998,1.4030000000000002,0.209577472,27.804033830263407,928.6555526608566
1.48,2.2199999999999998,1.6020000000000003,0.209577472,38.13763852311174,1261.9941986118768
1.48,2.2199999999999998,1.8010000000000004,0.209577472,48.47124321596007,1595.332844562897
1.48,2.2199999999999998,2.0,0.209577472,58.80484790880838,1928.6714905139165
1.48,2.59,0.01,0.209577472,0.04537076244302284,33.224051701499306
1.48,2.59,0.20900000000000002,0.209577472,0.9482489350591775,62.348853400841584
1.48,2.59,0.40800000000000003,0.209577472,1.8511271076753322,91.47365510018388
1.48,2.59,0.607,0.209577472,3.8449597922396244,155.79017456076662
1.48,2.59,0.806,0.209577472,6.77680944034811,250.36499340484582
1.48,2.59,1.0050000000000001,0.209577472,9.634994524433768,342.5635605191743
1.48,2.59,1.2040000000000002,0.209577472,24.512864941985026,822.4899102327017
1.48,2.59,1.4030000000000002,0.209577472,39.02608167283159,1290.6533592179558
1.48,2.59,1.6020000000000003,0.209577472,53.53929840367814,1758.81680820321
1.48,2.59,1.8010000000000004,0.209577472,68.05251513452471,2226.980257188465
1.48,2.59,2.0,0.209577472,82.56573186537125,2695.1437061737183
1.48,2.96,0.01,0.209577472,0.05507551384910717,33.537104966952185
1.48,2.96,0.20900000000000002,0.209577472,1.1510782394463401,68.89166664880685
1.48,2.96,0.40800000000000003,0.209577472,2.2470809650435726,104.24622833066151
1.48,2.96,0.607,0.209577472,4.925795359006424,190.65547810494934
1.48,2.96,0.806,0.209577472,8.965345953807004,320.96221670637607
1.48,2.96,1.0050000000000001,0.209577472,12.903400302507062,447.9949166494754
1.48,2.96,1.2040000000000002,0.209577472,32.8707805289035,1092.0973074117783
1.48,2.96,1.4030000000000002,0.209577472,52.348764181123556,1720.4128748710837
1.48,2.96,1.6020000000000003,0.209577472,71.8267478333436,2348.728442330389
1.48,2.96,1.8010000000000004,0.209577472,91.30473148556365,2977.0440097896944
1.48,2.96,2.0,0.209577472,110.78271513778367,3605.3595772489984
1.48,3.33,0.01,0.209577472,0.06534506101023696,33.868377262242355
1.48,3.33,0.20900000000000002,0.209577472,1.3657117751139527,75.81525762037143
1.48,3.33,0.40800000000000003,0.209577472,2.666078489217668,117.76213797850048
1.48,3.33,0.607,0.209577472,6.1408711654991555,229.8510672631494
1.48,3.33,0.806,0.209577472,11.485263734494245,402.2490479612548
1.48,3.33,1.0050000000000001,0.209577472,16.69537508316282,570.3154211041312
1.48,3.33,1.2040000000000002,0.209577472,42.579359115776754,1405.2740290350794
1.48,3.33,1.4030000000000002,0.209577472,67.82893177504229,2219.767965203014
1.48,3.33,1.6020000000000003,0.209577472,93.07850443430783,3034.261901370948
1.48,3.33,1.8010000000000004,0.209577472,118.32807709357337,3848.7558375388826
1.48,3.33,2.0,0.209577472,143.57764975283885,4663.249773706815
1.85,0.0,0.01,0.32746480000000006,0.0,35.56327160493827
1.85,0.0,0.20900000000000002,0.32746480000000006,0.0,35.56327160493827
1.85,0.0,0.40800000000000003,0.32746480000000006,0.0,35.56327160493827
1.85,0.0,0.607,0.32746480000000006,0.0,35.56327160493827
1.85,0.0,0.806,0.32746480000000006,0.0,35.56327160493827
1.85,0.0,1.0050000000000001,0.32746480000000006,0.0,35.56327160493827
1.85,0.0,1.2040000000000002,0.32746480000000006,0.0,35.56327160493827
1.85,0.0,1.4030000000000002,0.32746480000000006,0.0,35.56327160493827
1.85,0.0,1.6020000000000003,0.32746480000000006,0.0,35.56327160493827
1.85,0.0,1.8010000000000004,0.32746480000000006,0.0,35.56327160493827
1.85,0.0,2.0,0.32746480000000006,0.0,35.56327160493827
1.85,0.37,0.01,0.32746480000000006,0.002691607922554952,35.6500967706964
1.85,0.37,0.20900000000000002,0.32746480000000006,0.0562546055813985,37.37791756928311
1.85,0.37,0.40800000000000003,0.32746480000000006,0.10981760324024205,39.10573836786982
1.85,0.37,0.607,0.32746480000000006,0.13500028238321216,39.91807447094779
1.85,0.37,0.806,0.32746480000000006,0.13578119233496394,39.94326485452292
1.85,0.37,1.0050000000000001,0.32746480000000006,0.13654248143365666,39.96782231388762
1.85,0.37,1.2040000000000002,0.32746480000000006,0.34091038353198416,46.560267233757074
1.85,0.37,1.4030000000000002,0.32746480000000006,0.5402692684220193,52.99113262127679
1.85,0.37,1.6020000000000003,0.32746480000000006,0.7396281533120544,59.42199800879651
1.85,0.37,1.8010000000000004,0.32746480000000006,0.9389870382020895,65.85286339631622
1.85,0.37,2.0,0.32746480000000006,1.1383459230921242,72.28372878383591
1.85,0.74,0.01,0.32746480000000006,0.007361970133143282,35.80075206104787
1.85,0.74,0.20900000000000002,0.32746480000000006,0.1538651757826946,40.52661313762873
1.85,0.74,0.40800000000000003,0.32746480000000006,0.30036838143224587,45.2524742142096
1.85,0.74,0.607,0.32746480000000006,0.42242000242375666,49.18958263733268
1.85,0.74,0.806,0.32746480000000006,0.5234478309990084,52.44851120888457
1.85,0.74,1.0050000000000001,0.32746480000000006,0.6219372719216154,55.62555715301053
1.85,0.74,1.2040000000000002,0.32746480000000006,1.5632237804395954,85.9893246405068
1.85,0.74,1.4030000000000002,0.32746480000000006,2.481439541199781,115.6088821405644
1.85,0.74,1.6020000000000003,0.32746480000000006,3.399655301959967,145.228439640622
1.85,0.74,1.8010000000000004,0.32746480000000006,4.317871062720153,174.84799714067958
1.85,0.74,2.0,0.32746480000000006,5.236086823480337,204.46755464073715
1.85,1.1099999999999999,0.01,0.32746480000000006,0.013262099528920391,35.99107685110736
1.85,1.1099999999999999,0.20900000000000002,0.32746480000000006,0.2771778801544362,44.50440124987214
1.85,1.1099999999999999,0.40800000000000003,0.32746480000000006,0.5410936607799519,53.01772564863692
1.85,1.1099999999999999,0.607,0.32746480000000006,0.8443070593102242,62.79870205566343
1.85,1.1099999999999999,0.806,0.32746480000000006,1.181309063889446,73.66962224549444
1.85,1.1099999999999999,1.0050000000000001,0.32746480000000006,1.5098436814189384,84.26740373708847
1.85,1.1099999999999999,1.2040000000000002,0.32746480000000006,3.809854358270653,158.46053067422056
1.85,1.1099999999999999,1.4030000000000002,0.32746480000000006,6.0534922244152165,230.83519861779544
1.85,1.1099999999999999,1.6020000000000003,0.32746480000000006,8.29713009055978,303.20986656137035
1.85,1.1099999999999999,1.8010000000000004,0.32746480000000006,10.540767956704345,375.5845345049453
1.85,1.1099999999999999,2.0,0.32746480000000006,12.784405822848903,447.95920244852
1.85,1.48,0.01,0.32746480000000006,0.020136143822108696,36.21281792646362
1.85,1.48,0.20900000000000002,0.32746480000000006,0.42084540588207175,49.13878972481806
1.85,1.48,0.40800000000000003,0.32746480000000006,0.8215546679420348,62.0647615231725
1.85,1.48,0.607,0.32746480000000006,1.3975828624800588,80.64612437807284
1.85,1.48,0.806,0.32746480000000006,2.1243525690552945,104.09006645916219
1.85,1.48,1.0050000000000001,0.32746480000000006,2.8328617302391925,126.94496476936989
1.85,1.48,1.2040000000000002,0.32746480000000006,7.168216158729634,266.79366402442406
1.85,1.48,1.4030000000000002,0.32746480000000006,11.397311900247269,403.2146990820504
1.85,1.48,1.6020000000000003,0.32746480000000006,15.626407641764901,539.6357341396766
1.85,1.48,1.8010000000000004,0.32746480000000006,19.85550338328254,676.0567691973032
1.85,1.48,2.0,0.32746480000000006,24.084599124800164,812.4778042549291
1.85,1.85,0.01,0.32746480000000006,0.027838970371509567,36.461293637340184
1.85,1.85,0.20900000000000002,0.32746480000000006,0.58183448076455,54.33193208213819
1.85,1.85,0.40800000000000003,0.32746480000000006,1.1358299911575904,72.2025705269362
1.85,1.85,0.607,0.32746480000000006,2.0817645319096756,102.71627299039739
1.85,1.85,0.806,0.32746480000000006,3.3646933791386973,144.10064732037273
1.85,1.85,1.0050000000000001,0.32746480000000006,4.615387833221261,184.44521325009742
1.85,1.85,1.2040000000000002,0.32746480000000006,11.70396486993124,413.1066282519419
1.85,1.85,1.4030000000000002,0.32746480000000006,18.61880227338852,636.1635968076628
1.85,1.85,1.6020000000000003,0.32746480000000006,25.5336396768458,859.2205653633833
1.85,1.85,1.8010000000000004,0.32746480000000006,32.44847708030308,1082.277533919104
1.85,1.85,2.0,0.32746480000000006,39.36331448376035,1305.3345024748244
1.85,2.2199999999999998,0.01,0.32746480000000006,0.03627392378233431,36.733386099960725
1.85,2.2199999999999998,0.20900000000000002,0.32746480000000006,0.7581250070507871,60.018664550907445
1.85,2.2199999999999998,0.40800000000000003,0.32746480000000006,1.4799760903192398,83.30394300185417
1.85,2.2199999999999998,0.607,0.32746480000000006,2.8972830376857965,129.02305000999334
1.85,2.2199999999999998,0.806,0.32746480000000006,4.912552036426425,194.03105633833536
1.85,2.2199999999999998,1.0050000000000001,0.32746480000000006,6.877186135701207,257.4056956735029
1.85,2.2199999999999998,1.2040000000000002,0.32746480000000006,17.470429137415078,599.1196844876143
1.85,2.2199999999999998,1.4030000000000002,0.32746480000000006,27.804033830263407,932.4583304386344
1.85,2.2199999999999998,1.6020000000000003,0.32746480000000006,38.13763852311174,1265.7969763896547
1.85,2.2199999999999998,1.8010000000000004,0.32746480000000006,48.47124321596007,1599.135622340675
1.85,2.2199999999999998,2.0,0.32746480000000006,58.80484790880838,1932.4742682916944
1.85,2.59,0.01,0.32746480000000006,0.04537076244302284,37.02682947927708
1.85,2.59,0.20900000000000002,0.32746480000000006,0.9482489350591775,66.15163117861937
1.85,2.59,0.40800000000000003,0.32746480000000006,1.8511271076753322,95.27643287796165
1.85,2.59,0.607,0.32746480000000006,3.8449597922396244,159.59295233854436
1.85,2.59,0.806,0.32746480000000006,6.77680944034811,254.1677711826236
1.85,2.59,1.0050000000000001,0.32746480000000006,9.634994524433768,346.36633829695205
1.85,2.59,1.2040000000000002,0.32746480000000006,24.512864941985026,826.2926880104795
1.85,2.59,1.4030000000000002,0.32746480000000006,39.02608167283159,1294.4561369957337
1.85,2.59,1.6020000000000003,0.32746480000000006,53.53929840367814,1762.619585980988
1.85,2.59,1.8010000000000004,0.32746480000000006,68.05251513452471,2230.7830349662427
1.85,2.59,2.0,0.32746480000000006,82.56573186537125,2698.9464839514962
1.85,2.96,0.01,0.32746480000000006,0.05507551384910717,37.33988274472996
1.85,2.96,0.20900000000000002,0.32746480000000006,1.1510782394463401,72.69444442658462
1.85,2.96,0.40800000000000003,0.32746480000000006,2.2470809650435726,108.0490061084393
1.85,2.96,0.607,0.32746480000000006,4.925795359006424,194.45825588272712
1.85,2.96,0.806,0.32746480000000006,8.965345953807004,324.7649944841538
1.85,2.96,1.0050000000000001,0.32746480000000006,12.903400302507062,451.7976944272531
1.85,2.96,1.2040000000000002,0.32746480000000006,32.8707805289035,1095.9000851895562
1.85,2.96,1.4030000000000002,0.32746480000000006,52.348764181123556,1724.2156526488616
1.85,2.96,1.6020000000000003,0.32746480000000006,71.8267478333436,2352.5312201081665
1.85,2.96,1.8010000000000004,0.32746480000000006,91.30473148556365,2980.846787567472
1.85,2.96,2.0,0.32746480000000006,110.78271513778367,3609.1623550267764
1.85,3.33,0.01,0.32746480000000006,0.06534506101023696,37.67115504002014
1.85,3.33,0.20900000000000002,0.32746480000000006,1.3657117751139527,79.6180353981492
1.85,3.33,0.40800000000000003,0.32746480000000006,2.666078489217668,121.56491575627827
1.85,3.33,0.607,0.32746480000000006,6.1408711654991555,233.65384504092717
1.85,3.33,0.806,0.32746480000000006,11.485263734494245,406.0518257390325
1.85,3.33,1.0050000000000001,0.32746480000000006,16.69537508316282,574.118198881909
1.85,3.33,1.2040000000000002,0.32746480000000006,42.579359115776754,1409.0768068128573
1.85,3.33,1.4030000000000002,0.32746480000000006,67.82893177504229,2223.5707429807917
1.85,3.33,1.6020000000000003,0.32746480000000006,93.07850443430783,3038.064679148726
1.85,3.33,1.8010000000000004,0.32746480000000006,118.32807709357337,3852.5586153166605
1.85,3.33,2.0,0.32746480000000006,143.57764975283885,4667.052551484592
2.2199999999999998,0.0,0.01,0.47154931199999994,0.0,40.21111111111111
2.2199999999999998,0.0,0.20900000000000002,0.47154931199999994,0.0,40.21111111111111
2.2199999999999998,0.0,0.40800000000000003,0.47154931199999994,0.0,40.21111111111111
2.2199999999999998,0.0,0.607,0.47154931199999994,0.0,40.21111111111111
2.2199999999999998,0.0,0.806,0.47154931199999994,0.0,40.21111111111111
2.2199999999999998,0.0,1.0050000000000001,0.47154931199999994,0.0,40.21111111111111
2.2199999999999998,0.0,1.2040000000000002,0.47154931199999994,0.0,40.21111111111111
2.2199999999999998,0.0,1.4030000000000002,0.47154931199999994,0.0,40.21111111111111
2.2199999999999998,0.0,1.6020000000000003,0.47154931199999994,0.0,40.21111111111111
2.2199999999999998,0.0,1.8010000000000004,0.47154931199999994,0.0,40.21111111111111
2.2199999999999998,0.0,2.0,0.47154931199999994,0.0,40.21111111111111
2.2199999999999998,0.37,0.01,0.47154931199999994,0.002691607922554952,40.29793627686924
2.2199999999999998,0.37,0.20900000000000002,0.47154931199999994,0.0562546055813985,42.02575707545594
2.2199999999999998,0.37,0.40800000000000003,0.47154931199999994,0.10981760324024205,43.75357787404265
2.2199999999999998,0.37,0.607,0.47154931199999994,0.13500028238321216,44.56591397712062
2.2199999999999998,0.37,0.806,0.47154931199999994,0.13578119233496394,44.59110436069575
2.2199999999999998,0.37,1.0050000000000001,0.47154931199999994,0.13654248143365666,44.61566182006045
2.2199999999999998,0.37,1.2040000000000002,0.47154931199999994,0.34091038353198416,51.20810673992992
2.2199999999999998,0.37,1.4030000000000002,0.47154931199999994,0.5402692684220193,57.63897212744963
2.2199999999999998,0.37,1.6020000000000003,0.47154931199999994,0.7396281533120544,64.06983751496935
2.2199999999999998,0.37,1.8010000000000004,0.47154931199999994,0.9389870382020895,70.50070290248905
2.2199999999999998,0.37,2.0,0.47154931199999994,1.1383459230921242,76.93156829000876
2.2199999999999998,0.74,0.01,0.47154931199999994,0.007361970133143282,40.4485915672207
2.2199999999999998,0.74,0.20900000000000002,0.47154931199999994,0.1538651757826946,45.174452643801565
2.2199999999999998,0.74,0.40800000000000003,0.47154931199999994,0.30036838143224587,49.90031372038243
2.2199999999999998,0.74,0.607,0.47154931199999994,0.42242000242375666,53.837422143505506
2.2199999999999998,0.74,0.806,0.47154931199999994,0.5234478309990084,57.0963507150574
2.2199999999999998,0.74,1.0050000000000001,0.47154931199999994,0.6219372719216154,60.27339665918337
2.2199999999999998,0.74,1.2040000000000002,0.47154931199999994,1.5632237804395954,90.63716414667962
2.2199999999999998,0.74,1.4030000000000002,0.47154931199999994,2.481439541199781,120.25672164673723
2.2199999999999998,0.74,1.6020000000000003,0.47154931199999994,3.399655301959967,149.87627914679484
2.2199999999999998,0.74,1.8010000000000004,0.47154931199999994,4.317871062720153,179.49583664685244
2.2199999999999998,0.74,2.0,0.47154931199999994,5.236086823480337,209.11539414690998
2.2199999999999998,1.1099999999999999,0.01,0.47154931199999994,0.013262099528920391,40.638916357280195
2.2199999999999998,1.1099999999999999,0.20900000000000002,0.47154931199999994,0.2771778801544362,49.152240756044975
2.2199999999999998,1.1099999999999999,0.40800000000000003,0.47154931199999994,0.5410936607799519,57.66556515480975
2.2199999999999998,1.1099999999999999,0.607,0.47154931199999994,0.8443070593102242,67.44654156183627
2.2199999999999998,1.1099999999999999,0.806,0.47154931199999994,1.181309063889446,78.31746175166727
2.2199999999999998,1.1099999999999999,1.0050000000000001,0.47154931199999994,1.5098436814189384,88.9152432432613
2.2199999999999998,1.1099999999999999,1.2040000000000002,0.47154931199999994,3.809854358270653,163.10837018039342
2.2199999999999998,1.1099999999999999,1.4030000000000002,0.47154931199999994,6.0534922244152165,235.4830381239683
2.2199999999999998,1.1099999999999999,1.6020000000000003,0.47154931199999994,8.29713009055978,307.8577060675431
2.2199999999999998,1.1099999999999999,1.8010000000000004,0.47154931199999994,10.540767956704345,380.2323740111181
2.2199999999999998,1.1099999999999999,2.0,0.47154931199999994,12.784405822848903,452.6070419546928
2.2199999999999998,1.48,0.01,0.47154931199999994,0.020136143822108696,40.86065743263646
2.2199999999999998,1.48,0.20900000000000002,0.47154931199999994,0.42084540588207175,53.7866292309909
2.2199999999999998,1.48,0.40800000000000003,0.47154931199999994,0.8215546679420348,66.71260102934534
2.2199999999999998,1.48,0.607,0.47154931199999994,1.3975828624800588,85.29396388424567
2.2199999999999998,1.48,0.806,0.47154931199999994,2.1243525690552945,108.73790596533503
2.2199999999999998,1.48,1.0050000000000001,0.47154931199999994,2.8328617302391925,131.59280427554273
2.2199999999999998,1.48,1.2040000000000002,0.47154931199999994,7.168216158729634,271.44150353059695
2.2199999999999998,1.48,1.4030000000000002,0.47154931199999994,11.397311900247269,407.86253858822323
2.2199999999999998,1.48,1.6020000000000003,0.47154931199999994,15.626407641764901,544.2835736458495
2.2199999999999998,1.48,1.8010000000000004,0.47154931199999994,19.85550338328254,680.7046087034759
2.2199999999999998,1.48,2.0,0.47154931199999994,24.084599124800164,817.1256437611019
2.2199999999999998,1.85,0.01,0.47154931199999994,0.027838970371509567,41.10913314351302
2.2199999999999998,1.85,0.20900000000000002,0.47154931199999994,0.58183448076455,58.979771588311024
2.2199999999999998,1.85,0.40800000000000003,0.47154931199999994,1.1358299911575904,76.85041003310903
2.2199999999999998,1.85,0.607,0.47154931199999994,2.0817645319096756,107.36411249657021
2.2199999999999998,1.85,0.806,0.47154931199999994,3.3646933791386973,148.74848682654556
2.2199999999999998,1.85,1.0050000000000001,0.47154931199999994,4.615387833221261,189.09305275627028
2.2199999999999998,1.85,1.2040000000000002,0.47154931199999994,11.70396486993124,417.75446775811474
2.2199999999999998,1.85,1.4030000000000002,0.47154931199999994,18.61880227338852,640.8114363138355
2.2199999999999998,1.85,1.6020000000000003,0.47154931199999994,25.5336396768458,863.8684048695561
2.2199999999999998,1.85,1.8010000000000004,0.47154931199999994,32.44847708030308,1086.9253734252768
2.2199999999999998,1.85,2.0,0.47154931199999994,39.36331448376035,1309.9823419809973
2.2199999999999998,2.2199999999999998,0.01,0.47154931199999994,0.03627392378233431,41.381225606133555
2.2199999999999998,2.2199999999999998,0.20900000000000002,0.47154931199999994,0.7581250070507871,64.66650405708029
2.2199999999999998,2.2199999999999998,0.40800000000000003,0.47154931199999994,1.4799760903192398,87.95178250802701
2.2199999999999998,2.2199999999999998,0.607,0.47154931199999994,2.8972830376857965,133.67088951616617
2.2199999999999998,2.2199999999999998,0.806,0.47154931199999994,4.912552036426425,198.67889584450822
2.2199999999999998,2.2199999999999998,1.0050000000000001,0.47154931199999994,6.877186135701207,262.0535351796758
2.2199999999999998,2.2199999999999998,1.2040000000000002,0.47154931199999994,17.470429137415078,603.7675239937871
2.2199999999999998,2.2199999999999998,1.4030000000000002,0.47154931199999994,27.804033830263407,937.1061699448072
2.2199999999999998,2.2199999999999998,1.6020000000000003,0.47154931199999994,38.13763852311174,1270.4448158958276
2.2199999999999998,2.2199999999999998,1.8010000000000004,0.47154931199999994,48.47124321596007,1603.7834618468478
2.2199999999999998,2.2199999999999998,2.0,0.47154931199999994,58.80484790880838,1937.1221077978673
2.2199999999999998,2.59,0.01,0.47154931199999994,0.04537076244302284,41.67466898544991
2.2199999999999998,2.59,0.20900000000000002,0.47154931199999994,0.9482489350591775,70.7994706847922
2.2199999999999998,2.59,0.40800000000000003,0.47154931199999994,1.8511271076753322,99.92427238413448
2.2199999999999998,2.59,0.607,0.47154931199999994,3.8449597922396244,164.24079184471722
2.2199999999999998,2.59,0.806,0.47154931199999994,6.77680944034811,258.8156106887964
2.2199999999999998,2.59,1.0050000000000001,0.47154931199999994,9.634994524433768,351.0141778031249
2.2199999999999998,2.59,1.2040000000000002,0.47154931199999994,24.512864941985026,830.9405275166523
2.2199999999999998,2.59,1.4030000000000002,0.47154931199999994,39.02608167283159,1299.1039765019066
2.2199999999999998,2.59,1.6020000000000003,0.47154931199999994,53.53929840367814,1767.2674254871608
2.2199999999999998,2.59,1.8010000000000004,0.47154931199999994,68.05251513452471,2235.430874472416
2.2199999999999998,2.59,2.0,0.47154931199999994,82.56573186537125,2703.594323457669
2.2199999999999998,2.96,0.01,0.47154931199999994,0.05507551384910717,41.9877222509028
2.2199999999999998,2.96,0.20900000000000002,0.47154931199999994,1.1510782394463401,77.34228393275747
2.2199999999999998,2.96,0.40800000000000003,0.47154931199999994,2.2470809650435726,112.69684561461213
2.2199999999999998,2.96,0.607,0.47154931199999994,4.925795359006424,199.10609538889997
2.2199999999999998,2.96,0.806,0.47154931199999994,8.965345953807004,329.41283399032665
2.2199999999999998,2.96,1.0050000000000001,0.47154931199999994,12.903400302507062,456.4455339334259
2.2199999999999998,2.96,1.2040000000000002,0.47154931199999994,32.8707805289035,1100.547924695729
2.2199999999999998,2.96,1.4030000000000002,0.47154931199999994,52.348764181123556,1728.8634921550345
2.2199999999999998,2.96,1.6020000000000003,0.47154931199999994,71.8267478333436,2357.1790596143396
2.2199999999999998,2.96,1.8010000000000004,0.47154931199999994,91.30473148556365,2985.494627073645
2.2199999999999998,2.96,2.0,0.47154931199999994,110.78271513778367,3613.810194532949
2.2199999999999998,3.33,0.01,0.47154931199999994,0.06534506101023696,42.31899454619297
2.2199999999999998,3.33,0.20900000000000002,0.47154931199999994,1.3657117751139527,84.26587490432203
2.2199999999999998,3.33,0.40800000000000003,0.47154931199999994,2.666078489217668,126.2127552624511
2.2199999999999998,3.33,0.607,0.47154931199999994,6.1408711654991555,238.30168454710002
2.2199999999999998,3.33,0.806,0.47154931199999994,11.485263734494245,410.6996652452053
2.2199999999999998,3.33,1.0050000000000001,0.47154931199999994,16.69537508316282,578.7660383880818
2.2199999999999998,3.33,1.2040000000000002,0.47154931199999994,42.579359115776754,1413.72464631903
2.2199999999999998,3.33,1.4030000000000002,0.47154931199999994,67.82893177504229,2228.2185824869644
2.2199999999999998,3.33,1.6020000000000003,0.47154931199999994,93.07850443430783,3042.7125186548988
2.2199999999999998,3.33,1.8010000000000004,0.47154931199999994,118.32807709357337,3857.206454822833
2.2199999999999998,3.33,2.0,0.47154931199999994,143.57764975283885,4671.700390990765
2.59,0.0,0.01,0.641831008,0.0,45.70401234567901
2.59,0.0,0.20900000000000002,0.641831008,0.0,45.70401234567901
2.59,0.0,0.40800000000000003,0.641831008,0.0,45.70401234567901
2.59,0.0,0.607,0.641831008,0.0,45.70401234567901
2.59,0.0,0.806,0.641831008,0.0,45.70401234567901
2.59,0.0,1.0050000000000001,0.641831008,0.0,45.70401234567901
2.59,0.0,1.2040000000000002,0.641831008,0.0,45.70401234567901
2.59,0.0,1.4030000000000002,0.641831008,0.0,45.70401234567901
2.59,0.0,1.6020000000000003,0.641831008,0.0,45.70401234567901
2.59,0.0,1.8010000000000004,0.641831008,0.0,45.70401234567901
2.59,0.0,2.0,0.641831008,0.0,45.70401234567901
2.59,0.37,0.01,0.641831008,0.002691607922554952,45.79083751143713
2.59,0.37,0.20900000000000002,0.641831008,0.0562546055813985,47.51865831002385
2.59,0.37,0.40800000000000003,0.641831008,0.10981760324024205,49.24647910861056
2.59,0.37,0.607,0.641831008,0.13500028238321216,50.058815211688525
2.59,0.37,0.806,0.641831008,0.13578119233496394,50.08400559526366
2.59,0.37,1.0050000000000001,0.641831008,0.13654248143365666,50.10856305462836
2.59,0.37,1.2040000000000002,0.641831008,0.34091038353198416,56.70100797449781
2.59,0.37,1.4030000000000002,0.641831008,0.5402692684220193,63.13187336201753
2.59,0.37,1.6020000000000003,0.641831008,0.7396281533120544,69.56273874953725
2.59,0.37,1.8010000000000004,0.641831008,0.9389870382020895,75.99360413705696
2.59,0.37,2.0,0.641831008,1.1383459230921242,82.42446952457665
2.59,0.74,0.01,0.641831008,0.007361970133143282,45.9414928017886
2.59,0.74,0.20900000000000002,0.641831008,0.1538651757826946,50.66735387836947
2.59,0.74,0.40800000000000003,0.641831008,0.30036838143224587,55.39321495495033
2.59,0.74,0.607,0.641831008,0.42242000242375666,59.33032337807341
2.59,0.74,0.806,0.641831008,0.5234478309990084,62.5892519496253
2.59,0.74,1.0050000000000001,0.641831008,0.6219372719216154,65.76629789375127
2.59,0.74,1.2040000000000002,0.641831008,1.5632237804395954,96.13006538124753
2.59,0.74,1.4030000000000002,0.641831008,2.481439541199781,125.74962288130514
2.59,0.74,1.6020000000000003,0.641831008,3.399655301959967,155.36918038136275
2.59,0.74,1.8010000000000004,0.641831008,4.317871062720153,184.98873788142035
2.59,0.74,2.0,0.641831008,5.236086823480337,214.6082953814779
2.59,1.1099999999999999,0.01,0.641831008,0.013262099528920391,46.1318175918481
2.59,1.1099999999999999,0.20900000000000002,0.641831008,0.2771778801544362,54.64514199061287
2.59,1.1099999999999999,0.40800000000000003,0.641831008,0.5410936607799519,63.15846638937765
2.59,1.1099999999999999,0.607,0.641831008,0.8443070593102242,72.93944279640417
2.59,1.1099999999999999,0.806,0.641831008,1.181309063889446,83.81036298623518
2.59,1.1099999999999999,1.0050000000000001,0.641831008,1.5098436814189384,94.4081444778292
2.59,1.1099999999999999,1.2040000000000002,0.641831008,3.809854358270653,168.6012714149613
2.59,1.1099999999999999,1.4030000000000002,0.641831008,6.0534922244152165,240.97593935853618
2.59,1.1099999999999999,1.6020000000000003,0.641831008,8.29713009055978,313.35060730211103
2.59,1.1099999999999999,1.8010000000000004,0.641831008,10.540767956704345,385.72527524568596
2.59,1.1099999999999999,2.0,0.641831008,12.784405822848903,458.09994318926067
2.59,1.48,0.01,0.641831008,0.020136143822108696,46.35355866720436
2.59,1.48,0.20900000000000002,0.641831008,0.42084540588207175,59.2795304655588
2.59,1.48,0.40800000000000003,0.641831008,0.8215546679420348,72.20550226391325
2.59,1.48,0.607,0.641831008,1.3975828624800588,90.78686511881358
2.59,1.48,0.806,0.641831008,2.1243525690552945,114.23080719990293
2.59,1.48,1.0050000000000001,0.641831008,2.8328617302391925,137.08570551011064
2.59,1.48,1.2040000000000002,0.641831008,7.168216158729634,276.9344047651648
2.59,1.48,1.4030000000000002,0.641831008,11.397311900247269,413.3554398227911
2.59,1.48,1.6020000000000003,0.641831008,15.626407641764901,549.7764748804174
2.59,1.48,1.8010000000000004,0.641831008,19.85550338328254,686.1975099380438
2.59,1.48,2.0,0.641831008,24.084599124800164,822.6185449956698
2.59,1.85,0.01,0.641831008,0.027838970371509567,46.60203437808092
2.59,1.85,0.20900000000000002,0.641831008,0.58183448076455,64.47267282287893
2.59,1.85,0.40800000000000003,0.641831008,1.1358299911575904,82.34331126767694
2.59,1.85,0.607,0.641831008,2.0817645319096756,112.85701373113811
2.59,1.85,0.806,0.641831008,3.3646933791386973,154.24138806111347
2.59,1.85,1.0050000000000001,0.641831008,4.615387833221261,194.5859539908382
2.59,1.85,1.2040000000000002,0.641831008,11.70396486993124,423.24736899268265
2.59,1.85,1.4030000000000002,0.641831008,18.61880227338852,646.3043375484035
2.59,1.85,1.6020000000000003,0.641831008,25.5336396768458,869.3613061041241
2.59,1.85,1.8010000000000004,0.641831008,32.44847708030308,1092.4182746598447
2.59,1.85,2.0,0.641831008,39.36331448376035,1315.4752432155651
2.59,2.2199999999999998,0.01,0.641831008,0.03627392378233431,46.874126840701464
2.59,2.2199999999999998,0.20900000000000002,0.641831008,0.7581250070507871,70.15940529164818
2.59,2.2199999999999998,0.40800000000000003,0.641831008,1.4799760903192398,93.4446837425949
2.59,2.2199999999999998,0.607,0.641831008,2.8972830376857965,139.16379075073408
2.59,2.2199999999999998,0.806,0.641831008,4.912552036426425,204.17179707907613
2.59,2.2199999999999998,1.0050000000000001,0.641831008,6.877186135701207,267.54643641424366
2.59,2.2199999999999998,1.2040000000000002,0.641831008,17.470429137415078,609.2604252283551
2.59,2.2199999999999998,1.4030000000000002,0.641831008,27.804033830263407,942.5990711793752
2.59,2.2199999999999998,1.6020000000000003,0.641831008,38.13763852311174,1275.9377171303954
2.59,2.2199999999999998,1.8010000000000004,0.641831008,48.47124321596007,1609.2763630814156
2.59,2.2199999999999998,2.0,0.641831008,58.80484790880838,1942.615009032435
2.59,2.59,0.01,0.641831008,0.04537076244302284,47.16757022001782
2.59,2.59,0.20900000000000002,0.641831008,0.9482489350591775,76.29237191936011
2.59,2.59,0.40800000000000003,0.641831008,1.8511271076753322,105.41717361870239
2.59,2.59,0.607,0.641831008,3.8449597922396244,169.73369307928513
2.59,2.59,0.806,0.641831008,6.77680944034811,264.30851192336434
2.59,2.59,1.0050000000000001,0.641831008,9.634994524433768,356.5070790376928
2.59,2.59,1.2040000000000002,0.641831008,24.512864941985026,836.4334287512202
2.59,2.59,1.4030000000000002,0.641831008,39.02608167283159,1304.5968777364744
2.59,2.59,1.6020000000000003,0.641831008,53.53929840367814,1772.7603267217287
2.59,2.59,1.8010000000000004,0.641831008,68.05251513452471,2240.923775706983
2.59,2.59,2.0,0.641831008,82.56573186537125,2709.0872246922368
2.59,2.96,0.01,0.641831008,0.05507551384910717,47.4806234854707
2.59,2.96,0.20900000000000002,0.641831008,1.1510782394463401,82.83518516732536
2.59,2.96,0.40800000000000003,0.641831008,2.2470809650435726,118.18974684918003
2.59,2.96,0.607,0.641831008,4.925795359006424,204.59899662346788
2.59,2.96,0.806,0.641831008,8.965345953807004,334.90573522489456
2.59,2.96,1.0050000000000001,0.641831008,12.903400302507062,461.9384351679938
2.59,2.96,1.2040000000000002,0.641831008,32.8707805289035,1106.040825930297
2.59,2.96,1.4030000000000002,0.641831008,52.348764181123556,1734.3563933896023
2.59,2.96,1.6020000000000003,0.641831008,71.8267478333436,2362.671960848907
2.59,2.96,1.8010000000000004,0.641831008,91.30473148556365,2990.9875283082124
2.59,2.96,2.0,0.641831008,110.78271513778367,3619.303095767517
2.59,3.33,0.01,0.641831008,0.06534506101023696,47.81189578076088
2.59,3.33,0.20900000000000002,0.641831008,1.3657117751139527,89.75877613888994
2.59,3.33,0.40800000000000003,0.641831008,2.666078489217668,131.705656497019
2.59,3.33,0.607,0.641831008,6.1408711654991555,243.79458578166793
2.59,3.33,0.806,0.641831008,11.485263734494245,416.19256647977323
2.59,3.33,1.0050000000000001,0.641831008,16.69537508316282,584.2589396226498
2.59,3.33,1.2040000000000002,0.641831008,42.579359115776754,1419.2175475535978
2.59,3.33,1.4030000000000002,0.641831008,67.82893177504229,2233.711483721532
2.59,3.33,1.6020000000000003,0.641831008,93.07850443430783,3048.2054198894666
2.59,3.33,1.8010000000000004,0.641831008,118.32807709357337,3862.699356057401
2.59,3.33,2.0,0.641831008,143.57764975283885,4677.193292225334
2.96,0.0,0.01,0.838309888,0.0,52.04197530864198
2.96,0.0,0.20900000000000002,0.838309888,0.0,52.04197530864198
2.96,0.0,0.40800000000000003,0.838309888,0.0,52.04197530864198
2.96,0.0,0.607,0.838309888,0.0,52.04197530864198
2.96,0.0,0.806,0.838309888,0.0,52.04197530864198
2.96,0.0,1.0050000000000001,0.838309888,0.0,52.04197530864198
2.96,0.0,1.2040000000000002,0.838309888,0.0,52.04197530864198
2.96,0.0,1.4030000000000002,0.838309888,0.0,52.04197530864198
2.96,0.0,1.6020000000000003,0.838309888,0.0,52.04197530864198
2.96,0.0,1.8010000000000004,0.838309888,0.0,52.04197530864198
2.96,0.0,2.0,0.838309888,0.0,52.04197530864198
2.96,0.37,0.01,0.838309888,0.002691607922554952,52.1288004744001
2.96,0.37,0.20900000000000002,0.838309888,0.0562546055813985,53.856621272986814
2.96,0.37,0.40800000000000003,0.838309888,0.10981760324024205,55.58444207157352
2.96,0.37,0.607,0.838309888,0.13500028238321216,56.39677817465149
2.96,0.37,0.806,0.838309888,0.13578119233496394,56.421968558226624
2.96,0.37,1.0050000000000001,0.838309888,0.13654248143365666,56.446526017591324
2.96,0.37,1.2040000000000002,0.838309888,0.34091038353198416,63.038970937460775
2.96,0.37,1.4030000000000002,0.838309888,0.5402692684220193,69.46983632498049
2.96,0.37,1.6020000000000003,0.838309888,0.7396281533120544,75.9007017125002
2.96,0.37,1.8010000000000004,0.838309888,0.9389870382020895,82.33156710001992
2.96,0.37,2.0,0.838309888,1.1383459230921242,88.76243248753963
2.96,0.74,0.01,0.838309888,0.007361970133143282,52.27945576475156
2.96,0.74,0.20900000000000002,0.838309888,0.1538651757826946,57.00531684133243
2.96,0.74,0.40800000000000003,0.838309888,0.30036838143224587,61.7311779179133
2.96,0.74,0.607,0.838309888,0.42242000242375666,65.66828634103638
2.96,0.74,0.806,0.838309888,0.5234478309990084,68.92721491258827
2.96,0.74,1.0050000000000001,0.838309888,0.6219372719216154,72.10426085671423
2.96,0.74,1.2040000000000002,0.838309888,1.5632237804395954,102.46802834421048
2.96,0.74,1.4030000000000002,0.838309888,2.481439541199781,132.0875858442681
2.96,0.74,1.6020000000000003,0.838309888,3.399655301959967,161.7071433443257
2.96,0.74,1.8010000000000004,0.838309888,4.317871062720153,191.32670084438328
2.96,0.74,2.0,0.838309888,5.236086823480337,220.94625834444085
2.96,1.1099999999999999,0.01,0.838309888,0.013262099528920391,52.46978055481106
2.96,1.1099999999999999,0.20900000000000002,0.838309888,0.2771778801544362,60.98310495357584
2.96,1.1099999999999999,0.40800000000000003,0.838309888,0.5410936607799519,69.49642935234061
2.96,1.1099999999999999,0.607,0.838309888,0.8443070593102242,79.27740575936713
2.96,1.1099999999999999,0.806,0.838309888,1.181309063889446,90.14832594919814
2.96,1.1099999999999999,1.0050000000000001,0.838309888,1.5098436814189384,100.74610744079217
2.96,1.1099999999999999,1.2040000000000002,0.838309888,3.809854358270653,174.93923437792427
2.96,1.1099999999999999,1.4030000000000002,0.838309888,6.0534922244152165,247.31390232149914
2.96,1.1099999999999999,1.6020000000000003,0.838309888,8.29713009055978,319.688570265074
2.96,1.1099999999999999,1.8010000000000004,0.838309888,10.540767956704345,392.06323820864895
2.96,1.1099999999999999,2.0,0.838309888,12.784405822848903,464.43790615222366
2.96,1.48,0.01,0.838309888,0.020136143822108696,52.69152163016732
2.96,1.48,0.20900000000000002,0.838309888,0.42084540588207175,65.61749342852177
2.96,1.48,0.40800000000000003,0.838309888,0.8215546679420348,78.5434652268762
2.96,1.48,0.607,0.838309888,1.3975828624800588,97.12482808177653
2.96,1.48,0.806,0.838309888,2.1243525690552945,120.56877016286589
2.96,1.48,1.0050000000000001,0.838309888,2.8328617302391925,143.42366847307358
2.96,1.48,1.2040000000000002,0.838309888,7.168216158729634,283.2723677281278
2.96,1.48,1.4030000000000002,0.838309888,11.397311900247269,419.6934027857541
2.96,1.48,1.6020000000000003,0.838309888,15.626407641764901,556.1144378433803
2.96,1.48,1.8010000000000004,0.838309888,19.85550338328254,692.5354729010068
2.96,1.48,2.0,0.838309888,24.084599124800164,828.9565079586328
2.96,1.85,0.01,0.838309888,0.027838970371509567,52.939997341043885
2.96,1.85,0.20900000000000002,0.838309888,0.58183448076455,70.8106357858419
2.96,1.85,0.40800000000000003,0.838309888,1.1358299911575904,88.6812742306399
2.96,1.85,0.607,0.838309888,2.0817645319096756,119.19497669410107
2.96,1.85,0.806,0.838309888,3.3646933791386973,160.57935102407643
2.96,1.85,1.0050000000000001,0.838309888,4.615387833221261,200.92391695380113
2.96,1.85,1.2040000000000002,0.838309888,11.70396486993124,429.5853319556456
2.96,1.85,1.4030000000000002,0.838309888,18.61880227338852,652.6423005113664
2.96,1.85,1.6020000000000003,0.838309888,25.5336396768458,875.699269067087
2.96,1.85,1.8010000000000004,0.838309888,32.44847708030308,1098.7562376228077
2.96,1.85,2.0,0.838309888,39.36331448376035,1321.8132061785282
2.96,2.2199999999999998,0.01,0.838309888,0.03627392378233431,53.212089803664426
2.96,2.2199999999999998,0.20900000000000002,0.838309888,0.7581250070507871,76.49736825461115
2.96,2.2199999999999998,0.40800000000000003,0.838309888,1.4799760903192398,99.78264670555787
2.96,2.2199999999999998,0.607,0.838309888,2.8972830376857965,145.50175371369704
2.96,2.2199999999999998,0.806,0.838309888,4.912552036426425,210.50976004203906
2.96,2.2199999999999998,1.0050000000000001,0.838309888,6.877186135701207,273.88439937720665
2.96,2.2199999999999998,1.2040000000000002,0.838309888,17.470429137415078,615.5983881913179
2.96,2.2199999999999998,1.4030000000000002,0.838309888,27.804033830263407,948.9370341423381
2.96,2.2199999999999998,1.6020000000000003,0.838309888,38.13763852311174,1282.2756800933585
2.96,2.2199999999999998,1.8010000000000004,0.838309888,48.47124321596007,1615.6143260443787
2.96,2.2199999999999998,2.0,0.838309888,58.80484790880838,1948.952971995398
2.96,2.59,0.01,0.838309888,0.04537076244302284,53.505533182980784
2.96,2.59,0.20900000000000002,0.838309888,0.9482489350591775,82.63033488232307
2.96,2.59,0.40800000000000003,0.838309888,1.8511271076753322,111.75513658166535
2.96,2.59,0.607,0.838309888,3.8449597922396244,176.07165604224807
2.96,2.59,0.806,0.838309888,6.77680944034811,270.64647488632727
2.96,2.59,1.0050000000000001,0.838309888,9.634994524433768,362.8450420006557
2.96,2.59,1.2040000000000002,0.838309888,24.512864941985026,842.7713917141831
2.96,2.59,1.4030000000000002,0.838309888,39.02608167283159,1310.9348406994375
2.96,2.59,1.6020000000000003,0.838309888,53.53929840367814,1779.0982896846917
2.96,2.59,1.8010000000000004,0.838309888,68.05251513452471,2247.2617386699467
2.96,2.59,2.0,0.838309888,82.56573186537125,2715.4251876552
2.96,2.96,0.01,0.838309888,0.05507551384910717,53.81858644843366
2.96,2.96,0.20900000000000002,0.838309888,1.1510782394463401,89.17314813028834
2.96,2.96,0.40800000000000003,0.838309888,2.2470809650435726,124.527709812143
2.96,2.96,0.607,0.838309888,4.925795359006424,210.93695958643082
2.96,2.96,0.806,0.838309888,8.965345953807004,341.24369818785755
2.96,2.96,1.0050000000000001,0.838309888,12.903400302507062,468.2763981309568
2.96,2.96,1.2040000000000002,0.838309888,32.8707805289035,1112.37878889326
2.96,2.96,1.4030000000000002,0.838309888,52.348764181123556,1740.6943563525654
2.96,2.96,1.6020000000000003,0.838309888,71.8267478333436,2369.0099238118705
2.96,2.96,1.8010000000000004,0.838309888,91.30473148556365,2997.325491271176
2.96,2.96,2.0,0.838309888,110.78271513778367,3625.64105873048
2.96,3.33,0.01,0.838309888,0.06534506101023696,54.14985874372384
2.96,3.33,0.20900000000000002,0.838309888,1.3657117751139527,96.0967391018529
2.96,3.33,0.40800000000000003,0.838309888,2.666078489217668,138.04361945998195
2.96,3.33,0.607,0.838309888,6.1408711654991555,250.13254874463087
2.96,3.33,0.806,0.838309888,11.485263734494245,422.5305294427362
2.96,3.33,1.0050000000000001,0.838309888,16.69537508316282,590.5969025856126
2.96,3.33,1.2040000000000002,0.838309888,42.579359115776754,1425.5555105165608
2.96,3.33,1.4030000000000002,0.838309888,67.82893177504229,2240.0494466844953
2.96,3.33,1.6020000000000003,0.838309888,93.07850443430783,3054.5433828524297
2.96,3.33,1.8010000000000004,0.838309888,118.32807709357337,3869.037319020364
2.96,3.33,2.0,0.838309888,143.57764975283885,4683.531255188296
3.33,0.0,0.01,1.0609859520000002,0.0,59.22500000000001
3.33,0.0,0.20900000000000002,1.0609859520000002,0.0,59.22500000000001
3.33,0.0,0.40800000000000003,1.0609859520000002,0.0,59.22500000000001
3.33,0.0,0.607,1.0609859520000002,0.0,59.22500000000001
3.33,0.0,0.806,1.0609859520000002,0.0,59.22500000000001
3.33,0.0,1.0050000000000001,1.0609859520000002,0.0,59.22500000000001
3.33,0.0,1.2040000000000002,1.0609859520000002,0.0,59.22500000000001
3.33,0.0,1.4030000000000002,1.0609859520000002,0.0,59.22500000000001
3.33,0.0,1.6020000000000003,1.0609859520000002,0.0,59.22500000000001
3.33,0.0,1.8010000000000004,1.0609859520000002,0.0,59.22500000000001
3.33,0.0,2.0,1.0609859520000002,0.0,59.22500000000001
3.33,0.37,0.01,1.0609859520000002,0.002691607922554952,59.31182516575814
3.33,0.37,0.20900000000000002,1.0609859520000002,0.0562546055813985,61.03964596434484
3.33,0.37,0.40800000000000003,1.0609859520000002,0.10981760324024205,62.767466762931555
3.33,0.37,0.607,1.0609859520000002,0.13500028238321216,63.57980286600952
3.33,0.37,0.806,1.0609859520000002,0.13578119233496394,63.60499324958465
3.33,0.37,1.0050000000000001,1.0609859520000002,0.13654248143365666,63.62955070894935
3.33,0.37,1.2040000000000002,1.0609859520000002,0.34091038353198416,70.2219956288188
3.33,0.37,1.4030000000000002,1.0609859520000002,0.5402692684220193,76.65286101633853
3.33,0.37,1.6020000000000003,1.0609859520000002,0.7396281533120544,83.08372640385824
3.33,0.37,1.8010000000000004,1.0609859520000002,0.9389870382020895,89.51459179137795
3.33,0.37,2.0,1.0609859520000002,1.1383459230921242,95.94545717889766
3.33,0.74,0.01,1.0609859520000002,0.007361970133143282,59.4624804561096
3.33,0.74,0.20900000000000002,1.0609859520000002,0.1538651757826946,64.18834153269046
3.33,0.74,0.40800000000000003,1.0609859520000002,0.30036838143224587,68.91420260927133
3.33,0.74,0.607,1.0609859520000002,0.42242000242375666,72.85131103239439
3.33,0.74,0.806,1.0609859520000002,0.5234478309990084,76.1102396039463
3.33,0.74,1.0050000000000001,1.0609859520000002,0.6219372719216154,79.28728554807228
3.33,0.74,1.2040000000000002,1.0609859520000002,1.5632237804395954,109.65105303556852
3.33,0.74,1.4030000000000002,1.0609859520000002,2.481439541199781,139.27061053562613
3.33,0.74,1.6020000000000003,1.0609859520000002,3.399655301959967,168.89016803568373
3.33,0.74,1.8010000000000004,1.0609859520000002,4.317871062720153,198.50972553574132
3.33,0.74,2.0,1.0609859520000002,5.236086823480337,228.12928303579886
3.33,1.1099999999999999,0.01,1.0609859520000002,0.013262099528920391,59.65280524616909
3.33,1.1099999999999999,0.20900000000000002,1.0609859520000002,0.2771778801544362,68.16612964493387
3.33,1.1099999999999999,0.40800000000000003,1.0609859520000002,0.5410936607799519,76.67945404369866
3.33,1.1099999999999999,0.607,1.0609859520000002,0.8443070593102242,86.46043045072517
3.33,1.1099999999999999,0.806,1.0609859520000002,1.181309063889446,97.33135064055618
3.33,1.1099999999999999,1.0050000000000001,1.0609859520000002,1.5098436814189384,107.9291321321502
3.33,1.1099999999999999,1.2040000000000002,1.0609859520000002,3.809854358270653,182.1222590692823
3.33,1.1099999999999999,1.4030000000000002,1.0609859520000002,6.0534922244152165,254.49692701285718
3.33,1.1099999999999999,1.6020000000000003,1.0609859520000002,8.29713009055978,326.8715949564321
3.33,1.1099999999999999,1.8010000000000004,1.0609859520000002,10.540767956704345,399.246262900007
3.33,1.1099999999999999,2.0,1.0609859520000002,12.784405822848903,471.62093084358173
3.33,1.48,0.01,1.0609859520000002,0.020136143822108696,59.87454632152536
3.33,1.48,0.20900000000000002,1.0609859520000002,0.42084540588207175,72.8005181198798
3.33,1.48,0.40800000000000003,1.0609859520000002,0.8215546679420348,85.72648991823422
3.33,1.48,0.607,1.0609859520000002,1.3975828624800588,104.30785277313456
3.33,1.48,0.806,1.0609859520000002,2.1243525690552945,127.75179485422393
3.33,1.48,1.0050000000000001,1.0609859520000002,2.8328617302391925,150.60669316443165
3.33,1.48,1.2040000000000002,1.0609859520000002,7.168216158729634,290.4553924194858
3.33,1.48,1.4030000000000002,1.0609859520000002,11.397311900247269,426.87642747711214
3.33,1.48,1.6020000000000003,1.0609859520000002,15.626407641764901,563.2974625347383
3.33,1.48,1.8010000000000004,1.0609859520000002,19.85550338328254,699.7184975923648
3.33,1.48,2.0,1.0609859520000002,24.084599124800164,836.1395326499908
3.33,1.85,0.01,1.0609859520000002,0.027838970371509567,60.12302203240191
3.33,1.85,0.20900000000000002,1.0609859520000002,0.58183448076455,77.99366047719992
3.33,1.85,0.40800000000000003,1.0609859520000002,1.1358299911575904,95.86429892199791
3.33,1.85,0.607,1.0609859520000002,2.0817645319096756,126.3780013854591
3.33,1.85,0.806,1.0609859520000002,3.3646933791386973,167.76237571543447
3.33,1.85,1.0050000000000001,1.0609859520000002,4.615387833221261,208.10694164515917
3.33,1.85,1.2040000000000002,1.0609859520000002,11.70396486993124,436.76835664700366
3.33,1.85,1.4030000000000002,1.0609859520000002,18.61880227338852,659.8253252027245
3.33,1.85,1.6020000000000003,1.0609859520000002,25.5336396768458,882.882293758445
3.33,1.85,1.8010000000000004,1.0609859520000002,32.44847708030308,1105.9392623141657
3.33,1.85,2.0,1.0609859520000002,39.36331448376035,1328.9962308698862
3.33,2.2199999999999998,0.01,1.0609859520000002,0.03627392378233431,60.395114495022455
3.33,2.2199999999999998,0.20900000000000002,1.0609859520000002,0.7581250070507871,83.68039294596917
3.33,2.2199999999999998,0.40800000000000003,1.0609859520000002,1.4799760903192398,106.96567139691591
3.33,2.2199999999999998,0.607,1.0609859520000002,2.8972830376857965,152.68477840505506
3.33,2.2199999999999998,0.806,1.0609859520000002,4.912552036426425,217.6927847333971
3.33,2.2199999999999998,1.0050000000000001,1.0609859520000002,6.877186135701207,281.06742406856466
3.33,2.2199999999999998,1.2040000000000002,1.0609859520000002,17.470429137415078,622.7814128826759
3.33,2.2199999999999998,1.4030000000000002,1.0609859520000002,27.804033830263407,956.1200588336961
3.33,2.2199999999999998,1.6020000000000003,1.0609859520000002,38.13763852311174,1289.4587047847165
3.33,2.2199999999999998,1.8010000000000004,1.0609859520000002,48.47124321596007,1622.7973507357367
3.33,2.2199999999999998,2.0,1.0609859520000002,58.80484790880838,1956.135996686756
3.33,2.59,0.01,1.0609859520000002,0.04537076244302284,60.68855787433881
3.33,2.59,0.20900000000000002,1.0609859520000002,0.9482489350591775,89.8133595736811
3.33,2.59,0.40800000000000003,1.0609859520000002,1.8511271076753322,118.93816127302338
3.33,2.59,0.607,1.0609859520000002,3.8449597922396244,183.2546807336061
3.33,2.59,0.806,1.0609859520000002,6.77680944034811,277.8294995776853
3.33,2.59,1.0050000000000001,1.0609859520000002,9.634994524433768,370.0280666920138
3.33,2.59,1.2040000000000002,1.0609859520000002,24.512864941985026,849.9544164055411
3.33,2.59,1.4030000000000002,1.0609859520000002,39.02608167283159,1318.1178653907955
3.33,2.59,1.6020000000000003,1.0609859520000002,53.53929840367814,1786.2813143760497
3.33,2.59,1.8010000000000004,1.0609859520000002,68.05251513452471,2254.4447633613045
3.33,2.59,2.0,1.0609859520000002,82.56573186537125,2722.608212346558
3.33,2.96,0.01,1.0609859520000002,0.05507551384910717,61.0016111397917
3.33,2.96,0.20900000000000002,1.0609859520000002,1.1510782394463401,96.35617282164637
3.33,2.96,0.40800000000000003,1.0609859520000002,2.2470809650435726,131.71073450350104
3.33,2.96,0.607,1.0609859520000002,4.925795359006424,218.11998427778886
3.33,2.96,0.806,1.0609859520000002,8.965345953807004,348.42672287921556
3.33,2.96,1.0050000000000001,1.0609859520000002,12.903400302507062,475.4594228223149
3.33,2.96,1.2040000000000002,1.0609859520000002,32.8707805289035,1119.561813584618
3.33,2.96,1.4030000000000002,1.0609859520000002,52.348764181123556,1747.8773810439234
3.33,2.96,1.6020000000000003,1.0609859520000002,71.8267478333436,2376.1929485032283
3.33,2.96,1.8010000000000004,1.0609859520000002,91.30473148556365,3004.5085159625337
3.33,2.96,2.0,1.0609859520000002,110.78271513778367,3632.824083421838
3.33,3.33,0.01,1.0609859520000002,0.06534506101023696,61.33288343508187
3.33,3.33,0.20900000000000002,1.0609859520000002,1.3657117751139527,103.27976379321095
3.33,3.33,0.40800000000000003,1.0609859520000002,2.666078489217668,145.22664415134
3.33,3.33,0.607,1.0609859520000002,6.1408711654991555,257.3155734359889
3.33,3.33,0.806,1.0609859520000002,11.485263734494245,429.7135541340943
3.33,3.33,1.0050000000000001,1.0609859520000002,16.69537508316282,597.7799272769706
3.33,3.33,1.2040000000000002,1.0609859520000002,42.579359115776754,1432.7385352079189
3.33,3.33,1.4030000000000002,1.0609859520000002,67.82893177504229,2247.2324713758535
3.33,3.33,1.6020000000000003,1.0609859520000002,93.07850443430783,3061.726407543788
3.33,3.33,1.8010000000000004,1.0609859520000002,118.32807709357337,3876.2203437117223
3.33,3.33,2.0,1.0609859520000002,143.57764975283885,4690.714279879654
