0.0,1.59,0.01,0.0,0.0019835203504347506,25.062473081903455
0.0,1.59,0.20900000000000002,0.0,0.04145557532408629,26.305687411782245
0.0,1.59,0.40800000000000003,0.0,0.08092763029773783,27.548901741661034
0.0,1.59,0.607,0.0,0.12569787137924415,28.958988074936823
0.0,1.59,0.806,0.0,0.17502356219834528,30.51255314010536
0.0,1.59,1.0050000000000001,0.0,0.22310991405214234,32.027083907154086
0.0,1.59,1.2040000000000002,0.0,0.27440967433727326,33.642824388575534
0.0,1.59,1.4030000000000002,0.0,0.32445208755659216,35.2189633876092
0.0,1.59,1.6020000000000003,0.0,0.374494500775911,36.79510238664287
0.0,1.59,1.8010000000000004,0.0,0.42453691399522997,38.371241385676534
0.0,1.59,2.0,0.0,0.4745793272145487,39.94738038471019
0.0,3.18,0.01,0.0,0.008546117423001676,25.269169052692966
0.0,3.18,0.20900000000000002,0.0,0.17861385414073502,30.625633201282994
0.0,3.18,0.40800000000000003,0.0,0.3486815908584684,35.982097349873015
0.0,3.18,0.607,0.0,0.5451668616438667,42.170609815554855
0.0,3.18,0.806,0.0,0.7643662738706218,49.074528310885725
0.0,3.18,1.0050000000000001,0.0,0.9780581631771067,55.80498151738919
0.0,3.18,1.2040000000000002,0.0,1.2731276040546764,65.0985072143205
0.0,3.18,1.4030000000000002,0.0,1.5609649507930898,74.16425041868
0.0,3.18,1.6020000000000003,0.0,1.8488022975315035,83.22999362303948
0.0,3.18,1.8010000000000004,0.0,2.136639644269917,92.29573682739895
0.0,3.18,2.0,0.0,2.4244769910083295,101.36148003175842
0.0,4.7700000000000005,0.01,0.0,0.020083037668166402,25.632536619469807
0.0,4.7700000000000005,0.20900000000000002,0.0,0.41973548726467785,38.220015346918984
0.0,4.7700000000000005,0.40800000000000003,0.0,0.8193879368611893,50.807494074368165
0.0,4.7700000000000005,0.607,0.0,1.2861235548554864,65.5078284993854
0.0,4.7700000000000005,0.806,0.0,1.810538158761899,82.02482389801256
0.0,4.7700000000000005,1.0050000000000001,0.0,2.321776516339004,98.12681941225209
0.0,4.7700000000000005,1.2040000000000002,0.0,3.1321860277200755,123.65152843212836
0.0,4.7700000000000005,1.4030000000000002,0.0,3.9227325608810215,148.55063183877235
0.0,4.7700000000000005,1.6020000000000003,0.0,4.713279094041968,173.44973524541632
0.0,4.7700000000000005,1.8010000000000004,0.0,5.5038256272029145,198.3488386520603
0.0,4.7700000000000005,2.0,0.0,6.29437216036386,223.24794205870424
0.0,6.36,0.01,0.0,0.036821463914763784,26.159731146921693
0.0,6.36,0.20900000000000002,0.0,0.7695685958185631,49.2383809706634
0.0,6.36,0.40800000000000003,0.0,1.5023157277223624,72.31703079440511
0.0,6.36,0.607,0.0,2.364621973693889,99.476282636028
0.0,6.36,0.806,0.0,3.338324841106827,130.14408948367958
0.0,6.36,1.0050000000000001,0.0,4.2875628123536105,160.04134842058616
0.0,6.36,1.2040000000000002,0.0,5.939622133252228,212.0747128583379
0.0,6.36,1.4030000000000002,0.0,7.5511898041288195,262.83274973634076
0.0,6.36,1.6020000000000003,0.0,9.162757475005412,313.5907866143437
0.0,6.36,1.8010000000000004,0.0,10.774325145882003,364.3488234923465
0.0,6.36,2.0,0.0,12.385892816758592,415.1068603703493
0.0,7.95,0.01,0.0,0.05892646735517984,26.8559517277222
0.0,7.95,0.20900000000000002,0.0,1.2315631677232586,63.789391109393975
0.0,7.95,0.40800000000000003,0.0,2.4041998680913377,100.72283049106575
0.0,7.95,0.607,0.0,3.792374823186908,144.4448763208475
0.0,7.95,0.806,0.0,5.365872389823874,194.00385479760234
0.0,7.95,1.0050000000000001,0.0,6.899834841721217,242.3176328101171
0.0,7.95,1.2040000000000002,0.0,9.763785468869882,332.52080216913015
0.0,7.95,1.4030000000000002,0.0,12.557541227706079,420.5131095340497
0.0,7.95,1.6020000000000003,0.0,15.351296986542275,508.50541689896926
0.0,7.95,1.8010000000000004,0.0,18.14505274537847,596.4977242638888
0.0,7.95,2.0,0.0,20.938808504214663,684.4900316288083
0.0,9.540000000000001,0.01,0.0,0.08652898271756942,27.72532229031715
0.0,9.540000000000001,0.20900000000000002,0.0,1.808455738797201,81.95923586762837
0.0,9.540000000000001,0.40800000000000003,0.0,3.5303824948768323,136.1931494449396
0.0,9.540000000000001,0.607,0.0,5.578699983231209,200.70708608602231
0.0,9.540000000000001,0.806,0.0,7.907652493728357,274.0599210623105
0.0,9.540000000000001,1.0050000000000001,0.0,10.178088609489397,345.569719983918
0.0,9.540000000000001,1.2040000000000002,0.0,14.661577215740838,486.7819595508925
0.0,9.540000000000001,1.4030000000000002,0.0,19.035176395368463,624.5331148147548
0.0,9.540000000000001,1.6020000000000003,0.0,23.408775574996096,762.2842700786172
0.0,9.540000000000001,1.8010000000000004,0.0,27.782374754623728,900.0354253424796
0.0,9.540000000000001,2.0,0.0,32.15597393425134,1037.7865806063414
0.0,11.13,0.01,0.0,0.11973807470290389,28.771277943398548
0.0,11.13,0.20900000000000002,0.0,2.5025257612906917,103.81970901702965
0.0,11.13,0.40800000000000003,0.0,4.885313447878478,178.86814009066075
0.0,11.13,0.607,0.0,7.73137693629014,268.50793500126423
0.0,11.13,0.806,0.0,10.975771020662517,370.6935754539375
0.0,11.13,1.0050000000000001,0.0,14.138647665729051,470.3117375032772
0.0,11.13,1.2040000000000002,0.0,20.68225219419361,676.4095179273578
0.0,11.13,1.4030000000000002,0.0,27.06547425872521,877.4558821645736
0.0,11.13,1.6020000000000003,0.0,33.44869632325682,1078.5022464017895
0.0,11.13,1.8010000000000004,0.0,39.83191838778842,1279.5486106390053
0.0,11.13,2.0,0.0,46.21514045232,1480.5949748762205
0.0,12.72,0.01,0.0,0.15864750479288908,29.996771804500444
0.0,12.72,0.20900000000000002,0.0,3.3157328501713828,129.43253071405928
0.0,12.72,0.40800000000000003,0.0,6.472818195549876,228.86828962361813
0.0,12.72,0.607,0.0,10.257106401309718,348.05846933258954
0.0,12.72,0.806,0.0,14.580671832818014,484.2337585139532
0.0,12.72,1.0050000000000001,0.0,18.79560496705223,616.9875580173931
0.0,12.72,1.2040000000000002,0.0,27.869532752991354,902.7805591493341
0.0,12.72,1.4030000000000002,0.0,36.72106034809863,1181.5688298613743
0.0,12.72,1.6020000000000003,0.0,45.57258794320592,1460.3571005734148
0.0,12.72,1.8010000000000004,0.0,54.42411553831318,1739.1453712854545
0.0,12.72,2.0,0.0,63.275643133420445,2017.9336419974943
0.0,14.31,0.01,0.0,0.20333968436098393,31.404399507432565
0.0,14.31,0.20900000000000002,0.0,4.249799403144564,158.85194970534062
0.0,14.31,0.40800000000000003,0.0,8.296259121928143,286.2994999032486
0.0,14.31,0.607,0.0,13.161787578654316,439.5444906662776
0.0,14.31,0.806,0.0,18.73156205305075,614.9704583638032
0.0,14.31,1.0050000000000001,0.0,24.16139244517592,785.9887384307376
0.0,14.31,1.2040000000000002,0.0,36.26292082861636,1167.139238696578
0.0,14.31,1.4030000000000002,0.0,48.067843124227366,1538.947814936295
0.0,14.31,1.6020000000000003,0.0,59.87276541983838,1910.7563911760121
0.0,14.31,1.8010000000000004,0.0,71.67768771544938,2282.5649674157285
0.0,14.31,2.0,0.0,83.48261001106037,2654.373543655445
1.59,0.0,0.01,0.03210687,0.0,26.01124
1.59,0.0,0.20900000000000002,0.03210687,0.0,26.01124
1.59,0.0,0.40800000000000003,0.03210687,0.0,26.01124
1.59,0.0,0.607,0.03210687,0.0,26.01124
1.59,0.0,0.806,0.03210687,0.0,26.01124
1.59,0.0,1.0050000000000001,0.03210687,0.0,26.01124
1.59,0.0,1.2040000000000002,0.03210687,0.0,26.01124
1.59,0.0,1.4030000000000002,0.03210687,0.0,26.01124
1.59,0.0,1.6020000000000003,0.03210687,0.0,26.01124
1.59,0.0,1.8010000000000004,0.03210687,0.0,26.01124
1.59,0.0,2.0,0.03210687,0.0,26.01124
1.59,1.59,0.01,0.03210687,0.0019835203504347506,26.073713081903456
1.59,1.59,0.20900000000000002,0.03210687,0.04145557532408629,27.316927411782245
1.59,1.59,0.40800000000000003,0.03210687,0.08092763029773783,28.560141741661035
1.59,1.59,0.607,0.03210687,0.12569787137924415,29.970228074936824
1.59,1.59,0.806,0.03210687,0.17502356219834528,31.52379314010536
1.59,1.59,1.0050000000000001,0.03210687,0.22310991405214234,33.03832390715409
1.59,1.59,1.2040000000000002,0.03210687,0.27440967433727326,34.654064388575534
1.59,1.59,1.4030000000000002,0.03210687,0.32445208755659216,36.2302033876092
1.59,1.59,1.6020000000000003,0.03210687,0.374494500775911,37.80634238664287
1.59,1.59,1.8010000000000004,0.03210687,0.42453691399522997,39.382481385676535
1.59,1.59,2.0,0.03210687,0.4745793272145487,40.958620384710194
1.59,3.18,0.01,0.03210687,0.008546117423001676,26.280409052692967
1.59,3.18,0.20900000000000002,0.03210687,0.17861385414073502,31.63687320128299
1.59,3.18,0.40800000000000003,0.03210687,0.3486815908584684,36.993337349873016
1.59,3.18,0.607,0.03210687,0.5451668616438667,43.181849815554855
1.59,3.18,0.806,0.03210687,0.7643662738706218,50.085768310885726
1.59,3.18,1.0050000000000001,0.03210687,0.9780581631771067,56.81622151738919
1.59,3.18,1.2040000000000002,0.03210687,1.2731276040546764,66.10974721432052
1.59,3.18,1.4030000000000002,0.03210687,1.5609649507930898,75.17549041868
1.59,3.18,1.6020000000000003,0.03210687,1.8488022975315035,84.24123362303948
1.59,3.18,1.8010000000000004,0.03210687,2.136639644269917,93.30697682739896
1.59,3.18,2.0,0.03210687,2.4244769910083295,102.37272003175842
1.59,4.7700000000000005,0.01,0.03210687,0.020083037668166402,26.643776619469808
1.59,4.7700000000000005,0.20900000000000002,0.03210687,0.41973548726467785,39.231255346918985
1.59,4.7700000000000005,0.40800000000000003,0.03210687,0.8193879368611893,51.818734074368166
1.59,4.7700000000000005,0.607,0.03210687,1.2861235548554864,66.5190684993854
1.59,4.7700000000000005,0.806,0.03210687,1.810538158761899,83.03606389801257
1.59,4.7700000000000005,1.0050000000000001,0.03210687,2.321776516339004,99.13805941225209
1.59,4.7700000000000005,1.2040000000000002,0.03210687,3.1321860277200755,124.66276843212836
1.59,4.7700000000000005,1.4030000000000002,0.03210687,3.9227325608810215,149.56187183877233
1.59,4.7700000000000005,1.6020000000000003,0.03210687,4.713279094041968,174.4609752454163
1.59,4.7700000000000005,1.8010000000000004,0.03210687,5.5038256272029145,199.36007865206028
1.59,4.7700000000000005,2.0,0.03210687,6.29437216036386,224.25918205870423
1.59,6.36,0.01,0.03210687,0.036821463914763784,27.170971146921694
1.59,6.36,0.20900000000000002,0.03210687,0.7695685958185631,50.2496209706634
1.59,6.36,0.40800000000000003,0.03210687,1.5023157277223624,73.32827079440511
1.59,6.36,0.607,0.03210687,2.364621973693889,100.487522636028
1.59,6.36,0.806,0.03210687,3.338324841106827,131.1553294836796
1.59,6.36,1.0050000000000001,0.03210687,4.2875628123536105,161.05258842058615
1.59,6.36,1.2040000000000002,0.03210687,5.939622133252228,213.0859528583379
1.59,6.36,1.4030000000000002,0.03210687,7.5511898041288195,263.84398973634075
1.59,6.36,1.6020000000000003,0.03210687,9.162757475005412,314.6020266143437
1.59,6.36,1.8010000000000004,0.03210687,10.774325145882003,365.3600634923465
1.59,6.36,2.0,0.03210687,12.385892816758592,416.1181003703493
1.59,7.95,0.01,0.03210687,0.05892646735517984,27.8671917277222
1.59,7.95,0.20900000000000002,0.03210687,1.2315631677232586,64.80063110939398
1.59,7.95,0.40800000000000003,0.03210687,2.4041998680913377,101.73407049106575
1.59,7.95,0.607,0.03210687,3.792374823186908,145.4561163208475
1.59,7.95,0.806,0.03210687,5.365872389823874,195.01509479760233
1.59,7.95,1.0050000000000001,0.03210687,6.899834841721217,243.32887281011708
1.59,7.95,1.2040000000000002,0.03210687,9.763785468869882,333.53204216913014
1.59,7.95,1.4030000000000002,0.03210687,12.557541227706079,421.5243495340497
1.59,7.95,1.6020000000000003,0.03210687,15.351296986542275,509.51665689896925
1.59,7.95,1.8010000000000004,0.03210687,18.14505274537847,597.5089642638889
1.59,7.95,2.0,0.03210687,20.938808504214663,685.5012716288082
1.59,9.540000000000001,0.01,0.03210687,0.08652898271756942,28.736562290317146
1.59,9.540000000000001,0.20900000000000002,0.03210687,1.808455738797201,82.97047586762838
1.59,9.540000000000001,0.40800000000000003,0.03210687,3.5303824948768323,137.2043894449396
1.59,9.540000000000001,0.607,0.03210687,5.578699983231209,201.7183260860223
1.59,9.540000000000001,0.806,0.03210687,7.907652493728357,275.07116106231047
1.59,9.540000000000001,1.0050000000000001,0.03210687,10.178088609489397,346.580959983918
1.59,9.540000000000001,1.2040000000000002,0.03210687,14.661577215740838,487.7931995508925
1.59,9.540000000000001,1.4030000000000002,0.03210687,19.035176395368463,625.5443548147548
1.59,9.540000000000001,1.6020000000000003,0.03210687,23.408775574996096,763.2955100786172
1.59,9.540000000000001,1.8010000000000004,0.03210687,27.782374754623728,901.0466653424796
1.59,9.540000000000001,2.0,0.03210687,32.15597393425134,1038.7978206063415
1.59,11.13,0.01,0.03210687,0.11973807470290389,29.782517943398545
1.59,11.13,0.20900000000000002,0.03210687,2.5025257612906917,104.83094901702965
1.59,11.13,0.40800000000000003,0.03210687,4.885313447878478,179.87938009066073
1.59,11.13,0.607,0.03210687,7.73137693629014,269.5191750012642
1.59,11.13,0.806,0.03210687,10.975771020662517,371.7048154539375
1.59,11.13,1.0050000000000001,0.03210687,14.138647665729051,471.3229775032772
1.59,11.13,1.2040000000000002,0.03210687,20.68225219419361,677.4207579273577
1.59,11.13,1.4030000000000002,0.03210687,27.06547425872521,878.4671221645735
1.59,11.13,1.6020000000000003,0.03210687,33.44869632325682,1079.5134864017896
1.59,11.13,1.8010000000000004,0.03210687,39.83191838778842,1280.5598506390054
1.59,11.13,2.0,0.03210687,46.21514045232,1481.6062148762207
1.59,12.72,0.01,0.03210687,0.15864750479288908,31.008011804500445
1.59,12.72,0.20900000000000002,0.03210687,3.3157328501713828,130.4437707140593
1.59,12.72,0.40800000000000003,0.03210687,6.472818195549876,229.8795296236181
1.59,12.72,0.607,0.03210687,10.257106401309718,349.0697093325895
1.59,12.72,0.806,0.03210687,14.580671832818014,485.2449985139532
1.59,12.72,1.0050000000000001,0.03210687,18.79560496705223,617.998798017393
1.59,12.72,1.2040000000000002,0.03210687,27.869532752991354,903.791799149334
1.59,12.72,1.4030000000000002,0.03210687,36.72106034809863,1182.5800698613743
1.59,12.72,1.6020000000000003,0.03210687,45.57258794320592,1461.3683405734148
1.59,12.72,1.8010000000000004,0.03210687,54.42411553831318,1740.1566112854548
1.59,12.72,2.0,0.03210687,63.275643133420445,2018.9448819974943
1.59,14.31,0.01,0.03210687,0.20333968436098393,32.415639507432566
1.59,14.31,0.20900000000000002,0.03210687,4.249799403144564,159.8631897053406
1.59,14.31,0.40800000000000003,0.03210687,8.296259121928143,287.3107399032486
1.59,14.31,0.607,0.03210687,13.161787578654316,440.5557306662776
1.59,14.31,0.806,0.03210687,18.73156205305075,615.9816983638032
1.59,14.31,1.0050000000000001,0.03210687,24.16139244517592,786.9999784307375
1.59,14.31,1.2040000000000002,0.03210687,36.26292082861636,1168.1504786965781
1.59,14.31,1.4030000000000002,0.03210687,48.067843124227366,1539.9590549362952
1.59,14.31,1.6020000000000003,0.03210687,59.87276541983838,1911.7676311760122
1.59,14.31,1.8010000000000004,0.03210687,71.67768771544938,2283.5762074157287
1.59,14.31,2.0,0.03210687,83.48261001106037,2655.384783655445
3.18,0.0,0.01,0.12842748,0.0,29.04496
3.18,0.0,0.20900000000000002,0.12842748,0.0,29.04496
3.18,0.0,0.40800000000000003,0.12842748,0.0,29.04496
3.18,0.0,0.607,0.12842748,0.0,29.04496
3.18,0.0,0.806,0.12842748,0.0,29.04496
3.18,0.0,1.0050000000000001,0.12842748,0.0,29.04496
3.18,0.0,1.2040000000000002,0.12842748,0.0,29.04496
3.18,0.0,1.4030000000000002,0.12842748,0.0,29.04496
3.18,0.0,1.6020000000000003,0.12842748,0.0,29.04496
3.18,0.0,1.8010000000000004,0.12842748,0.0,29.04496
3.18,0.0,2.0,0.12842748,0.0,29.04496
3.18,1.59,0.01,0.12842748,0.0019835203504347506,29.10743308190346
3.18,1.59,0.20900000000000002,0.12842748,0.04145557532408629,30.350647411782244
3.18,1.59,0.40800000000000003,0.12842748,0.08092763029773783,31.593861741661033
3.18,1.59,0.607,0.12842748,0.12569787137924415,33.00394807493682
3.18,1.59,0.806,0.12842748,0.17502356219834528,34.557513140105364
3.18,1.59,1.0050000000000001,0.12842748,0.22310991405214234,36.07204390715409
3.18,1.59,1.2040000000000002,0.12842748,0.27440967433727326,37.68778438857554
3.18,1.59,1.4030000000000002,0.12842748,0.32445208755659216,39.2639233876092
3.18,1.59,1.6020000000000003,0.12842748,0.374494500775911,40.84006238664287
3.18,1.59,1.8010000000000004,0.12842748,0.42453691399522997,42.41620138567654
3.18,1.59,2.0,0.12842748,0.4745793272145487,43.99234038471019
3.18,3.18,0.01,0.12842748,0.008546117423001676,29.314129052692966
3.18,3.18,0.20900000000000002,0.12842748,0.17861385414073502,34.67059320128299
3.18,3.18,0.40800000000000003,0.12842748,0.3486815908584684,40.02705734987302
3.18,3.18,0.607,0.12842748,0.5451668616438667,46.21556981555486
3.18,3.18,0.806,0.12842748,0.7643662738706218,53.11948831088573
3.18,3.18,1.0050000000000001,0.12842748,0.9780581631771067,59.84994151738919
3.18,3.18,1.2040000000000002,0.12842748,1.2731276040546764,69.14346721432051
3.18,3.18,1.4030000000000002,0.12842748,1.5609649507930898,78.20921041867999
3.18,3.18,1.6020000000000003,0.12842748,1.8488022975315035,87.27495362303948
3.18,3.18,1.8010000000000004,0.12842748,2.136639644269917,96.34069682739896
3.18,3.18,2.0,0.12842748,2.4244769910083295,105.40644003175841
3.18,4.7700000000000005,0.01,0.12842748,0.020083037668166402,29.677496619469807
3.18,4.7700000000000005,0.20900000000000002,0.12842748,0.41973548726467785,42.26497534691899
3.18,4.7700000000000005,0.40800000000000003,0.12842748,0.8193879368611893,54.85245407436817
3.18,4.7700000000000005,0.607,0.12842748,1.2861235548554864,69.5527884993854
3.18,4.7700000000000005,0.806,0.12842748,1.810538158761899,86.06978389801256
3.18,4.7700000000000005,1.0050000000000001,0.12842748,2.321776516339004,102.17177941225209
3.18,4.7700000000000005,1.2040000000000002,0.12842748,3.1321860277200755,127.69648843212835
3.18,4.7700000000000005,1.4030000000000002,0.12842748,3.9227325608810215,152.59559183877232
3.18,4.7700000000000005,1.6020000000000003,0.12842748,4.713279094041968,177.49469524541632
3.18,4.7700000000000005,1.8010000000000004,0.12842748,5.5038256272029145,202.39379865206033
3.18,4.7700000000000005,2.0,0.12842748,6.29437216036386,227.29290205870424
3.18,6.36,0.01,0.12842748,0.036821463914763784,30.204691146921697
3.18,6.36,0.20900000000000002,0.12842748,0.7695685958185631,53.2833409706634
3.18,6.36,0.40800000000000003,0.12842748,1.5023157277223624,76.36199079440512
3.18,6.36,0.607,0.12842748,2.364621973693889,103.521242636028
3.18,6.36,0.806,0.12842748,3.338324841106827,134.18904948367958
3.18,6.36,1.0050000000000001,0.12842748,4.2875628123536105,164.08630842058616
3.18,6.36,1.2040000000000002,0.12842748,5.939622133252228,216.1196728583379
3.18,6.36,1.4030000000000002,0.12842748,7.5511898041288195,266.87770973634076
3.18,6.36,1.6020000000000003,0.12842748,9.162757475005412,317.6357466143437
3.18,6.36,1.8010000000000004,0.12842748,10.774325145882003,368.3937834923466
3.18,6.36,2.0,0.12842748,12.385892816758592,419.1518203703493
3.18,7.95,0.01,0.12842748,0.05892646735517984,30.9009117277222
3.18,7.95,0.20900000000000002,0.12842748,1.2315631677232586,67.83435110939396
3.18,7.95,0.40800000000000003,0.12842748,2.4041998680913377,104.76779049106574
3.18,7.95,0.607,0.12842748,3.792374823186908,148.48983632084747
3.18,7.95,0.806,0.12842748,5.365872389823874,198.04881479760235
3.18,7.95,1.0050000000000001,0.12842748,6.899834841721217,246.3625928101171
3.18,7.95,1.2040000000000002,0.12842748,9.763785468869882,336.56576216913015
3.18,7.95,1.4030000000000002,0.12842748,12.557541227706079,424.5580695340497
3.18,7.95,1.6020000000000003,0.12842748,15.351296986542275,512.5503768989693
3.18,7.95,1.8010000000000004,0.12842748,18.14505274537847,600.5426842638888
3.18,7.95,2.0,0.12842748,20.938808504214663,688.5349916288083
3.18,9.540000000000001,0.01,0.12842748,0.08652898271756942,31.770282290317148
3.18,9.540000000000001,0.20900000000000002,0.12842748,1.808455738797201,86.00419586762837
3.18,9.540000000000001,0.40800000000000003,0.12842748,3.5303824948768323,140.2381094449396
3.18,9.540000000000001,0.607,0.12842748,5.578699983231209,204.75204608602232
3.18,9.540000000000001,0.806,0.12842748,7.907652493728357,278.1048810623105
3.18,9.540000000000001,1.0050000000000001,0.12842748,10.178088609489397,349.614679983918
3.18,9.540000000000001,1.2040000000000002,0.12842748,14.661577215740838,490.8269195508925
3.18,9.540000000000001,1.4030000000000002,0.12842748,19.035176395368463,628.5780748147547
3.18,9.540000000000001,1.6020000000000003,0.12842748,23.408775574996096,766.3292300786171
3.18,9.540000000000001,1.8010000000000004,0.12842748,27.782374754623728,904.0803853424795
3.18,9.540000000000001,2.0,0.12842748,32.15597393425134,1041.8315406063414
3.18,11.13,0.01,0.12842748,0.11973807470290389,32.81623794339855
3.18,11.13,0.20900000000000002,0.12842748,2.5025257612906917,107.86466901702966
3.18,11.13,0.40800000000000003,0.12842748,4.885313447878478,182.91310009066075
3.18,11.13,0.607,0.12842748,7.73137693629014,272.55289500126423
3.18,11.13,0.806,0.12842748,10.975771020662517,374.7385354539375
3.18,11.13,1.0050000000000001,0.12842748,14.138647665729051,474.3566975032772
3.18,11.13,1.2040000000000002,0.12842748,20.68225219419361,680.4544779273577
3.18,11.13,1.4030000000000002,0.12842748,27.06547425872521,881.5008421645736
3.18,11.13,1.6020000000000003,0.12842748,33.44869632325682,1082.5472064017895
3.18,11.13,1.8010000000000004,0.12842748,39.83191838778842,1283.5935706390053
3.18,11.13,2.0,0.12842748,46.21514045232,1484.6399348762204
3.18,12.72,0.01,0.12842748,0.15864750479288908,34.041731804500444
3.18,12.72,0.20900000000000002,0.12842748,3.3157328501713828,133.4774907140593
3.18,12.72,0.40800000000000003,0.12842748,6.472818195549876,232.91324962361813
3.18,12.72,0.607,0.12842748,10.257106401309718,352.10342933258954
3.18,12.72,0.806,0.12842748,14.580671832818014,488.2787185139532
3.18,12.72,1.0050000000000001,0.12842748,18.79560496705223,621.032518017393
3.18,12.72,1.2040000000000002,0.12842748,27.869532752991354,906.825519149334
3.18,12.72,1.4030000000000002,0.12842748,36.72106034809863,1185.6137898613742
3.18,12.72,1.6020000000000003,0.12842748,45.57258794320592,1464.4020605734147
3.18,12.72,1.8010000000000004,0.12842748,54.42411553831318,1743.1903312854545
3.18,12.72,2.0,0.12842748,63.275643133420445,2021.9786019974943
3.18,14.31,0.01,0.12842748,0.20333968436098393,35.44935950743256
3.18,14.31,0.20900000000000002,0.12842748,4.249799403144564,162.89690970534062
3.18,14.31,0.40800000000000003,0.12842748,8.296259121928143,290.3444599032486
3.18,14.31,0.607,0.12842748,13.161787578654316,443.5894506662776
3.18,14.31,0.806,0.12842748,18.73156205305075,619.0154183638032
3.18,14.31,1.0050000000000001,0.12842748,24.16139244517592,790.0336984307376
3.18,14.31,1.2040000000000002,0.12842748,36.26292082861636,1171.184198696578
3.18,14.31,1.4030000000000002,0.12842748,48.067843124227366,1542.9927749362948
3.18,14.31,1.6020000000000003,0.12842748,59.87276541983838,1914.801351176012
3.18,14.31,1.8010000000000004,0.12842748,71.67768771544938,2286.6099274157286
3.18,14.31,2.0,0.12842748,83.48261001106037,2658.4185036554445
4.7700000000000005,0.0,0.01,0.28896183000000003,0.0,34.10116
4.7700000000000005,0.0,0.20900000000000002,0.28896183000000003,0.0,34.10116
4.7700000000000005,0.0,0.40800000000000003,0.28896183000000003,0.0,34.10116
4.7700000000000005,0.0,0.607,0.28896183000000003,0.0,34.10116
4.7700000000000005,0.0,0.806,0.28896183000000003,0.0,34.10116
4.7700000000000005,0.0,1.0050000000000001,0.28896183000000003,0.0,34.10116
4.7700000000000005,0.0,1.2040000000000002,0.28896183000000003,0.0,34.10116
4.7700000000000005,0.0,1.4030000000000002,0.28896183000000003,0.0,34.10116
4.7700000000000005,0.0,1.6020000000000003,0.28896183000000003,0.0,34.10116
4.7700000000000005,0.0,1.8010000000000004,0.28896183000000003,0.0,34.10116
4.7700000000000005,0.0,2.0,0.28896183000000003,0.0,34.10116
4.7700000000000005,1.59,0.01,0.28896183000000003,0.0019835203504347506,34.163633081903455
4.7700000000000005,1.59,0.20900000000000002,0.28896183000000003,0.04145557532408629,35.406847411782245
4.7700000000000005,1.59,0.40800000000000003,0.28896183000000003,0.08092763029773783,36.650061741661034
4.7700000000000005,1.59,0.607,0.28896183000000003,0.12569787137924415,38.060148074936826
4.7700000000000005,1.59,0.806,0.28896183000000003,0.17502356219834528,39.61371314010536
4.7700000000000005,1.59,1.0050000000000001,0.28896183000000003,0.22310991405214234,41.128243907154086
4.7700000000000005,1.59,1.2040000000000002,0.28896183000000003,0.27440967433727326,42.74398438857554
4.7700000000000005,1.59,1.4030000000000002,0.28896183000000003,0.32445208755659216,44.3201233876092
4.7700000000000005,1.59,1.6020000000000003,0.28896183000000003,0.374494500775911,45.89626238664287
4.7700000000000005,1.59,1.8010000000000004,0.28896183000000003,0.42453691399522997,47.472401385676534
4.7700000000000005,1.59,2.0,0.28896183000000003,0.4745793272145487,49.04854038471019
4.7700000000000005,3.18,0.01,0.28896183000000003,0.008546117423001676,34.370329052692966
4.7700000000000005,3.18,0.20900000000000002,0.28896183000000003,0.17861385414073502,39.726793201282995
4.7700000000000005,3.18,0.40800000000000003,0.28896183000000003,0.3486815908584684,45.08325734987302
4.7700000000000005,3.18,0.607,0.28896183000000003,0.5451668616438667,51.271769815554855
4.7700000000000005,3.18,0.806,0.28896183000000003,0.7643662738706218,58.175688310885725
4.7700000000000005,3.18,1.0050000000000001,0.28896183000000003,0.9780581631771067,64.90614151738919
4.7700000000000005,3.18,1.2040000000000002,0.28896183000000003,1.2731276040546764,74.19966721432051
4.7700000000000005,3.18,1.4030000000000002,0.28896183000000003,1.5609649507930898,83.26541041867999
4.7700000000000005,3.18,1.6020000000000003,0.28896183000000003,1.8488022975315035,92.33115362303948
4.7700000000000005,3.18,1.8010000000000004,0.28896183000000003,2.136639644269917,101.39689682739896
4.7700000000000005,3.18,2.0,0.28896183000000003,2.4244769910083295,110.46264003175841
4.7700000000000005,4.7700000000000005,0.01,0.28896183000000003,0.020083037668166402,34.73369661946981
4.7700000000000005,4.7700000000000005,0.20900000000000002,0.28896183000000003,0.41973548726467785,47.32117534691899
4.7700000000000005,4.7700000000000005,0.40800000000000003,0.28896183000000003,0.8193879368611893,59.908654074368165
4.7700000000000005,4.7700000000000005,0.607,0.28896183000000003,1.2861235548554864,74.60898849938539
4.7700000000000005,4.7700000000000005,0.806,0.28896183000000003,1.810538158761899,91.12598389801258
4.7700000000000005,4.7700000000000005,1.0050000000000001,0.28896183000000003,2.321776516339004,107.2279794122521
4.7700000000000005,4.7700000000000005,1.2040000000000002,0.28896183000000003,3.1321860277200755,132.75268843212837
4.7700000000000005,4.7700000000000005,1.4030000000000002,0.28896183000000003,3.9227325608810215,157.65179183877234
4.7700000000000005,4.7700000000000005,1.6020000000000003,0.28896183000000003,4.713279094041968,182.5508952454163
4.7700000000000005,4.7700000000000005,1.8010000000000004,0.28896183000000003,5.5038256272029145,207.44999865206032
4.7700000000000005,4.7700000000000005,2.0,0.28896183000000003,6.29437216036386,232.34910205870423
4.7700000000000005,6.36,0.01,0.28896183000000003,0.036821463914763784,35.26089114692169
4.7700000000000005,6.36,0.20900000000000002,0.28896183000000003,0.7695685958185631,58.33954097066341
4.7700000000000005,6.36,0.40800000000000003,0.28896183000000003,1.5023157277223624,81.41819079440512
4.7700000000000005,6.36,0.607,0.28896183000000003,2.364621973693889,108.57744263602801
4.7700000000000005,6.36,0.806,0.28896183000000003,3.338324841106827,139.2452494836796
4.7700000000000005,6.36,1.0050000000000001,0.28896183000000003,4.2875628123536105,169.14250842058618
4.7700000000000005,6.36,1.2040000000000002,0.28896183000000003,5.939622133252228,221.1758728583379
4.7700000000000005,6.36,1.4030000000000002,0.28896183000000003,7.5511898041288195,271.93390973634075
4.7700000000000005,6.36,1.6020000000000003,0.28896183000000003,9.162757475005412,322.6919466143437
4.7700000000000005,6.36,1.8010000000000004,0.28896183000000003,10.774325145882003,373.4499834923466
4.7700000000000005,6.36,2.0,0.28896183000000003,12.385892816758592,424.20802037034935
4.7700000000000005,7.95,0.01,0.28896183000000003,0.05892646735517984,35.9571117277222
4.7700000000000005,7.95,0.20900000000000002,0.28896183000000003,1.2315631677232586,72.89055110939397
4.7700000000000005,7.95,0.40800000000000003,0.28896183000000003,2.4041998680913377,109.82399049106576
4.7700000000000005,7.95,0.607,0.28896183000000003,3.792374823186908,153.5460363208475
4.7700000000000005,7.95,0.806,0.28896183000000003,5.365872389823874,203.10501479760234
4.7700000000000005,7.95,1.0050000000000001,0.28896183000000003,6.899834841721217,251.41879281011708
4.7700000000000005,7.95,1.2040000000000002,0.28896183000000003,9.763785468869882,341.62196216913014
4.7700000000000005,7.95,1.4030000000000002,0.28896183000000003,12.557541227706079,429.6142695340497
4.7700000000000005,7.95,1.6020000000000003,0.28896183000000003,15.351296986542275,517.6065768989693
4.7700000000000005,7.95,1.8010000000000004,0.28896183000000003,18.14505274537847,605.5988842638889
4.7700000000000005,7.95,2.0,0.28896183000000003,20.938808504214663,693.5911916288082
4.7700000000000005,9.540000000000001,0.01,0.28896183000000003,0.08652898271756942,36.826482290317145
4.7700000000000005,9.540000000000001,0.20900000000000002,0.28896183000000003,1.808455738797201,91.06039586762837
4.7700000000000005,9.540000000000001,0.40800000000000003,0.28896183000000003,3.5303824948768323,145.2943094449396
4.7700000000000005,9.540000000000001,0.607,0.28896183000000003,5.578699983231209,209.8082460860223
4.7700000000000005,9.540000000000001,0.806,0.28896183000000003,7.907652493728357,283.1610810623105
4.7700000000000005,9.540000000000001,1.0050000000000001,0.28896183000000003,10.178088609489397,354.670879983918
4.7700000000000005,9.540000000000001,1.2040000000000002,0.28896183000000003,14.661577215740838,495.8831195508925
4.7700000000000005,9.540000000000001,1.4030000000000002,0.28896183000000003,19.035176395368463,633.6342748147548
4.7700000000000005,9.540000000000001,1.6020000000000003,0.28896183000000003,23.408775574996096,771.3854300786172
4.7700000000000005,9.540000000000001,1.8010000000000004,0.28896183000000003,27.782374754623728,909.1365853424796
4.7700000000000005,9.540000000000001,2.0,0.28896183000000003,32.15597393425134,1046.8877406063416
4.7700000000000005,11.13,0.01,0.28896183000000003,0.11973807470290389,37.87243794339855
4.7700000000000005,11.13,0.20900000000000002,0.28896183000000003,2.5025257612906917,112.92086901702966
4.7700000000000005,11.13,0.40800000000000003,0.28896183000000003,4.885313447878478,187.96930009066074
4.7700000000000005,11.13,0.607,0.28896183000000003,7.73137693629014,277.6090950012642
4.7700000000000005,11.13,0.806,0.28896183000000003,10.975771020662517,379.7947354539375
4.7700000000000005,11.13,1.0050000000000001,0.28896183000000003,14.138647665729051,479.41289750327724
4.7700000000000005,11.13,1.2040000000000002,0.28896183000000003,20.68225219419361,685.5106779273578
4.7700000000000005,11.13,1.4030000000000002,0.28896183000000003,27.06547425872521,886.5570421645735
4.7700000000000005,11.13,1.6020000000000003,0.28896183000000003,33.44869632325682,1087.6034064017895
4.7700000000000005,11.13,1.8010000000000004,0.28896183000000003,39.83191838778842,1288.6497706390053
4.7700000000000005,11.13,2.0,0.28896183000000003,46.21514045232,1489.6961348762206
4.7700000000000005,12.72,0.01,0.28896183000000003,0.15864750479288908,39.09793180450045
4.7700000000000005,12.72,0.20900000000000002,0.28896183000000003,3.3157328501713828,138.5336907140593
4.7700000000000005,12.72,0.40800000000000003,0.28896183000000003,6.472818195549876,237.96944962361815
4.7700000000000005,12.72,0.607,0.28896183000000003,10.257106401309718,357.15962933258953
4.7700000000000005,12.72,0.806,0.28896183000000003,14.580671832818014,493.3349185139532
4.7700000000000005,12.72,1.0050000000000001,0.28896183000000003,18.79560496705223,626.088718017393
4.7700000000000005,12.72,1.2040000000000002,0.28896183000000003,27.869532752991354,911.881719149334
4.7700000000000005,12.72,1.4030000000000002,0.28896183000000003,36.72106034809863,1190.6699898613742
4.7700000000000005,12.72,1.6020000000000003,0.28896183000000003,45.57258794320592,1469.4582605734147
4.7700000000000005,12.72,1.8010000000000004,0.28896183000000003,54.42411553831318,1748.2465312854547
4.7700000000000005,12.72,2.0,0.28896183000000003,63.275643133420445,2027.0348019974942
4.7700000000000005,14.31,0.01,0.28896183000000003,0.20333968436098393,40.505559507432565
4.7700000000000005,14.31,0.20900000000000002,0.28896183000000003,4.249799403144564,167.9531097053406
4.7700000000000005,14.31,0.40800000000000003,0.28896183000000003,8.296259121928143,295.40065990324865
4.7700000000000005,14.31,0.607,0.28896183000000003,13.161787578654316,448.6456506662777
4.7700000000000005,14.31,0.806,0.28896183000000003,18.73156205305075,624.0716183638032
4.7700000000000005,14.31,1.0050000000000001,0.28896183000000003,24.16139244517592,795.0898984307377
4.7700000000000005,14.31,1.2040000000000002,0.28896183000000003,36.26292082861636,1176.240398696578
4.7700000000000005,14.31,1.4030000000000002,0.28896183000000003,48.067843124227366,1548.048974936295
4.7700000000000005,14.31,1.6020000000000003,0.28896183000000003,59.87276541983838,1919.857551176012
4.7700000000000005,14.31,1.8010000000000004,0.28896183000000003,71.67768771544938,2291.6661274157286
4.7700000000000005,14.31,2.0,0.28896183000000003,83.48261001106037,2663.474703655445
6.36,0.0,0.01,0.51370992,0.0,41.17984
6.36,0.0,0.20900000000000002,0.51370992,0.0,41.17984
6.36,0.0,0.40800000000000003,0.51370992,0.0,41.17984
6.36,0.0,0.607,0.51370992,0.0,41.17984
6.36,0.0,0.806,0.51370992,0.0,41.17984
6.36,0.0,1.0050000000000001,0.51370992,0.0,41.17984
6.36,0.0,1.2040000000000002,0.51370992,0.0,41.17984
6.36,0.0,1.4030000000000002,0.51370992,0.0,41.17984
6.36,0.0,1.6020000000000003,0.51370992,0.0,41.17984
6.36,0.0,1.8010000000000004,0.51370992,0.0,41.17984
6.36,0.0,2.0,0.51370992,0.0,41.17984
6.36,1.59,0.01,0.51370992,0.0019835203504347506,41.24231308190346
6.36,1.59,0.20900000000000002,0.51370992,0.04145557532408629,42.48552741178224
6.36,1.59,0.40800000000000003,0.51370992,0.08092763029773783,43.72874174166103
6.36,1.59,0.607,0.51370992,0.12569787137924415,45.138828074936825
6.36,1.59,0.806,0.51370992,0.17502356219834528,46.69239314010537
6.36,1.59,1.0050000000000001,0.51370992,0.22310991405214234,48.20692390715409
6.36,1.59,1.2040000000000002,0.51370992,0.27440967433727326,49.82266438857553
6.36,1.59,1.4030000000000002,0.51370992,0.32445208755659216,51.398803387609206
6.36,1.59,1.6020000000000003,0.51370992,0.374494500775911,52.974942386642866
6.36,1.59,1.8010000000000004,0.51370992,0.42453691399522997,54.55108138567653
6.36,1.59,2.0,0.51370992,0.4745793272145487,56.1272203847102
6.36,3.18,0.01,0.51370992,0.008546117423001676,41.449009052692965
6.36,3.18,0.20900000000000002,0.51370992,0.17861385414073502,46.80547320128299
6.36,3.18,0.40800000000000003,0.51370992,0.3486815908584684,52.161937349873014
6.36,3.18,0.607,0.51370992,0.5451668616438667,58.35044981555485
6.36,3.18,0.806,0.51370992,0.7643662738706218,65.25436831088572
6.36,3.18,1.0050000000000001,0.51370992,0.9780581631771067,71.98482151738918
6.36,3.18,1.2040000000000002,0.51370992,1.2731276040546764,81.27834721432052
6.36,3.18,1.4030000000000002,0.51370992,1.5609649507930898,90.34409041868
6.36,3.18,1.6020000000000003,0.51370992,1.8488022975315035,99.40983362303949
6.36,3.18,1.8010000000000004,0.51370992,2.136639644269917,108.47557682739897
6.36,3.18,2.0,0.51370992,2.4244769910083295,117.54132003175842
6.36,4.7700000000000005,0.01,0.51370992,0.020083037668166402,41.81237661946981
6.36,4.7700000000000005,0.20900000000000002,0.51370992,0.41973548726467785,54.39985534691899
6.36,4.7700000000000005,0.40800000000000003,0.51370992,0.8193879368611893,66.98733407436816
6.36,4.7700000000000005,0.607,0.51370992,1.2861235548554864,81.6876684993854
6.36,4.7700000000000005,0.806,0.51370992,1.810538158761899,98.20466389801256
6.36,4.7700000000000005,1.0050000000000001,0.51370992,2.321776516339004,114.3066594122521
6.36,4.7700000000000005,1.2040000000000002,0.51370992,3.1321860277200755,139.83136843212833
6.36,4.7700000000000005,1.4030000000000002,0.51370992,3.9227325608810215,164.73047183877233
6.36,4.7700000000000005,1.6020000000000003,0.51370992,4.713279094041968,189.62957524541633
6.36,4.7700000000000005,1.8010000000000004,0.51370992,5.5038256272029145,214.5286786520603
6.36,4.7700000000000005,2.0,0.51370992,6.29437216036386,239.42778205870425
6.36,6.36,0.01,0.51370992,0.036821463914763784,42.33957114692169
6.36,6.36,0.20900000000000002,0.51370992,0.7695685958185631,65.4182209706634
6.36,6.36,0.40800000000000003,0.51370992,1.5023157277223624,88.49687079440511
6.36,6.36,0.607,0.51370992,2.364621973693889,115.65612263602802
6.36,6.36,0.806,0.51370992,3.338324841106827,146.3239294836796
6.36,6.36,1.0050000000000001,0.51370992,4.2875628123536105,176.22118842058617
6.36,6.36,1.2040000000000002,0.51370992,5.939622133252228,228.2545528583379
6.36,6.36,1.4030000000000002,0.51370992,7.5511898041288195,279.0125897363408
6.36,6.36,1.6020000000000003,0.51370992,9.162757475005412,329.77062661434366
6.36,6.36,1.8010000000000004,0.51370992,10.774325145882003,380.52866349234654
6.36,6.36,2.0,0.51370992,12.385892816758592,431.2867003703493
6.36,7.95,0.01,0.51370992,0.05892646735517984,43.0357917277222
6.36,7.95,0.20900000000000002,0.51370992,1.2315631677232586,79.96923110939397
6.36,7.95,0.40800000000000003,0.51370992,2.4041998680913377,116.90267049106575
6.36,7.95,0.607,0.51370992,3.792374823186908,160.62471632084748
6.36,7.95,0.806,0.51370992,5.365872389823874,210.18369479760233
6.36,7.95,1.0050000000000001,0.51370992,6.899834841721217,258.4974728101171
6.36,7.95,1.2040000000000002,0.51370992,9.763785468869882,348.70064216913016
6.36,7.95,1.4030000000000002,0.51370992,12.557541227706079,436.6929495340497
6.36,7.95,1.6020000000000003,0.51370992,15.351296986542275,524.6852568989693
6.36,7.95,1.8010000000000004,0.51370992,18.14505274537847,612.6775642638888
6.36,7.95,2.0,0.51370992,20.938808504214663,700.6698716288083
6.36,9.540000000000001,0.01,0.51370992,0.08652898271756942,43.90516229031715
6.36,9.540000000000001,0.20900000000000002,0.51370992,1.808455738797201,98.13907586762838
6.36,9.540000000000001,0.40800000000000003,0.51370992,3.5303824948768323,152.3729894449396
6.36,9.540000000000001,0.607,0.51370992,5.578699983231209,216.88692608602233
6.36,9.540000000000001,0.806,0.51370992,7.907652493728357,290.23976106231044
6.36,9.540000000000001,1.0050000000000001,0.51370992,10.178088609489397,361.74955998391795
6.36,9.540000000000001,1.2040000000000002,0.51370992,14.661577215740838,502.96179955089247
6.36,9.540000000000001,1.4030000000000002,0.51370992,19.035176395368463,640.7129548147548
6.36,9.540000000000001,1.6020000000000003,0.51370992,23.408775574996096,778.4641100786172
6.36,9.540000000000001,1.8010000000000004,0.51370992,27.782374754623728,916.2152653424796
6.36,9.540000000000001,2.0,0.51370992,32.15597393425134,1053.9664206063414
6.36,11.13,0.01,0.51370992,0.11973807470290389,44.95111794339854
6.36,11.13,0.20900000000000002,0.51370992,2.5025257612906917,119.99954901702966
6.36,11.13,0.40800000000000003,0.51370992,4.885313447878478,195.04798009066076
6.36,11.13,0.607,0.51370992,7.73137693629014,284.68777500126424
6.36,11.13,0.806,0.51370992,10.975771020662517,386.87341545393747
6.36,11.13,1.0050000000000001,0.51370992,14.138647665729051,486.4915775032772
6.36,11.13,1.2040000000000002,0.51370992,20.68225219419361,692.5893579273578
6.36,11.13,1.4030000000000002,0.51370992,27.06547425872521,893.6357221645736
6.36,11.13,1.6020000000000003,0.51370992,33.44869632325682,1094.6820864017895
6.36,11.13,1.8010000000000004,0.51370992,39.83191838778842,1295.7284506390054
6.36,11.13,2.0,0.51370992,46.21514045232,1496.7748148762205
6.36,12.72,0.01,0.51370992,0.15864750479288908,46.17661180450044
6.36,12.72,0.20900000000000002,0.51370992,3.3157328501713828,145.6123707140593
6.36,12.72,0.40800000000000003,0.51370992,6.472818195549876,245.04812962361814
6.36,12.72,0.607,0.51370992,10.257106401309718,364.23830933258955
6.36,12.72,0.806,0.51370992,14.580671832818014,500.41359851395316
6.36,12.72,1.0050000000000001,0.51370992,18.79560496705223,633.1673980173931
6.36,12.72,1.2040000000000002,0.51370992,27.869532752991354,918.9603991493341
6.36,12.72,1.4030000000000002,0.51370992,36.72106034809863,1197.7486698613743
6.36,12.72,1.6020000000000003,0.51370992,45.57258794320592,1476.5369405734148
6.36,12.72,1.8010000000000004,0.51370992,54.42411553831318,1755.3252112854545
6.36,12.72,2.0,0.51370992,63.275643133420445,2034.1134819974943
6.36,14.31,0.01,0.51370992,0.20333968436098393,47.584239507432564
6.36,14.31,0.20900000000000002,0.51370992,4.249799403144564,175.0317897053406
6.36,14.31,0.40800000000000003,0.51370992,8.296259121928143,302.4793399032486
6.36,14.31,0.607,0.51370992,13.161787578654316,455.72433066627764
6.36,14.31,0.806,0.51370992,18.73156205305075,631.1502983638032
6.36,14.31,1.0050000000000001,0.51370992,24.16139244517592,802.1685784307376
6.36,14.31,1.2040000000000002,0.51370992,36.26292082861636,1183.3190786965781
6.36,14.31,1.4030000000000002,0.51370992,48.067843124227366,1555.127654936295
6.36,14.31,1.6020000000000003,0.51370992,59.87276541983838,1926.9362311760121
6.36,14.31,1.8010000000000004,0.51370992,71.67768771544938,2298.7448074157282
6.36,14.31,2.0,0.51370992,83.48261001106037,2670.5533836554446
7.95,0.0,0.01,0.80267175,0.0,50.281
7.95,0.0,0.20900000000000002,0.80267175,0.0,50.281
7.95,0.0,0.40800000000000003,0.80267175,0.0,50.281
7.95,0.0,0.607,0.80267175,0.0,50.281
7.95,0.0,0.806,0.80267175,0.0,50.281
7.95,0.0,1.0050000000000001,0.80267175,0.0,50.281
7.95,0.0,1.2040000000000002,0.80267175,0.0,50.281
7.95,0.0,1.4030000000000002,0.80267175,0.0,50.281
7.95,0.0,1.6020000000000003,0.80267175,0.0,50.281
7.95,0.0,1.8010000000000004,0.80267175,0.0,50.281
7.95,0.0,2.0,0.80267175,0.0,50.281
7.95,1.59,0.01,0.80267175,0.0019835203504347506,50.343473081903454
7.95,1.59,0.20900000000000002,0.80267175,0.04145557532408629,51.58668741178225
7.95,1.59,0.40800000000000003,0.80267175,0.08092763029773783,52.82990174166103
7.95,1.59,0.607,0.80267175,0.12569787137924415,54.23998807493682
7.95,1.59,0.806,0.80267175,0.17502356219834528,55.79355314010536
7.95,1.59,1.0050000000000001,0.80267175,0.22310991405214234,57.30808390715409
7.95,1.59,1.2040000000000002,0.80267175,0.27440967433727326,58.92382438857554
7.95,1.59,1.4030000000000002,0.80267175,0.32445208755659216,60.499963387609206
7.95,1.59,1.6020000000000003,0.80267175,0.374494500775911,62.076102386642866
7.95,1.59,1.8010000000000004,0.80267175,0.42453691399522997,63.65224138567653
7.95,1.59,2.0,0.80267175,0.4745793272145487,65.22838038471019
7.95,3.18,0.01,0.80267175,0.008546117423001676,50.550169052692965
7.95,3.18,0.20900000000000002,0.80267175,0.17861385414073502,55.90663320128299
7.95,3.18,0.40800000000000003,0.80267175,0.3486815908584684,61.263097349873014
7.95,3.18,0.607,0.80267175,0.5451668616438667,67.45160981555486
7.95,3.18,0.806,0.80267175,0.7643662738706218,74.35552831088572
7.95,3.18,1.0050000000000001,0.80267175,0.9780581631771067,81.08598151738919
7.95,3.18,1.2040000000000002,0.80267175,1.2731276040546764,90.37950721432051
7.95,3.18,1.4030000000000002,0.80267175,1.5609649507930898,99.44525041867999
7.95,3.18,1.6020000000000003,0.80267175,1.8488022975315035,108.51099362303948
7.95,3.18,1.8010000000000004,0.80267175,2.136639644269917,117.57673682739896
7.95,3.18,2.0,0.80267175,2.4244769910083295,126.64248003175841
7.95,4.7700000000000005,0.01,0.80267175,0.020083037668166402,50.91353661946981
7.95,4.7700000000000005,0.20900000000000002,0.80267175,0.41973548726467785,63.50101534691899
7.95,4.7700000000000005,0.40800000000000003,0.80267175,0.8193879368611893,76.08849407436816
7.95,4.7700000000000005,0.607,0.80267175,1.2861235548554864,90.7888284993854
7.95,4.7700000000000005,0.806,0.80267175,1.810538158761899,107.30582389801256
7.95,4.7700000000000005,1.0050000000000001,0.80267175,2.321776516339004,123.4078194122521
7.95,4.7700000000000005,1.2040000000000002,0.80267175,3.1321860277200755,148.93252843212835
7.95,4.7700000000000005,1.4030000000000002,0.80267175,3.9227325608810215,173.83163183877235
7.95,4.7700000000000005,1.6020000000000003,0.80267175,4.713279094041968,198.73073524541633
7.95,4.7700000000000005,1.8010000000000004,0.80267175,5.5038256272029145,223.62983865206033
7.95,4.7700000000000005,2.0,0.80267175,6.29437216036386,248.52894205870425
7.95,6.36,0.01,0.80267175,0.036821463914763784,51.44073114692169
7.95,6.36,0.20900000000000002,0.80267175,0.7695685958185631,74.5193809706634
7.95,6.36,0.40800000000000003,0.80267175,1.5023157277223624,97.5980307944051
7.95,6.36,0.607,0.80267175,2.364621973693889,124.75728263602801
7.95,6.36,0.806,0.80267175,3.338324841106827,155.42508948367959
7.95,6.36,1.0050000000000001,0.80267175,4.2875628123536105,185.32234842058617
7.95,6.36,1.2040000000000002,0.80267175,5.939622133252228,237.3557128583379
7.95,6.36,1.4030000000000002,0.80267175,7.5511898041288195,288.11374973634076
7.95,6.36,1.6020000000000003,0.80267175,9.162757475005412,338.87178661434365
7.95,6.36,1.8010000000000004,0.80267175,10.774325145882003,389.62982349234653
7.95,6.36,2.0,0.80267175,12.385892816758592,440.3878603703493
7.95,7.95,0.01,0.80267175,0.05892646735517984,52.1369517277222
7.95,7.95,0.20900000000000002,0.80267175,1.2315631677232586,89.07039110939397
7.95,7.95,0.40800000000000003,0.80267175,2.4041998680913377,126.00383049106574
7.95,7.95,0.607,0.80267175,3.792374823186908,169.7258763208475
7.95,7.95,0.806,0.80267175,5.365872389823874,219.28485479760235
7.95,7.95,1.0050000000000001,0.80267175,6.899834841721217,267.5986328101171
7.95,7.95,1.2040000000000002,0.80267175,9.763785468869882,357.80180216913016
7.95,7.95,1.4030000000000002,0.80267175,12.557541227706079,445.7941095340497
7.95,7.95,1.6020000000000003,0.80267175,15.351296986542275,533.7864168989693
7.95,7.95,1.8010000000000004,0.80267175,18.14505274537847,621.7787242638889
7.95,7.95,2.0,0.80267175,20.938808504214663,709.7710316288084
7.95,9.540000000000001,0.01,0.80267175,0.08652898271756942,53.006322290317144
7.95,9.540000000000001,0.20900000000000002,0.80267175,1.808455738797201,107.24023586762837
7.95,9.540000000000001,0.40800000000000003,0.80267175,3.5303824948768323,161.4741494449396
7.95,9.540000000000001,0.607,0.80267175,5.578699983231209,225.9880860860223
7.95,9.540000000000001,0.806,0.80267175,7.907652493728357,299.34092106231043
7.95,9.540000000000001,1.0050000000000001,0.80267175,10.178088609489397,370.85071998391794
7.95,9.540000000000001,1.2040000000000002,0.80267175,14.661577215740838,512.0629595508925
7.95,9.540000000000001,1.4030000000000002,0.80267175,19.035176395368463,649.8141148147548
7.95,9.540000000000001,1.6020000000000003,0.80267175,23.408775574996096,787.5652700786172
7.95,9.540000000000001,1.8010000000000004,0.80267175,27.782374754623728,925.3164253424796
7.95,9.540000000000001,2.0,0.80267175,32.15597393425134,1063.0675806063416
7.95,11.13,0.01,0.80267175,0.11973807470290389,54.05227794339855
7.95,11.13,0.20900000000000002,0.80267175,2.5025257612906917,129.10070901702966
7.95,11.13,0.40800000000000003,0.80267175,4.885313447878478,204.14914009066075
7.95,11.13,0.607,0.80267175,7.73137693629014,293.78893500126424
7.95,11.13,0.806,0.80267175,10.975771020662517,395.9745754539375
7.95,11.13,1.0050000000000001,0.80267175,14.138647665729051,495.5927375032772
7.95,11.13,1.2040000000000002,0.80267175,20.68225219419361,701.6905179273579
7.95,11.13,1.4030000000000002,0.80267175,27.06547425872521,902.7368821645736
7.95,11.13,1.6020000000000003,0.80267175,33.44869632325682,1103.7832464017895
7.95,11.13,1.8010000000000004,0.80267175,39.83191838778842,1304.8296106390053
7.95,11.13,2.0,0.80267175,46.21514045232,1505.8759748762207
7.95,12.72,0.01,0.80267175,0.15864750479288908,55.277771804500446
7.95,12.72,0.20900000000000002,0.80267175,3.3157328501713828,154.71353071405932
7.95,12.72,0.40800000000000003,0.80267175,6.472818195549876,254.14928962361816
7.95,12.72,0.607,0.80267175,10.257106401309718,373.33946933258954
7.95,12.72,0.806,0.80267175,14.580671832818014,509.51475851395315
7.95,12.72,1.0050000000000001,0.80267175,18.79560496705223,642.268558017393
7.95,12.72,1.2040000000000002,0.80267175,27.869532752991354,928.061559149334
7.95,12.72,1.4030000000000002,0.80267175,36.72106034809863,1206.8498298613742
7.95,12.72,1.6020000000000003,0.80267175,45.57258794320592,1485.6381005734147
7.95,12.72,1.8010000000000004,0.80267175,54.42411553831318,1764.4263712854547
7.95,12.72,2.0,0.80267175,63.275643133420445,2043.2146419974945
7.95,14.31,0.01,0.80267175,0.20333968436098393,56.685399507432564
7.95,14.31,0.20900000000000002,0.80267175,4.249799403144564,184.13294970534062
7.95,14.31,0.40800000000000003,0.80267175,8.296259121928143,311.5804999032486
7.95,14.31,0.607,0.80267175,13.161787578654316,464.82549066627763
7.95,14.31,0.806,0.80267175,18.73156205305075,640.2514583638032
7.95,14.31,1.0050000000000001,0.80267175,24.16139244517592,811.2697384307377
7.95,14.31,1.2040000000000002,0.80267175,36.26292082861636,1192.420238696578
7.95,14.31,1.4030000000000002,0.80267175,48.067843124227366,1564.228814936295
7.95,14.31,1.6020000000000003,0.80267175,59.87276541983838,1936.037391176012
7.95,14.31,1.8010000000000004,0.80267175,71.67768771544938,2307.8459674157284
7.95,14.31,2.0,0.80267175,83.48261001106037,2679.6545436554447
9.540000000000001,0.0,0.01,1.1558473200000001,0.0,61.40464
9.540000000000001,0.0,0.20900000000000002,1.1558473200000001,0.0,61.40464
9.540000000000001,0.0,0.40800000000000003,1.1558473200000001,0.0,61.40464
9.540000000000001,0.0,0.607,1.1558473200000001,0.0,61.40464
9.540000000000001,0.0,0.806,1.1558473200000001,0.0,61.40464
9.540000000000001,0.0,1.0050000000000001,1.1558473200000001,0.0,61.40464
9.540000000000001,0.0,1.2040000000000002,1.1558473200000001,0.0,61.40464
9.540000000000001,0.0,1.4030000000000002,1.1558473200000001,0.0,61.40464
9.540000000000001,0.0,1.6020000000000003,1.1558473200000001,0.0,61.40464
9.540000000000001,0.0,1.8010000000000004,1.1558473200000001,0.0,61.40464
9.540000000000001,0.0,2.0,1.1558473200000001,0.0,61.40464
9.540000000000001,1.59,0.01,1.1558473200000001,0.0019835203504347506,61.467113081903456
9.540000000000001,1.59,0.20900000000000002,1.1558473200000001,0.04145557532408629,62.71032741178225
9.540000000000001,1.59,0.40800000000000003,1.1558473200000001,0.08092763029773783,63.953541741661034
9.540000000000001,1.59,0.607,1.1558473200000001,0.12569787137924415,65.36362807493683
9.540000000000001,1.59,0.806,1.1558473200000001,0.17502356219834528,66.91719314010535
9.540000000000001,1.59,1.0050000000000001,1.1558473200000001,0.22310991405214234,68.4317239071541
9.540000000000001,1.59,1.2040000000000002,1.1558473200000001,0.27440967433727326,70.04746438857553
9.540000000000001,1.59,1.4030000000000002,1.1558473200000001,0.32445208755659216,71.62360338760921
9.540000000000001,1.59,1.6020000000000003,1.1558473200000001,0.374494500775911,73.19974238664287
9.540000000000001,1.59,1.8010000000000004,1.1558473200000001,0.42453691399522997,74.77588138567654
9.540000000000001,1.59,2.0,1.1558473200000001,0.4745793272145487,76.35202038471019
9.540000000000001,3.18,0.01,1.1558473200000001,0.008546117423001676,61.673809052692974
9.540000000000001,3.18,0.20900000000000002,1.1558473200000001,0.17861385414073502,67.030273201283
9.540000000000001,3.18,0.40800000000000003,1.1558473200000001,0.3486815908584684,72.38673734987302
9.540000000000001,3.18,0.607,1.1558473200000001,0.5451668616438667,78.57524981555486
9.540000000000001,3.18,0.806,1.1558473200000001,0.7643662738706218,85.47916831088574
9.540000000000001,3.18,1.0050000000000001,1.1558473200000001,0.9780581631771067,92.2096215173892
9.540000000000001,3.18,1.2040000000000002,1.1558473200000001,1.2731276040546764,101.5031472143205
9.540000000000001,3.18,1.4030000000000002,1.1558473200000001,1.5609649507930898,110.56889041867998
9.540000000000001,3.18,1.6020000000000003,1.1558473200000001,1.8488022975315035,119.63463362303948
9.540000000000001,3.18,1.8010000000000004,1.1558473200000001,2.136639644269917,128.70037682739894
9.540000000000001,3.18,2.0,1.1558473200000001,2.4244769910083295,137.76612003175842
9.540000000000001,4.7700000000000005,0.01,1.1558473200000001,0.020083037668166402,62.037176619469804
9.540000000000001,4.7700000000000005,0.20900000000000002,1.1558473200000001,0.41973548726467785,74.62465534691898
9.540000000000001,4.7700000000000005,0.40800000000000003,1.1558473200000001,0.8193879368611893,87.21213407436817
9.540000000000001,4.7700000000000005,0.607,1.1558473200000001,1.2861235548554864,101.91246849938541
9.540000000000001,4.7700000000000005,0.806,1.1558473200000001,1.810538158761899,118.42946389801257
9.540000000000001,4.7700000000000005,1.0050000000000001,1.1558473200000001,2.321776516339004,134.5314594122521
9.540000000000001,4.7700000000000005,1.2040000000000002,1.1558473200000001,3.1321860277200755,160.05616843212837
9.540000000000001,4.7700000000000005,1.4030000000000002,1.1558473200000001,3.9227325608810215,184.95527183877232
9.540000000000001,4.7700000000000005,1.6020000000000003,1.1558473200000001,4.713279094041968,209.85437524541632
9.540000000000001,4.7700000000000005,1.8010000000000004,1.1558473200000001,5.5038256272029145,234.7534786520603
9.540000000000001,4.7700000000000005,2.0,1.1558473200000001,6.29437216036386,259.65258205870424
9.540000000000001,6.36,0.01,1.1558473200000001,0.036821463914763784,62.5643711469217
9.540000000000001,6.36,0.20900000000000002,1.1558473200000001,0.7695685958185631,85.6430209706634
9.540000000000001,6.36,0.40800000000000003,1.1558473200000001,1.5023157277223624,108.72167079440511
9.540000000000001,6.36,0.607,1.1558473200000001,2.364621973693889,135.880922636028
9.540000000000001,6.36,0.806,1.1558473200000001,3.338324841106827,166.54872948367958
9.540000000000001,6.36,1.0050000000000001,1.1558473200000001,4.2875628123536105,196.44598842058616
9.540000000000001,6.36,1.2040000000000002,1.1558473200000001,5.939622133252228,248.47935285833788
9.540000000000001,6.36,1.4030000000000002,1.1558473200000001,7.5511898041288195,299.2373897363408
9.540000000000001,6.36,1.6020000000000003,1.1558473200000001,9.162757475005412,349.99542661434367
9.540000000000001,6.36,1.8010000000000004,1.1558473200000001,10.774325145882003,400.75346349234655
9.540000000000001,6.36,2.0,1.1558473200000001,12.385892816758592,451.5115003703493
9.540000000000001,7.95,0.01,1.1558473200000001,0.05892646735517984,63.2605917277222
9.540000000000001,7.95,0.20900000000000002,1.1558473200000001,1.2315631677232586,100.19403110939396
9.540000000000001,7.95,0.40800000000000003,1.1558473200000001,2.4041998680913377,137.12747049106574
9.540000000000001,7.95,0.607,1.1558473200000001,3.792374823186908,180.8495163208475
9.540000000000001,7.95,0.806,1.1558473200000001,5.365872389823874,230.40849479760232
9.540000000000001,7.95,1.0050000000000001,1.1558473200000001,6.899834841721217,278.72227281011703
9.540000000000001,7.95,1.2040000000000002,1.1558473200000001,9.763785468869882,368.9254421691302
9.540000000000001,7.95,1.4030000000000002,1.1558473200000001,12.557541227706079,456.91774953404973
9.540000000000001,7.95,1.6020000000000003,1.1558473200000001,15.351296986542275,544.9100568989693
9.540000000000001,7.95,1.8010000000000004,1.1558473200000001,18.14505274537847,632.9023642638889
9.540000000000001,7.95,2.0,1.1558473200000001,20.938808504214663,720.8946716288083
9.540000000000001,9.540000000000001,0.01,1.1558473200000001,0.08652898271756942,64.12996229031715
9.540000000000001,9.540000000000001,0.20900000000000002,1.1558473200000001,1.808455738797201,118.36387586762837
9.540000000000001,9.540000000000001,0.40800000000000003,1.1558473200000001,3.5303824948768323,172.5977894449396
9.540000000000001,9.540000000000001,0.607,1.1558473200000001,5.578699983231209,237.11172608602232
9.540000000000001,9.540000000000001,0.806,1.1558473200000001,7.907652493728357,310.4645610623105
9.540000000000001,9.540000000000001,1.0050000000000001,1.1558473200000001,10.178088609489397,381.974359983918
9.540000000000001,9.540000000000001,1.2040000000000002,1.1558473200000001,14.661577215740838,523.1865995508925
9.540000000000001,9.540000000000001,1.4030000000000002,1.1558473200000001,19.035176395368463,660.9377548147548
9.540000000000001,9.540000000000001,1.6020000000000003,1.1558473200000001,23.408775574996096,798.6889100786173
9.540000000000001,9.540000000000001,1.8010000000000004,1.1558473200000001,27.782374754623728,936.4400653424797
9.540000000000001,9.540000000000001,2.0,1.1558473200000001,32.15597393425134,1074.1912206063414
9.540000000000001,11.13,0.01,1.1558473200000001,0.11973807470290389,65.17591794339856
9.540000000000001,11.13,0.20900000000000002,1.1558473200000001,2.5025257612906917,140.22434901702965
9.540000000000001,11.13,0.40800000000000003,1.1558473200000001,4.885313447878478,215.27278009066075
9.540000000000001,11.13,0.607,1.1558473200000001,7.73137693629014,304.9125750012642
9.540000000000001,11.13,0.806,1.1558473200000001,10.975771020662517,407.09821545393754
9.540000000000001,11.13,1.0050000000000001,1.1558473200000001,14.138647665729051,506.7163775032772
9.540000000000001,11.13,1.2040000000000002,1.1558473200000001,20.68225219419361,712.8141579273578
9.540000000000001,11.13,1.4030000000000002,1.1558473200000001,27.06547425872521,913.8605221645736
9.540000000000001,11.13,1.6020000000000003,1.1558473200000001,33.44869632325682,1114.9068864017895
9.540000000000001,11.13,1.8010000000000004,1.1558473200000001,39.83191838778842,1315.9532506390053
9.540000000000001,11.13,2.0,1.1558473200000001,46.21514045232,1516.9996148762207
9.540000000000001,12.72,0.01,1.1558473200000001,0.15864750479288908,66.40141180450044
9.540000000000001,12.72,0.20900000000000002,1.1558473200000001,3.3157328501713828,165.83717071405928
9.540000000000001,12.72,0.40800000000000003,1.1558473200000001,6.472818195549876,265.2729296236181
9.540000000000001,12.72,0.607,1.1558473200000001,10.257106401309718,384.46310933258957
9.540000000000001,12.72,0.806,1.1558473200000001,14.580671832818014,520.6383985139532
9.540000000000001,12.72,1.0050000000000001,1.1558473200000001,18.79560496705223,653.3921980173931
9.540000000000001,12.72,1.2040000000000002,1.1558473200000001,27.869532752991354,939.185199149334
9.540000000000001,12.72,1.4030000000000002,1.1558473200000001,36.72106034809863,1217.9734698613743
9.540000000000001,12.72,1.6020000000000003,1.1558473200000001,45.57258794320592,1496.7617405734147
9.540000000000001,12.72,1.8010000000000004,1.1558473200000001,54.42411553831318,1775.5500112854547
9.540000000000001,12.72,2.0,1.1558473200000001,63.275643133420445,2054.338281997494
9.540000000000001,14.31,0.01,1.1558473200000001,0.20333968436098393,67.80903950743257
9.540000000000001,14.31,0.20900000000000002,1.1558473200000001,4.249799403144564,195.2565897053406
9.540000000000001,14.31,0.40800000000000003,1.1558473200000001,8.296259121928143,322.70413990324863
9.540000000000001,14.31,0.607,1.1558473200000001,13.161787578654316,475.94913066627765
9.540000000000001,14.31,0.806,1.1558473200000001,18.73156205305075,651.3750983638032
9.540000000000001,14.31,1.0050000000000001,1.1558473200000001,24.16139244517592,822.3933784307376
9.540000000000001,14.31,1.2040000000000002,1.1558473200000001,36.26292082861636,1203.543878696578
9.540000000000001,14.31,1.4030000000000002,1.1558473200000001,48.067843124227366,1575.352454936295
9.540000000000001,14.31,1.6020000000000003,1.1558473200000001,59.87276541983838,1947.161031176012
9.540000000000001,14.31,1.8010000000000004,1.1558473200000001,71.67768771544938,2318.9696074157287
9.540000000000001,14.31,2.0,1.1558473200000001,83.48261001106037,2690.778183655445
11.13,0.0,0.01,1.57323663,0.0,74.55076
11.13,0.0,0.20900000000000002,1.57323663,0.0,74.55076
11.13,0.0,0.40800000000000003,1.57323663,0.0,74.55076
11.13,0.0,0.607,1.57323663,0.0,74.55076
11.13,0.0,0.806,1.57323663,0.0,74.55076
11.13,0.0,1.0050000000000001,1.57323663,0.0,74.55076
11.13,0.0,1.2040000000000002,1.57323663,0.0,74.55076
11.13,0.0,1.4030000000000002,1.57323663,0.0,74.55076
11.13,0.0,1.6020000000000003,1.57323663,0.0,74.55076
11.13,0.0,1.8010000000000004,1.57323663,0.0,74.55076
11.13,0.0,2.0,1.57323663,0.0,74.55076
11.13,1.59,0.01,1.57323663,0.0019835203504347506,74.61323308190346
11.13,1.59,0.20900000000000002,1.57323663,0.04145557532408629,75.85644741178226
11.13,1.59,0.40800000000000003,1.57323663,0.08092763029773783,77.09966174166104
11.13,1.59,0.607,1.57323663,0.12569787137924415,78.50974807493682
11.13,1.59,0.806,1.57323663,0.17502356219834528,80.06331314010536
11.13,1.59,1.0050000000000001,1.57323663,0.22310991405214234,81.57784390715409
11.13,1.59,1.2040000000000002,1.57323663,0.27440967433727326,83.19358438857554
11.13,1.59,1.4030000000000002,1.57323663,0.32445208755659216,84.7697233876092
11.13,1.59,1.6020000000000003,1.57323663,0.374494500775911,86.34586238664286
11.13,1.59,1.8010000000000004,1.57323663,0.42453691399522997,87.92200138567654
11.13,1.59,2.0,1.57323663,0.4745793272145487,89.4981403847102
11.13,3.18,0.01,1.57323663,0.008546117423001676,74.81992905269297
11.13,3.18,0.20900000000000002,1.57323663,0.17861385414073502,80.17639320128299
11.13,3.18,0.40800000000000003,1.57323663,0.3486815908584684,85.53285734987301
11.13,3.18,0.607,1.57323663,0.5451668616438667,91.72136981555487
11.13,3.18,0.806,1.57323663,0.7643662738706218,98.62528831088574
11.13,3.18,1.0050000000000001,1.57323663,0.9780581631771067,105.35574151738919
11.13,3.18,1.2040000000000002,1.57323663,1.2731276040546764,114.64926721432052
11.13,3.18,1.4030000000000002,1.57323663,1.5609649507930898,123.71501041868001
11.13,3.18,1.6020000000000003,1.57323663,1.8488022975315035,132.7807536230395
11.13,3.18,1.8010000000000004,1.57323663,2.136639644269917,141.84649682739897
11.13,3.18,2.0,1.57323663,2.4244769910083295,150.91224003175842
11.13,4.7700000000000005,0.01,1.57323663,0.020083037668166402,75.18329661946981
11.13,4.7700000000000005,0.20900000000000002,1.57323663,0.41973548726467785,87.77077534691898
11.13,4.7700000000000005,0.40800000000000003,1.57323663,0.8193879368611893,100.35825407436816
11.13,4.7700000000000005,0.607,1.57323663,1.2861235548554864,115.0585884993854
11.13,4.7700000000000005,0.806,1.57323663,1.810538158761899,131.57558389801255
11.13,4.7700000000000005,1.0050000000000001,1.57323663,2.321776516339004,147.6775794122521
11.13,4.7700000000000005,1.2040000000000002,1.57323663,3.1321860277200755,173.20228843212834
11.13,4.7700000000000005,1.4030000000000002,1.57323663,3.9227325608810215,198.10139183877234
11.13,4.7700000000000005,1.6020000000000003,1.57323663,4.713279094041968,223.00049524541632
11.13,4.7700000000000005,1.8010000000000004,1.57323663,5.5038256272029145,247.89959865206032
11.13,4.7700000000000005,2.0,1.57323663,6.29437216036386,272.79870205870424
11.13,6.36,0.01,1.57323663,0.036821463914763784,75.7104911469217
11.13,6.36,0.20900000000000002,1.57323663,0.7695685958185631,98.7891409706634
11.13,6.36,0.40800000000000003,1.57323663,1.5023157277223624,121.86779079440512
11.13,6.36,0.607,1.57323663,2.364621973693889,149.027042636028
11.13,6.36,0.806,1.57323663,3.338324841106827,179.6948494836796
11.13,6.36,1.0050000000000001,1.57323663,4.2875628123536105,209.5921084205862
11.13,6.36,1.2040000000000002,1.57323663,5.939622133252228,261.6254728583379
11.13,6.36,1.4030000000000002,1.57323663,7.5511898041288195,312.3835097363408
11.13,6.36,1.6020000000000003,1.57323663,9.162757475005412,363.14154661434367
11.13,6.36,1.8010000000000004,1.57323663,10.774325145882003,413.89958349234655
11.13,6.36,2.0,1.57323663,12.385892816758592,464.6576203703493
11.13,7.95,0.01,1.57323663,0.05892646735517984,76.4067117277222
11.13,7.95,0.20900000000000002,1.57323663,1.2315631677232586,113.34015110939399
11.13,7.95,0.40800000000000003,1.57323663,2.4041998680913377,150.27359049106576
11.13,7.95,0.607,1.57323663,3.792374823186908,193.9956363208475
11.13,7.95,0.806,1.57323663,5.365872389823874,243.55461479760234
11.13,7.95,1.0050000000000001,1.57323663,6.899834841721217,291.8683928101171
11.13,7.95,1.2040000000000002,1.57323663,9.763785468869882,382.0715621691301
11.13,7.95,1.4030000000000002,1.57323663,12.557541227706079,470.0638695340497
11.13,7.95,1.6020000000000003,1.57323663,15.351296986542275,558.0561768989693
11.13,7.95,1.8010000000000004,1.57323663,18.14505274537847,646.0484842638888
11.13,7.95,2.0,1.57323663,20.938808504214663,734.0407916288083
11.13,9.540000000000001,0.01,1.57323663,0.08652898271756942,77.27608229031716
11.13,9.540000000000001,0.20900000000000002,1.57323663,1.808455738797201,131.5099958676284
11.13,9.540000000000001,0.40800000000000003,1.57323663,3.5303824948768323,185.74390944493962
11.13,9.540000000000001,0.607,1.57323663,5.578699983231209,250.2578460860223
11.13,9.540000000000001,0.806,1.57323663,7.907652493728357,323.61068106231045
11.13,9.540000000000001,1.0050000000000001,1.57323663,10.178088609489397,395.12047998391796
11.13,9.540000000000001,1.2040000000000002,1.57323663,14.661577215740838,536.3327195508925
11.13,9.540000000000001,1.4030000000000002,1.57323663,19.035176395368463,674.0838748147547
11.13,9.540000000000001,1.6020000000000003,1.57323663,23.408775574996096,811.8350300786171
11.13,9.540000000000001,1.8010000000000004,1.57323663,27.782374754623728,949.5861853424796
11.13,9.540000000000001,2.0,1.57323663,32.15597393425134,1087.3373406063415
11.13,11.13,0.01,1.57323663,0.11973807470290389,78.32203794339856
11.13,11.13,0.20900000000000002,1.57323663,2.5025257612906917,153.37046901702968
11.13,11.13,0.40800000000000003,1.57323663,4.885313447878478,228.41890009066074
11.13,11.13,0.607,1.57323663,7.73137693629014,318.05869500126425
11.13,11.13,0.806,1.57323663,10.975771020662517,420.2443354539375
11.13,11.13,1.0050000000000001,1.57323663,14.138647665729051,519.8624975032772
11.13,11.13,1.2040000000000002,1.57323663,20.68225219419361,725.9602779273578
11.13,11.13,1.4030000000000002,1.57323663,27.06547425872521,927.0066421645736
11.13,11.13,1.6020000000000003,1.57323663,33.44869632325682,1128.0530064017894
11.13,11.13,1.8010000000000004,1.57323663,39.83191838778842,1329.0993706390054
11.13,11.13,2.0,1.57323663,46.21514045232,1530.1457348762206
11.13,12.72,0.01,1.57323663,0.15864750479288908,79.54753180450044
11.13,12.72,0.20900000000000002,1.57323663,3.3157328501713828,178.9832907140593
11.13,12.72,0.40800000000000003,1.57323663,6.472818195549876,278.41904962361815
11.13,12.72,0.607,1.57323663,10.257106401309718,397.6092293325895
11.13,12.72,0.806,1.57323663,14.580671832818014,533.7845185139531
11.13,12.72,1.0050000000000001,1.57323663,18.79560496705223,666.5383180173931
11.13,12.72,1.2040000000000002,1.57323663,27.869532752991354,952.331319149334
11.13,12.72,1.4030000000000002,1.57323663,36.72106034809863,1231.1195898613742
11.13,12.72,1.6020000000000003,1.57323663,45.57258794320592,1509.9078605734146
11.13,12.72,1.8010000000000004,1.57323663,54.42411553831318,1788.6961312854546
11.13,12.72,2.0,1.57323663,63.275643133420445,2067.4844019974944
11.13,14.31,0.01,1.57323663,0.20333968436098393,80.95515950743257
11.13,14.31,0.20900000000000002,1.57323663,4.249799403144564,208.4027097053406
11.13,14.31,0.40800000000000003,1.57323663,8.296259121928143,335.8502599032486
11.13,14.31,0.607,1.57323663,13.161787578654316,489.09525066627765
11.13,14.31,0.806,1.57323663,18.73156205305075,664.5212183638032
11.13,14.31,1.0050000000000001,1.57323663,24.16139244517592,835.5394984307376
11.13,14.31,1.2040000000000002,1.57323663,36.26292082861636,1216.6899986965782
11.13,14.31,1.4030000000000002,1.57323663,48.067843124227366,1588.498574936295
11.13,14.31,1.6020000000000003,1.57323663,59.87276541983838,1960.307151176012
11.13,14.31,1.8010000000000004,1.57323663,71.67768771544938,2332.1157274157285
11.13,14.31,2.0,1.57323663,83.48261001106037,2703.924303655445
12.72,0.0,0.01,2.05483968,0.0,89.71936
12.72,0.0,0.20900000000000002,2.05483968,0.0,89.71936
12.72,0.0,0.40800000000000003,2.05483968,0.0,89.71936
12.72,0.0,0.607,2.05483968,0.0,89.71936
12.72,0.0,0.806,2.05483968,0.0,89.71936
12.72,0.0,1.0050000000000001,2.05483968,0.0,89.71936
12.72,0.0,1.2040000000000002,2.05483968,0.0,89.71936
12.72,0.0,1.4030000000000002,2.05483968,0.0,89.71936
12.72,0.0,1.6020000000000003,2.05483968,0.0,89.71936
12.72,0.0,1.8010000000000004,2.05483968,0.0,89.71936
12.72,0.0,2.0,2.05483968,0.0,89.71936
12.72,1.59,0.01,2.05483968,0.0019835203504347506,89.78183308190346
12.72,1.59,0.20900000000000002,2.05483968,0.04145557532408629,91.02504741178224
12.72,1.59,0.40800000000000003,2.05483968,0.08092763029773783,92.26826174166104
12.72,1.59,0.607,2.05483968,0.12569787137924415,93.67834807493682
12.72,1.59,0.806,2.05483968,0.17502356219834528,95.23191314010536
12.72,1.59,1.0050000000000001,2.05483968,0.22310991405214234,96.74644390715409
12.72,1.59,1.2040000000000002,2.05483968,0.27440967433727326,98.36218438857554
12.72,1.59,1.4030000000000002,2.05483968,0.32445208755659216,99.9383233876092
12.72,1.59,1.6020000000000003,2.05483968,0.374494500775911,101.51446238664288
12.72,1.59,1.8010000000000004,2.05483968,0.42453691399522997,103.09060138567654
12.72,1.59,2.0,2.05483968,0.4745793272145487,104.6667403847102
12.72,3.18,0.01,2.05483968,0.008546117423001676,89.98852905269297
12.72,3.18,0.20900000000000002,2.05483968,0.17861385414073502,95.34499320128299
12.72,3.18,0.40800000000000003,2.05483968,0.3486815908584684,100.70145734987302
12.72,3.18,0.607,2.05483968,0.5451668616438667,106.88996981555485
12.72,3.18,0.806,2.05483968,0.7643662738706218,113.79388831088572
12.72,3.18,1.0050000000000001,2.05483968,0.9780581631771067,120.52434151738917
12.72,3.18,1.2040000000000002,2.05483968,1.2731276040546764,129.81786721432053
12.72,3.18,1.4030000000000002,2.05483968,1.5609649507930898,138.88361041868
12.72,3.18,1.6020000000000003,2.05483968,1.8488022975315035,147.94935362303949
12.72,3.18,1.8010000000000004,2.05483968,2.136639644269917,157.01509682739896
12.72,3.18,2.0,2.05483968,2.4244769910083295,166.0808400317584
12.72,4.7700000000000005,0.01,2.05483968,0.020083037668166402,90.35189661946981
12.72,4.7700000000000005,0.20900000000000002,2.05483968,0.41973548726467785,102.939375346919
12.72,4.7700000000000005,0.40800000000000003,2.05483968,0.8193879368611893,115.52685407436816
12.72,4.7700000000000005,0.607,2.05483968,1.2861235548554864,130.22718849938542
12.72,4.7700000000000005,0.806,2.05483968,1.810538158761899,146.74418389801258
12.72,4.7700000000000005,1.0050000000000001,2.05483968,2.321776516339004,162.8461794122521
12.72,4.7700000000000005,1.2040000000000002,2.05483968,3.1321860277200755,188.37088843212834
12.72,4.7700000000000005,1.4030000000000002,2.05483968,3.9227325608810215,213.26999183877234
12.72,4.7700000000000005,1.6020000000000003,2.05483968,4.713279094041968,238.16909524541632
12.72,4.7700000000000005,1.8010000000000004,2.05483968,5.5038256272029145,263.06819865206035
12.72,4.7700000000000005,2.0,2.05483968,6.29437216036386,287.96730205870426
12.72,6.36,0.01,2.05483968,0.036821463914763784,90.8790911469217
12.72,6.36,0.20900000000000002,2.05483968,0.7695685958185631,113.95774097066341
12.72,6.36,0.40800000000000003,2.05483968,1.5023157277223624,137.03639079440512
12.72,6.36,0.607,2.05483968,2.364621973693889,164.195642636028
12.72,6.36,0.806,2.05483968,3.338324841106827,194.8634494836796
12.72,6.36,1.0050000000000001,2.05483968,4.2875628123536105,224.76070842058616
12.72,6.36,1.2040000000000002,2.05483968,5.939622133252228,276.7940728583379
12.72,6.36,1.4030000000000002,2.05483968,7.5511898041288195,327.55210973634075
12.72,6.36,1.6020000000000003,2.05483968,9.162757475005412,378.3101466143437
12.72,6.36,1.8010000000000004,2.05483968,10.774325145882003,429.0681834923465
12.72,6.36,2.0,2.05483968,12.385892816758592,479.82622037034935
12.72,7.95,0.01,2.05483968,0.05892646735517984,91.5753117277222
12.72,7.95,0.20900000000000002,2.05483968,1.2315631677232586,128.50875110939398
12.72,7.95,0.40800000000000003,2.05483968,2.4041998680913377,165.44219049106576
12.72,7.95,0.607,2.05483968,3.792374823186908,209.1642363208475
12.72,7.95,0.806,2.05483968,5.365872389823874,258.72321479760234
12.72,7.95,1.0050000000000001,2.05483968,6.899834841721217,307.03699281011706
12.72,7.95,1.2040000000000002,2.05483968,9.763785468869882,397.2401621691302
12.72,7.95,1.4030000000000002,2.05483968,12.557541227706079,485.23246953404976
12.72,7.95,1.6020000000000003,2.05483968,15.351296986542275,573.2247768989693
12.72,7.95,1.8010000000000004,2.05483968,18.14505274537847,661.2170842638889
12.72,7.95,2.0,2.05483968,20.938808504214663,749.2093916288084
12.72,9.540000000000001,0.01,2.05483968,0.08652898271756942,92.44468229031715
12.72,9.540000000000001,0.20900000000000002,2.05483968,1.808455738797201,146.67859586762836
12.72,9.540000000000001,0.40800000000000003,2.05483968,3.5303824948768323,200.91250944493962
12.72,9.540000000000001,0.607,2.05483968,5.578699983231209,265.42644608602234
12.72,9.540000000000001,0.806,2.05483968,7.907652493728357,338.7792810623105
12.72,9.540000000000001,1.0050000000000001,2.05483968,10.178088609489397,410.28907998391793
12.72,9.540000000000001,1.2040000000000002,2.05483968,14.661577215740838,551.5013195508925
12.72,9.540000000000001,1.4030000000000002,2.05483968,19.035176395368463,689.2524748147548
12.72,9.540000000000001,1.6020000000000003,2.05483968,23.408775574996096,827.0036300786172
12.72,9.540000000000001,1.8010000000000004,2.05483968,27.782374754623728,964.7547853424796
12.72,9.540000000000001,2.0,2.05483968,32.15597393425134,1102.5059406063415
12.72,11.13,0.01,2.05483968,0.11973807470290389,93.49063794339854
12.72,11.13,0.20900000000000002,2.05483968,2.5025257612906917,168.53906901702965
12.72,11.13,0.40800000000000003,2.05483968,4.885313447878478,243.58750009066074
12.72,11.13,0.607,2.05483968,7.73137693629014,333.2272950012642
12.72,11.13,0.806,2.05483968,10.975771020662517,435.41293545393756
12.72,11.13,1.0050000000000001,2.05483968,14.138647665729051,535.0310975032772
12.72,11.13,1.2040000000000002,2.05483968,20.68225219419361,741.1288779273578
12.72,11.13,1.4030000000000002,2.05483968,27.06547425872521,942.1752421645735
12.72,11.13,1.6020000000000003,2.05483968,33.44869632325682,1143.2216064017894
12.72,11.13,1.8010000000000004,2.05483968,39.83191838778842,1344.2679706390052
12.72,11.13,2.0,2.05483968,46.21514045232,1545.3143348762205
12.72,12.72,0.01,2.05483968,0.15864750479288908,94.71613180450044
12.72,12.72,0.20900000000000002,2.05483968,3.3157328501713828,194.1518907140593
12.72,12.72,0.40800000000000003,2.05483968,6.472818195549876,293.5876496236181
12.72,12.72,0.607,2.05483968,10.257106401309718,412.77782933258953
12.72,12.72,0.806,2.05483968,14.580671832818014,548.9531185139532
12.72,12.72,1.0050000000000001,2.05483968,18.79560496705223,681.706918017393
12.72,12.72,1.2040000000000002,2.05483968,27.869532752991354,967.499919149334
12.72,12.72,1.4030000000000002,2.05483968,36.72106034809863,1246.2881898613741
12.72,12.72,1.6020000000000003,2.05483968,45.57258794320592,1525.0764605734146
12.72,12.72,1.8010000000000004,2.05483968,54.42411553831318,1803.8647312854546
12.72,12.72,2.0,2.05483968,63.275643133420445,2082.6530019974944
12.72,14.31,0.01,2.05483968,0.20333968436098393,96.12375950743257
12.72,14.31,0.20900000000000002,2.05483968,4.249799403144564,223.5713097053406
12.72,14.31,0.40800000000000003,2.05483968,8.296259121928143,351.0188599032486
12.72,14.31,0.607,2.05483968,13.161787578654316,504.2638506662777
12.72,14.31,0.806,2.05483968,18.73156205305075,679.6898183638032
12.72,14.31,1.0050000000000001,2.05483968,24.16139244517592,850.7080984307377
12.72,14.31,1.2040000000000002,2.05483968,36.26292082861636,1231.858598696578
12.72,14.31,1.4030000000000002,2.05483968,48.067843124227366,1603.667174936295
12.72,14.31,1.6020000000000003,2.05483968,59.87276541983838,1975.475751176012
12.72,14.31,1.8010000000000004,2.05483968,71.67768771544938,2347.284327415729
12.72,14.31,2.0,2.05483968,83.48261001106037,2719.092903655445
14.31,0.0,0.01,2.60065647,0.0,106.91044
14.31,0.0,0.20900000000000002,2.60065647,0.0,106.91044
14.31,0.0,0.40800000000000003,2.60065647,0.0,106.91044
14.31,0.0,0.607,2.60065647,0.0,106.91044
14.31,0.0,0.806,2.60065647,0.0,106.91044
14.31,0.0,1.0050000000000001,2.60065647,0.0,106.91044
14.31,0.0,1.2040000000000002,2.60065647,0.0,106.91044
14.31,0.0,1.4030000000000002,2.60065647,0.0,106.91044
14.31,0.0,1.6020000000000003,2.60065647,0.0,106.91044
14.31,0.0,1.8010000000000004,2.60065647,0.0,106.91044
14.31,0.0,2.0,2.60065647,0.0,106.91044
14.31,1.59,0.01,2.60065647,0.0019835203504347506,106.97291308190346
14.31,1.59,0.20900000000000002,2.60065647,0.04145557532408629,108.21612741178224
14.31,1.59,0.40800000000000003,2.60065647,0.08092763029773783,109.45934174166104
14.31,1.59,0.607,2.60065647,0.12569787137924415,110.86942807493682
14.31,1.59,0.806,2.60065647,0.17502356219834528,112.42299314010536
14.31,1.59,1.0050000000000001,2.60065647,0.22310991405214234,113.93752390715409
14.31,1.59,1.2040000000000002,2.60065647,0.27440967433727326,115.55326438857554
14.31,1.59,1.4030000000000002,2.60065647,0.32445208755659216,117.1294033876092
14.31,1.59,1.6020000000000003,2.60065647,0.374494500775911,118.70554238664286
14.31,1.59,1.8010000000000004,2.60065647,0.42453691399522997,120.28168138567654
14.31,1.59,2.0,2.60065647,0.4745793272145487,121.8578203847102
14.31,3.18,0.01,2.60065647,0.008546117423001676,107.17960905269297
14.31,3.18,0.20900000000000002,2.60065647,0.17861385414073502,112.53607320128299
14.31,3.18,0.40800000000000003,2.60065647,0.3486815908584684,117.89253734987302
14.31,3.18,0.607,2.60065647,0.5451668616438667,124.08104981555485
14.31,3.18,0.806,2.60065647,0.7643662738706218,130.98496831088573
14.31,3.18,1.0050000000000001,2.60065647,0.9780581631771067,137.7154215173892
14.31,3.18,1.2040000000000002,2.60065647,1.2731276040546764,147.00894721432053
14.31,3.18,1.4030000000000002,2.60065647,1.5609649507930898,156.07469041867998
14.31,3.18,1.6020000000000003,2.60065647,1.8488022975315035,165.14043362303948
14.31,3.18,1.8010000000000004,2.60065647,2.136639644269917,174.20617682739896
14.31,3.18,2.0,2.60065647,2.4244769910083295,183.2719200317584
14.31,4.7700000000000005,0.01,2.60065647,0.020083037668166402,107.54297661946981
14.31,4.7700000000000005,0.20900000000000002,2.60065647,0.41973548726467785,120.13045534691898
14.31,4.7700000000000005,0.40800000000000003,2.60065647,0.8193879368611893,132.71793407436815
14.31,4.7700000000000005,0.607,2.60065647,1.2861235548554864,147.4182684993854
14.31,4.7700000000000005,0.806,2.60065647,1.810538158761899,163.93526389801258
14.31,4.7700000000000005,1.0050000000000001,2.60065647,2.321776516339004,180.0372594122521
14.31,4.7700000000000005,1.2040000000000002,2.60065647,3.1321860277200755,205.56196843212837
14.31,4.7700000000000005,1.4030000000000002,2.60065647,3.9227325608810215,230.4610718387723
14.31,4.7700000000000005,1.6020000000000003,2.60065647,4.713279094041968,255.36017524541631
14.31,4.7700000000000005,1.8010000000000004,2.60065647,5.5038256272029145,280.2592786520603
14.31,4.7700000000000005,2.0,2.60065647,6.29437216036386,305.15838205870426
14.31,6.36,0.01,2.60065647,0.036821463914763784,108.07017114692168
14.31,6.36,0.20900000000000002,2.60065647,0.7695685958185631,131.1488209706634
14.31,6.36,0.40800000000000003,2.60065647,1.5023157277223624,154.22747079440512
14.31,6.36,0.607,2.60065647,2.364621973693889,181.386722636028
14.31,6.36,0.806,2.60065647,3.338324841106827,212.05452948367957
14.31,6.36,1.0050000000000001,2.60065647,4.2875628123536105,241.95178842058615
14.31,6.36,1.2040000000000002,2.60065647,5.939622133252228,293.98515285833787
14.31,6.36,1.4030000000000002,2.60065647,7.5511898041288195,344.7431897363408
14.31,6.36,1.6020000000000003,2.60065647,9.162757475005412,395.5012266143437
14.31,6.36,1.8010000000000004,2.60065647,10.774325145882003,446.2592634923466
14.31,6.36,2.0,2.60065647,12.385892816758592,497.0173003703493
14.31,7.95,0.01,2.60065647,0.05892646735517984,108.7663917277222
14.31,7.95,0.20900000000000002,2.60065647,1.2315631677232586,145.69983110939398
14.31,7.95,0.40800000000000003,2.60065647,2.4041998680913377,182.63327049106573
14.31,7.95,0.607,2.60065647,3.792374823186908,226.35531632084752
14.31,7.95,0.806,2.60065647,5.365872389823874,275.91429479760234
14.31,7.95,1.0050000000000001,2.60065647,6.899834841721217,324.22807281011706
14.31,7.95,1.2040000000000002,2.60065647,9.763785468869882,414.43124216913014
14.31,7.95,1.4030000000000002,2.60065647,12.557541227706079,502.4235495340497
14.31,7.95,1.6020000000000003,2.60065647,15.351296986542275,590.4158568989692
14.31,7.95,1.8010000000000004,2.60065647,18.14505274537847,678.4081642638888
14.31,7.95,2.0,2.60065647,20.938808504214663,766.4004716288083
14.31,9.540000000000001,0.01,2.60065647,0.08652898271756942,109.63576229031715
14.31,9.540000000000001,0.20900000000000002,2.60065647,1.808455738797201,163.86967586762836
14.31,9.540000000000001,0.40800000000000003,2.60065647,3.5303824948768323,218.1035894449396
14.31,9.540000000000001,0.607,2.60065647,5.578699983231209,282.61752608602234
14.31,9.540000000000001,0.806,2.60065647,7.907652493728357,355.9703610623105
14.31,9.540000000000001,1.0050000000000001,2.60065647,10.178088609489397,427.480159983918
14.31,9.540000000000001,1.2040000000000002,2.60065647,14.661577215740838,568.6923995508926
14.31,9.540000000000001,1.4030000000000002,2.60065647,19.035176395368463,706.4435548147549
14.31,9.540000000000001,1.6020000000000003,2.60065647,23.408775574996096,844.1947100786172
14.31,9.540000000000001,1.8010000000000004,2.60065647,27.782374754623728,981.9458653424797
14.31,9.540000000000001,2.0,2.60065647,32.15597393425134,1119.6970206063415
14.31,11.13,0.01,2.60065647,0.11973807470290389,110.68171794339854
14.31,11.13,0.20900000000000002,2.60065647,2.5025257612906917,185.73014901702965
14.31,11.13,0.40800000000000003,2.60065647,4.885313447878478,260.77858009066074
14.31,11.13,0.607,2.60065647,7.73137693629014,350.4183750012642
14.31,11.13,0.806,2.60065647,10.975771020662517,452.6040154539375
14.31,11.13,1.0050000000000001,2.60065647,14.138647665729051,552.2221775032772
14.31,11.13,1.2040000000000002,2.60065647,20.68225219419361,758.3199579273577
14.31,11.13,1.4030000000000002,2.60065647,27.06547425872521,959.3663221645736
14.31,11.13,1.6020000000000003,2.60065647,33.44869632325682,1160.4126864017894
14.31,11.13,1.8010000000000004,2.60065647,39.83191838778842,1361.4590506390055
14.31,11.13,2.0,2.60065647,46.21514045232,1562.5054148762206
14.31,12.72,0.01,2.60065647,0.15864750479288908,111.90721180450043
14.31,12.72,0.20900000000000002,2.60065647,3.3157328501713828,211.3429707140593
14.31,12.72,0.40800000000000003,2.60065647,6.472818195549876,310.7787296236181
14.31,12.72,0.607,2.60065647,10.257106401309718,429.96890933258953
14.31,12.72,0.806,2.60065647,14.580671832818014,566.1441985139533
14.31,12.72,1.0050000000000001,2.60065647,18.79560496705223,698.897998017393
14.31,12.72,1.2040000000000002,2.60065647,27.869532752991354,984.6909991493341
14.31,12.72,1.4030000000000002,2.60065647,36.72106034809863,1263.4792698613742
14.31,12.72,1.6020000000000003,2.60065647,45.57258794320592,1542.2675405734146
14.31,12.72,1.8010000000000004,2.60065647,54.42411553831318,1821.0558112854546
14.31,12.72,2.0,2.60065647,63.275643133420445,2099.844081997494
14.31,14.31,0.01,2.60065647,0.20333968436098393,113.31483950743257
14.31,14.31,0.20900000000000002,2.60065647,4.249799403144564,240.7623897053406
14.31,14.31,0.40800000000000003,2.60065647,8.296259121928143,368.2099399032486
14.31,14.31,0.607,2.60065647,13.161787578654316,521.4549306662776
14.31,14.31,0.806,2.60065647,18.73156205305075,696.8808983638032
14.31,14.31,1.0050000000000001,2.60065647,24.16139244517592,867.8991784307375
14.31,14.31,1.2040000000000002,2.60065647,36.26292082861636,1249.0496786965782
14.31,14.31,1.4030000000000002,2.60065647,48.067843124227366,1620.858254936295
14.31,14.31,1.6020000000000003,2.60065647,59.87276541983838,1992.666831176012
14.31,14.31,1.8010000000000004,2.60065647,71.67768771544938,2364.4754074157286
14.31,14.31,2.0,2.60065647,83.48261001106037,2736.283983655445
