0.0,1.22,0.01,0.0,0.0018793325723695,25.05896500289814
0.0,1.22,0.20900000000000002,0.0,0.039278050762522554,26.232368560571114
0.0,1.22,0.40800000000000003,0.0,0.0766767689526756,27.405772118244087
0.0,1.22,0.607,0.0,0.11110114139437856,28.485854084913985
0.0,1.22,0.806,0.0,0.14296813244489082,29.485696926609275
0.0,1.22,1.0050000000000001,0.0,0.17403444532830475,30.460418088864984
0.0,1.22,1.2040000000000002,0.0,0.26053283143789746,33.17434837593805
0.0,1.22,1.4030000000000002,0.0,0.34491115906441194,35.82176076381815
0.0,1.22,1.6020000000000003,0.0,0.4292894866909264,38.46917315169824
0.0,1.22,1.8010000000000004,0.0,0.5136678143174408,41.11658553957834
0.0,1.22,2.0,0.0,0.5980461419439551,43.76399792745843
0.0,2.44,0.01,0.0,0.0073447045723958595,25.23044379305961
0.0,2.44,0.20900000000000002,0.0,0.15350432556307347,29.81627527494583
0.0,2.44,0.40800000000000003,0.0,0.2996639465537511,34.40210675683205
0.0,2.44,0.607,0.0,0.4559070527345139,39.30431264854775
0.0,2.44,0.806,0.0,0.620820071415163,44.478541397313094
0.0,2.44,1.0050000000000001,0.0,0.7815895469128813,49.52276439862203
0.0,2.44,1.2040000000000002,0.0,1.1964415855917863,62.538955371228234
0.0,2.44,1.4030000000000002,0.0,1.6011256821462079,75.23612205529017
0.0,2.44,1.6020000000000003,0.0,2.0058097787006295,87.9332887393521
0.0,2.44,1.8010000000000004,0.0,2.410493875255051,100.630455423414
0.0,2.44,2.0,0.0,2.8151779718094723,113.32762210747592
0.0,3.66,0.01,0.0,0.016302529224018335,25.51150003840419
0.0,3.66,0.20900000000000002,0.0,0.34072286078198327,35.69035080264757
0.0,3.66,0.40800000000000003,0.0,0.6651431923399482,45.86920156689095
0.0,3.66,0.607,0.0,1.0433962493087785,57.73708111536077
0.0,3.66,0.806,0.0,1.4679353879392882,71.05720971195055
0.0,3.66,1.0050000000000001,0.0,1.8818077140413927,84.04266171063607
0.0,3.66,1.2040000000000002,0.0,2.9192064015738115,116.59156631443938
0.0,3.66,1.4030000000000002,0.0,3.9311786506863173,148.3427036485416
0.0,3.66,1.6020000000000003,0.0,4.943150899798823,180.0938409826438
0.0,3.66,1.8010000000000004,0.0,5.955123148911329,211.84497831674602
0.0,3.66,2.0,0.0,6.967095398023832,243.59611565084816
0.0,4.88,0.01,0.0,0.02870417192192764,25.90060780377534
0.0,4.88,0.20900000000000002,0.0,0.5999171931682876,43.82270309890461
0.0,4.88,0.40800000000000003,0.0,1.1711302144146478,61.74479839403388
0.0,4.88,0.607,0.0,1.8792401684841884,83.96210367985029
0.0,4.88,0.806,0.0,2.705055896569922,109.87248671466874
0.0,4.88,1.0050000000000001,0.0,3.510122485759029,135.13185510037115
0.0,4.88,1.2040000000000002,0.0,5.497438052861651,197.48487866659298
0.0,4.88,1.4030000000000002,0.0,7.436044905084305,258.3096418512897
0.0,4.88,1.6020000000000003,0.0,9.374651757306962,319.1344050359865
0.0,4.88,1.8010000000000004,0.0,11.313258609529615,379.95916822068324
0.0,4.88,2.0,0.0,13.251865461752265,440.78393140537986
0.0,6.1,0.01,0.0,0.044516090768434845,26.39671469529477
0.0,6.1,0.20900000000000002,0.0,0.9303862970602883,54.19133713166065
0.0,6.1,0.40800000000000003,0.0,1.8162565033521416,81.98595956802654
0.0,6.1,0.607,0.0,2.9677529408314864,118.11473835440155
0.0,6.1,0.806,0.0,4.347638287369235,161.40933381555078
0.0,6.1,1.0050000000000001,0.0,5.69285314781307,203.61612537064102
0.0,6.1,1.2040000000000002,0.0,8.982854760282555,306.8415775691063
0.0,6.1,1.4030000000000002,0.0,12.192219078328765,407.53699417447183
0.0,6.1,1.6020000000000003,0.0,15.401583396374976,508.2324107798374
0.0,6.1,1.8010000000000004,0.0,18.610947714421187,608.9278273852028
0.0,6.1,2.0,0.0,21.820312032467392,709.6232439905683
0.0,7.32,0.01,0.0,0.06371265133892587,26.99901642002152
0.0,7.32,0.20900000000000002,0.0,1.3315944129835506,66.77944317844975
0.0,7.32,0.40800000000000003,0.0,2.599476174628175,106.55986993687799
0.0,7.32,0.607,0.0,4.312465638252179,160.3057742925508
0.0,7.32,0.806,0.0,6.408164527877146,226.05937901220966
0.0,7.32,1.0050000000000001,0.0,8.451207666506509,290.1608831107715
0.0,7.32,1.2040000000000002,0.0,13.417576760056471,445.9832065780771
0.0,7.32,1.4030000000000002,0.0,18.262221120921385,597.9863554505957
0.0,7.32,1.6020000000000003,0.0,23.106865481786294,749.9895043231143
0.0,7.32,1.8010000000000004,0.0,27.951509842651205,901.9926531956328
0.0,7.32,2.0,0.0,32.79615420351611,1053.995802068151
0.0,8.54,0.01,0.0,0.08627311388876543,27.706862258056145
0.0,8.54,0.20900000000000002,0.0,1.8031080802751978,81.57342119337343
0.0,8.54,0.40800000000000003,0.0,3.51994304666163,135.4399801286907
0.0,8.54,0.607,0.0,5.916390633081531,210.62972618855204
0.0,8.54,0.806,0.0,8.897178042333948,304.15342753306817
0.0,8.54,1.0050000000000001,0.0,11.803071295574997,395.3272871352597
0.0,8.54,1.2040000000000002,0.0,18.837425179778837,616.0336715543059
0.0,8.54,1.4030000000000002,0.0,25.699368429565915,831.3305857670028
0.0,8.54,1.6020000000000003,0.0,32.56131167935299,1046.6274999796997
0.0,8.54,1.8010000000000004,0.0,39.423254929140064,1261.9244141923966
0.0,8.54,2.0,0.0,46.28519817892713,1477.2213284050933
0.0,9.76,0.01,0.0,0.11218007172408453,28.519706065640204
0.0,9.76,0.20900000000000002,0.0,2.344563499033367,98.56185677188024
0.0,9.76,0.40800000000000003,0.0,4.576946926342649,168.60400747812028
0.0,9.76,0.607,0.0,7.782167958103297,269.1694263963133
0.0,9.76,0.806,0.0,11.823847490887553,395.97915069300814
0.0,9.76,1.0050000000000001,0.0,15.763977286667176,519.6027010123989
0.0,9.76,1.2040000000000002,0.0,25.273728263940654,817.9759118957285
0.0,9.76,1.4030000000000002,0.0,34.55039710941821,1109.0360538848586
0.0,9.76,1.6020000000000003,0.0,43.827065954895765,1400.0961958739886
0.0,9.76,1.8010000000000004,0.0,53.10373480037332,1691.1563378631188
0.0,9.76,2.0,0.0,62.380403645850855,1982.2164798522483
0.0,10.98,0.01,0.0,0.14141853496684767,29.43707752782529
0.0,10.98,0.20900000000000002,0.0,2.9556473808071164,117.7349203315486
0.0,10.98,0.40800000000000003,0.0,5.769876226647385,206.03276313527186
0.0,10.98,0.607,0.0,9.912155719329553,335.9988616757515
0.0,10.98,0.806,0.0,15.196310534529992,501.7918716908256
0.0,10.98,1.0050000000000001,0.0,20.347697640805798,663.4192281879328
0.0,10.98,1.2040000000000002,0.0,32.7544284048639,1052.686634188752
0.0,10.98,1.4030000000000002,0.0,44.85707263058724,1432.4131723954329
0.0,10.98,1.6020000000000003,0.0,56.95971685631057,1812.139710602114
0.0,10.98,1.8010000000000004,0.0,69.0623610820339,2191.866248808795
0.0,10.98,2.0,0.0,81.16500530775723,2571.592787015475
1.22,0.0,0.01,0.029648928,0.0,25.93025
1.22,0.0,0.20900000000000002,0.029648928,0.0,25.93025
1.22,0.0,0.40800000000000003,0.029648928,0.0,25.93025
1.22,0.0,0.607,0.029648928,0.0,25.93025
1.22,0.0,0.806,0.029648928,0.0,25.93025
1.22,0.0,1.0050000000000001,0.029648928,0.0,25.93025
1.22,0.0,1.2040000000000002,0.029648928,0.0,25.93025
1.22,0.0,1.4030000000000002,0.029648928,0.0,25.93025
1.22,0.0,1.6020000000000003,0.029648928,0.0,25.93025
1.22,0.0,1.8010000000000004,0.029648928,0.0,25.93025
1.22,0.0,2.0,0.029648928,0.0,25.93025
1.22,1.22,0.01,0.029648928,0.0018793325723695,25.98921500289814
1.22,1.22,0.20900000000000002,0.029648928,0.039278050762522554,27.162618560571115
1.22,1.22,0.40800000000000003,0.029648928,0.0766767689526756,28.336022118244088
1.22,1.22,0.607,0.029648928,0.11110114139437856,29.416104084913986
1.22,1.22,0.806,0.029648928,0.14296813244489082,30.415946926609276
1.22,1.22,1.0050000000000001,0.029648928,0.17403444532830475,31.390668088864984
1.22,1.22,1.2040000000000002,0.029648928,0.26053283143789746,34.10459837593805
1.22,1.22,1.4030000000000002,0.029648928,0.34491115906441194,36.75201076381815
1.22,1.22,1.6020000000000003,0.029648928,0.4292894866909264,39.399423151698244
1.22,1.22,1.8010000000000004,0.029648928,0.5136678143174408,42.04683553957834
1.22,1.22,2.0,0.029648928,0.5980461419439551,44.694247927458434
1.22,2.44,0.01,0.029648928,0.0073447045723958595,26.160693793059608
1.22,2.44,0.20900000000000002,0.029648928,0.15350432556307347,30.74652527494583
1.22,2.44,0.40800000000000003,0.029648928,0.2996639465537511,35.33235675683205
1.22,2.44,0.607,0.029648928,0.4559070527345139,40.23456264854775
1.22,2.44,0.806,0.029648928,0.620820071415163,45.408791397313095
1.22,2.44,1.0050000000000001,0.029648928,0.7815895469128813,50.45301439862203
1.22,2.44,1.2040000000000002,0.029648928,1.1964415855917863,63.469205371228234
1.22,2.44,1.4030000000000002,0.029648928,1.6011256821462079,76.16637205529017
1.22,2.44,1.6020000000000003,0.029648928,2.0058097787006295,88.8635387393521
1.22,2.44,1.8010000000000004,0.029648928,2.410493875255051,101.560705423414
1.22,2.44,2.0,0.029648928,2.8151779718094723,114.25787210747592
1.22,3.66,0.01,0.029648928,0.016302529224018335,26.44175003840419
1.22,3.66,0.20900000000000002,0.029648928,0.34072286078198327,36.62060080264757
1.22,3.66,0.40800000000000003,0.029648928,0.6651431923399482,46.799451566890944
1.22,3.66,0.607,0.029648928,1.0433962493087785,58.667331115360774
1.22,3.66,0.806,0.029648928,1.4679353879392882,71.98745971195056
1.22,3.66,1.0050000000000001,0.029648928,1.8818077140413927,84.97291171063607
1.22,3.66,1.2040000000000002,0.029648928,2.9192064015738115,117.52181631443938
1.22,3.66,1.4030000000000002,0.029648928,3.9311786506863173,149.2729536485416
1.22,3.66,1.6020000000000003,0.029648928,4.943150899798823,181.0240909826438
1.22,3.66,1.8010000000000004,0.029648928,5.955123148911329,212.775228316746
1.22,3.66,2.0,0.029648928,6.967095398023832,244.52636565084813
1.22,4.88,0.01,0.029648928,0.02870417192192764,26.83085780377534
1.22,4.88,0.20900000000000002,0.029648928,0.5999171931682876,44.75295309890461
1.22,4.88,0.40800000000000003,0.029648928,1.1711302144146478,62.67504839403388
1.22,4.88,0.607,0.029648928,1.8792401684841884,84.89235367985029
1.22,4.88,0.806,0.029648928,2.705055896569922,110.80273671466874
1.22,4.88,1.0050000000000001,0.029648928,3.510122485759029,136.06210510037116
1.22,4.88,1.2040000000000002,0.029648928,5.497438052861651,198.41512866659298
1.22,4.88,1.4030000000000002,0.029648928,7.436044905084305,259.2398918512897
1.22,4.88,1.6020000000000003,0.029648928,9.374651757306962,320.0646550359865
1.22,4.88,1.8010000000000004,0.029648928,11.313258609529615,380.88941822068324
1.22,4.88,2.0,0.029648928,13.251865461752265,441.71418140537986
1.22,6.1,0.01,0.029648928,0.044516090768434845,27.32696469529477
1.22,6.1,0.20900000000000002,0.029648928,0.9303862970602883,55.12158713166065
1.22,6.1,0.40800000000000003,0.029648928,1.8162565033521416,82.91620956802655
1.22,6.1,0.607,0.029648928,2.9677529408314864,119.04498835440155
1.22,6.1,0.806,0.029648928,4.347638287369235,162.33958381555078
1.22,6.1,1.0050000000000001,0.029648928,5.69285314781307,204.546375370641
1.22,6.1,1.2040000000000002,0.029648928,8.982854760282555,307.7718275691063
1.22,6.1,1.4030000000000002,0.029648928,12.192219078328765,408.4672441744719
1.22,6.1,1.6020000000000003,0.029648928,15.401583396374976,509.1626607798374
1.22,6.1,1.8010000000000004,0.029648928,18.610947714421187,609.8580773852028
1.22,6.1,2.0,0.029648928,21.820312032467392,710.5534939905682
1.22,7.32,0.01,0.029648928,0.06371265133892587,27.92926642002152
1.22,7.32,0.20900000000000002,0.029648928,1.3315944129835506,67.70969317844975
1.22,7.32,0.40800000000000003,0.029648928,2.599476174628175,107.49011993687799
1.22,7.32,0.607,0.029648928,4.312465638252179,161.23602429255078
1.22,7.32,0.806,0.029648928,6.408164527877146,226.98962901220963
1.22,7.32,1.0050000000000001,0.029648928,8.451207666506509,291.0911331107715
1.22,7.32,1.2040000000000002,0.029648928,13.417576760056471,446.9134565780771
1.22,7.32,1.4030000000000002,0.029648928,18.262221120921385,598.9166054505956
1.22,7.32,1.6020000000000003,0.029648928,23.106865481786294,750.9197543231141
1.22,7.32,1.8010000000000004,0.029648928,27.951509842651205,902.9229031956327
1.22,7.32,2.0,0.029648928,32.79615420351611,1054.9260520681512
1.22,8.54,0.01,0.029648928,0.08627311388876543,28.637112258056145
1.22,8.54,0.20900000000000002,0.029648928,1.8031080802751978,82.50367119337344
1.22,8.54,0.40800000000000003,0.029648928,3.51994304666163,136.3702301286907
1.22,8.54,0.607,0.029648928,5.916390633081531,211.55997618855204
1.22,8.54,0.806,0.029648928,8.897178042333948,305.08367753306817
1.22,8.54,1.0050000000000001,0.029648928,11.803071295574997,396.2575371352597
1.22,8.54,1.2040000000000002,0.029648928,18.837425179778837,616.9639215543059
1.22,8.54,1.4030000000000002,0.029648928,25.699368429565915,832.2608357670028
1.22,8.54,1.6020000000000003,0.029648928,32.56131167935299,1047.5577499796998
1.22,8.54,1.8010000000000004,0.029648928,39.423254929140064,1262.8546641923967
1.22,8.54,2.0,0.029648928,46.28519817892713,1478.1515784050932
1.22,9.76,0.01,0.029648928,0.11218007172408453,29.449956065640205
1.22,9.76,0.20900000000000002,0.029648928,2.344563499033367,99.49210677188024
1.22,9.76,0.40800000000000003,0.029648928,4.576946926342649,169.53425747812025
1.22,9.76,0.607,0.029648928,7.782167958103297,270.09967639631327
1.22,9.76,0.806,0.029648928,11.823847490887553,396.90940069300814
1.22,9.76,1.0050000000000001,0.029648928,15.763977286667176,520.5329510123988
1.22,9.76,1.2040000000000002,0.029648928,25.273728263940654,818.9061618957284
1.22,9.76,1.4030000000000002,0.029648928,34.55039710941821,1109.9663038848587
1.22,9.76,1.6020000000000003,0.029648928,43.827065954895765,1401.0264458739887
1.22,9.76,1.8010000000000004,0.029648928,53.10373480037332,1692.086587863119
1.22,9.76,2.0,0.029648928,62.380403645850855,1983.1467298522484
1.22,10.98,0.01,0.029648928,0.14141853496684767,30.367327527825292
1.22,10.98,0.20900000000000002,0.029648928,2.9556473808071164,118.6651703315486
1.22,10.98,0.40800000000000003,0.029648928,5.769876226647385,206.96301313527186
1.22,10.98,0.607,0.029648928,9.912155719329553,336.9291116757515
1.22,10.98,0.806,0.029648928,15.196310534529992,502.7221216908256
1.22,10.98,1.0050000000000001,0.029648928,20.347697640805798,664.3494781879328
1.22,10.98,1.2040000000000002,0.029648928,32.7544284048639,1053.6168841887518
1.22,10.98,1.4030000000000002,0.029648928,44.85707263058724,1433.343422395433
1.22,10.98,1.6020000000000003,0.029648928,56.95971685631057,1813.069960602114
1.22,10.98,1.8010000000000004,0.029648928,69.0623610820339,2192.7964988087947
1.22,10.98,2.0,0.029648928,81.16500530775723,2572.523037015475
2.44,0.0,0.01,0.118595712,0.0,28.721
2.44,0.0,0.20900000000000002,0.118595712,0.0,28.721
2.44,0.0,0.40800000000000003,0.118595712,0.0,28.721
2.44,0.0,0.607,0.118595712,0.0,28.721
2.44,0.0,0.806,0.118595712,0.0,28.721
2.44,0.0,1.0050000000000001,0.118595712,0.0,28.721
2.44,0.0,1.2040000000000002,0.118595712,0.0,28.721
2.44,0.0,1.4030000000000002,0.118595712,0.0,28.721
2.44,0.0,1.6020000000000003,0.118595712,0.0,28.721
2.44,0.0,1.8010000000000004,0.118595712,0.0,28.721
2.44,0.0,2.0,0.118595712,0.0,28.721
2.44,1.22,0.01,0.118595712,0.0018793325723695,28.77996500289814
2.44,1.22,0.20900000000000002,0.118595712,0.039278050762522554,29.953368560571114
2.44,1.22,0.40800000000000003,0.118595712,0.0766767689526756,31.12677211824409
2.44,1.22,0.607,0.118595712,0.11110114139437856,32.206854084913985
2.44,1.22,0.806,0.118595712,0.14296813244489082,33.206696926609276
2.44,1.22,1.0050000000000001,0.118595712,0.17403444532830475,34.18141808886499
2.44,1.22,1.2040000000000002,0.118595712,0.26053283143789746,36.89534837593805
2.44,1.22,1.4030000000000002,0.118595712,0.34491115906441194,39.542760763818144
2.44,1.22,1.6020000000000003,0.118595712,0.4292894866909264,42.19017315169825
2.44,1.22,1.8010000000000004,0.118595712,0.5136678143174408,44.83758553957834
2.44,1.22,2.0,0.118595712,0.5980461419439551,47.48499792745844
2.44,2.44,0.01,0.118595712,0.0073447045723958595,28.95144379305961
2.44,2.44,0.20900000000000002,0.118595712,0.15350432556307347,33.53727527494583
2.44,2.44,0.40800000000000003,0.118595712,0.2996639465537511,38.12310675683205
2.44,2.44,0.607,0.118595712,0.4559070527345139,43.025312648547754
2.44,2.44,0.806,0.118595712,0.620820071415163,48.1995413973131
2.44,2.44,1.0050000000000001,0.118595712,0.7815895469128813,53.243764398622034
2.44,2.44,1.2040000000000002,0.118595712,1.1964415855917863,66.25995537122824
2.44,2.44,1.4030000000000002,0.118595712,1.6011256821462079,78.95712205529017
2.44,2.44,1.6020000000000003,0.118595712,2.0058097787006295,91.65428873935208
2.44,2.44,1.8010000000000004,0.118595712,2.410493875255051,104.351455423414
2.44,2.44,2.0,0.118595712,2.8151779718094723,117.04862210747591
2.44,3.66,0.01,0.118595712,0.016302529224018335,29.23250003840419
2.44,3.66,0.20900000000000002,0.118595712,0.34072286078198327,39.41135080264757
2.44,3.66,0.40800000000000003,0.118595712,0.6651431923399482,49.59020156689095
2.44,3.66,0.607,0.118595712,1.0433962493087785,61.45808111536078
2.44,3.66,0.806,0.118595712,1.4679353879392882,74.77820971195055
2.44,3.66,1.0050000000000001,0.118595712,1.8818077140413927,87.76366171063607
2.44,3.66,1.2040000000000002,0.118595712,2.9192064015738115,120.31256631443937
2.44,3.66,1.4030000000000002,0.118595712,3.9311786506863173,152.06370364854158
2.44,3.66,1.6020000000000003,0.118595712,4.943150899798823,183.8148409826438
2.44,3.66,1.8010000000000004,0.118595712,5.955123148911329,215.56597831674603
2.44,3.66,2.0,0.118595712,6.967095398023832,247.31711565084817
2.44,4.88,0.01,0.118595712,0.02870417192192764,29.62160780377534
2.44,4.88,0.20900000000000002,0.118595712,0.5999171931682876,47.543703098904615
2.44,4.88,0.40800000000000003,0.118595712,1.1711302144146478,65.46579839403388
2.44,4.88,0.607,0.118595712,1.8792401684841884,87.68310367985029
2.44,4.88,0.806,0.118595712,2.705055896569922,113.59348671466874
2.44,4.88,1.0050000000000001,0.118595712,3.510122485759029,138.85285510037113
2.44,4.88,1.2040000000000002,0.118595712,5.497438052861651,201.20587866659298
2.44,4.88,1.4030000000000002,0.118595712,7.436044905084305,262.0306418512897
2.44,4.88,1.6020000000000003,0.118595712,9.374651757306962,322.8554050359865
2.44,4.88,1.8010000000000004,0.118595712,11.313258609529615,383.68016822068324
2.44,4.88,2.0,0.118595712,13.251865461752265,444.50493140537986
2.44,6.1,0.01,0.118595712,0.044516090768434845,30.11771469529477
2.44,6.1,0.20900000000000002,0.118595712,0.9303862970602883,57.91233713166065
2.44,6.1,0.40800000000000003,0.118595712,1.8162565033521416,85.70695956802653
2.44,6.1,0.607,0.118595712,2.9677529408314864,121.83573835440156
2.44,6.1,0.806,0.118595712,4.347638287369235,165.1303338155508
2.44,6.1,1.0050000000000001,0.118595712,5.69285314781307,207.33712537064102
2.44,6.1,1.2040000000000002,0.118595712,8.982854760282555,310.5625775691063
2.44,6.1,1.4030000000000002,0.118595712,12.192219078328765,411.25799417447183
2.44,6.1,1.6020000000000003,0.118595712,15.401583396374976,511.9534107798374
2.44,6.1,1.8010000000000004,0.118595712,18.610947714421187,612.6488273852028
2.44,6.1,2.0,0.118595712,21.820312032467392,713.3442439905682
2.44,7.32,0.01,0.118595712,0.06371265133892587,30.72001642002152
2.44,7.32,0.20900000000000002,0.118595712,1.3315944129835506,70.50044317844976
2.44,7.32,0.40800000000000003,0.118595712,2.599476174628175,110.28086993687799
2.44,7.32,0.607,0.118595712,4.312465638252179,164.0267742925508
2.44,7.32,0.806,0.118595712,6.408164527877146,229.78037901220966
2.44,7.32,1.0050000000000001,0.118595712,8.451207666506509,293.8818831107715
2.44,7.32,1.2040000000000002,0.118595712,13.417576760056471,449.7042065780771
2.44,7.32,1.4030000000000002,0.118595712,18.262221120921385,601.7073554505956
2.44,7.32,1.6020000000000003,0.118595712,23.106865481786294,753.7105043231142
2.44,7.32,1.8010000000000004,0.118595712,27.951509842651205,905.7136531956327
2.44,7.32,2.0,0.118595712,32.79615420351611,1057.716802068151
2.44,8.54,0.01,0.118595712,0.08627311388876543,31.427862258056145
2.44,8.54,0.20900000000000002,0.118595712,1.8031080802751978,85.29442119337344
2.44,8.54,0.40800000000000003,0.118595712,3.51994304666163,139.1609801286907
2.44,8.54,0.607,0.118595712,5.916390633081531,214.35072618855207
2.44,8.54,0.806,0.118595712,8.897178042333948,307.8744275330682
2.44,8.54,1.0050000000000001,0.118595712,11.803071295574997,399.0482871352597
2.44,8.54,1.2040000000000002,0.118595712,18.837425179778837,619.7546715543059
2.44,8.54,1.4030000000000002,0.118595712,25.699368429565915,835.0515857670028
2.44,8.54,1.6020000000000003,0.118595712,32.56131167935299,1050.3484999796997
2.44,8.54,1.8010000000000004,0.118595712,39.423254929140064,1265.6454141923966
2.44,8.54,2.0,0.118595712,46.28519817892713,1480.9423284050933
2.44,9.76,0.01,0.118595712,0.11218007172408453,32.240706065640204
2.44,9.76,0.20900000000000002,0.118595712,2.344563499033367,102.28285677188023
2.44,9.76,0.40800000000000003,0.118595712,4.576946926342649,172.32500747812028
2.44,9.76,0.607,0.118595712,7.782167958103297,272.89042639631333
2.44,9.76,0.806,0.118595712,11.823847490887553,399.70015069300814
2.44,9.76,1.0050000000000001,0.118595712,15.763977286667176,523.3237010123989
2.44,9.76,1.2040000000000002,0.118595712,25.273728263940654,821.6969118957284
2.44,9.76,1.4030000000000002,0.118595712,34.55039710941821,1112.7570538848588
2.44,9.76,1.6020000000000003,0.118595712,43.827065954895765,1403.8171958739886
2.44,9.76,1.8010000000000004,0.118595712,53.10373480037332,1694.8773378631188
2.44,9.76,2.0,0.118595712,62.380403645850855,1985.9374798522483
2.44,10.98,0.01,0.118595712,0.14141853496684767,33.15807752782529
2.44,10.98,0.20900000000000002,0.118595712,2.9556473808071164,121.45592033154858
2.44,10.98,0.40800000000000003,0.118595712,5.769876226647385,209.7537631352719
2.44,10.98,0.607,0.118595712,9.912155719329553,339.71986167575153
2.44,10.98,0.806,0.118595712,15.196310534529992,505.5128716908256
2.44,10.98,1.0050000000000001,0.118595712,20.347697640805798,667.1402281879328
2.44,10.98,1.2040000000000002,0.118595712,32.7544284048639,1056.407634188752
2.44,10.98,1.4030000000000002,0.118595712,44.85707263058724,1436.134172395433
2.44,10.98,1.6020000000000003,0.118595712,56.95971685631057,1815.860710602114
2.44,10.98,1.8010000000000004,0.118595712,69.0623610820339,2195.587248808795
2.44,10.98,2.0,0.118595712,81.16500530775723,2575.313787015475
3.66,0.0,0.01,0.26684035200000006,0.0,33.37225
3.66,0.0,0.20900000000000002,0.26684035200000006,0.0,33.37225
3.66,0.0,0.40800000000000003,0.26684035200000006,0.0,33.37225
3.66,0.0,0.607,0.26684035200000006,0.0,33.37225
3.66,0.0,0.806,0.26684035200000006,0.0,33.37225
3.66,0.0,1.0050000000000001,0.26684035200000006,0.0,33.37225
3.66,0.0,1.2040000000000002,0.26684035200000006,0.0,33.37225
3.66,0.0,1.4030000000000002,0.26684035200000006,0.0,33.37225
3.66,0.0,1.6020000000000003,0.26684035200000006,0.0,33.37225
3.66,0.0,1.8010000000000004,0.26684035200000006,0.0,33.37225
3.66,0.0,2.0,0.26684035200000006,0.0,33.37225
3.66,1.22,0.01,0.26684035200000006,0.0018793325723695,33.43121500289814
3.66,1.22,0.20900000000000002,0.26684035200000006,0.039278050762522554,34.60461856057111
3.66,1.22,0.40800000000000003,0.26684035200000006,0.0766767689526756,35.778022118244095
3.66,1.22,0.607,0.26684035200000006,0.11110114139437856,36.85810408491399
3.66,1.22,0.806,0.26684035200000006,0.14296813244489082,37.85794692660927
3.66,1.22,1.0050000000000001,0.26684035200000006,0.17403444532830475,38.832668088864985
3.66,1.22,1.2040000000000002,0.26684035200000006,0.26053283143789746,41.546598375938046
3.66,1.22,1.4030000000000002,0.26684035200000006,0.34491115906441194,44.19401076381814
3.66,1.22,1.6020000000000003,0.26684035200000006,0.4292894866909264,46.84142315169825
3.66,1.22,1.8010000000000004,0.26684035200000006,0.5136678143174408,49.488835539578346
3.66,1.22,2.0,0.26684035200000006,0.5980461419439551,52.136247927458435
3.66,2.44,0.01,0.26684035200000006,0.0073447045723958595,33.602693793059615
3.66,2.44,0.20900000000000002,0.26684035200000006,0.15350432556307347,38.18852527494583
3.66,2.44,0.40800000000000003,0.26684035200000006,0.2996639465537511,42.77435675683205
3.66,2.44,0.607,0.26684035200000006,0.4559070527345139,47.67656264854775
3.66,2.44,0.806,0.26684035200000006,0.620820071415163,52.8507913973131
3.66,2.44,1.0050000000000001,0.26684035200000006,0.7815895469128813,57.89501439862203
3.66,2.44,1.2040000000000002,0.26684035200000006,1.1964415855917863,70.91120537122823
3.66,2.44,1.4030000000000002,0.26684035200000006,1.6011256821462079,83.60837205529018
3.66,2.44,1.6020000000000003,0.26684035200000006,2.0058097787006295,96.30553873935209
3.66,2.44,1.8010000000000004,0.26684035200000006,2.410493875255051,109.00270542341401
3.66,2.44,2.0,0.26684035200000006,2.8151779718094723,121.69987210747593
3.66,3.66,0.01,0.26684035200000006,0.016302529224018335,33.88375003840419
3.66,3.66,0.20900000000000002,0.26684035200000006,0.34072286078198327,44.062600802647566
3.66,3.66,0.40800000000000003,0.26684035200000006,0.6651431923399482,54.241451566890944
3.66,3.66,0.607,0.26684035200000006,1.0433962493087785,66.10933111536077
3.66,3.66,0.806,0.26684035200000006,1.4679353879392882,79.42945971195056
3.66,3.66,1.0050000000000001,0.26684035200000006,1.8818077140413927,92.41491171063606
3.66,3.66,1.2040000000000002,0.26684035200000006,2.9192064015738115,124.96381631443937
3.66,3.66,1.4030000000000002,0.26684035200000006,3.9311786506863173,156.71495364854158
3.66,3.66,1.6020000000000003,0.26684035200000006,4.943150899798823,188.4660909826438
3.66,3.66,1.8010000000000004,0.26684035200000006,5.955123148911329,220.21722831674603
3.66,3.66,2.0,0.26684035200000006,6.967095398023832,251.96836565084814
3.66,4.88,0.01,0.26684035200000006,0.02870417192192764,34.27285780377534
3.66,4.88,0.20900000000000002,0.26684035200000006,0.5999171931682876,52.19495309890461
3.66,4.88,0.40800000000000003,0.26684035200000006,1.1711302144146478,70.11704839403387
3.66,4.88,0.607,0.26684035200000006,1.8792401684841884,92.3343536798503
3.66,4.88,0.806,0.26684035200000006,2.705055896569922,118.24473671466875
3.66,4.88,1.0050000000000001,0.26684035200000006,3.510122485759029,143.50410510037116
3.66,4.88,1.2040000000000002,0.26684035200000006,5.497438052861651,205.85712866659298
3.66,4.88,1.4030000000000002,0.26684035200000006,7.436044905084305,266.6818918512897
3.66,4.88,1.6020000000000003,0.26684035200000006,9.374651757306962,327.50665503598646
3.66,4.88,1.8010000000000004,0.26684035200000006,11.313258609529615,388.3314182206832
3.66,4.88,2.0,0.26684035200000006,13.251865461752265,449.1561814053798
3.66,6.1,0.01,0.26684035200000006,0.044516090768434845,34.76896469529477
3.66,6.1,0.20900000000000002,0.26684035200000006,0.9303862970602883,62.563587131660654
3.66,6.1,0.40800000000000003,0.26684035200000006,1.8162565033521416,90.35820956802654
3.66,6.1,0.607,0.26684035200000006,2.9677529408314864,126.48698835440156
3.66,6.1,0.806,0.26684035200000006,4.347638287369235,169.7815838155508
3.66,6.1,1.0050000000000001,0.26684035200000006,5.69285314781307,211.98837537064102
3.66,6.1,1.2040000000000002,0.26684035200000006,8.982854760282555,315.21382756910623
3.66,6.1,1.4030000000000002,0.26684035200000006,12.192219078328765,415.90924417447184
3.66,6.1,1.6020000000000003,0.26684035200000006,15.401583396374976,516.6046607798373
3.66,6.1,1.8010000000000004,0.26684035200000006,18.610947714421187,617.3000773852028
3.66,6.1,2.0,0.26684035200000006,21.820312032467392,717.9954939905682
3.66,7.32,0.01,0.26684035200000006,0.06371265133892587,35.37126642002152
3.66,7.32,0.20900000000000002,0.26684035200000006,1.3315944129835506,75.15169317844976
3.66,7.32,0.40800000000000003,0.26684035200000006,2.599476174628175,114.932119936878
3.66,7.32,0.607,0.26684035200000006,4.312465638252179,168.67802429255082
3.66,7.32,0.806,0.26684035200000006,6.408164527877146,234.43162901220967
3.66,7.32,1.0050000000000001,0.26684035200000006,8.451207666506509,298.5331331107715
3.66,7.32,1.2040000000000002,0.26684035200000006,13.417576760056471,454.35545657807705
3.66,7.32,1.4030000000000002,0.26684035200000006,18.262221120921385,606.3586054505956
3.66,7.32,1.6020000000000003,0.26684035200000006,23.106865481786294,758.3617543231142
3.66,7.32,1.8010000000000004,0.26684035200000006,27.951509842651205,910.3649031956327
3.66,7.32,2.0,0.26684035200000006,32.79615420351611,1062.3680520681512
3.66,8.54,0.01,0.26684035200000006,0.08627311388876543,36.07911225805615
3.66,8.54,0.20900000000000002,0.26684035200000006,1.8031080802751978,89.94567119337343
3.66,8.54,0.40800000000000003,0.26684035200000006,3.51994304666163,143.81223012869071
3.66,8.54,0.607,0.26684035200000006,5.916390633081531,219.00197618855205
3.66,8.54,0.806,0.26684035200000006,8.897178042333948,312.5256775330681
3.66,8.54,1.0050000000000001,0.26684035200000006,11.803071295574997,403.6995371352597
3.66,8.54,1.2040000000000002,0.26684035200000006,18.837425179778837,624.4059215543059
3.66,8.54,1.4030000000000002,0.26684035200000006,25.699368429565915,839.7028357670029
3.66,8.54,1.6020000000000003,0.26684035200000006,32.56131167935299,1054.9997499796998
3.66,8.54,1.8010000000000004,0.26684035200000006,39.423254929140064,1270.2966641923967
3.66,8.54,2.0,0.26684035200000006,46.28519817892713,1485.5935784050932
3.66,9.76,0.01,0.26684035200000006,0.11218007172408453,36.8919560656402
3.66,9.76,0.20900000000000002,0.26684035200000006,2.344563499033367,106.93410677188025
3.66,9.76,0.40800000000000003,0.26684035200000006,4.576946926342649,176.9762574781203
3.66,9.76,0.607,0.26684035200000006,7.782167958103297,277.54167639631333
3.66,9.76,0.806,0.26684035200000006,11.823847490887553,404.3514006930081
3.66,9.76,1.0050000000000001,0.26684035200000006,15.763977286667176,527.9749510123988
3.66,9.76,1.2040000000000002,0.26684035200000006,25.273728263940654,826.3481618957284
3.66,9.76,1.4030000000000002,0.26684035200000006,34.55039710941821,1117.4083038848587
3.66,9.76,1.6020000000000003,0.26684035200000006,43.827065954895765,1408.4684458739887
3.66,9.76,1.8010000000000004,0.26684035200000006,53.10373480037332,1699.528587863119
3.66,9.76,2.0,0.26684035200000006,62.380403645850855,1990.5887298522484
3.66,10.98,0.01,0.26684035200000006,0.14141853496684767,37.809327527825296
3.66,10.98,0.20900000000000002,0.26684035200000006,2.9556473808071164,126.10717033154859
3.66,10.98,0.40800000000000003,0.26684035200000006,5.769876226647385,214.40501313527187
3.66,10.98,0.607,0.26684035200000006,9.912155719329553,344.3711116757515
3.66,10.98,0.806,0.26684035200000006,15.196310534529992,510.16412169082554
3.66,10.98,1.0050000000000001,0.26684035200000006,20.347697640805798,671.7914781879329
3.66,10.98,1.2040000000000002,0.26684035200000006,32.7544284048639,1061.058884188752
3.66,10.98,1.4030000000000002,0.26684035200000006,44.85707263058724,1440.785422395433
3.66,10.98,1.6020000000000003,0.26684035200000006,56.95971685631057,1820.511960602114
3.66,10.98,1.8010000000000004,0.26684035200000006,69.0623610820339,2200.2384988087947
3.66,10.98,2.0,0.26684035200000006,81.16500530775723,2579.9650370154754
4.88,0.0,0.01,0.474382848,0.0,39.884
4.88,0.0,0.20900000000000002,0.474382848,0.0,39.884
4.88,0.0,0.40800000000000003,0.474382848,0.0,39.884
4.88,0.0,0.607,0.474382848,0.0,39.884
4.88,0.0,0.806,0.474382848,0.0,39.884
4.88,0.0,1.0050000000000001,0.474382848,0.0,39.884
4.88,0.0,1.2040000000000002,0.474382848,0.0,39.884
4.88,0.0,1.4030000000000002,0.474382848,0.0,39.884
4.88,0.0,1.6020000000000003,0.474382848,0.0,39.884
4.88,0.0,1.8010000000000004,0.474382848,0.0,39.884
4.88,0.0,2.0,0.474382848,0.0,39.884
4.88,1.22,0.01,0.474382848,0.0018793325723695,39.94296500289814
4.88,1.22,0.20900000000000002,0.474382848,0.039278050762522554,41.11636856057112
4.88,1.22,0.40800000000000003,0.474382848,0.0766767689526756,42.28977211824409
4.88,1.22,0.607,0.474382848,0.11110114139437856,43.36985408491399
4.88,1.22,0.806,0.474382848,0.14296813244489082,44.36969692660928
4.88,1.22,1.0050000000000001,0.474382848,0.17403444532830475,45.344418088864984
4.88,1.22,1.2040000000000002,0.474382848,0.26053283143789746,48.05834837593805
4.88,1.22,1.4030000000000002,0.474382848,0.34491115906441194,50.70576076381815
4.88,1.22,1.6020000000000003,0.474382848,0.4292894866909264,53.35317315169824
4.88,1.22,1.8010000000000004,0.474382848,0.5136678143174408,56.00058553957834
4.88,1.22,2.0,0.474382848,0.5980461419439551,58.647997927458434
4.88,2.44,0.01,0.474382848,0.0073447045723958595,40.11444379305961
4.88,2.44,0.20900000000000002,0.474382848,0.15350432556307347,44.70027527494583
4.88,2.44,0.40800000000000003,0.474382848,0.2996639465537511,49.286106756832055
4.88,2.44,0.607,0.474382848,0.4559070527345139,54.18831264854775
4.88,2.44,0.806,0.474382848,0.620820071415163,59.3625413973131
4.88,2.44,1.0050000000000001,0.474382848,0.7815895469128813,64.40676439862203
4.88,2.44,1.2040000000000002,0.474382848,1.1964415855917863,77.42295537122823
4.88,2.44,1.4030000000000002,0.474382848,1.6011256821462079,90.12012205529017
4.88,2.44,1.6020000000000003,0.474382848,2.0058097787006295,102.8172887393521
4.88,2.44,1.8010000000000004,0.474382848,2.410493875255051,115.514455423414
4.88,2.44,2.0,0.474382848,2.8151779718094723,128.21162210747593
4.88,3.66,0.01,0.474382848,0.016302529224018335,40.395500038404194
4.88,3.66,0.20900000000000002,0.474382848,0.34072286078198327,50.57435080264757
4.88,3.66,0.40800000000000003,0.474382848,0.6651431923399482,60.753201566890944
4.88,3.66,0.607,0.474382848,1.0433962493087785,72.62108111536077
4.88,3.66,0.806,0.474382848,1.4679353879392882,85.94120971195056
4.88,3.66,1.0050000000000001,0.474382848,1.8818077140413927,98.92666171063607
4.88,3.66,1.2040000000000002,0.474382848,2.9192064015738115,131.4755663144394
4.88,3.66,1.4030000000000002,0.474382848,3.9311786506863173,163.2267036485416
4.88,3.66,1.6020000000000003,0.474382848,4.943150899798823,194.9778409826438
4.88,3.66,1.8010000000000004,0.474382848,5.955123148911329,226.72897831674604
4.88,3.66,2.0,0.474382848,6.967095398023832,258.4801156508481
4.88,4.88,0.01,0.474382848,0.02870417192192764,40.784607803775344
4.88,4.88,0.20900000000000002,0.474382848,0.5999171931682876,58.70670309890461
4.88,4.88,0.40800000000000003,0.474382848,1.1711302144146478,76.62879839403388
4.88,4.88,0.607,0.474382848,1.8792401684841884,98.8461036798503
4.88,4.88,0.806,0.474382848,2.705055896569922,124.75648671466875
4.88,4.88,1.0050000000000001,0.474382848,3.510122485759029,150.01585510037114
4.88,4.88,1.2040000000000002,0.474382848,5.497438052861651,212.368878666593
4.88,4.88,1.4030000000000002,0.474382848,7.436044905084305,273.1936418512897
4.88,4.88,1.6020000000000003,0.474382848,9.374651757306962,334.01840503598646
4.88,4.88,1.8010000000000004,0.474382848,11.313258609529615,394.8431682206832
4.88,4.88,2.0,0.474382848,13.251865461752265,455.6679314053798
4.88,6.1,0.01,0.474382848,0.044516090768434845,41.28071469529477
4.88,6.1,0.20900000000000002,0.474382848,0.9303862970602883,69.07533713166066
4.88,6.1,0.40800000000000003,0.474382848,1.8162565033521416,96.86995956802653
4.88,6.1,0.607,0.474382848,2.9677529408314864,132.99873835440155
4.88,6.1,0.806,0.474382848,4.347638287369235,176.2933338155508
4.88,6.1,1.0050000000000001,0.474382848,5.69285314781307,218.500125370641
4.88,6.1,1.2040000000000002,0.474382848,8.982854760282555,321.72557756910624
4.88,6.1,1.4030000000000002,0.474382848,12.192219078328765,422.42099417447184
4.88,6.1,1.6020000000000003,0.474382848,15.401583396374976,523.1164107798373
4.88,6.1,1.8010000000000004,0.474382848,18.610947714421187,623.811827385203
4.88,6.1,2.0,0.474382848,21.820312032467392,724.5072439905683
4.88,7.32,0.01,0.474382848,0.06371265133892587,41.88301642002152
4.88,7.32,0.20900000000000002,0.474382848,1.3315944129835506,81.66344317844977
4.88,7.32,0.40800000000000003,0.474382848,2.599476174628175,121.443869936878
4.88,7.32,0.607,0.474382848,4.312465638252179,175.1897742925508
4.88,7.32,0.806,0.474382848,6.408164527877146,240.94337901220965
4.88,7.32,1.0050000000000001,0.474382848,8.451207666506509,305.0448831107715
4.88,7.32,1.2040000000000002,0.474382848,13.417576760056471,460.86720657807706
4.88,7.32,1.4030000000000002,0.474382848,18.262221120921385,612.8703554505958
4.88,7.32,1.6020000000000003,0.474382848,23.106865481786294,764.8735043231143
4.88,7.32,1.8010000000000004,0.474382848,27.951509842651205,916.8766531956328
4.88,7.32,2.0,0.474382848,32.79615420351611,1068.879802068151
4.88,8.54,0.01,0.474382848,0.08627311388876543,42.59086225805615
4.88,8.54,0.20900000000000002,0.474382848,1.8031080802751978,96.45742119337343
4.88,8.54,0.40800000000000003,0.474382848,3.51994304666163,150.32398012869072
4.88,8.54,0.607,0.474382848,5.916390633081531,225.51372618855206
4.88,8.54,0.806,0.474382848,8.897178042333948,319.0374275330681
4.88,8.54,1.0050000000000001,0.474382848,11.803071295574997,410.2112871352597
4.88,8.54,1.2040000000000002,0.474382848,18.837425179778837,630.917671554306
4.88,8.54,1.4030000000000002,0.474382848,25.699368429565915,846.214585767003
4.88,8.54,1.6020000000000003,0.474382848,32.56131167935299,1061.5114999797
4.88,8.54,1.8010000000000004,0.474382848,39.423254929140064,1276.8084141923966
4.88,8.54,2.0,0.474382848,46.28519817892713,1492.1053284050934
4.88,9.76,0.01,0.474382848,0.11218007172408453,43.40370606564021
4.88,9.76,0.20900000000000002,0.474382848,2.344563499033367,113.44585677188024
4.88,9.76,0.40800000000000003,0.474382848,4.576946926342649,183.48800747812027
4.88,9.76,0.607,0.474382848,7.782167958103297,284.05342639631334
4.88,9.76,0.806,0.474382848,11.823847490887553,410.8631506930081
4.88,9.76,1.0050000000000001,0.474382848,15.763977286667176,534.4867010123988
4.88,9.76,1.2040000000000002,0.474382848,25.273728263940654,832.8599118957285
4.88,9.76,1.4030000000000002,0.474382848,34.55039710941821,1123.9200538848586
4.88,9.76,1.6020000000000003,0.474382848,43.827065954895765,1414.9801958739886
4.88,9.76,1.8010000000000004,0.474382848,53.10373480037332,1706.0403378631188
4.88,9.76,2.0,0.474382848,62.380403645850855,1997.1004798522483
4.88,10.98,0.01,0.474382848,0.14141853496684767,44.321077527825295
4.88,10.98,0.20900000000000002,0.474382848,2.9556473808071164,132.6189203315486
4.88,10.98,0.40800000000000003,0.474382848,5.769876226647385,220.91676313527188
4.88,10.98,0.607,0.474382848,9.912155719329553,350.8828616757515
4.88,10.98,0.806,0.474382848,15.196310534529992,516.6758716908255
4.88,10.98,1.0050000000000001,0.474382848,20.347697640805798,678.303228187933
4.88,10.98,1.2040000000000002,0.474382848,32.7544284048639,1067.570634188752
4.88,10.98,1.4030000000000002,0.474382848,44.85707263058724,1447.297172395433
4.88,10.98,1.6020000000000003,0.474382848,56.95971685631057,1827.023710602114
4.88,10.98,1.8010000000000004,0.474382848,69.0623610820339,2206.750248808795
4.88,10.98,2.0,0.474382848,81.16500530775723,2586.476787015475
6.1,0.0,0.01,0.7412231999999999,0.0,48.256249999999994
6.1,0.0,0.20900000000000002,0.7412231999999999,0.0,48.256249999999994
6.1,0.0,0.40800000000000003,0.7412231999999999,0.0,48.256249999999994
6.1,0.0,0.607,0.7412231999999999,0.0,48.256249999999994
6.1,0.0,0.806,0.7412231999999999,0.0,48.256249999999994
6.1,0.0,1.0050000000000001,0.7412231999999999,0.0,48.256249999999994
6.1,0.0,1.2040000000000002,0.7412231999999999,0.0,48.256249999999994
6.1,0.0,1.4030000000000002,0.7412231999999999,0.0,48.256249999999994
6.1,0.0,1.6020000000000003,0.7412231999999999,0.0,48.256249999999994
6.1,0.0,1.8010000000000004,0.7412231999999999,0.0,48.256249999999994
6.1,0.0,2.0,0.7412231999999999,0.0,48.256249999999994
6.1,1.22,0.01,0.7412231999999999,0.0018793325723695,48.31521500289814
6.1,1.22,0.20900000000000002,0.7412231999999999,0.039278050762522554,49.48861856057111
6.1,1.22,0.40800000000000003,0.7412231999999999,0.0766767689526756,50.66202211824409
6.1,1.22,0.607,0.7412231999999999,0.11110114139437856,51.74210408491399
6.1,1.22,0.806,0.7412231999999999,0.14296813244489082,52.74194692660927
6.1,1.22,1.0050000000000001,0.7412231999999999,0.17403444532830475,53.71666808886498
6.1,1.22,1.2040000000000002,0.7412231999999999,0.26053283143789746,56.43059837593805
6.1,1.22,1.4030000000000002,0.7412231999999999,0.34491115906441194,59.07801076381815
6.1,1.22,1.6020000000000003,0.7412231999999999,0.4292894866909264,61.725423151698244
6.1,1.22,1.8010000000000004,0.7412231999999999,0.5136678143174408,64.37283553957835
6.1,1.22,2.0,0.7412231999999999,0.5980461419439551,67.02024792745843
6.1,2.44,0.01,0.7412231999999999,0.0073447045723958595,48.4866937930596
6.1,2.44,0.20900000000000002,0.7412231999999999,0.15350432556307347,53.07252527494583
6.1,2.44,0.40800000000000003,0.7412231999999999,0.2996639465537511,57.65835675683204
6.1,2.44,0.607,0.7412231999999999,0.4559070527345139,62.560562648547744
6.1,2.44,0.806,0.7412231999999999,0.620820071415163,67.7347913973131
6.1,2.44,1.0050000000000001,0.7412231999999999,0.7815895469128813,72.77901439862202
6.1,2.44,1.2040000000000002,0.7412231999999999,1.1964415855917863,85.79520537122823
6.1,2.44,1.4030000000000002,0.7412231999999999,1.6011256821462079,98.49237205529016
6.1,2.44,1.6020000000000003,0.7412231999999999,2.0058097787006295,111.18953873935209
6.1,2.44,1.8010000000000004,0.7412231999999999,2.410493875255051,123.886705423414
6.1,2.44,2.0,0.7412231999999999,2.8151779718094723,136.5838721074759
6.1,3.66,0.01,0.7412231999999999,0.016302529224018335,48.76775003840419
6.1,3.66,0.20900000000000002,0.7412231999999999,0.34072286078198327,58.94660080264757
6.1,3.66,0.40800000000000003,0.7412231999999999,0.6651431923399482,69.12545156689094
6.1,3.66,0.607,0.7412231999999999,1.0433962493087785,80.99333111536077
6.1,3.66,0.806,0.7412231999999999,1.4679353879392882,94.31345971195056
6.1,3.66,1.0050000000000001,0.7412231999999999,1.8818077140413927,107.29891171063608
6.1,3.66,1.2040000000000002,0.7412231999999999,2.9192064015738115,139.84781631443937
6.1,3.66,1.4030000000000002,0.7412231999999999,3.9311786506863173,171.5989536485416
6.1,3.66,1.6020000000000003,0.7412231999999999,4.943150899798823,203.3500909826438
6.1,3.66,1.8010000000000004,0.7412231999999999,5.955123148911329,235.10122831674605
6.1,3.66,2.0,0.7412231999999999,6.967095398023832,266.8523656508481
6.1,4.88,0.01,0.7412231999999999,0.02870417192192764,49.15685780377534
6.1,4.88,0.20900000000000002,0.7412231999999999,0.5999171931682876,67.0789530989046
6.1,4.88,0.40800000000000003,0.7412231999999999,1.1711302144146478,85.00104839403389
6.1,4.88,0.607,0.7412231999999999,1.8792401684841884,107.2183536798503
6.1,4.88,0.806,0.7412231999999999,2.705055896569922,133.12873671466872
6.1,4.88,1.0050000000000001,0.7412231999999999,3.510122485759029,158.38810510037115
6.1,4.88,1.2040000000000002,0.7412231999999999,5.497438052861651,220.741128666593
6.1,4.88,1.4030000000000002,0.7412231999999999,7.436044905084305,281.56589185128973
6.1,4.88,1.6020000000000003,0.7412231999999999,9.374651757306962,342.3906550359865
6.1,4.88,1.8010000000000004,0.7412231999999999,11.313258609529615,403.21541822068326
6.1,4.88,2.0,0.7412231999999999,13.251865461752265,464.0401814053799
6.1,6.1,0.01,0.7412231999999999,0.044516090768434845,49.65296469529477
6.1,6.1,0.20900000000000002,0.7412231999999999,0.9303862970602883,77.44758713166064
6.1,6.1,0.40800000000000003,0.7412231999999999,1.8162565033521416,105.24220956802654
6.1,6.1,0.607,0.7412231999999999,2.9677529408314864,141.37098835440156
6.1,6.1,0.806,0.7412231999999999,4.347638287369235,184.6655838155508
6.1,6.1,1.0050000000000001,0.7412231999999999,5.69285314781307,226.872375370641
6.1,6.1,1.2040000000000002,0.7412231999999999,8.982854760282555,330.0978275691063
6.1,6.1,1.4030000000000002,0.7412231999999999,12.192219078328765,430.79324417447185
6.1,6.1,1.6020000000000003,0.7412231999999999,15.401583396374976,531.4886607798373
6.1,6.1,1.8010000000000004,0.7412231999999999,18.610947714421187,632.1840773852028
6.1,6.1,2.0,0.7412231999999999,21.820312032467392,732.8794939905683
6.1,7.32,0.01,0.7412231999999999,0.06371265133892587,50.25526642002151
6.1,7.32,0.20900000000000002,0.7412231999999999,1.3315944129835506,90.03569317844976
6.1,7.32,0.40800000000000003,0.7412231999999999,2.599476174628175,129.81611993687798
6.1,7.32,0.607,0.7412231999999999,4.312465638252179,183.5620242925508
6.1,7.32,0.806,0.7412231999999999,6.408164527877146,249.31562901220963
6.1,7.32,1.0050000000000001,0.7412231999999999,8.451207666506509,313.4171331107715
6.1,7.32,1.2040000000000002,0.7412231999999999,13.417576760056471,469.2394565780771
6.1,7.32,1.4030000000000002,0.7412231999999999,18.262221120921385,621.2426054505958
6.1,7.32,1.6020000000000003,0.7412231999999999,23.106865481786294,773.2457543231143
6.1,7.32,1.8010000000000004,0.7412231999999999,27.951509842651205,925.2489031956327
6.1,7.32,2.0,0.7412231999999999,32.79615420351611,1077.2520520681512
6.1,8.54,0.01,0.7412231999999999,0.08627311388876543,50.96311225805614
6.1,8.54,0.20900000000000002,0.7412231999999999,1.8031080802751978,104.82967119337343
6.1,8.54,0.40800000000000003,0.7412231999999999,3.51994304666163,158.6962301286907
6.1,8.54,0.607,0.7412231999999999,5.916390633081531,233.88597618855204
6.1,8.54,0.806,0.7412231999999999,8.897178042333948,327.4096775330682
6.1,8.54,1.0050000000000001,0.7412231999999999,11.803071295574997,418.58353713525975
6.1,8.54,1.2040000000000002,0.7412231999999999,18.837425179778837,639.2899215543059
6.1,8.54,1.4030000000000002,0.7412231999999999,25.699368429565915,854.5868357670029
6.1,8.54,1.6020000000000003,0.7412231999999999,32.56131167935299,1069.8837499796998
6.1,8.54,1.8010000000000004,0.7412231999999999,39.423254929140064,1285.1806641923968
6.1,8.54,2.0,0.7412231999999999,46.28519817892713,1500.4775784050933
6.1,9.76,0.01,0.7412231999999999,0.11218007172408453,51.7759560656402
6.1,9.76,0.20900000000000002,0.7412231999999999,2.344563499033367,121.81810677188024
6.1,9.76,0.40800000000000003,0.7412231999999999,4.576946926342649,191.86025747812027
6.1,9.76,0.607,0.7412231999999999,7.782167958103297,292.4256763963133
6.1,9.76,0.806,0.7412231999999999,11.823847490887553,419.2354006930081
6.1,9.76,1.0050000000000001,0.7412231999999999,15.763977286667176,542.8589510123988
6.1,9.76,1.2040000000000002,0.7412231999999999,25.273728263940654,841.2321618957284
6.1,9.76,1.4030000000000002,0.7412231999999999,34.55039710941821,1132.2923038848587
6.1,9.76,1.6020000000000003,0.7412231999999999,43.827065954895765,1423.3524458739887
6.1,9.76,1.8010000000000004,0.7412231999999999,53.10373480037332,1714.412587863119
6.1,9.76,2.0,0.7412231999999999,62.380403645850855,2005.4727298522484
6.1,10.98,0.01,0.7412231999999999,0.14141853496684767,52.69332752782529
6.1,10.98,0.20900000000000002,0.7412231999999999,2.9556473808071164,140.99117033154857
6.1,10.98,0.40800000000000003,0.7412231999999999,5.769876226647385,229.28901313527186
6.1,10.98,0.607,0.7412231999999999,9.912155719329553,359.25511167575155
6.1,10.98,0.806,0.7412231999999999,15.196310534529992,525.0481216908256
6.1,10.98,1.0050000000000001,0.7412231999999999,20.347697640805798,686.6754781879329
6.1,10.98,1.2040000000000002,0.7412231999999999,32.7544284048639,1075.9428841887518
6.1,10.98,1.4030000000000002,0.7412231999999999,44.85707263058724,1455.669422395433
6.1,10.98,1.6020000000000003,0.7412231999999999,56.95971685631057,1835.395960602114
6.1,10.98,1.8010000000000004,0.7412231999999999,69.0623610820339,2215.1224988087947
6.1,10.98,2.0,0.7412231999999999,81.16500530775723,2594.849037015475
7.32,0.0,0.01,1.0673614080000002,0.0,58.48900000000001
7.32,0.0,0.20900000000000002,1.0673614080000002,0.0,58.48900000000001
7.32,0.0,0.40800000000000003,1.0673614080000002,0.0,58.48900000000001
7.32,0.0,0.607,1.0673614080000002,0.0,58.48900000000001
7.32,0.0,0.806,1.0673614080000002,0.0,58.48900000000001
7.32,0.0,1.0050000000000001,1.0673614080000002,0.0,58.48900000000001
7.32,0.0,1.2040000000000002,1.0673614080000002,0.0,58.48900000000001
7.32,0.0,1.4030000000000002,1.0673614080000002,0.0,58.48900000000001
7.32,0.0,1.6020000000000003,1.0673614080000002,0.0,58.48900000000001
7.32,0.0,1.8010000000000004,1.0673614080000002,0.0,58.48900000000001
7.32,0.0,2.0,1.0673614080000002,0.0,58.48900000000001
7.32,1.22,0.01,1.0673614080000002,0.0018793325723695,58.54796500289815
7.32,1.22,0.20900000000000002,1.0673614080000002,0.039278050762522554,59.72136856057112
7.32,1.22,0.40800000000000003,1.0673614080000002,0.0766767689526756,60.89477211824409
7.32,1.22,0.607,1.0673614080000002,0.11110114139437856,61.97485408491399
7.32,1.22,0.806,1.0673614080000002,0.14296813244489082,62.97469692660928
7.32,1.22,1.0050000000000001,1.0673614080000002,0.17403444532830475,63.94941808886499
7.32,1.22,1.2040000000000002,1.0673614080000002,0.26053283143789746,66.66334837593806
7.32,1.22,1.4030000000000002,1.0673614080000002,0.34491115906441194,69.31076076381817
7.32,1.22,1.6020000000000003,1.0673614080000002,0.4292894866909264,71.95817315169825
7.32,1.22,1.8010000000000004,1.0673614080000002,0.5136678143174408,74.60558553957836
7.32,1.22,2.0,1.0673614080000002,0.5980461419439551,77.25299792745844
7.32,2.44,0.01,1.0673614080000002,0.0073447045723958595,58.71944379305962
7.32,2.44,0.20900000000000002,1.0673614080000002,0.15350432556307347,63.30527527494584
7.32,2.44,0.40800000000000003,1.0673614080000002,0.2996639465537511,67.89110675683204
7.32,2.44,0.607,1.0673614080000002,0.4559070527345139,72.79331264854775
7.32,2.44,0.806,1.0673614080000002,0.620820071415163,77.96754139731311
7.32,2.44,1.0050000000000001,1.0673614080000002,0.7815895469128813,83.01176439862203
7.32,2.44,1.2040000000000002,1.0673614080000002,1.1964415855917863,96.02795537122824
7.32,2.44,1.4030000000000002,1.0673614080000002,1.6011256821462079,108.72512205529017
7.32,2.44,1.6020000000000003,1.0673614080000002,2.0058097787006295,121.4222887393521
7.32,2.44,1.8010000000000004,1.0673614080000002,2.410493875255051,134.11945542341402
7.32,2.44,2.0,1.0673614080000002,2.8151779718094723,146.81662210747592
7.32,3.66,0.01,1.0673614080000002,0.016302529224018335,59.0005000384042
7.32,3.66,0.20900000000000002,1.0673614080000002,0.34072286078198327,69.17935080264758
7.32,3.66,0.40800000000000003,1.0673614080000002,0.6651431923399482,79.35820156689095
7.32,3.66,0.607,1.0673614080000002,1.0433962493087785,91.22608111536078
7.32,3.66,0.806,1.0673614080000002,1.4679353879392882,104.54620971195057
7.32,3.66,1.0050000000000001,1.0673614080000002,1.8818077140413927,117.53166171063609
7.32,3.66,1.2040000000000002,1.0673614080000002,2.9192064015738115,150.08056631443938
7.32,3.66,1.4030000000000002,1.0673614080000002,3.9311786506863173,181.8317036485416
7.32,3.66,1.6020000000000003,1.0673614080000002,4.943150899798823,213.5828409826438
7.32,3.66,1.8010000000000004,1.0673614080000002,5.955123148911329,245.33397831674606
7.32,3.66,2.0,1.0673614080000002,6.967095398023832,277.08511565084814
7.32,4.88,0.01,1.0673614080000002,0.02870417192192764,59.38960780377535
7.32,4.88,0.20900000000000002,1.0673614080000002,0.5999171931682876,77.31170309890462
7.32,4.88,0.40800000000000003,1.0673614080000002,1.1711302144146478,95.2337983940339
7.32,4.88,0.607,1.0673614080000002,1.8792401684841884,117.4511036798503
7.32,4.88,0.806,1.0673614080000002,2.705055896569922,143.36148671466873
7.32,4.88,1.0050000000000001,1.0673614080000002,3.510122485759029,168.62085510037116
7.32,4.88,1.2040000000000002,1.0673614080000002,5.497438052861651,230.973878666593
7.32,4.88,1.4030000000000002,1.0673614080000002,7.436044905084305,291.79864185128974
7.32,4.88,1.6020000000000003,1.0673614080000002,9.374651757306962,352.62340503598654
7.32,4.88,1.8010000000000004,1.0673614080000002,11.313258609529615,413.44816822068327
7.32,4.88,2.0,1.0673614080000002,13.251865461752265,474.2729314053799
7.32,6.1,0.01,1.0673614080000002,0.044516090768434845,59.88571469529478
7.32,6.1,0.20900000000000002,1.0673614080000002,0.9303862970602883,87.68033713166065
7.32,6.1,0.40800000000000003,1.0673614080000002,1.8162565033521416,115.47495956802655
7.32,6.1,0.607,1.0673614080000002,2.9677529408314864,151.60373835440157
7.32,6.1,0.806,1.0673614080000002,4.347638287369235,194.8983338155508
7.32,6.1,1.0050000000000001,1.0673614080000002,5.69285314781307,237.10512537064102
7.32,6.1,1.2040000000000002,1.0673614080000002,8.982854760282555,340.3305775691063
7.32,6.1,1.4030000000000002,1.0673614080000002,12.192219078328765,441.02599417447186
7.32,6.1,1.6020000000000003,1.0673614080000002,15.401583396374976,541.7214107798374
7.32,6.1,1.8010000000000004,1.0673614080000002,18.610947714421187,642.4168273852029
7.32,6.1,2.0,1.0673614080000002,21.820312032467392,743.1122439905683
7.32,7.32,0.01,1.0673614080000002,0.06371265133892587,60.48801642002152
7.32,7.32,0.20900000000000002,1.0673614080000002,1.3315944129835506,100.26844317844977
7.32,7.32,0.40800000000000003,1.0673614080000002,2.599476174628175,140.048869936878
7.32,7.32,0.607,1.0673614080000002,4.312465638252179,193.7947742925508
7.32,7.32,0.806,1.0673614080000002,6.408164527877146,259.54837901220964
7.32,7.32,1.0050000000000001,1.0673614080000002,8.451207666506509,323.6498831107715
7.32,7.32,1.2040000000000002,1.0673614080000002,13.417576760056471,479.47220657807713
7.32,7.32,1.4030000000000002,1.0673614080000002,18.262221120921385,631.4753554505958
7.32,7.32,1.6020000000000003,1.0673614080000002,23.106865481786294,783.4785043231143
7.32,7.32,1.8010000000000004,1.0673614080000002,27.951509842651205,935.4816531956327
7.32,7.32,2.0,1.0673614080000002,32.79615420351611,1087.484802068151
7.32,8.54,0.01,1.0673614080000002,0.08627311388876543,61.19586225805615
7.32,8.54,0.20900000000000002,1.0673614080000002,1.8031080802751978,115.06242119337344
7.32,8.54,0.40800000000000003,1.0673614080000002,3.51994304666163,168.9289801286907
7.32,8.54,0.607,1.0673614080000002,5.916390633081531,244.11872618855205
7.32,8.54,0.806,1.0673614080000002,8.897178042333948,337.6424275330682
7.32,8.54,1.0050000000000001,1.0673614080000002,11.803071295574997,428.81628713525976
7.32,8.54,1.2040000000000002,1.0673614080000002,18.837425179778837,649.5226715543059
7.32,8.54,1.4030000000000002,1.0673614080000002,25.699368429565915,864.8195857670029
7.32,8.54,1.6020000000000003,1.0673614080000002,32.56131167935299,1080.1164999796997
7.32,8.54,1.8010000000000004,1.0673614080000002,39.423254929140064,1295.4134141923967
7.32,8.54,2.0,1.0673614080000002,46.28519817892713,1510.7103284050932
7.32,9.76,0.01,1.0673614080000002,0.11218007172408453,62.008706065640204
7.32,9.76,0.20900000000000002,1.0673614080000002,2.344563499033367,132.05085677188026
7.32,9.76,0.40800000000000003,1.0673614080000002,4.576946926342649,202.09300747812028
7.32,9.76,0.607,1.0673614080000002,7.782167958103297,302.6584263963133
7.32,9.76,0.806,1.0673614080000002,11.823847490887553,429.4681506930081
7.32,9.76,1.0050000000000001,1.0673614080000002,15.763977286667176,553.0917010123989
7.32,9.76,1.2040000000000002,1.0673614080000002,25.273728263940654,851.4649118957284
7.32,9.76,1.4030000000000002,1.0673614080000002,34.55039710941821,1142.5250538848586
7.32,9.76,1.6020000000000003,1.0673614080000002,43.827065954895765,1433.5851958739886
7.32,9.76,1.8010000000000004,1.0673614080000002,53.10373480037332,1724.6453378631188
7.32,9.76,2.0,1.0673614080000002,62.380403645850855,2015.7054798522483
7.32,10.98,0.01,1.0673614080000002,0.14141853496684767,62.9260775278253
7.32,10.98,0.20900000000000002,1.0673614080000002,2.9556473808071164,151.22392033154858
7.32,10.98,0.40800000000000003,1.0673614080000002,5.769876226647385,239.52176313527187
7.32,10.98,0.607,1.0673614080000002,9.912155719329553,369.48786167575156
7.32,10.98,0.806,1.0673614080000002,15.196310534529992,535.2808716908256
7.32,10.98,1.0050000000000001,1.0673614080000002,20.347697640805798,696.9082281879329
7.32,10.98,1.2040000000000002,1.0673614080000002,32.7544284048639,1086.175634188752
7.32,10.98,1.4030000000000002,1.0673614080000002,44.85707263058724,1465.902172395433
7.32,10.98,1.6020000000000003,1.0673614080000002,56.95971685631057,1845.6287106021139
7.32,10.98,1.8010000000000004,1.0673614080000002,69.0623610820339,2225.355248808795
7.32,10.98,2.0,1.0673614080000002,81.16500530775723,2605.081787015475
8.54,0.0,0.01,1.4527974719999999,0.0,70.58225
8.54,0.0,0.20900000000000002,1.4527974719999999,0.0,70.58225
8.54,0.0,0.40800000000000003,1.4527974719999999,0.0,70.58225
8.54,0.0,0.607,1.4527974719999999,0.0,70.58225
8.54,0.0,0.806,1.4527974719999999,0.0,70.58225
8.54,0.0,1.0050000000000001,1.4527974719999999,0.0,70.58225
8.54,0.0,1.2040000000000002,1.4527974719999999,0.0,70.58225
8.54,0.0,1.4030000000000002,1.4527974719999999,0.0,70.58225
8.54,0.0,1.6020000000000003,1.4527974719999999,0.0,70.58225
8.54,0.0,1.8010000000000004,1.4527974719999999,0.0,70.58225
8.54,0.0,2.0,1.4527974719999999,0.0,70.58225
8.54,1.22,0.01,1.4527974719999999,0.0018793325723695,70.64121500289815
8.54,1.22,0.20900000000000002,1.4527974719999999,0.039278050762522554,71.81461856057112
8.54,1.22,0.40800000000000003,1.4527974719999999,0.0766767689526756,72.98802211824409
8.54,1.22,0.607,1.4527974719999999,0.11110114139437856,74.06810408491398
8.54,1.22,0.806,1.4527974719999999,0.14296813244489082,75.06794692660928
8.54,1.22,1.0050000000000001,1.4527974719999999,0.17403444532830475,76.04266808886499
8.54,1.22,1.2040000000000002,1.4527974719999999,0.26053283143789746,78.75659837593804
8.54,1.22,1.4030000000000002,1.4527974719999999,0.34491115906441194,81.40401076381815
8.54,1.22,1.6020000000000003,1.4527974719999999,0.4292894866909264,84.05142315169824
8.54,1.22,1.8010000000000004,1.4527974719999999,0.5136678143174408,86.69883553957834
8.54,1.22,2.0,1.4527974719999999,0.5980461419439551,89.34624792745844
8.54,2.44,0.01,1.4527974719999999,0.0073447045723958595,70.81269379305961
8.54,2.44,0.20900000000000002,1.4527974719999999,0.15350432556307347,75.39852527494583
8.54,2.44,0.40800000000000003,1.4527974719999999,0.2996639465537511,79.98435675683206
8.54,2.44,0.607,1.4527974719999999,0.4559070527345139,84.88656264854775
8.54,2.44,0.806,1.4527974719999999,0.620820071415163,90.0607913973131
8.54,2.44,1.0050000000000001,1.4527974719999999,0.7815895469128813,95.10501439862203
8.54,2.44,1.2040000000000002,1.4527974719999999,1.1964415855917863,108.12120537122823
8.54,2.44,1.4030000000000002,1.4527974719999999,1.6011256821462079,120.81837205529015
8.54,2.44,1.6020000000000003,1.4527974719999999,2.0058097787006295,133.51553873935208
8.54,2.44,1.8010000000000004,1.4527974719999999,2.410493875255051,146.21270542341398
8.54,2.44,2.0,1.4527974719999999,2.8151779718094723,158.90987210747593
8.54,3.66,0.01,1.4527974719999999,0.016302529224018335,71.0937500384042
8.54,3.66,0.20900000000000002,1.4527974719999999,0.34072286078198327,81.27260080264756
8.54,3.66,0.40800000000000003,1.4527974719999999,0.6651431923399482,91.45145156689094
8.54,3.66,0.607,1.4527974719999999,1.0433962493087785,103.31933111536078
8.54,3.66,0.806,1.4527974719999999,1.4679353879392882,116.63945971195056
8.54,3.66,1.0050000000000001,1.4527974719999999,1.8818077140413927,129.62491171063607
8.54,3.66,1.2040000000000002,1.4527974719999999,2.9192064015738115,162.1738163144394
8.54,3.66,1.4030000000000002,1.4527974719999999,3.9311786506863173,193.9249536485416
8.54,3.66,1.6020000000000003,1.4527974719999999,4.943150899798823,225.6760909826438
8.54,3.66,1.8010000000000004,1.4527974719999999,5.955123148911329,257.42722831674604
8.54,3.66,2.0,1.4527974719999999,6.967095398023832,289.17836565084815
8.54,4.88,0.01,1.4527974719999999,0.02870417192192764,71.48285780377535
8.54,4.88,0.20900000000000002,1.4527974719999999,0.5999171931682876,89.40495309890461
8.54,4.88,0.40800000000000003,1.4527974719999999,1.1711302144146478,107.32704839403388
8.54,4.88,0.607,1.4527974719999999,1.8792401684841884,129.5443536798503
8.54,4.88,0.806,1.4527974719999999,2.705055896569922,155.45473671466874
8.54,4.88,1.0050000000000001,1.4527974719999999,3.510122485759029,180.71410510037114
8.54,4.88,1.2040000000000002,1.4527974719999999,5.497438052861651,243.067128666593
8.54,4.88,1.4030000000000002,1.4527974719999999,7.436044905084305,303.8918918512897
8.54,4.88,1.6020000000000003,1.4527974719999999,9.374651757306962,364.7166550359865
8.54,4.88,1.8010000000000004,1.4527974719999999,11.313258609529615,425.5414182206832
8.54,4.88,2.0,1.4527974719999999,13.251865461752265,486.36618140537985
8.54,6.1,0.01,1.4527974719999999,0.044516090768434845,71.97896469529476
8.54,6.1,0.20900000000000002,1.4527974719999999,0.9303862970602883,99.77358713166066
8.54,6.1,0.40800000000000003,1.4527974719999999,1.8162565033521416,127.56820956802653
8.54,6.1,0.607,1.4527974719999999,2.9677529408314864,163.69698835440155
8.54,6.1,0.806,1.4527974719999999,4.347638287369235,206.9915838155508
8.54,6.1,1.0050000000000001,1.4527974719999999,5.69285314781307,249.198375370641
8.54,6.1,1.2040000000000002,1.4527974719999999,8.982854760282555,352.42382756910627
8.54,6.1,1.4030000000000002,1.4527974719999999,12.192219078328765,453.1192441744719
8.54,6.1,1.6020000000000003,1.4527974719999999,15.401583396374976,553.8146607798374
8.54,6.1,1.8010000000000004,1.4527974719999999,18.610947714421187,654.5100773852029
8.54,6.1,2.0,1.4527974719999999,21.820312032467392,755.2054939905682
8.54,7.32,0.01,1.4527974719999999,0.06371265133892587,72.58126642002152
8.54,7.32,0.20900000000000002,1.4527974719999999,1.3315944129835506,112.36169317844977
8.54,7.32,0.40800000000000003,1.4527974719999999,2.599476174628175,152.14211993687798
8.54,7.32,0.607,1.4527974719999999,4.312465638252179,205.8880242925508
8.54,7.32,0.806,1.4527974719999999,6.408164527877146,271.64162901220965
8.54,7.32,1.0050000000000001,1.4527974719999999,8.451207666506509,335.7431331107715
8.54,7.32,1.2040000000000002,1.4527974719999999,13.417576760056471,491.5654565780771
8.54,7.32,1.4030000000000002,1.4527974719999999,18.262221120921385,643.5686054505957
8.54,7.32,1.6020000000000003,1.4527974719999999,23.106865481786294,795.5717543231142
8.54,7.32,1.8010000000000004,1.4527974719999999,27.951509842651205,947.5749031956327
8.54,7.32,2.0,1.4527974719999999,32.79615420351611,1099.578052068151
8.54,8.54,0.01,1.4527974719999999,0.08627311388876543,73.28911225805615
8.54,8.54,0.20900000000000002,1.4527974719999999,1.8031080802751978,127.15567119337344
8.54,8.54,0.40800000000000003,1.4527974719999999,3.51994304666163,181.0222301286907
8.54,8.54,0.607,1.4527974719999999,5.916390633081531,256.21197618855206
8.54,8.54,0.806,1.4527974719999999,8.897178042333948,349.73567753306816
8.54,8.54,1.0050000000000001,1.4527974719999999,11.803071295574997,440.9095371352597
8.54,8.54,1.2040000000000002,1.4527974719999999,18.837425179778837,661.6159215543059
8.54,8.54,1.4030000000000002,1.4527974719999999,25.699368429565915,876.9128357670029
8.54,8.54,1.6020000000000003,1.4527974719999999,32.56131167935299,1092.2097499796998
8.54,8.54,1.8010000000000004,1.4527974719999999,39.423254929140064,1307.5066641923966
8.54,8.54,2.0,1.4527974719999999,46.28519817892713,1522.8035784050933
8.54,9.76,0.01,1.4527974719999999,0.11218007172408453,74.10195606564021
8.54,9.76,0.20900000000000002,1.4527974719999999,2.344563499033367,144.14410677188022
8.54,9.76,0.40800000000000003,1.4527974719999999,4.576946926342649,214.18625747812027
8.54,9.76,0.607,1.4527974719999999,7.782167958103297,314.7516763963133
8.54,9.76,0.806,1.4527974719999999,11.823847490887553,441.5614006930081
8.54,9.76,1.0050000000000001,1.4527974719999999,15.763977286667176,565.1849510123989
8.54,9.76,1.2040000000000002,1.4527974719999999,25.273728263940654,863.5581618957284
8.54,9.76,1.4030000000000002,1.4527974719999999,34.55039710941821,1154.6183038848585
8.54,9.76,1.6020000000000003,1.4527974719999999,43.827065954895765,1445.6784458739885
8.54,9.76,1.8010000000000004,1.4527974719999999,53.10373480037332,1736.7385878631187
8.54,9.76,2.0,1.4527974719999999,62.380403645850855,2027.7987298522482
8.54,10.98,0.01,1.4527974719999999,0.14141853496684767,75.01932752782528
8.54,10.98,0.20900000000000002,1.4527974719999999,2.9556473808071164,163.31717033154857
8.54,10.98,0.40800000000000003,1.4527974719999999,5.769876226647385,251.61501313527188
8.54,10.98,0.607,1.4527974719999999,9.912155719329553,381.5811116757515
8.54,10.98,0.806,1.4527974719999999,15.196310534529992,547.3741216908255
8.54,10.98,1.0050000000000001,1.4527974719999999,20.347697640805798,709.0014781879329
8.54,10.98,1.2040000000000002,1.4527974719999999,32.7544284048639,1098.268884188752
8.54,10.98,1.4030000000000002,1.4527974719999999,44.85707263058724,1477.995422395433
8.54,10.98,1.6020000000000003,1.4527974719999999,56.95971685631057,1857.721960602114
8.54,10.98,1.8010000000000004,1.4527974719999999,69.0623610820339,2237.448498808795
8.54,10.98,2.0,1.4527974719999999,81.16500530775723,2617.1750370154755
9.76,0.0,0.01,1.897531392,0.0,84.536
9.76,0.0,0.20900000000000002,1.897531392,0.0,84.536
9.76,0.0,0.40800000000000003,1.897531392,0.0,84.536
9.76,0.0,0.607,1.897531392,0.0,84.536
9.76,0.0,0.806,1.897531392,0.0,84.536
9.76,0.0,1.0050000000000001,1.897531392,0.0,84.536
9.76,0.0,1.2040000000000002,1.897531392,0.0,84.536
9.76,0.0,1.4030000000000002,1.897531392,0.0,84.536
9.76,0.0,1.6020000000000003,1.897531392,0.0,84.536
9.76,0.0,1.8010000000000004,1.897531392,0.0,84.536
9.76,0.0,2.0,1.897531392,0.0,84.536
9.76,1.22,0.01,1.897531392,0.0018793325723695,84.59496500289815
9.76,1.22,0.20900000000000002,1.897531392,0.039278050762522554,85.76836856057112
9.76,1.22,0.40800000000000003,1.897531392,0.0766767689526756,86.94177211824409
9.76,1.22,0.607,1.897531392,0.11110114139437856,88.021854084914
9.76,1.22,0.806,1.897531392,0.14296813244489082,89.02169692660928
9.76,1.22,1.0050000000000001,1.897531392,0.17403444532830475,89.996418088865
9.76,1.22,1.2040000000000002,1.897531392,0.26053283143789746,92.71034837593805
9.76,1.22,1.4030000000000002,1.897531392,0.34491115906441194,95.35776076381815
9.76,1.22,1.6020000000000003,1.897531392,0.4292894866909264,98.00517315169824
9.76,1.22,1.8010000000000004,1.897531392,0.5136678143174408,100.65258553957835
9.76,1.22,2.0,1.897531392,0.5980461419439551,103.29999792745843
9.76,2.44,0.01,1.897531392,0.0073447045723958595,84.76644379305961
9.76,2.44,0.20900000000000002,1.897531392,0.15350432556307347,89.35227527494582
9.76,2.44,0.40800000000000003,1.897531392,0.2996639465537511,93.93810675683206
9.76,2.44,0.607,1.897531392,0.4559070527345139,98.84031264854775
9.76,2.44,0.806,1.897531392,0.620820071415163,104.01454139731311
9.76,2.44,1.0050000000000001,1.897531392,0.7815895469128813,109.05876439862203
9.76,2.44,1.2040000000000002,1.897531392,1.1964415855917863,122.07495537122824
9.76,2.44,1.4030000000000002,1.897531392,1.6011256821462079,134.77212205529017
9.76,2.44,1.6020000000000003,1.897531392,2.0058097787006295,147.4692887393521
9.76,2.44,1.8010000000000004,1.897531392,2.410493875255051,160.16645542341402
9.76,2.44,2.0,1.897531392,2.8151779718094723,172.86362210747592
9.76,3.66,0.01,1.897531392,0.016302529224018335,85.0475000384042
9.76,3.66,0.20900000000000002,1.897531392,0.34072286078198327,95.22635080264757
9.76,3.66,0.40800000000000003,1.897531392,0.6651431923399482,105.40520156689097
9.76,3.66,0.607,1.897531392,1.0433962493087785,117.27308111536078
9.76,3.66,0.806,1.897531392,1.4679353879392882,130.59320971195058
9.76,3.66,1.0050000000000001,1.897531392,1.8818077140413927,143.57866171063608
9.76,3.66,1.2040000000000002,1.897531392,2.9192064015738115,176.12756631443938
9.76,3.66,1.4030000000000002,1.897531392,3.9311786506863173,207.87870364854157
9.76,3.66,1.6020000000000003,1.897531392,4.943150899798823,239.6298409826438
9.76,3.66,1.8010000000000004,1.897531392,5.955123148911329,271.380978316746
9.76,3.66,2.0,1.897531392,6.967095398023832,303.13211565084816
9.76,4.88,0.01,1.897531392,0.02870417192192764,85.43660780377535
9.76,4.88,0.20900000000000002,1.897531392,0.5999171931682876,103.35870309890461
9.76,4.88,0.40800000000000003,1.897531392,1.1711302144146478,121.28079839403388
9.76,4.88,0.607,1.897531392,1.8792401684841884,143.49810367985032
9.76,4.88,0.806,1.897531392,2.705055896569922,169.40848671466873
9.76,4.88,1.0050000000000001,1.897531392,3.510122485759029,194.66785510037116
9.76,4.88,1.2040000000000002,1.897531392,5.497438052861651,257.020878666593
9.76,4.88,1.4030000000000002,1.897531392,7.436044905084305,317.8456418512897
9.76,4.88,1.6020000000000003,1.897531392,9.374651757306962,378.6704050359865
9.76,4.88,1.8010000000000004,1.897531392,11.313258609529615,439.49516822068324
9.76,4.88,2.0,1.897531392,13.251865461752265,500.31993140537986
9.76,6.1,0.01,1.897531392,0.044516090768434845,85.93271469529478
9.76,6.1,0.20900000000000002,1.897531392,0.9303862970602883,113.72733713166066
9.76,6.1,0.40800000000000003,1.897531392,1.8162565033521416,141.52195956802655
9.76,6.1,0.607,1.897531392,2.9677529408314864,177.65073835440157
9.76,6.1,0.806,1.897531392,4.347638287369235,220.94533381555078
9.76,6.1,1.0050000000000001,1.897531392,5.69285314781307,263.152125370641
9.76,6.1,1.2040000000000002,1.897531392,8.982854760282555,366.3775775691063
9.76,6.1,1.4030000000000002,1.897531392,12.192219078328765,467.0729941744719
9.76,6.1,1.6020000000000003,1.897531392,15.401583396374976,567.7684107798374
9.76,6.1,1.8010000000000004,1.897531392,18.610947714421187,668.4638273852029
9.76,6.1,2.0,1.897531392,21.820312032467392,769.1592439905683
9.76,7.32,0.01,1.897531392,0.06371265133892587,86.53501642002152
9.76,7.32,0.20900000000000002,1.897531392,1.3315944129835506,126.31544317844975
9.76,7.32,0.40800000000000003,1.897531392,2.599476174628175,166.095869936878
9.76,7.32,0.607,1.897531392,4.312465638252179,219.8417742925508
9.76,7.32,0.806,1.897531392,6.408164527877146,285.59537901220966
9.76,7.32,1.0050000000000001,1.897531392,8.451207666506509,349.6968831107715
9.76,7.32,1.2040000000000002,1.897531392,13.417576760056471,505.5192065780771
9.76,7.32,1.4030000000000002,1.897531392,18.262221120921385,657.5223554505957
9.76,7.32,1.6020000000000003,1.897531392,23.106865481786294,809.5255043231142
9.76,7.32,1.8010000000000004,1.897531392,27.951509842651205,961.5286531956327
9.76,7.32,2.0,1.897531392,32.79615420351611,1113.5318020681511
9.76,8.54,0.01,1.897531392,0.08627311388876543,87.24286225805615
9.76,8.54,0.20900000000000002,1.897531392,1.8031080802751978,141.10942119337344
9.76,8.54,0.40800000000000003,1.897531392,3.51994304666163,194.9759801286907
9.76,8.54,0.607,1.897531392,5.916390633081531,270.16572618855207
9.76,8.54,0.806,1.897531392,8.897178042333948,363.68942753306817
9.76,8.54,1.0050000000000001,1.897531392,11.803071295574997,454.8632871352597
9.76,8.54,1.2040000000000002,1.897531392,18.837425179778837,675.569671554306
9.76,8.54,1.4030000000000002,1.897531392,25.699368429565915,890.8665857670029
9.76,8.54,1.6020000000000003,1.897531392,32.56131167935299,1106.1634999796997
9.76,8.54,1.8010000000000004,1.897531392,39.423254929140064,1321.4604141923967
9.76,8.54,2.0,1.897531392,46.28519817892713,1536.7573284050932
9.76,9.76,0.01,1.897531392,0.11218007172408453,88.05570606564021
9.76,9.76,0.20900000000000002,1.897531392,2.344563499033367,158.09785677188026
9.76,9.76,0.40800000000000003,1.897531392,4.576946926342649,228.14000747812028
9.76,9.76,0.607,1.897531392,7.782167958103297,328.7054263963133
9.76,9.76,0.806,1.897531392,11.823847490887553,455.51515069300814
9.76,9.76,1.0050000000000001,1.897531392,15.763977286667176,579.1387010123989
9.76,9.76,1.2040000000000002,1.897531392,25.273728263940654,877.5119118957284
9.76,9.76,1.4030000000000002,1.897531392,34.55039710941821,1168.5720538848586
9.76,9.76,1.6020000000000003,1.897531392,43.827065954895765,1459.6321958739886
9.76,9.76,1.8010000000000004,1.897531392,53.10373480037332,1750.6923378631188
9.76,9.76,2.0,1.897531392,62.380403645850855,2041.7524798522484
9.76,10.98,0.01,1.897531392,0.14141853496684767,88.9730775278253
9.76,10.98,0.20900000000000002,1.897531392,2.9556473808071164,177.2709203315486
9.76,10.98,0.40800000000000003,1.897531392,5.769876226647385,265.56876313527187
9.76,10.98,0.607,1.897531392,9.912155719329553,395.53486167575153
9.76,10.98,0.806,1.897531392,15.196310534529992,561.3278716908256
9.76,10.98,1.0050000000000001,1.897531392,20.347697640805798,722.9552281879329
9.76,10.98,1.2040000000000002,1.897531392,32.7544284048639,1112.222634188752
9.76,10.98,1.4030000000000002,1.897531392,44.85707263058724,1491.949172395433
9.76,10.98,1.6020000000000003,1.897531392,56.95971685631057,1871.675710602114
9.76,10.98,1.8010000000000004,1.897531392,69.0623610820339,2251.402248808795
9.76,10.98,2.0,1.897531392,81.16500530775723,2631.1287870154756
10.98,0.0,0.01,2.4015631680000005,0.0,100.35025000000002
10.98,0.0,0.20900000000000002,2.4015631680000005,0.0,100.35025000000002
10.98,0.0,0.40800000000000003,2.4015631680000005,0.0,100.35025000000002
10.98,0.0,0.607,2.4015631680000005,0.0,100.35025000000002
10.98,0.0,0.806,2.4015631680000005,0.0,100.35025000000002
10.98,0.0,1.0050000000000001,2.4015631680000005,0.0,100.35025000000002
10.98,0.0,1.2040000000000002,2.4015631680000005,0.0,100.35025000000002
10.98,0.0,1.4030000000000002,2.4015631680000005,0.0,100.35025000000002
10.98,0.0,1.6020000000000003,2.4015631680000005,0.0,100.35025000000002
10.98,0.0,1.8010000000000004,2.4015631680000005,0.0,100.35025000000002
10.98,0.0,2.0,2.4015631680000005,0.0,100.35025000000002
10.98,1.22,0.01,2.4015631680000005,0.0018793325723695,100.40921500289816
10.98,1.22,0.20900000000000002,2.4015631680000005,0.039278050762522554,101.58261856057113
10.98,1.22,0.40800000000000003,2.4015631680000005,0.0766767689526756,102.7560221182441
10.98,1.22,0.607,2.4015631680000005,0.11110114139437856,103.836104084914
10.98,1.22,0.806,2.4015631680000005,0.14296813244489082,104.8359469266093
10.98,1.22,1.0050000000000001,2.4015631680000005,0.17403444532830475,105.810668088865
10.98,1.22,1.2040000000000002,2.4015631680000005,0.26053283143789746,108.52459837593807
10.98,1.22,1.4030000000000002,2.4015631680000005,0.34491115906441194,111.17201076381816
10.98,1.22,1.6020000000000003,2.4015631680000005,0.4292894866909264,113.81942315169826
10.98,1.22,1.8010000000000004,2.4015631680000005,0.5136678143174408,116.46683553957837
10.98,1.22,2.0,2.4015631680000005,0.5980461419439551,119.11424792745846
10.98,2.44,0.01,2.4015631680000005,0.0073447045723958595,100.58069379305964
10.98,2.44,0.20900000000000002,2.4015631680000005,0.15350432556307347,105.16652527494585
10.98,2.44,0.40800000000000003,2.4015631680000005,0.2996639465537511,109.75235675683207
10.98,2.44,0.607,2.4015631680000005,0.4559070527345139,114.65456264854777
10.98,2.44,0.806,2.4015631680000005,0.620820071415163,119.82879139731313
10.98,2.44,1.0050000000000001,2.4015631680000005,0.7815895469128813,124.87301439862206
10.98,2.44,1.2040000000000002,2.4015631680000005,1.1964415855917863,137.88920537122823
10.98,2.44,1.4030000000000002,2.4015631680000005,1.6011256821462079,150.58637205529018
10.98,2.44,1.6020000000000003,2.4015631680000005,2.0058097787006295,163.2835387393521
10.98,2.44,1.8010000000000004,2.4015631680000005,2.410493875255051,175.98070542341404
10.98,2.44,2.0,2.4015631680000005,2.8151779718094723,188.67787210747593
10.98,3.66,0.01,2.4015631680000005,0.016302529224018335,100.86175003840421
10.98,3.66,0.20900000000000002,2.4015631680000005,0.34072286078198327,111.04060080264759
10.98,3.66,0.40800000000000003,2.4015631680000005,0.6651431923399482,121.21945156689097
10.98,3.66,0.607,2.4015631680000005,1.0433962493087785,133.0873311153608
10.98,3.66,0.806,2.4015631680000005,1.4679353879392882,146.4074597119506
10.98,3.66,1.0050000000000001,2.4015631680000005,1.8818077140413927,159.3929117106361
10.98,3.66,1.2040000000000002,2.4015631680000005,2.9192064015738115,191.9418163144394
10.98,3.66,1.4030000000000002,2.4015631680000005,3.9311786506863173,223.69295364854162
10.98,3.66,1.6020000000000003,2.4015631680000005,4.943150899798823,255.44409098264381
10.98,3.66,1.8010000000000004,2.4015631680000005,5.955123148911329,287.19522831674607
10.98,3.66,2.0,2.4015631680000005,6.967095398023832,318.9463656508482
10.98,4.88,0.01,2.4015631680000005,0.02870417192192764,101.25085780377536
10.98,4.88,0.20900000000000002,2.4015631680000005,0.5999171931682876,119.17295309890463
10.98,4.88,0.40800000000000003,2.4015631680000005,1.1711302144146478,137.09504839403388
10.98,4.88,0.607,2.4015631680000005,1.8792401684841884,159.3123536798503
10.98,4.88,0.806,2.4015631680000005,2.705055896569922,185.22273671466877
10.98,4.88,1.0050000000000001,2.4015631680000005,3.510122485759029,210.4821051003712
10.98,4.88,1.2040000000000002,2.4015631680000005,5.497438052861651,272.835128666593
10.98,4.88,1.4030000000000002,2.4015631680000005,7.436044905084305,333.65989185128973
10.98,4.88,1.6020000000000003,2.4015631680000005,9.374651757306962,394.4846550359865
10.98,4.88,1.8010000000000004,2.4015631680000005,11.313258609529615,455.30941822068326
10.98,4.88,2.0,2.4015631680000005,13.251865461752265,516.1341814053799
10.98,6.1,0.01,2.4015631680000005,0.044516090768434845,101.74696469529479
10.98,6.1,0.20900000000000002,2.4015631680000005,0.9303862970602883,129.54158713166066
10.98,6.1,0.40800000000000003,2.4015631680000005,1.8162565033521416,157.33620956802656
10.98,6.1,0.607,2.4015631680000005,2.9677529408314864,193.46498835440156
10.98,6.1,0.806,2.4015631680000005,4.347638287369235,236.75958381555083
10.98,6.1,1.0050000000000001,2.4015631680000005,5.69285314781307,278.966375370641
10.98,6.1,1.2040000000000002,2.4015631680000005,8.982854760282555,382.1918275691063
10.98,6.1,1.4030000000000002,2.4015631680000005,12.192219078328765,482.88724417447185
10.98,6.1,1.6020000000000003,2.4015631680000005,15.401583396374976,583.5826607798374
10.98,6.1,1.8010000000000004,2.4015631680000005,18.610947714421187,684.2780773852029
10.98,6.1,2.0,2.4015631680000005,21.820312032467392,784.9734939905683
10.98,7.32,0.01,2.4015631680000005,0.06371265133892587,102.34926642002154
10.98,7.32,0.20900000000000002,2.4015631680000005,1.3315944129835506,142.12969317844977
10.98,7.32,0.40800000000000003,2.4015631680000005,2.599476174628175,181.910119936878
10.98,7.32,0.607,2.4015631680000005,4.312465638252179,235.65602429255082
10.98,7.32,0.806,2.4015631680000005,6.408164527877146,301.4096290122097
10.98,7.32,1.0050000000000001,2.4015631680000005,8.451207666506509,365.51113311077154
10.98,7.32,1.2040000000000002,2.4015631680000005,13.417576760056471,521.3334565780772
10.98,7.32,1.4030000000000002,2.4015631680000005,18.262221120921385,673.3366054505957
10.98,7.32,1.6020000000000003,2.4015631680000005,23.106865481786294,825.3397543231142
10.98,7.32,1.8010000000000004,2.4015631680000005,27.951509842651205,977.3429031956327
10.98,7.32,2.0,2.4015631680000005,32.79615420351611,1129.346052068151
10.98,8.54,0.01,2.4015631680000005,0.08627311388876543,103.05711225805616
10.98,8.54,0.20900000000000002,2.4015631680000005,1.8031080802751978,156.92367119337345
10.98,8.54,0.40800000000000003,2.4015631680000005,3.51994304666163,210.79023012869075
10.98,8.54,0.607,2.4015631680000005,5.916390633081531,285.97997618855203
10.98,8.54,0.806,2.4015631680000005,8.897178042333948,379.5036775330682
10.98,8.54,1.0050000000000001,2.4015631680000005,11.803071295574997,470.67753713525974
10.98,8.54,1.2040000000000002,2.4015631680000005,18.837425179778837,691.383921554306
10.98,8.54,1.4030000000000002,2.4015631680000005,25.699368429565915,906.6808357670029
10.98,8.54,1.6020000000000003,2.4015631680000005,32.56131167935299,1121.9777499796999
10.98,8.54,1.8010000000000004,2.4015631680000005,39.423254929140064,1337.2746641923966
10.98,8.54,2.0,2.4015631680000005,46.28519817892713,1552.5715784050933
10.98,9.76,0.01,2.4015631680000005,0.11218007172408453,103.86995606564022
10.98,9.76,0.20900000000000002,2.4015631680000005,2.344563499033367,173.91210677188027
10.98,9.76,0.40800000000000003,2.4015631680000005,4.576946926342649,243.9542574781203
10.98,9.76,0.607,2.4015631680000005,7.782167958103297,344.51967639631334
10.98,9.76,0.806,2.4015631680000005,11.823847490887553,471.32940069300815
10.98,9.76,1.0050000000000001,2.4015631680000005,15.763977286667176,594.9529510123989
10.98,9.76,1.2040000000000002,2.4015631680000005,25.273728263940654,893.3261618957284
10.98,9.76,1.4030000000000002,2.4015631680000005,34.55039710941821,1184.3863038848588
10.98,9.76,1.6020000000000003,2.4015631680000005,43.827065954895765,1475.4464458739885
10.98,9.76,1.8010000000000004,2.4015631680000005,53.10373480037332,1766.5065878631187
10.98,9.76,2.0,2.4015631680000005,62.380403645850855,2057.5667298522485
10.98,10.98,0.01,2.4015631680000005,0.14141853496684767,104.78732752782531
10.98,10.98,0.20900000000000002,2.4015631680000005,2.9556473808071164,193.08517033154862
10.98,10.98,0.40800000000000003,2.4015631680000005,5.769876226647385,281.3830131352719
10.98,10.98,0.607,2.4015631680000005,9.912155719329553,411.34911167575154
10.98,10.98,0.806,2.4015631680000005,15.196310534529992,577.1421216908255
10.98,10.98,1.0050000000000001,2.4015631680000005,20.347697640805798,738.7694781879329
10.98,10.98,1.2040000000000002,2.4015631680000005,32.7544284048639,1128.036884188752
10.98,10.98,1.4030000000000002,2.4015631680000005,44.85707263058724,1507.763422395433
10.98,10.98,1.6020000000000003,2.4015631680000005,56.95971685631057,1887.489960602114
10.98,10.98,1.8010000000000004,2.4015631680000005,69.0623610820339,2267.216498808795
10.98,10.98,2.0,2.4015631680000005,81.16500530775723,2646.9430370154755
