0.0,1.01,0.01,0.0,0.001019689787804502,25.01929312308414
0.0,1.01,0.20900000000000002,0.0,0.02131151656511409,25.40322627245852
0.0,1.01,0.40800000000000003,0.0,0.04160334334242368,25.787159421832907
0.0,1.01,0.607,0.0,0.0655056947465503,26.239405794362618
0.0,1.01,0.806,0.0,0.09251242246532335,26.750388769979157
0.0,1.01,1.0050000000000001,0.0,0.11884058918613724,27.24853297736412
0.0,1.01,1.2040000000000002,0.0,0.15022279972196245,27.842302629430254
0.0,1.01,1.4030000000000002,0.0,0.18083583843092915,28.421519103749667
0.0,1.01,1.6020000000000003,0.0,0.2114488771398959,29.000735578069076
0.0,1.01,1.8010000000000004,0.0,0.2420619158488626,29.57995205238849
0.0,1.01,2.0,0.0,0.27267495455782925,30.1591685267079
0.0,2.02,0.01,0.0,0.004371505818352517,25.08271142932411
0.0,2.02,0.20900000000000002,0.0,0.09136447160356763,26.728668872873897
0.0,2.02,0.40800000000000003,0.0,0.17835743738878274,28.374626316423683
0.0,2.02,0.607,0.0,0.2808290610974228,30.313448958846276
0.0,2.02,0.806,0.0,0.3966094374131198,32.50408093114081
0.0,2.02,1.0050000000000001,0.0,0.509480759047518,34.63967189910635
0.0,2.02,1.2040000000000002,0.0,0.6440192408396153,37.18521812288189
0.0,2.02,1.4030000000000002,0.0,0.7752602108230826,39.66837350783941
0.0,2.02,1.6020000000000003,0.0,0.9065011808065501,42.15152889279693
0.0,2.02,1.8010000000000004,0.0,1.0377421507900175,44.63468427775446
0.0,2.02,2.0,0.0,1.1689831207734847,47.11783966271197
0.0,3.0300000000000002,0.01,0.0,0.010242894622448876,25.193801515963273
0.0,3.0300000000000002,0.20900000000000002,0.0,0.21407649760918154,29.050451683632403
0.0,3.0300000000000002,0.40800000000000003,0.0,0.41791010059591416,32.90710185130153
0.0,3.0300000000000002,0.607,0.0,0.6580118154403422,37.44996576208017
0.0,3.0300000000000002,0.806,0.0,0.9292973273960597,42.58284522768194
0.0,3.0300000000000002,1.0050000000000001,0.0,1.1937666204584174,47.58675787253995
0.0,3.0300000000000002,1.2040000000000002,0.0,1.5090043323414268,53.55123849092146
0.0,3.0300000000000002,1.4030000000000002,0.0,1.8165156297174994,59.36953085885246
0.0,3.0300000000000002,1.6020000000000003,0.0,2.1240269270935723,65.18782322678345
0.0,3.0300000000000002,1.8010000000000004,0.0,2.431538224469645,71.00611559471443
0.0,3.0300000000000002,2.0,0.0,2.739049521845717,76.82440796264541
0.0,4.04,0.01,0.0,0.018741055709732914,25.35459165999211
0.0,4.04,0.20900000000000002,0.0,0.39168806433341796,32.41096569383507
0.0,4.04,0.40800000000000003,0.0,0.764635072957103,39.46733972767803
0.0,4.04,0.607,0.0,1.203940540772804,47.77925435453014
0.0,4.04,0.806,0.0,1.700301880043323,57.170699210885445
0.0,4.04,1.0050000000000001,0.0,2.184191828879909,66.32617811607604
0.0,4.04,1.2040000000000002,0.0,2.7609709267786773,77.23917367728447
0.0,4.04,1.4030000000000002,0.0,3.3236132820818876,87.88469385709072
0.0,4.04,1.6020000000000003,0.0,3.8862556373850983,98.530214036897
0.0,4.04,1.8010000000000004,0.0,4.448897992688308,109.17573421670325
0.0,4.04,2.0,0.0,5.0115403479915175,119.82125439650949
0.0,5.05,0.01,0.0,0.029943673520714267,25.566551696148984
0.0,5.05,0.20900000000000002,0.0,0.6258227765829282,36.840930449513806
0.0,5.05,0.40800000000000003,0.0,1.221701879645142,48.11530920287862
0.0,5.05,0.607,0.0,1.923605748235983,61.395738105784645
0.0,5.05,0.806,0.0,2.71667109746826,76.40099517465134
0.0,5.05,1.0050000000000001,0.0,3.48981018164445,91.02923573425004
0.0,5.05,1.2040000000000002,0.0,4.411363655928367,108.46556276294154
0.0,5.05,1.4030000000000002,0.0,5.310330035254346,125.47452883504747
0.0,5.05,1.6020000000000003,0.0,6.209296414580323,142.48349490715339
0.0,5.05,1.8010000000000004,0.0,7.108262793906301,159.49246097925928
0.0,5.05,2.0,0.0,8.007229173232277,176.50142705136517
0.0,6.0600000000000005,0.01,0.0,0.043912250543585635,25.830845287234958
0.0,6.0600000000000005,0.20900000000000002,0.0,0.9177660363609398,42.36466650321063
0.0,6.0600000000000005,0.40800000000000003,0.0,1.791619822178294,58.898487719186306
0.0,6.0600000000000005,0.607,0.0,2.820958407297151,78.37417165313185
0.0,6.0600000000000005,0.806,0.0,3.9839848572359924,100.37930764364964
0.0,6.0600000000000005,1.0050000000000001,0.0,5.1177895370758675,121.83155077008406
0.0,6.0600000000000005,1.2040000000000002,0.0,6.4692431930233525,147.40183894845757
0.0,6.0600000000000005,1.4030000000000002,0.0,7.787572984854477,172.3454043773611
0.0,6.0600000000000005,1.6020000000000003,0.0,9.105902776685602,197.28896980626465
0.0,6.0600000000000005,1.8010000000000004,0.0,10.424232568516727,222.2325352351682
0.0,6.0600000000000005,2.0,0.0,11.742562360347847,247.17610066407167
0.0,7.07,0.01,0.0,0.060697940264618146,26.148440286923385
0.0,7.07,0.20900000000000002,0.0,1.2685869515305195,49.00240199669872
0.0,7.07,0.40800000000000003,0.0,2.4764759627964206,71.85636370647407
0.0,7.07,0.607,0.0,3.8992846591896266,98.77673069750016
0.0,7.07,0.806,0.0,5.506884112888555,129.19344615464843
0.0,7.07,1.0050000000000001,0.0,7.074091620514645,158.84592252995876
0.0,7.07,1.2040000000000002,0.0,8.942145575018296,194.19058843041097
0.0,7.07,1.4030000000000002,0.0,10.76441389338215,228.66896349996975
0.0,7.07,1.6020000000000003,0.0,12.586682211746007,263.14733856952853
0.0,7.07,1.8010000000000004,0.0,14.40895053010986,297.62571363908734
0.0,7.07,2.0,0.0,16.23121884847371,332.104088708646
0.0,8.08,0.01,0.0,0.08034466467842406,26.520167724864937
0.0,8.08,0.20900000000000002,0.0,1.6792034917790633,56.77150544967718
0.0,8.08,0.40800000000000003,0.0,3.278062318879702,87.02284317448942
0.0,8.08,0.607,0.0,5.161406088287542,122.6568012541988
0.0,8.08,0.806,0.0,7.289353733324005,162.91880674185717
0.0,8.08,1.0050000000000001,0.0,9.363835357128394,202.1692040514336
0.0,8.08,1.2040000000000002,0.0,11.836541480622488,248.95424020855188
0.0,8.08,1.4030000000000002,0.0,14.248642061874074,294.5925843029956
0.0,8.08,1.6020000000000003,0.0,16.660742643125666,340.23092839743936
0.0,8.08,1.8010000000000004,0.0,19.07284322437725,385.8692724918831
0.0,8.08,2.0,0.0,21.484943805628834,431.5076165863268
0.0,9.09,0.01,0.0,0.10289098851572204,26.946757268165594
0.0,9.09,0.20900000000000002,0.0,2.150421659978591,65.68722690466092
0.0,9.09,0.40800000000000003,0.0,4.197952331441459,104.42769654115622
0.0,9.09,0.607,0.0,6.609800124009777,150.0612577268772
0.0,9.09,0.806,0.0,9.33489254407063,201.62158921660526
0.0,9.09,1.0050000000000001,0.0,11.991515305335984,251.88643499051105
0.0,9.09,1.2040000000000002,0.0,15.158112345394432,311.8002903437762
0.0,9.09,1.4030000000000002,0.0,18.24709671290243,370.24566885014764
0.0,9.09,1.6020000000000003,0.0,21.33608108041042,428.691047356519
0.0,9.09,1.8010000000000004,0.0,24.425065447918417,487.13642586289046
0.0,9.09,2.0,0.0,27.514049815426404,545.5818043692617
1.01,0.0,0.01,0.02662461,0.0,25.503753086419753
1.01,0.0,0.20900000000000002,0.02662461,0.0,25.503753086419753
1.01,0.0,0.40800000000000003,0.02662461,0.0,25.503753086419753
1.01,0.0,0.607,0.02662461,0.0,25.503753086419753
1.01,0.0,0.806,0.02662461,0.0,25.503753086419753
1.01,0.0,1.0050000000000001,0.02662461,0.0,25.503753086419753
1.01,0.0,1.2040000000000002,0.02662461,0.0,25.503753086419753
1.01,0.0,1.4030000000000002,0.02662461,0.0,25.503753086419753
1.01,0.0,1.6020000000000003,0.02662461,0.0,25.503753086419753
1.01,0.0,1.8010000000000004,0.02662461,0.0,25.503753086419753
1.01,0.0,2.0,0.02662461,0.0,25.503753086419753
1.01,1.01,0.01,0.02662461,0.001019689787804502,25.523046209503892
1.01,1.01,0.20900000000000002,0.02662461,0.02131151656511409,25.906979358878278
1.01,1.01,0.40800000000000003,0.02662461,0.04160334334242368,26.29091250825266
1.01,1.01,0.607,0.02662461,0.0655056947465503,26.74315888078237
1.01,1.01,0.806,0.02662461,0.09251242246532335,27.25414185639891
1.01,1.01,1.0050000000000001,0.02662461,0.11884058918613724,27.752286063783874
1.01,1.01,1.2040000000000002,0.02662461,0.15022279972196245,28.346055715850007
1.01,1.01,1.4030000000000002,0.02662461,0.18083583843092915,28.925272190169416
1.01,1.01,1.6020000000000003,0.02662461,0.2114488771398959,29.504488664488832
1.01,1.01,1.8010000000000004,0.02662461,0.2420619158488626,30.08370513880824
1.01,1.01,2.0,0.02662461,0.27267495455782925,30.662921613127654
1.01,2.02,0.01,0.02662461,0.004371505818352517,25.586464515743863
1.01,2.02,0.20900000000000002,0.02662461,0.09136447160356763,27.23242195929365
1.01,2.02,0.40800000000000003,0.02662461,0.17835743738878274,28.878379402843436
1.01,2.02,0.607,0.02662461,0.2808290610974228,30.81720204526603
1.01,2.02,0.806,0.02662461,0.3966094374131198,33.00783401756057
1.01,2.02,1.0050000000000001,0.02662461,0.509480759047518,35.143424985526096
1.01,2.02,1.2040000000000002,0.02662461,0.6440192408396153,37.68897120930164
1.01,2.02,1.4030000000000002,0.02662461,0.7752602108230826,40.17212659425917
1.01,2.02,1.6020000000000003,0.02662461,0.9065011808065501,42.65528197921669
1.01,2.02,1.8010000000000004,0.02662461,1.0377421507900175,45.138437364174216
1.01,2.02,2.0,0.02662461,1.1689831207734847,47.62159274913173
1.01,3.0300000000000002,0.01,0.02662461,0.010242894622448876,25.697554602383025
1.01,3.0300000000000002,0.20900000000000002,0.02662461,0.21407649760918154,29.554204770052156
1.01,3.0300000000000002,0.40800000000000003,0.02662461,0.41791010059591416,33.41085493772128
1.01,3.0300000000000002,0.607,0.02662461,0.6580118154403422,37.953718848499925
1.01,3.0300000000000002,0.806,0.02662461,0.9292973273960597,43.08659831410169
1.01,3.0300000000000002,1.0050000000000001,0.02662461,1.1937666204584174,48.0905109589597
1.01,3.0300000000000002,1.2040000000000002,0.02662461,1.5090043323414268,54.05499157734123
1.01,3.0300000000000002,1.4030000000000002,0.02662461,1.8165156297174994,59.87328394527221
1.01,3.0300000000000002,1.6020000000000003,0.02662461,2.1240269270935723,65.6915763132032
1.01,3.0300000000000002,1.8010000000000004,0.02662461,2.431538224469645,71.50986868113418
1.01,3.0300000000000002,2.0,0.02662461,2.739049521845717,77.32816104906516
1.01,4.04,0.01,0.02662461,0.018741055709732914,25.858344746411863
1.01,4.04,0.20900000000000002,0.02662461,0.39168806433341796,32.91471878025482
1.01,4.04,0.40800000000000003,0.02662461,0.764635072957103,39.97109281409778
1.01,4.04,0.607,0.02662461,1.203940540772804,48.28300744094989
1.01,4.04,0.806,0.02662461,1.700301880043323,57.6744522973052
1.01,4.04,1.0050000000000001,0.02662461,2.184191828879909,66.8299312024958
1.01,4.04,1.2040000000000002,0.02662461,2.7609709267786773,77.74292676370422
1.01,4.04,1.4030000000000002,0.02662461,3.3236132820818876,88.38844694351047
1.01,4.04,1.6020000000000003,0.02662461,3.8862556373850983,99.03396712331674
1.01,4.04,1.8010000000000004,0.02662461,4.448897992688308,109.679487303123
1.01,4.04,2.0,0.02662461,5.0115403479915175,120.32500748292924
1.01,5.05,0.01,0.02662461,0.029943673520714267,26.07030478256874
1.01,5.05,0.20900000000000002,0.02662461,0.6258227765829282,37.344683535933555
1.01,5.05,0.40800000000000003,0.02662461,1.221701879645142,48.61906228929837
1.01,5.05,0.607,0.02662461,1.923605748235983,61.8994911922044
1.01,5.05,0.806,0.02662461,2.71667109746826,76.90474826107109
1.01,5.05,1.0050000000000001,0.02662461,3.48981018164445,91.53298882066979
1.01,5.05,1.2040000000000002,0.02662461,4.411363655928367,108.9693158493613
1.01,5.05,1.4030000000000002,0.02662461,5.310330035254346,125.97828192146721
1.01,5.05,1.6020000000000003,0.02662461,6.209296414580323,142.98724799357313
1.01,5.05,1.8010000000000004,0.02662461,7.108262793906301,159.99621406567903
1.01,5.05,2.0,0.02662461,8.007229173232277,177.00518013778492
1.01,6.0600000000000005,0.01,0.02662461,0.043912250543585635,26.33459837365471
1.01,6.0600000000000005,0.20900000000000002,0.02662461,0.9177660363609398,42.86841958963038
1.01,6.0600000000000005,0.40800000000000003,0.02662461,1.791619822178294,59.402240805606056
1.01,6.0600000000000005,0.607,0.02662461,2.820958407297151,78.8779247395516
1.01,6.0600000000000005,0.806,0.02662461,3.9839848572359924,100.88306073006939
1.01,6.0600000000000005,1.0050000000000001,0.02662461,5.1177895370758675,122.33530385650381
1.01,6.0600000000000005,1.2040000000000002,0.02662461,6.4692431930233525,147.90559203487732
1.01,6.0600000000000005,1.4030000000000002,0.02662461,7.787572984854477,172.84915746378084
1.01,6.0600000000000005,1.6020000000000003,0.02662461,9.105902776685602,197.7927228926844
1.01,6.0600000000000005,1.8010000000000004,0.02662461,10.424232568516727,222.73628832158798
1.01,6.0600000000000005,2.0,0.02662461,11.742562360347847,247.67985375049142
1.01,7.07,0.01,0.02662461,0.060697940264618146,26.652193373343138
1.01,7.07,0.20900000000000002,0.02662461,1.2685869515305195,49.506155083118486
1.01,7.07,0.40800000000000003,0.02662461,2.4764759627964206,72.36011679289382
1.01,7.07,0.607,0.02662461,3.8992846591896266,99.2804837839199
1.01,7.07,0.806,0.02662461,5.506884112888555,129.69719924106818
1.01,7.07,1.0050000000000001,0.02662461,7.074091620514645,159.3496756163785
1.01,7.07,1.2040000000000002,0.02662461,8.942145575018296,194.69434151683075
1.01,7.07,1.4030000000000002,0.02662461,10.76441389338215,229.1727165863895
1.01,7.07,1.6020000000000003,0.02662461,12.586682211746007,263.65109165594833
1.01,7.07,1.8010000000000004,0.02662461,14.40895053010986,298.1294667255071
1.01,7.07,2.0,0.02662461,16.23121884847371,332.6078417950657
1.01,8.08,0.01,0.02662461,0.08034466467842406,27.02392081128469
1.01,8.08,0.20900000000000002,0.02662461,1.6792034917790633,57.275258536096935
1.01,8.08,0.40800000000000003,0.02662461,3.278062318879702,87.52659626090917
1.01,8.08,0.607,0.02662461,5.161406088287542,123.16055434061855
1.01,8.08,0.806,0.02662461,7.289353733324005,163.42255982827692
1.01,8.08,1.0050000000000001,0.02662461,9.363835357128394,202.6729571378534
1.01,8.08,1.2040000000000002,0.02662461,11.836541480622488,249.45799329497163
1.01,8.08,1.4030000000000002,0.02662461,14.248642061874074,295.09633738941534
1.01,8.08,1.6020000000000003,0.02662461,16.660742643125666,340.7346814838591
1.01,8.08,1.8010000000000004,0.02662461,19.07284322437725,386.3730255783028
1.01,8.08,2.0,0.02662461,21.484943805628834,432.01136967274647
1.01,9.09,0.01,0.02662461,0.10289098851572204,27.450510354585347
1.01,9.09,0.20900000000000002,0.02662461,2.150421659978591,66.19097999108067
1.01,9.09,0.40800000000000003,0.02662461,4.197952331441459,104.93144962757597
1.01,9.09,0.607,0.02662461,6.609800124009777,150.56501081329694
1.01,9.09,0.806,0.02662461,9.33489254407063,202.12534230302504
1.01,9.09,1.0050000000000001,0.02662461,11.991515305335984,252.3901880769308
1.01,9.09,1.2040000000000002,0.02662461,15.158112345394432,312.304043430196
1.01,9.09,1.4030000000000002,0.02662461,18.24709671290243,370.7494219365674
1.01,9.09,1.6020000000000003,0.02662461,21.33608108041042,429.1948004429387
1.01,9.09,1.8010000000000004,0.02662461,24.425065447918417,487.64017894931015
1.01,9.09,2.0,0.02662461,27.514049815426404,546.0855574556814
2.02,0.0,0.01,0.10649844,0.0,27.01501234567901
2.02,0.0,0.20900000000000002,0.10649844,0.0,27.01501234567901
2.02,0.0,0.40800000000000003,0.10649844,0.0,27.01501234567901
2.02,0.0,0.607,0.10649844,0.0,27.01501234567901
2.02,0.0,0.806,0.10649844,0.0,27.01501234567901
2.02,0.0,1.0050000000000001,0.10649844,0.0,27.01501234567901
2.02,0.0,1.2040000000000002,0.10649844,0.0,27.01501234567901
2.02,0.0,1.4030000000000002,0.10649844,0.0,27.01501234567901
2.02,0.0,1.6020000000000003,0.10649844,0.0,27.01501234567901
2.02,0.0,1.8010000000000004,0.10649844,0.0,27.01501234567901
2.02,0.0,2.0,0.10649844,0.0,27.01501234567901
2.02,1.01,0.01,0.10649844,0.001019689787804502,27.03430546876315
2.02,1.01,0.20900000000000002,0.10649844,0.02131151656511409,27.418238618137536
2.02,1.01,0.40800000000000003,0.10649844,0.04160334334242368,27.80217176751192
2.02,1.01,0.607,0.10649844,0.0655056947465503,28.25441814004163
2.02,1.01,0.806,0.10649844,0.09251242246532335,28.765401115658168
2.02,1.01,1.0050000000000001,0.10649844,0.11884058918613724,29.263545323043132
2.02,1.01,1.2040000000000002,0.10649844,0.15022279972196245,29.857314975109265
2.02,1.01,1.4030000000000002,0.10649844,0.18083583843092915,30.436531449428678
2.02,1.01,1.6020000000000003,0.10649844,0.2114488771398959,31.01574792374809
2.02,1.01,1.8010000000000004,0.10649844,0.2420619158488626,31.594964398067503
2.02,1.01,2.0,0.10649844,0.27267495455782925,32.17418087238691
2.02,2.02,0.01,0.10649844,0.004371505818352517,27.09772377500312
2.02,2.02,0.20900000000000002,0.10649844,0.09136447160356763,28.743681218552908
2.02,2.02,0.40800000000000003,0.10649844,0.17835743738878274,30.389638662102698
2.02,2.02,0.607,0.10649844,0.2808290610974228,32.32846130452529
2.02,2.02,0.806,0.10649844,0.3966094374131198,34.51909327681983
2.02,2.02,1.0050000000000001,0.10649844,0.509480759047518,36.65468424478536
2.02,2.02,1.2040000000000002,0.10649844,0.6440192408396153,39.2002304685609
2.02,2.02,1.4030000000000002,0.10649844,0.7752602108230826,41.68338585351843
2.02,2.02,1.6020000000000003,0.10649844,0.9065011808065501,44.16654123847595
2.02,2.02,1.8010000000000004,0.10649844,1.0377421507900175,46.64969662343347
2.02,2.02,2.0,0.10649844,1.1689831207734847,49.13285200839099
2.02,3.0300000000000002,0.01,0.10649844,0.010242894622448876,27.208813861642284
2.02,3.0300000000000002,0.20900000000000002,0.10649844,0.21407649760918154,31.065464029311414
2.02,3.0300000000000002,0.40800000000000003,0.10649844,0.41791010059591416,34.922114196980544
2.02,3.0300000000000002,0.607,0.10649844,0.6580118154403422,39.46497810775918
2.02,3.0300000000000002,0.806,0.10649844,0.9292973273960597,44.597857573360955
2.02,3.0300000000000002,1.0050000000000001,0.10649844,1.1937666204584174,49.60177021821896
2.02,3.0300000000000002,1.2040000000000002,0.10649844,1.5090043323414268,55.56625083660048
2.02,3.0300000000000002,1.4030000000000002,0.10649844,1.8165156297174994,61.38454320453147
2.02,3.0300000000000002,1.6020000000000003,0.10649844,2.1240269270935723,67.20283557246246
2.02,3.0300000000000002,1.8010000000000004,0.10649844,2.431538224469645,73.02112794039346
2.02,3.0300000000000002,2.0,0.10649844,2.739049521845717,78.83942030832443
2.02,4.04,0.01,0.10649844,0.018741055709732914,27.36960400567112
2.02,4.04,0.20900000000000002,0.10649844,0.39168806433341796,34.42597803951408
2.02,4.04,0.40800000000000003,0.10649844,0.764635072957103,41.48235207335704
2.02,4.04,0.607,0.10649844,1.203940540772804,49.79426670020915
2.02,4.04,0.806,0.10649844,1.700301880043323,59.185711556564456
2.02,4.04,1.0050000000000001,0.10649844,2.184191828879909,68.34119046175505
2.02,4.04,1.2040000000000002,0.10649844,2.7609709267786773,79.25418602296348
2.02,4.04,1.4030000000000002,0.10649844,3.3236132820818876,89.89970620276974
2.02,4.04,1.6020000000000003,0.10649844,3.8862556373850983,100.545226382576
2.02,4.04,1.8010000000000004,0.10649844,4.448897992688308,111.19074656238227
2.02,4.04,2.0,0.10649844,5.0115403479915175,121.83626674218851
2.02,5.05,0.01,0.10649844,0.029943673520714267,27.581564041828
2.02,5.05,0.20900000000000002,0.10649844,0.6258227765829282,38.85594279519282
2.02,5.05,0.40800000000000003,0.10649844,1.221701879645142,50.13032154855763
2.02,5.05,0.607,0.10649844,1.923605748235983,63.410750451463656
2.02,5.05,0.806,0.10649844,2.71667109746826,78.41600752033035
2.02,5.05,1.0050000000000001,0.10649844,3.48981018164445,93.04424807992905
2.02,5.05,1.2040000000000002,0.10649844,4.411363655928367,110.48057510862056
2.02,5.05,1.4030000000000002,0.10649844,5.310330035254346,127.48954118072648
2.02,5.05,1.6020000000000003,0.10649844,6.209296414580323,144.49850725283238
2.02,5.05,1.8010000000000004,0.10649844,7.108262793906301,161.5074733249383
2.02,5.05,2.0,0.10649844,8.007229173232277,178.5164393970442
2.02,6.0600000000000005,0.01,0.10649844,0.043912250543585635,27.845857632913972
2.02,6.0600000000000005,0.20900000000000002,0.10649844,0.9177660363609398,44.37967884888964
2.02,6.0600000000000005,0.40800000000000003,0.10649844,1.791619822178294,60.91350006486532
2.02,6.0600000000000005,0.607,0.10649844,2.820958407297151,80.38918399881086
2.02,6.0600000000000005,0.806,0.10649844,3.9839848572359924,102.39431998932865
2.02,6.0600000000000005,1.0050000000000001,0.10649844,5.1177895370758675,123.84656311576309
2.02,6.0600000000000005,1.2040000000000002,0.10649844,6.4692431930233525,149.41685129413656
2.02,6.0600000000000005,1.4030000000000002,0.10649844,7.787572984854477,174.36041672304012
2.02,6.0600000000000005,1.6020000000000003,0.10649844,9.105902776685602,199.30398215194364
2.02,6.0600000000000005,1.8010000000000004,0.10649844,10.424232568516727,224.2475475808472
2.02,6.0600000000000005,2.0,0.10649844,11.742562360347847,249.19111300975067
2.02,7.07,0.01,0.10649844,0.060697940264618146,28.163452632602397
2.02,7.07,0.20900000000000002,0.10649844,1.2685869515305195,51.01741434237774
2.02,7.07,0.40800000000000003,0.10649844,2.4764759627964206,73.87137605215307
2.02,7.07,0.607,0.10649844,3.8992846591896266,100.79174304317917
2.02,7.07,0.806,0.10649844,5.506884112888555,131.20845850032742
2.02,7.07,1.0050000000000001,0.10649844,7.074091620514645,160.86093487563778
2.02,7.07,1.2040000000000002,0.10649844,8.942145575018296,196.20560077608997
2.02,7.07,1.4030000000000002,0.10649844,10.76441389338215,230.68397584564875
2.02,7.07,1.6020000000000003,0.10649844,12.586682211746007,265.1623509152075
2.02,7.07,1.8010000000000004,0.10649844,14.40895053010986,299.64072598476633
2.02,7.07,2.0,0.10649844,16.23121884847371,334.119101054325
2.02,8.08,0.01,0.10649844,0.08034466467842406,28.535180070543948
2.02,8.08,0.20900000000000002,0.10649844,1.6792034917790633,58.7865177953562
2.02,8.08,0.40800000000000003,0.10649844,3.278062318879702,89.03785552016843
2.02,8.08,0.607,0.10649844,5.161406088287542,124.67181359987782
2.02,8.08,0.806,0.10649844,7.289353733324005,164.9338190875362
2.02,8.08,1.0050000000000001,0.10649844,9.363835357128394,204.18421639711264
2.02,8.08,1.2040000000000002,0.10649844,11.836541480622488,250.96925255423088
2.02,8.08,1.4030000000000002,0.10649844,14.248642061874074,296.6075966486746
2.02,8.08,1.6020000000000003,0.10649844,16.660742643125666,342.2459407431184
2.02,8.08,1.8010000000000004,0.10649844,19.07284322437725,387.8842848375621
2.02,8.08,2.0,0.10649844,21.484943805628834,433.5226289320058
2.02,9.09,0.01,0.10649844,0.10289098851572204,28.961769613844606
2.02,9.09,0.20900000000000002,0.10649844,2.150421659978591,67.70223925033991
2.02,9.09,0.40800000000000003,0.10649844,4.197952331441459,106.44270888683523
2.02,9.09,0.607,0.10649844,6.609800124009777,152.0762700725562
2.02,9.09,0.806,0.10649844,9.33489254407063,203.63660156228428
2.02,9.09,1.0050000000000001,0.10649844,11.991515305335984,253.90144733619005
2.02,9.09,1.2040000000000002,0.10649844,15.158112345394432,313.8153026894552
2.02,9.09,1.4030000000000002,0.10649844,18.24709671290243,372.26068119582663
2.02,9.09,1.6020000000000003,0.10649844,21.33608108041042,430.706059702198
2.02,9.09,1.8010000000000004,0.10649844,24.425065447918417,489.15143820856946
2.02,9.09,2.0,0.10649844,27.514049815426404,547.5968167149407
3.0300000000000002,0.0,0.01,0.23962149000000005,0.0,29.53377777777778
3.0300000000000002,0.0,0.20900000000000002,0.23962149000000005,0.0,29.53377777777778
3.0300000000000002,0.0,0.40800000000000003,0.23962149000000005,0.0,29.53377777777778
3.0300000000000002,0.0,0.607,0.23962149000000005,0.0,29.53377777777778
3.0300000000000002,0.0,0.806,0.23962149000000005,0.0,29.53377777777778
3.0300000000000002,0.0,1.0050000000000001,0.23962149000000005,0.0,29.53377777777778
3.0300000000000002,0.0,1.2040000000000002,0.23962149000000005,0.0,29.53377777777778
3.0300000000000002,0.0,1.4030000000000002,0.23962149000000005,0.0,29.53377777777778
3.0300000000000002,0.0,1.6020000000000003,0.23962149000000005,0.0,29.53377777777778
3.0300000000000002,0.0,1.8010000000000004,0.23962149000000005,0.0,29.53377777777778
3.0300000000000002,0.0,2.0,0.23962149000000005,0.0,29.53377777777778
3.0300000000000002,1.01,0.01,0.23962149000000005,0.001019689787804502,29.55307090086192
3.0300000000000002,1.01,0.20900000000000002,0.23962149000000005,0.02131151656511409,29.937004050236304
3.0300000000000002,1.01,0.40800000000000003,0.23962149000000005,0.04160334334242368,30.320937199610686
3.0300000000000002,1.01,0.607,0.23962149000000005,0.0655056947465503,30.773183572140397
3.0300000000000002,1.01,0.806,0.23962149000000005,0.09251242246532335,31.284166547756936
3.0300000000000002,1.01,1.0050000000000001,0.23962149000000005,0.11884058918613724,31.7823107551419
3.0300000000000002,1.01,1.2040000000000002,0.23962149000000005,0.15022279972196245,32.37608040720803
3.0300000000000002,1.01,1.4030000000000002,0.23962149000000005,0.18083583843092915,32.955296881527445
3.0300000000000002,1.01,1.6020000000000003,0.23962149000000005,0.2114488771398959,33.534513355846855
3.0300000000000002,1.01,1.8010000000000004,0.23962149000000005,0.2420619158488626,34.113729830166264
3.0300000000000002,1.01,2.0,0.23962149000000005,0.27267495455782925,34.69294630448568
3.0300000000000002,2.02,0.01,0.23962149000000005,0.004371505818352517,29.61648920710189
3.0300000000000002,2.02,0.20900000000000002,0.23962149000000005,0.09136447160356763,31.262446650651675
3.0300000000000002,2.02,0.40800000000000003,0.23962149000000005,0.17835743738878274,32.908404094201465
3.0300000000000002,2.02,0.607,0.23962149000000005,0.2808290610974228,34.84722673662405
3.0300000000000002,2.02,0.806,0.23962149000000005,0.3966094374131198,37.03785870891859
3.0300000000000002,2.02,1.0050000000000001,0.23962149000000005,0.509480759047518,39.17344967688412
3.0300000000000002,2.02,1.2040000000000002,0.23962149000000005,0.6440192408396153,41.71899590065968
3.0300000000000002,2.02,1.4030000000000002,0.23962149000000005,0.7752602108230826,44.20215128561719
3.0300000000000002,2.02,1.6020000000000003,0.23962149000000005,0.9065011808065501,46.68530667057472
3.0300000000000002,2.02,1.8010000000000004,0.23962149000000005,1.0377421507900175,49.16846205553224
3.0300000000000002,2.02,2.0,0.23962149000000005,1.1689831207734847,51.65161744048976
3.0300000000000002,3.0300000000000002,0.01,0.23962149000000005,0.010242894622448876,29.72757929374105
3.0300000000000002,3.0300000000000002,0.20900000000000002,0.23962149000000005,0.21407649760918154,33.58422946141018
3.0300000000000002,3.0300000000000002,0.40800000000000003,0.23962149000000005,0.41791010059591416,37.440879629079305
3.0300000000000002,3.0300000000000002,0.607,0.23962149000000005,0.6580118154403422,41.98374353985795
3.0300000000000002,3.0300000000000002,0.806,0.23962149000000005,0.9292973273960597,47.116623005459715
3.0300000000000002,3.0300000000000002,1.0050000000000001,0.23962149000000005,1.1937666204584174,52.12053565031772
3.0300000000000002,3.0300000000000002,1.2040000000000002,0.23962149000000005,1.5090043323414268,58.08501626869924
3.0300000000000002,3.0300000000000002,1.4030000000000002,0.23962149000000005,1.8165156297174994,63.903308636630236
3.0300000000000002,3.0300000000000002,1.6020000000000003,0.23962149000000005,2.1240269270935723,69.72160100456122
3.0300000000000002,3.0300000000000002,1.8010000000000004,0.23962149000000005,2.431538224469645,75.53989337249222
3.0300000000000002,3.0300000000000002,2.0,0.23962149000000005,2.739049521845717,81.3581857404232
3.0300000000000002,4.04,0.01,0.23962149000000005,0.018741055709732914,29.88836943776989
3.0300000000000002,4.04,0.20900000000000002,0.23962149000000005,0.39168806433341796,36.944743471612846
3.0300000000000002,4.04,0.40800000000000003,0.23962149000000005,0.764635072957103,44.00111750545581
3.0300000000000002,4.04,0.607,0.23962149000000005,1.203940540772804,52.31303213230792
3.0300000000000002,4.04,0.806,0.23962149000000005,1.700301880043323,61.704476988663224
3.0300000000000002,4.04,1.0050000000000001,0.23962149000000005,2.184191828879909,70.85995589385382
3.0300000000000002,4.04,1.2040000000000002,0.23962149000000005,2.7609709267786773,81.77295145506224
3.0300000000000002,4.04,1.4030000000000002,0.23962149000000005,3.3236132820818876,92.41847163486851
3.0300000000000002,4.04,1.6020000000000003,0.23962149000000005,3.8862556373850983,103.06399181467478
3.0300000000000002,4.04,1.8010000000000004,0.23962149000000005,4.448897992688308,113.70951199448103
3.0300000000000002,4.04,2.0,0.23962149000000005,5.0115403479915175,124.35503217428727
3.0300000000000002,5.05,0.01,0.23962149000000005,0.029943673520714267,30.100329473926763
3.0300000000000002,5.05,0.20900000000000002,0.23962149000000005,0.6258227765829282,41.37470822729158
3.0300000000000002,5.05,0.40800000000000003,0.23962149000000005,1.221701879645142,52.64908698065639
3.0300000000000002,5.05,0.607,0.23962149000000005,1.923605748235983,65.92951588356243
3.0300000000000002,5.05,0.806,0.23962149000000005,2.71667109746826,80.93477295242911
3.0300000000000002,5.05,1.0050000000000001,0.23962149000000005,3.48981018164445,95.56301351202782
3.0300000000000002,5.05,1.2040000000000002,0.23962149000000005,4.411363655928367,112.99934054071933
3.0300000000000002,5.05,1.4030000000000002,0.23962149000000005,5.310330035254346,130.00830661282527
3.0300000000000002,5.05,1.6020000000000003,0.23962149000000005,6.209296414580323,147.01727268493116
3.0300000000000002,5.05,1.8010000000000004,0.23962149000000005,7.108262793906301,164.02623875703705
3.0300000000000002,5.05,2.0,0.23962149000000005,8.007229173232277,181.03520482914294
3.0300000000000002,6.0600000000000005,0.01,0.23962149000000005,0.043912250543585635,30.364623065012736
3.0300000000000002,6.0600000000000005,0.20900000000000002,0.23962149000000005,0.9177660363609398,46.89844428098841
3.0300000000000002,6.0600000000000005,0.40800000000000003,0.23962149000000005,1.791619822178294,63.43226549696408
3.0300000000000002,6.0600000000000005,0.607,0.23962149000000005,2.820958407297151,82.90794943090964
3.0300000000000002,6.0600000000000005,0.806,0.23962149000000005,3.9839848572359924,104.91308542142743
3.0300000000000002,6.0600000000000005,1.0050000000000001,0.23962149000000005,5.1177895370758675,126.36532854786185
3.0300000000000002,6.0600000000000005,1.2040000000000002,0.23962149000000005,6.4692431930233525,151.93561672623534
3.0300000000000002,6.0600000000000005,1.4030000000000002,0.23962149000000005,7.787572984854477,176.8791821551389
3.0300000000000002,6.0600000000000005,1.6020000000000003,0.23962149000000005,9.105902776685602,201.82274758404242
3.0300000000000002,6.0600000000000005,1.8010000000000004,0.23962149000000005,10.424232568516727,226.76631301294597
3.0300000000000002,6.0600000000000005,2.0,0.23962149000000005,11.742562360347847,251.70987844184944
3.0300000000000002,7.07,0.01,0.23962149000000005,0.060697940264618146,30.68221806470116
3.0300000000000002,7.07,0.20900000000000002,0.23962149000000005,1.2685869515305195,53.53617977447651
3.0300000000000002,7.07,0.40800000000000003,0.23962149000000005,2.4764759627964206,76.39014148425184
3.0300000000000002,7.07,0.607,0.23962149000000005,3.8992846591896266,103.31050847527794
3.0300000000000002,7.07,0.806,0.23962149000000005,5.506884112888555,133.7272239324262
3.0300000000000002,7.07,1.0050000000000001,0.23962149000000005,7.074091620514645,163.37970030773656
3.0300000000000002,7.07,1.2040000000000002,0.23962149000000005,8.942145575018296,198.72436620818874
3.0300000000000002,7.07,1.4030000000000002,0.23962149000000005,10.76441389338215,233.20274127774752
3.0300000000000002,7.07,1.6020000000000003,0.23962149000000005,12.586682211746007,267.68111634730633
3.0300000000000002,7.07,1.8010000000000004,0.23962149000000005,14.40895053010986,302.1594914168651
3.0300000000000002,7.07,2.0,0.23962149000000005,16.23121884847371,336.6378664864237
3.0300000000000002,8.08,0.01,0.23962149000000005,0.08034466467842406,31.053945502642716
3.0300000000000002,8.08,0.20900000000000002,0.23962149000000005,1.6792034917790633,61.30528322745496
3.0300000000000002,8.08,0.40800000000000003,0.23962149000000005,3.278062318879702,91.5566209522672
3.0300000000000002,8.08,0.607,0.23962149000000005,5.161406088287542,127.19057903197658
3.0300000000000002,8.08,0.806,0.23962149000000005,7.289353733324005,167.45258451963494
3.0300000000000002,8.08,1.0050000000000001,0.23962149000000005,9.363835357128394,206.70298182921138
3.0300000000000002,8.08,1.2040000000000002,0.23962149000000005,11.836541480622488,253.48801798632962
3.0300000000000002,8.08,1.4030000000000002,0.23962149000000005,14.248642061874074,299.12636208077333
3.0300000000000002,8.08,1.6020000000000003,0.23962149000000005,16.660742643125666,344.7647061752172
3.0300000000000002,8.08,1.8010000000000004,0.23962149000000005,19.07284322437725,390.4030502696609
3.0300000000000002,8.08,2.0,0.23962149000000005,21.484943805628834,436.0413943641046
3.0300000000000002,9.09,0.01,0.23962149000000005,0.10289098851572204,31.480535045943373
3.0300000000000002,9.09,0.20900000000000002,0.23962149000000005,2.150421659978591,70.22100468243869
3.0300000000000002,9.09,0.40800000000000003,0.23962149000000005,4.197952331441459,108.96147431893401
3.0300000000000002,9.09,0.607,0.23962149000000005,6.609800124009777,154.595035504655
3.0300000000000002,9.09,0.806,0.23962149000000005,9.33489254407063,206.15536699438303
3.0300000000000002,9.09,1.0050000000000001,0.23962149000000005,11.991515305335984,256.4202127682888
3.0300000000000002,9.09,1.2040000000000002,0.23962149000000005,15.158112345394432,316.334068121554
3.0300000000000002,9.09,1.4030000000000002,0.23962149000000005,18.24709671290243,374.77944662792544
3.0300000000000002,9.09,1.6020000000000003,0.23962149000000005,21.33608108041042,433.2248251342968
3.0300000000000002,9.09,1.8010000000000004,0.23962149000000005,24.425065447918417,491.67020364066826
3.0300000000000002,9.09,2.0,0.23962149000000005,27.514049815426404,550.1155821470395
4.04,0.0,0.01,0.42599376,0.0,33.06004938271605
4.04,0.0,0.20900000000000002,0.42599376,0.0,33.06004938271605
4.04,0.0,0.40800000000000003,0.42599376,0.0,33.06004938271605
4.04,0.0,0.607,0.42599376,0.0,33.06004938271605
4.04,0.0,0.806,0.42599376,0.0,33.06004938271605
4.04,0.0,1.0050000000000001,0.42599376,0.0,33.06004938271605
4.04,0.0,1.2040000000000002,0.42599376,0.0,33.06004938271605
4.04,0.0,1.4030000000000002,0.42599376,0.0,33.06004938271605
4.04,0.0,1.6020000000000003,0.42599376,0.0,33.06004938271605
4.04,0.0,1.8010000000000004,0.42599376,0.0,33.06004938271605
4.04,0.0,2.0,0.42599376,0.0,33.06004938271605
4.04,1.01,0.01,0.42599376,0.001019689787804502,33.07934250580019
4.04,1.01,0.20900000000000002,0.42599376,0.02131151656511409,33.46327565517457
4.04,1.01,0.40800000000000003,0.42599376,0.04160334334242368,33.847208804548956
4.04,1.01,0.607,0.42599376,0.0655056947465503,34.29945517707867
4.04,1.01,0.806,0.42599376,0.09251242246532335,34.810438152695205
4.04,1.01,1.0050000000000001,0.42599376,0.11884058918613724,35.30858236008017
4.04,1.01,1.2040000000000002,0.42599376,0.15022279972196245,35.9023520121463
4.04,1.01,1.4030000000000002,0.42599376,0.18083583843092915,36.48156848646572
4.04,1.01,1.6020000000000003,0.42599376,0.2114488771398959,37.06078496078513
4.04,1.01,1.8010000000000004,0.42599376,0.2420619158488626,37.64000143510454
4.04,1.01,2.0,0.42599376,0.27267495455782925,38.219217909423946
4.04,2.02,0.01,0.42599376,0.004371505818352517,33.14276081204016
4.04,2.02,0.20900000000000002,0.42599376,0.09136447160356763,34.78871825558995
4.04,2.02,0.40800000000000003,0.42599376,0.17835743738878274,36.43467569913973
4.04,2.02,0.607,0.42599376,0.2808290610974228,38.373498341562325
4.04,2.02,0.806,0.42599376,0.3966094374131198,40.564130313856865
4.04,2.02,1.0050000000000001,0.42599376,0.509480759047518,42.69972128182239
4.04,2.02,1.2040000000000002,0.42599376,0.6440192408396153,45.24526750559794
4.04,2.02,1.4030000000000002,0.42599376,0.7752602108230826,47.728422890555464
4.04,2.02,1.6020000000000003,0.42599376,0.9065011808065501,50.21157827551299
4.04,2.02,1.8010000000000004,0.42599376,1.0377421507900175,52.69473366047051
4.04,2.02,2.0,0.42599376,1.1689831207734847,55.17788904542803
4.04,3.0300000000000002,0.01,0.42599376,0.010242894622448876,33.253850898679325
4.04,3.0300000000000002,0.20900000000000002,0.42599376,0.21407649760918154,37.110501066348455
4.04,3.0300000000000002,0.40800000000000003,0.42599376,0.41791010059591416,40.96715123401758
4.04,3.0300000000000002,0.607,0.42599376,0.6580118154403422,45.51001514479622
4.04,3.0300000000000002,0.806,0.42599376,0.9292973273960597,50.64289461039799
4.04,3.0300000000000002,1.0050000000000001,0.42599376,1.1937666204584174,55.64680725525599
4.04,3.0300000000000002,1.2040000000000002,0.42599376,1.5090043323414268,61.611287873637515
4.04,3.0300000000000002,1.4030000000000002,0.42599376,1.8165156297174994,67.4295802415685
4.04,3.0300000000000002,1.6020000000000003,0.42599376,2.1240269270935723,73.2478726094995
4.04,3.0300000000000002,1.8010000000000004,0.42599376,2.431538224469645,79.06616497743047
4.04,3.0300000000000002,2.0,0.42599376,2.739049521845717,84.88445734536145
4.04,4.04,0.01,0.42599376,0.018741055709732914,33.414641042708155
4.04,4.04,0.20900000000000002,0.42599376,0.39168806433341796,40.47101507655112
4.04,4.04,0.40800000000000003,0.42599376,0.764635072957103,47.52738911039408
4.04,4.04,0.607,0.42599376,1.203940540772804,55.83930373724619
4.04,4.04,0.806,0.42599376,1.700301880043323,65.23074859360149
4.04,4.04,1.0050000000000001,0.42599376,2.184191828879909,74.3862274987921
4.04,4.04,1.2040000000000002,0.42599376,2.7609709267786773,85.29922306000051
4.04,4.04,1.4030000000000002,0.42599376,3.3236132820818876,95.94474323980677
4.04,4.04,1.6020000000000003,0.42599376,3.8862556373850983,106.59026341961305
4.04,4.04,1.8010000000000004,0.42599376,4.448897992688308,117.2357835994193
4.04,4.04,2.0,0.42599376,5.0115403479915175,127.88130377922555
4.04,5.05,0.01,0.42599376,0.029943673520714267,33.626601078865036
4.04,5.05,0.20900000000000002,0.42599376,0.6258227765829282,44.90097983222985
4.04,5.05,0.40800000000000003,0.42599376,1.221701879645142,56.175358585594665
4.04,5.05,0.607,0.42599376,1.923605748235983,69.45578748850069
4.04,5.05,0.806,0.42599376,2.71667109746826,84.46104455736739
4.04,5.05,1.0050000000000001,0.42599376,3.48981018164445,99.08928511696608
4.04,5.05,1.2040000000000002,0.42599376,4.411363655928367,116.5256121456576
4.04,5.05,1.4030000000000002,0.42599376,5.310330035254346,133.5345782177635
4.04,5.05,1.6020000000000003,0.42599376,6.209296414580323,150.54354428986943
4.04,5.05,1.8010000000000004,0.42599376,7.108262793906301,167.55251036197532
4.04,5.05,2.0,0.42599376,8.007229173232277,184.56147643408121
4.04,6.0600000000000005,0.01,0.42599376,0.043912250543585635,33.89089466995101
4.04,6.0600000000000005,0.20900000000000002,0.42599376,0.9177660363609398,50.42471588592668
4.04,6.0600000000000005,0.40800000000000003,0.42599376,1.791619822178294,66.95853710190235
4.04,6.0600000000000005,0.607,0.42599376,2.820958407297151,86.4342210358479
4.04,6.0600000000000005,0.806,0.42599376,3.9839848572359924,108.4393570263657
4.04,6.0600000000000005,1.0050000000000001,0.42599376,5.1177895370758675,129.89160015280012
4.04,6.0600000000000005,1.2040000000000002,0.42599376,6.4692431930233525,155.4618883311736
4.04,6.0600000000000005,1.4030000000000002,0.42599376,7.787572984854477,180.40545376007714
4.04,6.0600000000000005,1.6020000000000003,0.42599376,9.105902776685602,205.3490191889807
4.04,6.0600000000000005,1.8010000000000004,0.42599376,10.424232568516727,230.29258461788424
4.04,6.0600000000000005,2.0,0.42599376,11.742562360347847,255.23615004678769
4.04,7.07,0.01,0.42599376,0.060697940264618146,34.208489669639434
4.04,7.07,0.20900000000000002,0.42599376,1.2685869515305195,57.062451379414775
4.04,7.07,0.40800000000000003,0.42599376,2.4764759627964206,79.91641308919012
4.04,7.07,0.607,0.42599376,3.8992846591896266,106.83678008021622
4.04,7.07,0.806,0.42599376,5.506884112888555,137.25349553736447
4.04,7.07,1.0050000000000001,0.42599376,7.074091620514645,166.9059719126748
4.04,7.07,1.2040000000000002,0.42599376,8.942145575018296,202.250637813127
4.04,7.07,1.4030000000000002,0.42599376,10.76441389338215,236.7290128826858
4.04,7.07,1.6020000000000003,0.42599376,12.586682211746007,271.2073879522446
4.04,7.07,1.8010000000000004,0.42599376,14.40895053010986,305.6857630218033
4.04,7.07,2.0,0.42599376,16.23121884847371,340.164138091362
4.04,8.08,0.01,0.42599376,0.08034466467842406,34.580217107580985
4.04,8.08,0.20900000000000002,0.42599376,1.6792034917790633,64.83155483239324
4.04,8.08,0.40800000000000003,0.42599376,3.278062318879702,95.08289255720547
4.04,8.08,0.607,0.42599376,5.161406088287542,130.71685063691484
4.04,8.08,0.806,0.42599376,7.289353733324005,170.9788561245732
4.04,8.08,1.0050000000000001,0.42599376,9.363835357128394,210.22925343414965
4.04,8.08,1.2040000000000002,0.42599376,11.836541480622488,257.0142895912679
4.04,8.08,1.4030000000000002,0.42599376,14.248642061874074,302.65263368571163
4.04,8.08,1.6020000000000003,0.42599376,16.660742643125666,348.29097778015546
4.04,8.08,1.8010000000000004,0.42599376,19.07284322437725,393.92932187459917
4.04,8.08,2.0,0.42599376,21.484943805628834,439.5676659690428
4.04,9.09,0.01,0.42599376,0.10289098851572204,35.00680665088164
4.04,9.09,0.20900000000000002,0.42599376,2.150421659978591,73.74727628737696
4.04,9.09,0.40800000000000003,0.42599376,4.197952331441459,112.48774592387228
4.04,9.09,0.607,0.42599376,6.609800124009777,158.12130710959323
4.04,9.09,0.806,0.42599376,9.33489254407063,209.6816385993213
4.04,9.09,1.0050000000000001,0.42599376,11.991515305335984,259.9464843732271
4.04,9.09,1.2040000000000002,0.42599376,15.158112345394432,319.86033972649227
4.04,9.09,1.4030000000000002,0.42599376,18.24709671290243,378.30571823286374
4.04,9.09,1.6020000000000003,0.42599376,21.33608108041042,436.75109673923504
4.04,9.09,1.8010000000000004,0.42599376,24.425065447918417,495.1964752456065
4.04,9.09,2.0,0.42599376,27.514049815426404,553.6418537519778
5.05,0.0,0.01,0.66561525,0.0,37.59382716049383
5.05,0.0,0.20900000000000002,0.66561525,0.0,37.59382716049383
5.05,0.0,0.40800000000000003,0.66561525,0.0,37.59382716049383
5.05,0.0,0.607,0.66561525,0.0,37.59382716049383
5.05,0.0,0.806,0.66561525,0.0,37.59382716049383
5.05,0.0,1.0050000000000001,0.66561525,0.0,37.59382716049383
5.05,0.0,1.2040000000000002,0.66561525,0.0,37.59382716049383
5.05,0.0,1.4030000000000002,0.66561525,0.0,37.59382716049383
5.05,0.0,1.6020000000000003,0.66561525,0.0,37.59382716049383
5.05,0.0,1.8010000000000004,0.66561525,0.0,37.59382716049383
5.05,0.0,2.0,0.66561525,0.0,37.59382716049383
5.05,1.01,0.01,0.66561525,0.001019689787804502,37.61312028357797
5.05,1.01,0.20900000000000002,0.66561525,0.02131151656511409,37.99705343295235
5.05,1.01,0.40800000000000003,0.66561525,0.04160334334242368,38.380986582326734
5.05,1.01,0.607,0.66561525,0.0655056947465503,38.83323295485644
5.05,1.01,0.806,0.66561525,0.09251242246532335,39.344215930472984
5.05,1.01,1.0050000000000001,0.66561525,0.11884058918613724,39.84236013785795
5.05,1.01,1.2040000000000002,0.66561525,0.15022279972196245,40.43612978992408
5.05,1.01,1.4030000000000002,0.66561525,0.18083583843092915,41.01534626424349
5.05,1.01,1.6020000000000003,0.66561525,0.2114488771398959,41.5945627385629
5.05,1.01,1.8010000000000004,0.66561525,0.2420619158488626,42.173779212882316
5.05,1.01,2.0,0.66561525,0.27267495455782925,42.752995687201725
5.05,2.02,0.01,0.66561525,0.004371505818352517,37.67653858981794
5.05,2.02,0.20900000000000002,0.66561525,0.09136447160356763,39.32249603336773
5.05,2.02,0.40800000000000003,0.66561525,0.17835743738878274,40.96845347691751
5.05,2.02,0.607,0.66561525,0.2808290610974228,42.9072761193401
5.05,2.02,0.806,0.66561525,0.3966094374131198,45.097908091634636
5.05,2.02,1.0050000000000001,0.66561525,0.509480759047518,47.23349905960016
5.05,2.02,1.2040000000000002,0.66561525,0.6440192408396153,49.77904528337572
5.05,2.02,1.4030000000000002,0.66561525,0.7752602108230826,52.262200668333236
5.05,2.02,1.6020000000000003,0.66561525,0.9065011808065501,54.74535605329076
5.05,2.02,1.8010000000000004,0.66561525,1.0377421507900175,57.22851143824828
5.05,2.02,2.0,0.66561525,1.1689831207734847,59.7116668232058
5.05,3.0300000000000002,0.01,0.66561525,0.010242894622448876,37.787628676457096
5.05,3.0300000000000002,0.20900000000000002,0.66561525,0.21407649760918154,41.64427884412623
5.05,3.0300000000000002,0.40800000000000003,0.66561525,0.41791010059591416,45.50092901179536
5.05,3.0300000000000002,0.607,0.66561525,0.6580118154403422,50.043792922574
5.05,3.0300000000000002,0.806,0.66561525,0.9292973273960597,55.17667238817576
5.05,3.0300000000000002,1.0050000000000001,0.66561525,1.1937666204584174,60.18058503303377
5.05,3.0300000000000002,1.2040000000000002,0.66561525,1.5090043323414268,66.1450656514153
5.05,3.0300000000000002,1.4030000000000002,0.66561525,1.8165156297174994,71.96335801934629
5.05,3.0300000000000002,1.6020000000000003,0.66561525,2.1240269270935723,77.78165038727727
5.05,3.0300000000000002,1.8010000000000004,0.66561525,2.431538224469645,83.59994275520826
5.05,3.0300000000000002,2.0,0.66561525,2.739049521845717,89.41823512313924
5.05,4.04,0.01,0.66561525,0.018741055709732914,37.948418820485934
5.05,4.04,0.20900000000000002,0.66561525,0.39168806433341796,45.0047928543289
5.05,4.04,0.40800000000000003,0.66561525,0.764635072957103,52.061166888171854
5.05,4.04,0.607,0.66561525,1.203940540772804,60.37308151502396
5.05,4.04,0.806,0.66561525,1.700301880043323,69.76452637137928
5.05,4.04,1.0050000000000001,0.66561525,2.184191828879909,78.92000527656987
5.05,4.04,1.2040000000000002,0.66561525,2.7609709267786773,89.8330008377783
5.05,4.04,1.4030000000000002,0.66561525,3.3236132820818876,100.47852101758455
5.05,4.04,1.6020000000000003,0.66561525,3.8862556373850983,111.12404119739082
5.05,4.04,1.8010000000000004,0.66561525,4.448897992688308,121.76956137719708
5.05,4.04,2.0,0.66561525,5.0115403479915175,132.4150815570033
5.05,5.05,0.01,0.66561525,0.029943673520714267,38.16037885664281
5.05,5.05,0.20900000000000002,0.66561525,0.6258227765829282,49.43475761000763
5.05,5.05,0.40800000000000003,0.66561525,1.221701879645142,60.709136363372444
5.05,5.05,0.607,0.66561525,1.923605748235983,73.98956526627848
5.05,5.05,0.806,0.66561525,2.71667109746826,88.99482233514516
5.05,5.05,1.0050000000000001,0.66561525,3.48981018164445,103.62306289474387
5.05,5.05,1.2040000000000002,0.66561525,4.411363655928367,121.05938992343536
5.05,5.05,1.4030000000000002,0.66561525,5.310330035254346,138.06835599554128
5.05,5.05,1.6020000000000003,0.66561525,6.209296414580323,155.0773220676472
5.05,5.05,1.8010000000000004,0.66561525,7.108262793906301,172.0862881397531
5.05,5.05,2.0,0.66561525,8.007229173232277,189.09525421185901
5.05,6.0600000000000005,0.01,0.66561525,0.043912250543585635,38.42467244772878
5.05,6.0600000000000005,0.20900000000000002,0.66561525,0.9177660363609398,54.95849366370446
5.05,6.0600000000000005,0.40800000000000003,0.66561525,1.791619822178294,71.49231487968012
5.05,6.0600000000000005,0.607,0.66561525,2.820958407297151,90.96799881362567
5.05,6.0600000000000005,0.806,0.66561525,3.9839848572359924,112.97313480414347
5.05,6.0600000000000005,1.0050000000000001,0.66561525,5.1177895370758675,134.4253779305779
5.05,6.0600000000000005,1.2040000000000002,0.66561525,6.4692431930233525,159.99566610895138
5.05,6.0600000000000005,1.4030000000000002,0.66561525,7.787572984854477,184.9392315378549
5.05,6.0600000000000005,1.6020000000000003,0.66561525,9.105902776685602,209.8827969667585
5.05,6.0600000000000005,1.8010000000000004,0.66561525,10.424232568516727,234.82636239566204
5.05,6.0600000000000005,2.0,0.66561525,11.742562360347847,259.7699278245655
5.05,7.07,0.01,0.66561525,0.060697940264618146,38.74226744741721
5.05,7.07,0.20900000000000002,0.66561525,1.2685869515305195,61.59622915719255
5.05,7.07,0.40800000000000003,0.66561525,2.4764759627964206,84.45019086696789
5.05,7.07,0.607,0.66561525,3.8992846591896266,111.37055785799399
5.05,7.07,0.806,0.66561525,5.506884112888555,141.78727331514224
5.05,7.07,1.0050000000000001,0.66561525,7.074091620514645,171.43974969045257
5.05,7.07,1.2040000000000002,0.66561525,8.942145575018296,206.7844155909048
5.05,7.07,1.4030000000000002,0.66561525,10.76441389338215,241.2627906604636
5.05,7.07,1.6020000000000003,0.66561525,12.586682211746007,275.7411657300224
5.05,7.07,1.8010000000000004,0.66561525,14.40895053010986,310.2195407995811
5.05,7.07,2.0,0.66561525,16.23121884847371,344.6979158691398
5.05,8.08,0.01,0.66561525,0.08034466467842406,39.113994885358764
5.05,8.08,0.20900000000000002,0.66561525,1.6792034917790633,69.36533261017101
5.05,8.08,0.40800000000000003,0.66561525,3.278062318879702,99.61667033498325
5.05,8.08,0.607,0.66561525,5.161406088287542,135.25062841469264
5.05,8.08,0.806,0.66561525,7.289353733324005,175.51263390235098
5.05,8.08,1.0050000000000001,0.66561525,9.363835357128394,214.76303121192745
5.05,8.08,1.2040000000000002,0.66561525,11.836541480622488,261.5480673690457
5.05,8.08,1.4030000000000002,0.66561525,14.248642061874074,307.18641146348943
5.05,8.08,1.6020000000000003,0.66561525,16.660742643125666,352.8247555579332
5.05,8.08,1.8010000000000004,0.66561525,19.07284322437725,398.4630996523769
5.05,8.08,2.0,0.66561525,21.484943805628834,444.10144374682056
5.05,9.09,0.01,0.66561525,0.10289098851572204,39.54058442865942
5.05,9.09,0.20900000000000002,0.66561525,2.150421659978591,78.28105406515473
5.05,9.09,0.40800000000000003,0.66561525,4.197952331441459,117.02152370165005
5.05,9.09,0.607,0.66561525,6.609800124009777,162.655084887371
5.05,9.09,0.806,0.66561525,9.33489254407063,214.2154163770991
5.05,9.09,1.0050000000000001,0.66561525,11.991515305335984,264.4802621510049
5.05,9.09,1.2040000000000002,0.66561525,15.158112345394432,324.39411750427007
5.05,9.09,1.4030000000000002,0.66561525,18.24709671290243,382.8394960106415
5.05,9.09,1.6020000000000003,0.66561525,21.33608108041042,441.2848745170128
5.05,9.09,1.8010000000000004,0.66561525,24.425065447918417,499.73025302338425
5.05,9.09,2.0,0.66561525,27.514049815426404,558.1756315297555
6.0600000000000005,0.0,0.01,0.9584859600000002,0.0,43.135111111111115
6.0600000000000005,0.0,0.20900000000000002,0.9584859600000002,0.0,43.135111111111115
6.0600000000000005,0.0,0.40800000000000003,0.9584859600000002,0.0,43.135111111111115
6.0600000000000005,0.0,0.607,0.9584859600000002,0.0,43.135111111111115
6.0600000000000005,0.0,0.806,0.9584859600000002,0.0,43.135111111111115
6.0600000000000005,0.0,1.0050000000000001,0.9584859600000002,0.0,43.135111111111115
6.0600000000000005,0.0,1.2040000000000002,0.9584859600000002,0.0,43.135111111111115
6.0600000000000005,0.0,1.4030000000000002,0.9584859600000002,0.0,43.135111111111115
6.0600000000000005,0.0,1.6020000000000003,0.9584859600000002,0.0,43.135111111111115
6.0600000000000005,0.0,1.8010000000000004,0.9584859600000002,0.0,43.135111111111115
6.0600000000000005,0.0,2.0,0.9584859600000002,0.0,43.135111111111115
6.0600000000000005,1.01,0.01,0.9584859600000002,0.001019689787804502,43.154404234195255
6.0600000000000005,1.01,0.20900000000000002,0.9584859600000002,0.02131151656511409,43.53833738356964
6.0600000000000005,1.01,0.40800000000000003,0.9584859600000002,0.04160334334242368,43.922270532944026
6.0600000000000005,1.01,0.607,0.9584859600000002,0.0655056947465503,44.37451690547373
6.0600000000000005,1.01,0.806,0.9584859600000002,0.09251242246532335,44.88549988109027
6.0600000000000005,1.01,1.0050000000000001,0.9584859600000002,0.11884058918613724,45.383644088475236
6.0600000000000005,1.01,1.2040000000000002,0.9584859600000002,0.15022279972196245,45.977413740541365
6.0600000000000005,1.01,1.4030000000000002,0.9584859600000002,0.18083583843092915,46.55663021486078
6.0600000000000005,1.01,1.6020000000000003,0.9584859600000002,0.2114488771398959,47.13584668918019
6.0600000000000005,1.01,1.8010000000000004,0.9584859600000002,0.2420619158488626,47.71506316349961
6.0600000000000005,1.01,2.0,0.9584859600000002,0.27267495455782925,48.29427963781902
6.0600000000000005,2.02,0.01,0.9584859600000002,0.004371505818352517,43.21782254043522
6.0600000000000005,2.02,0.20900000000000002,0.9584859600000002,0.09136447160356763,44.86377998398501
6.0600000000000005,2.02,0.40800000000000003,0.9584859600000002,0.17835743738878274,46.5097374275348
6.0600000000000005,2.02,0.607,0.9584859600000002,0.2808290610974228,48.448560069957395
6.0600000000000005,2.02,0.806,0.9584859600000002,0.3966094374131198,50.63919204225193
6.0600000000000005,2.02,1.0050000000000001,0.9584859600000002,0.509480759047518,52.77478301021746
6.0600000000000005,2.02,1.2040000000000002,0.9584859600000002,0.6440192408396153,55.32032923399301
6.0600000000000005,2.02,1.4030000000000002,0.9584859600000002,0.7752602108230826,57.80348461895053
6.0600000000000005,2.02,1.6020000000000003,0.9584859600000002,0.9065011808065501,60.286640003908055
6.0600000000000005,2.02,1.8010000000000004,0.9584859600000002,1.0377421507900175,62.769795388865575
6.0600000000000005,2.02,2.0,0.9584859600000002,1.1689831207734847,65.2529507738231
6.0600000000000005,3.0300000000000002,0.01,0.9584859600000002,0.010242894622448876,43.32891262707439
6.0600000000000005,3.0300000000000002,0.20900000000000002,0.9584859600000002,0.21407649760918154,47.18556279474352
6.0600000000000005,3.0300000000000002,0.40800000000000003,0.9584859600000002,0.41791010059591416,51.04221296241265
6.0600000000000005,3.0300000000000002,0.607,0.9584859600000002,0.6580118154403422,55.585076873191284
6.0600000000000005,3.0300000000000002,0.806,0.9584859600000002,0.9292973273960597,60.71795633879306
6.0600000000000005,3.0300000000000002,1.0050000000000001,0.9584859600000002,1.1937666204584174,65.72186898365106
6.0600000000000005,3.0300000000000002,1.2040000000000002,0.9584859600000002,1.5090043323414268,71.68634960203258
6.0600000000000005,3.0300000000000002,1.4030000000000002,0.9584859600000002,1.8165156297174994,77.50464196996359
6.0600000000000005,3.0300000000000002,1.6020000000000003,0.9584859600000002,2.1240269270935723,83.32293433789457
6.0600000000000005,3.0300000000000002,1.8010000000000004,0.9584859600000002,2.431538224469645,89.14122670582555
6.0600000000000005,3.0300000000000002,2.0,0.9584859600000002,2.739049521845717,94.95951907375654
6.0600000000000005,4.04,0.01,0.9584859600000002,0.018741055709732914,43.489702771103225
6.0600000000000005,4.04,0.20900000000000002,0.9584859600000002,0.39168806433341796,50.54607680494618
6.0600000000000005,4.04,0.40800000000000003,0.9584859600000002,0.764635072957103,57.602450838789146
6.0600000000000005,4.04,0.607,0.9584859600000002,1.203940540772804,65.91436546564125
6.0600000000000005,4.04,0.806,0.9584859600000002,1.700301880043323,75.30581032199655
6.0600000000000005,4.04,1.0050000000000001,0.9584859600000002,2.184191828879909,84.46128922718715
6.0600000000000005,4.04,1.2040000000000002,0.9584859600000002,2.7609709267786773,95.37428478839558
6.0600000000000005,4.04,1.4030000000000002,0.9584859600000002,3.3236132820818876,106.01980496820184
6.0600000000000005,4.04,1.6020000000000003,0.9584859600000002,3.8862556373850983,116.66532514800811
6.0600000000000005,4.04,1.8010000000000004,0.9584859600000002,4.448897992688308,127.31084532781436
6.0600000000000005,4.04,2.0,0.9584859600000002,5.0115403479915175,137.9563655076206
6.0600000000000005,5.05,0.01,0.9584859600000002,0.029943673520714267,43.7016628072601
6.0600000000000005,5.05,0.20900000000000002,0.9584859600000002,0.6258227765829282,54.976041560624914
6.0600000000000005,5.05,0.40800000000000003,0.9584859600000002,1.221701879645142,66.25042031398974
6.0600000000000005,5.05,0.607,0.9584859600000002,1.923605748235983,79.53084921689576
6.0600000000000005,5.05,0.806,0.9584859600000002,2.71667109746826,94.53610628576246
6.0600000000000005,5.05,1.0050000000000001,0.9584859600000002,3.48981018164445,109.16434684536115
6.0600000000000005,5.05,1.2040000000000002,0.9584859600000002,4.411363655928367,126.60067387405266
6.0600000000000005,5.05,1.4030000000000002,0.9584859600000002,5.310330035254346,143.60963994615855
6.0600000000000005,5.05,1.6020000000000003,0.9584859600000002,6.209296414580323,160.61860601826447
6.0600000000000005,5.05,1.8010000000000004,0.9584859600000002,7.108262793906301,177.6275720903704
6.0600000000000005,5.05,2.0,0.9584859600000002,8.007229173232277,194.63653816247628
6.0600000000000005,6.0600000000000005,0.01,0.9584859600000002,0.043912250543585635,43.96595639834607
6.0600000000000005,6.0600000000000005,0.20900000000000002,0.9584859600000002,0.9177660363609398,60.499777614321744
6.0600000000000005,6.0600000000000005,0.40800000000000003,0.9584859600000002,1.791619822178294,77.03359883029742
6.0600000000000005,6.0600000000000005,0.607,0.9584859600000002,2.820958407297151,96.50928276424297
6.0600000000000005,6.0600000000000005,0.806,0.9584859600000002,3.9839848572359924,118.51441875476075
6.0600000000000005,6.0600000000000005,1.0050000000000001,0.9584859600000002,5.1177895370758675,139.9666618811952
6.0600000000000005,6.0600000000000005,1.2040000000000002,0.9584859600000002,6.4692431930233525,165.53695005956865
6.0600000000000005,6.0600000000000005,1.4030000000000002,0.9584859600000002,7.787572984854477,190.48051548847224
6.0600000000000005,6.0600000000000005,1.6020000000000003,0.9584859600000002,9.105902776685602,215.42408091737576
6.0600000000000005,6.0600000000000005,1.8010000000000004,0.9584859600000002,10.424232568516727,240.36764634627932
6.0600000000000005,6.0600000000000005,2.0,0.9584859600000002,11.742562360347847,265.31121177518276
6.0600000000000005,7.07,0.01,0.9584859600000002,0.060697940264618146,44.283551398034504
6.0600000000000005,7.07,0.20900000000000002,0.9584859600000002,1.2685869515305195,67.13751310780984
6.0600000000000005,7.07,0.40800000000000003,0.9584859600000002,2.4764759627964206,89.99147481758517
6.0600000000000005,7.07,0.607,0.9584859600000002,3.8992846591896266,116.91184180861127
6.0600000000000005,7.07,0.806,0.9584859600000002,5.506884112888555,147.3285572657595
6.0600000000000005,7.07,1.0050000000000001,0.9584859600000002,7.074091620514645,176.98103364106987
6.0600000000000005,7.07,1.2040000000000002,0.9584859600000002,8.942145575018296,212.32569954152208
6.0600000000000005,7.07,1.4030000000000002,0.9584859600000002,10.76441389338215,246.80407461108086
6.0600000000000005,7.07,1.6020000000000003,0.9584859600000002,12.586682211746007,281.2824496806397
6.0600000000000005,7.07,1.8010000000000004,0.9584859600000002,14.40895053010986,315.7608247501984
6.0600000000000005,7.07,2.0,0.9584859600000002,16.23121884847371,350.23919981975706
6.0600000000000005,8.08,0.01,0.9584859600000002,0.08034466467842406,44.65527883597605
6.0600000000000005,8.08,0.20900000000000002,0.9584859600000002,1.6792034917790633,74.9066165607883
6.0600000000000005,8.08,0.40800000000000003,0.9584859600000002,3.278062318879702,105.15795428560054
6.0600000000000005,8.08,0.607,0.9584859600000002,5.161406088287542,140.7919123653099
6.0600000000000005,8.08,0.806,0.9584859600000002,7.289353733324005,181.05391785296828
6.0600000000000005,8.08,1.0050000000000001,0.9584859600000002,9.363835357128394,220.30431516254473
6.0600000000000005,8.08,1.2040000000000002,0.9584859600000002,11.836541480622488,267.08935131966297
6.0600000000000005,8.08,1.4030000000000002,0.9584859600000002,14.248642061874074,312.7276954141067
6.0600000000000005,8.08,1.6020000000000003,0.9584859600000002,16.660742643125666,358.36603950855056
6.0600000000000005,8.08,1.8010000000000004,0.9584859600000002,19.07284322437725,404.00438360299427
6.0600000000000005,8.08,2.0,0.9584859600000002,21.484943805628834,449.6427276974379
6.0600000000000005,9.09,0.01,0.9584859600000002,0.10289098851572204,45.08186837927671
6.0600000000000005,9.09,0.20900000000000002,0.9584859600000002,2.150421659978591,83.82233801577203
6.0600000000000005,9.09,0.40800000000000003,0.9584859600000002,4.197952331441459,122.56280765226734
6.0600000000000005,9.09,0.607,0.9584859600000002,6.609800124009777,168.1963688379883
6.0600000000000005,9.09,0.806,0.9584859600000002,9.33489254407063,219.75670032771637
6.0600000000000005,9.09,1.0050000000000001,0.9584859600000002,11.991515305335984,270.02154610162216
6.0600000000000005,9.09,1.2040000000000002,0.9584859600000002,15.158112345394432,329.93540145488737
6.0600000000000005,9.09,1.4030000000000002,0.9584859600000002,18.24709671290243,388.3807799612588
6.0600000000000005,9.09,1.6020000000000003,0.9584859600000002,21.33608108041042,446.82615846763014
6.0600000000000005,9.09,1.8010000000000004,0.9584859600000002,24.425065447918417,505.2715369740016
6.0600000000000005,9.09,2.0,0.9584859600000002,27.514049815426404,563.7169154803728
7.07,0.0,0.01,1.30460589,0.0,49.6839012345679
7.07,0.0,0.20900000000000002,1.30460589,0.0,49.6839012345679
7.07,0.0,0.40800000000000003,1.30460589,0.0,49.6839012345679
7.07,0.0,0.607,1.30460589,0.0,49.6839012345679
7.07,0.0,0.806,1.30460589,0.0,49.6839012345679
7.07,0.0,1.0050000000000001,1.30460589,0.0,49.6839012345679
7.07,0.0,1.2040000000000002,1.30460589,0.0,49.6839012345679
7.07,0.0,1.4030000000000002,1.30460589,0.0,49.6839012345679
7.07,0.0,1.6020000000000003,1.30460589,0.0,49.6839012345679
7.07,0.0,1.8010000000000004,1.30460589,0.0,49.6839012345679
7.07,0.0,2.0,1.30460589,0.0,49.6839012345679
7.07,1.01,0.01,1.30460589,0.001019689787804502,49.70319435765204
7.07,1.01,0.20900000000000002,1.30460589,0.02131151656511409,50.08712750702642
7.07,1.01,0.40800000000000003,1.30460589,0.04160334334242368,50.47106065640081
7.07,1.01,0.607,1.30460589,0.0655056947465503,50.92330702893052
7.07,1.01,0.806,1.30460589,0.09251242246532335,51.434290004547066
7.07,1.01,1.0050000000000001,1.30460589,0.11884058918613724,51.932434211932026
7.07,1.01,1.2040000000000002,1.30460589,0.15022279972196245,52.526203863998155
7.07,1.01,1.4030000000000002,1.30460589,0.18083583843092915,53.10542033831757
7.07,1.01,1.6020000000000003,1.30460589,0.2114488771398959,53.68463681263698
7.07,1.01,1.8010000000000004,1.30460589,0.2420619158488626,54.26385328695639
7.07,1.01,2.0,1.30460589,0.27267495455782925,54.8430697612758
7.07,2.02,0.01,1.30460589,0.004371505818352517,49.76661266389201
7.07,2.02,0.20900000000000002,1.30460589,0.09136447160356763,51.412570107441795
7.07,2.02,0.40800000000000003,1.30460589,0.17835743738878274,53.058527550991585
7.07,2.02,0.607,1.30460589,0.2808290610974228,54.99735019341418
7.07,2.02,0.806,1.30460589,0.3966094374131198,57.18798216570872
7.07,2.02,1.0050000000000001,1.30460589,0.509480759047518,59.323573133674245
7.07,2.02,1.2040000000000002,1.30460589,0.6440192408396153,61.8691193574498
7.07,2.02,1.4030000000000002,1.30460589,0.7752602108230826,64.35227474240733
7.07,2.02,1.6020000000000003,1.30460589,0.9065011808065501,66.83543012736484
7.07,2.02,1.8010000000000004,1.30460589,1.0377421507900175,69.31858551232236
7.07,2.02,2.0,1.30460589,1.1689831207734847,71.80174089727988
7.07,3.0300000000000002,0.01,1.30460589,0.010242894622448876,49.87770275053117
7.07,3.0300000000000002,0.20900000000000002,1.30460589,0.21407649760918154,53.73435291820031
7.07,3.0300000000000002,0.40800000000000003,1.30460589,0.41791010059591416,57.59100308586943
7.07,3.0300000000000002,0.607,1.30460589,0.6580118154403422,62.133866996648074
7.07,3.0300000000000002,0.806,1.30460589,0.9292973273960597,67.26674646224984
7.07,3.0300000000000002,1.0050000000000001,1.30460589,1.1937666204584174,72.27065910710785
7.07,3.0300000000000002,1.2040000000000002,1.30460589,1.5090043323414268,78.23513972548938
7.07,3.0300000000000002,1.4030000000000002,1.30460589,1.8165156297174994,84.05343209342035
7.07,3.0300000000000002,1.6020000000000003,1.30460589,2.1240269270935723,89.87172446135135
7.07,3.0300000000000002,1.8010000000000004,1.30460589,2.431538224469645,95.69001682928234
7.07,3.0300000000000002,2.0,1.30460589,2.739049521845717,101.50830919721332
7.07,4.04,0.01,1.30460589,0.018741055709732914,50.038492894560015
7.07,4.04,0.20900000000000002,1.30460589,0.39168806433341796,57.09486692840297
7.07,4.04,0.40800000000000003,1.30460589,0.764635072957103,64.15124096224594
7.07,4.04,0.607,1.30460589,1.203940540772804,72.46315558909805
7.07,4.04,0.806,1.30460589,1.700301880043323,81.85460044545334
7.07,4.04,1.0050000000000001,1.30460589,2.184191828879909,91.01007935064393
7.07,4.04,1.2040000000000002,1.30460589,2.7609709267786773,101.92307491185237
7.07,4.04,1.4030000000000002,1.30460589,3.3236132820818876,112.56859509165862
7.07,4.04,1.6020000000000003,1.30460589,3.8862556373850983,123.21411527146489
7.07,4.04,1.8010000000000004,1.30460589,4.448897992688308,133.85963545127115
7.07,4.04,2.0,1.30460589,5.0115403479915175,144.5051556310774
7.07,5.05,0.01,1.30460589,0.029943673520714267,50.25045293071689
7.07,5.05,0.20900000000000002,1.30460589,0.6258227765829282,61.524831684081704
7.07,5.05,0.40800000000000003,1.30460589,1.221701879645142,72.79921043744652
7.07,5.05,0.607,1.30460589,1.923605748235983,86.07963934035254
7.07,5.05,0.806,1.30460589,2.71667109746826,101.08489640921924
7.07,5.05,1.0050000000000001,1.30460589,3.48981018164445,115.71313696881795
7.07,5.05,1.2040000000000002,1.30460589,4.411363655928367,133.14946399750943
7.07,5.05,1.4030000000000002,1.30460589,5.310330035254346,150.15843006961535
7.07,5.05,1.6020000000000003,1.30460589,6.209296414580323,167.16739614172127
7.07,5.05,1.8010000000000004,1.30460589,7.108262793906301,184.1763622138272
7.07,5.05,2.0,1.30460589,8.007229173232277,201.18532828593308
7.07,6.0600000000000005,0.01,1.30460589,0.043912250543585635,50.51474652180286
7.07,6.0600000000000005,0.20900000000000002,1.30460589,0.9177660363609398,67.04856773777854
7.07,6.0600000000000005,0.40800000000000003,1.30460589,1.791619822178294,83.5823889537542
7.07,6.0600000000000005,0.607,1.30460589,2.820958407297151,103.05807288769975
7.07,6.0600000000000005,0.806,1.30460589,3.9839848572359924,125.06320887821754
7.07,6.0600000000000005,1.0050000000000001,1.30460589,5.1177895370758675,146.51545200465196
7.07,6.0600000000000005,1.2040000000000002,1.30460589,6.4692431930233525,172.08574018302545
7.07,6.0600000000000005,1.4030000000000002,1.30460589,7.787572984854477,197.029305611929
7.07,6.0600000000000005,1.6020000000000003,1.30460589,9.105902776685602,221.97287104083256
7.07,6.0600000000000005,1.8010000000000004,1.30460589,10.424232568516727,246.9164364697361
7.07,6.0600000000000005,2.0,1.30460589,11.742562360347847,271.86000189863955
7.07,7.07,0.01,1.30460589,0.060697940264618146,50.83234152149129
7.07,7.07,0.20900000000000002,1.30460589,1.2685869515305195,73.68630323126663
7.07,7.07,0.40800000000000003,1.30460589,2.4764759627964206,96.54026494104197
7.07,7.07,0.607,1.30460589,3.8992846591896266,123.46063193206805
7.07,7.07,0.806,1.30460589,5.506884112888555,153.8773473892163
7.07,7.07,1.0050000000000001,1.30460589,7.074091620514645,183.52982376452667
7.07,7.07,1.2040000000000002,1.30460589,8.942145575018296,218.87448966497888
7.07,7.07,1.4030000000000002,1.30460589,10.76441389338215,253.35286473453766
7.07,7.07,1.6020000000000003,1.30460589,12.586682211746007,287.83123980409647
7.07,7.07,1.8010000000000004,1.30460589,14.40895053010986,322.3096148736552
7.07,7.07,2.0,1.30460589,16.23121884847371,356.7879899432139
7.07,8.08,0.01,1.30460589,0.08034466467842406,51.204068959432846
7.07,8.08,0.20900000000000002,1.30460589,1.6792034917790633,81.45540668424508
7.07,8.08,0.40800000000000003,1.30460589,3.278062318879702,111.70674440905734
7.07,8.08,0.607,1.30460589,5.161406088287542,147.34070248876668
7.07,8.08,0.806,1.30460589,7.289353733324005,187.60270797642508
7.07,8.08,1.0050000000000001,1.30460589,9.363835357128394,226.85310528600155
7.07,8.08,1.2040000000000002,1.30460589,11.836541480622488,273.6381414431198
7.07,8.08,1.4030000000000002,1.30460589,14.248642061874074,319.27648553756353
7.07,8.08,1.6020000000000003,1.30460589,16.660742643125666,364.91482963200724
7.07,8.08,1.8010000000000004,1.30460589,19.07284322437725,410.553173726451
7.07,8.08,2.0,1.30460589,21.484943805628834,456.19151782089466
7.07,9.09,0.01,1.30460589,0.10289098851572204,51.630658502733496
7.07,9.09,0.20900000000000002,1.30460589,2.150421659978591,90.37112813922882
7.07,9.09,0.40800000000000003,1.30460589,4.197952331441459,129.11159777572414
7.07,9.09,0.607,1.30460589,6.609800124009777,174.7451589614451
7.07,9.09,0.806,1.30460589,9.33489254407063,226.3054904511732
7.07,9.09,1.0050000000000001,1.30460589,11.991515305335984,276.57033622507896
7.07,9.09,1.2040000000000002,1.30460589,15.158112345394432,336.48419157834417
7.07,9.09,1.4030000000000002,1.30460589,18.24709671290243,394.9295700847155
7.07,9.09,1.6020000000000003,1.30460589,21.33608108041042,453.3749485910869
7.07,9.09,1.8010000000000004,1.30460589,24.425065447918417,511.8203270974583
7.07,9.09,2.0,1.30460589,27.514049815426404,570.2657056038296
8.08,0.0,0.01,1.70397504,0.0,57.2401975308642
8.08,0.0,0.20900000000000002,1.70397504,0.0,57.2401975308642
8.08,0.0,0.40800000000000003,1.70397504,0.0,57.2401975308642
8.08,0.0,0.607,1.70397504,0.0,57.2401975308642
8.08,0.0,0.806,1.70397504,0.0,57.2401975308642
8.08,0.0,1.0050000000000001,1.70397504,0.0,57.2401975308642
8.08,0.0,1.2040000000000002,1.70397504,0.0,57.2401975308642
8.08,0.0,1.4030000000000002,1.70397504,0.0,57.2401975308642
8.08,0.0,1.6020000000000003,1.70397504,0.0,57.2401975308642
8.08,0.0,1.8010000000000004,1.70397504,0.0,57.2401975308642
8.08,0.0,2.0,1.70397504,0.0,57.2401975308642
8.08,1.01,0.01,1.70397504,0.001019689787804502,57.25949065394834
8.08,1.01,0.20900000000000002,1.70397504,0.02131151656511409,57.64342380332272
8.08,1.01,0.40800000000000003,1.70397504,0.04160334334242368,58.027356952697104
8.08,1.01,0.607,1.70397504,0.0655056947465503,58.47960332522682
8.08,1.01,0.806,1.70397504,0.09251242246532335,58.990586300843354
8.08,1.01,1.0050000000000001,1.70397504,0.11884058918613724,59.48873050822832
8.08,1.01,1.2040000000000002,1.70397504,0.15022279972196245,60.08250016029445
8.08,1.01,1.4030000000000002,1.70397504,0.18083583843092915,60.66171663461387
8.08,1.01,1.6020000000000003,1.70397504,0.2114488771398959,61.24093310893328
8.08,1.01,1.8010000000000004,1.70397504,0.2420619158488626,61.820149583252686
8.08,1.01,2.0,1.70397504,0.27267495455782925,62.3993660575721
8.08,2.02,0.01,1.70397504,0.004371505818352517,57.32290896018831
8.08,2.02,0.20900000000000002,1.70397504,0.09136447160356763,58.9688664037381
8.08,2.02,0.40800000000000003,1.70397504,0.17835743738878274,60.61482384728788
8.08,2.02,0.607,1.70397504,0.2808290610974228,62.553646489710474
8.08,2.02,0.806,1.70397504,0.3966094374131198,64.74427846200501
8.08,2.02,1.0050000000000001,1.70397504,0.509480759047518,66.87986942997054
8.08,2.02,1.2040000000000002,1.70397504,0.6440192408396153,69.42541565374609
8.08,2.02,1.4030000000000002,1.70397504,0.7752602108230826,71.9085710387036
8.08,2.02,1.6020000000000003,1.70397504,0.9065011808065501,74.39172642366114
8.08,2.02,1.8010000000000004,1.70397504,1.0377421507900175,76.87488180861865
8.08,2.02,2.0,1.70397504,1.1689831207734847,79.35803719357617
8.08,3.0300000000000002,0.01,1.70397504,0.010242894622448876,57.43399904682747
8.08,3.0300000000000002,0.20900000000000002,1.70397504,0.21407649760918154,61.290649214496604
8.08,3.0300000000000002,0.40800000000000003,1.70397504,0.41791010059591416,65.14729938216573
8.08,3.0300000000000002,0.607,1.70397504,0.6580118154403422,69.69016329294436
8.08,3.0300000000000002,0.806,1.70397504,0.9292973273960597,74.82304275854614
8.08,3.0300000000000002,1.0050000000000001,1.70397504,1.1937666204584174,79.82695540340416
8.08,3.0300000000000002,1.2040000000000002,1.70397504,1.5090043323414268,85.79143602178567
8.08,3.0300000000000002,1.4030000000000002,1.70397504,1.8165156297174994,91.60972838971665
8.08,3.0300000000000002,1.6020000000000003,1.70397504,2.1240269270935723,97.42802075764766
8.08,3.0300000000000002,1.8010000000000004,1.70397504,2.431538224469645,103.24631312557864
8.08,3.0300000000000002,2.0,1.70397504,2.739049521845717,109.06460549350962
8.08,4.04,0.01,1.70397504,0.018741055709732914,57.59478919085631
8.08,4.04,0.20900000000000002,1.70397504,0.39168806433341796,64.65116322469927
8.08,4.04,0.40800000000000003,1.70397504,0.764635072957103,71.70753725854223
8.08,4.04,0.607,1.70397504,1.203940540772804,80.01945188539433
8.08,4.04,0.806,1.70397504,1.700301880043323,89.41089674174965
8.08,4.04,1.0050000000000001,1.70397504,2.184191828879909,98.56637564694024
8.08,4.04,1.2040000000000002,1.70397504,2.7609709267786773,109.47937120814868
8.08,4.04,1.4030000000000002,1.70397504,3.3236132820818876,120.12489138795493
8.08,4.04,1.6020000000000003,1.70397504,3.8862556373850983,130.7704115677612
8.08,4.04,1.8010000000000004,1.70397504,4.448897992688308,141.41593174756747
8.08,4.04,2.0,1.70397504,5.0115403479915175,152.0614519273737
8.08,5.05,0.01,1.70397504,0.029943673520714267,57.806749227013185
8.08,5.05,0.20900000000000002,1.70397504,0.6258227765829282,69.081127980378
8.08,5.05,0.40800000000000003,1.70397504,1.221701879645142,80.35550673374283
8.08,5.05,0.607,1.70397504,1.923605748235983,93.63593563664885
8.08,5.05,0.806,1.70397504,2.71667109746826,108.64119270551555
8.08,5.05,1.0050000000000001,1.70397504,3.48981018164445,123.26943326511423
8.08,5.05,1.2040000000000002,1.70397504,4.411363655928367,140.70576029380575
8.08,5.05,1.4030000000000002,1.70397504,5.310330035254346,157.71472636591167
8.08,5.05,1.6020000000000003,1.70397504,6.209296414580323,174.72369243801757
8.08,5.05,1.8010000000000004,1.70397504,7.108262793906301,191.73265851012346
8.08,5.05,2.0,1.70397504,8.007229173232277,208.74162458222935
8.08,6.0600000000000005,0.01,1.70397504,0.043912250543585635,58.07104281809916
8.08,6.0600000000000005,0.20900000000000002,1.70397504,0.9177660363609398,74.60486403407482
8.08,6.0600000000000005,0.40800000000000003,1.70397504,1.791619822178294,91.1386852500505
8.08,6.0600000000000005,0.607,1.70397504,2.820958407297151,110.61436918399606
8.08,6.0600000000000005,0.806,1.70397504,3.9839848572359924,132.61950517451385
8.08,6.0600000000000005,1.0050000000000001,1.70397504,5.1177895370758675,154.07174830094826
8.08,6.0600000000000005,1.2040000000000002,1.70397504,6.4692431930233525,179.64203647932175
8.08,6.0600000000000005,1.4030000000000002,1.70397504,7.787572984854477,204.5856019082253
8.08,6.0600000000000005,1.6020000000000003,1.70397504,9.105902776685602,229.52916733712883
8.08,6.0600000000000005,1.8010000000000004,1.70397504,10.424232568516727,254.47273276603238
8.08,6.0600000000000005,2.0,1.70397504,11.742562360347847,279.41629819493585
8.08,7.07,0.01,1.70397504,0.060697940264618146,58.38863781778758
8.08,7.07,0.20900000000000002,1.70397504,1.2685869515305195,81.24259952756293
8.08,7.07,0.40800000000000003,1.70397504,2.4764759627964206,104.09656123733826
8.08,7.07,0.607,1.70397504,3.8992846591896266,131.01692822836435
8.08,7.07,0.806,1.70397504,5.506884112888555,161.4336436855126
8.08,7.07,1.0050000000000001,1.70397504,7.074091620514645,191.08612006082296
8.08,7.07,1.2040000000000002,1.70397504,8.942145575018296,226.43078596127518
8.08,7.07,1.4030000000000002,1.70397504,10.76441389338215,260.90916103083396
8.08,7.07,1.6020000000000003,1.70397504,12.586682211746007,295.3875361003927
8.08,7.07,1.8010000000000004,1.70397504,14.40895053010986,329.8659111699515
8.08,7.07,2.0,1.70397504,16.23121884847371,364.34428623951015
8.08,8.08,0.01,1.70397504,0.08034466467842406,58.760365255729134
8.08,8.08,0.20900000000000002,1.70397504,1.6792034917790633,89.01170298054139
8.08,8.08,0.40800000000000003,1.70397504,3.278062318879702,119.26304070535362
8.08,8.08,0.607,1.70397504,5.161406088287542,154.896998785063
8.08,8.08,0.806,1.70397504,7.289353733324005,195.15900427272135
8.08,8.08,1.0050000000000001,1.70397504,9.363835357128394,234.40940158229782
8.08,8.08,1.2040000000000002,1.70397504,11.836541480622488,281.19443773941606
8.08,8.08,1.4030000000000002,1.70397504,14.248642061874074,326.83278183385977
8.08,8.08,1.6020000000000003,1.70397504,16.660742643125666,372.4711259283036
8.08,8.08,1.8010000000000004,1.70397504,19.07284322437725,418.1094700227473
8.08,8.08,2.0,1.70397504,21.484943805628834,463.747814117191
8.08,9.09,0.01,1.70397504,0.10289098851572204,59.18695479902979
8.08,9.09,0.20900000000000002,1.70397504,2.150421659978591,97.92742443552511
8.08,9.09,0.40800000000000003,1.70397504,4.197952331441459,136.66789407202043
8.08,9.09,0.607,1.70397504,6.609800124009777,182.30145525774137
8.08,9.09,0.806,1.70397504,9.33489254407063,233.86178674746947
8.08,9.09,1.0050000000000001,1.70397504,11.991515305335984,284.12663252137526
8.08,9.09,1.2040000000000002,1.70397504,15.158112345394432,344.0404878746404
8.08,9.09,1.4030000000000002,1.70397504,18.24709671290243,402.4858663810119
8.08,9.09,1.6020000000000003,1.70397504,21.33608108041042,460.9312448873832
8.08,9.09,1.8010000000000004,1.70397504,24.425065447918417,519.3766233937547
8.08,9.09,2.0,1.70397504,27.514049815426404,577.8220019001259
9.09,0.0,0.01,2.1565934100000006,0.0,65.804
9.09,0.0,0.20900000000000002,2.1565934100000006,0.0,65.804
9.09,0.0,0.40800000000000003,2.1565934100000006,0.0,65.804
9.09,0.0,0.607,2.1565934100000006,0.0,65.804
9.09,0.0,0.806,2.1565934100000006,0.0,65.804
9.09,0.0,1.0050000000000001,2.1565934100000006,0.0,65.804
9.09,0.0,1.2040000000000002,2.1565934100000006,0.0,65.804
9.09,0.0,1.4030000000000002,2.1565934100000006,0.0,65.804
9.09,0.0,1.6020000000000003,2.1565934100000006,0.0,65.804
9.09,0.0,1.8010000000000004,2.1565934100000006,0.0,65.804
9.09,0.0,2.0,2.1565934100000006,0.0,65.804
9.09,1.01,0.01,2.1565934100000006,0.001019689787804502,65.82329312308414
9.09,1.01,0.20900000000000002,2.1565934100000006,0.02131151656511409,66.20722627245854
9.09,1.01,0.40800000000000003,2.1565934100000006,0.04160334334242368,66.59115942183291
9.09,1.01,0.607,2.1565934100000006,0.0655056947465503,67.04340579436263
9.09,1.01,0.806,2.1565934100000006,0.09251242246532335,67.55438876997917
9.09,1.01,1.0050000000000001,2.1565934100000006,0.11884058918613724,68.05253297736414
9.09,1.01,1.2040000000000002,2.1565934100000006,0.15022279972196245,68.64630262943027
9.09,1.01,1.4030000000000002,2.1565934100000006,0.18083583843092915,69.22551910374966
9.09,1.01,1.6020000000000003,2.1565934100000006,0.2114488771398959,69.80473557806909
9.09,1.01,1.8010000000000004,2.1565934100000006,0.2420619158488626,70.3839520523885
9.09,1.01,2.0,2.1565934100000006,0.27267495455782925,70.9631685267079
9.09,2.02,0.01,2.1565934100000006,0.004371505818352517,65.88671142932412
9.09,2.02,0.20900000000000002,2.1565934100000006,0.09136447160356763,67.53266887287391
9.09,2.02,0.40800000000000003,2.1565934100000006,0.17835743738878274,69.1786263164237
9.09,2.02,0.607,2.1565934100000006,0.2808290610974228,71.11744895884628
9.09,2.02,0.806,2.1565934100000006,0.3966094374131198,73.30808093114082
9.09,2.02,1.0050000000000001,2.1565934100000006,0.509480759047518,75.44367189910635
9.09,2.02,1.2040000000000002,2.1565934100000006,0.6440192408396153,77.98921812288191
9.09,2.02,1.4030000000000002,2.1565934100000006,0.7752602108230826,80.47237350783942
9.09,2.02,1.6020000000000003,2.1565934100000006,0.9065011808065501,82.95552889279695
9.09,2.02,1.8010000000000004,2.1565934100000006,1.0377421507900175,85.43868427775448
9.09,2.02,2.0,2.1565934100000006,1.1689831207734847,87.92183966271199
9.09,3.0300000000000002,0.01,2.1565934100000006,0.010242894622448876,65.99780151596329
9.09,3.0300000000000002,0.20900000000000002,2.1565934100000006,0.21407649760918154,69.85445168363242
9.09,3.0300000000000002,0.40800000000000003,2.1565934100000006,0.41791010059591416,73.71110185130155
9.09,3.0300000000000002,0.607,2.1565934100000006,0.6580118154403422,78.25396576208018
9.09,3.0300000000000002,0.806,2.1565934100000006,0.9292973273960597,83.38684522768196
9.09,3.0300000000000002,1.0050000000000001,2.1565934100000006,1.1937666204584174,88.39075787253995
9.09,3.0300000000000002,1.2040000000000002,2.1565934100000006,1.5090043323414268,94.35523849092147
9.09,3.0300000000000002,1.4030000000000002,2.1565934100000006,1.8165156297174994,100.17353085885247
9.09,3.0300000000000002,1.6020000000000003,2.1565934100000006,2.1240269270935723,105.99182322678347
9.09,3.0300000000000002,1.8010000000000004,2.1565934100000006,2.431538224469645,111.81011559471445
9.09,3.0300000000000002,2.0,2.1565934100000006,2.739049521845717,117.62840796264544
9.09,4.04,0.01,2.1565934100000006,0.018741055709732914,66.15859165999211
9.09,4.04,0.20900000000000002,2.1565934100000006,0.39168806433341796,73.21496569383507
9.09,4.04,0.40800000000000003,2.1565934100000006,0.764635072957103,80.27133972767804
9.09,4.04,0.607,2.1565934100000006,1.203940540772804,88.58325435453014
9.09,4.04,0.806,2.1565934100000006,1.700301880043323,97.97469921088545
9.09,4.04,1.0050000000000001,2.1565934100000006,2.184191828879909,107.13017811607605
9.09,4.04,1.2040000000000002,2.1565934100000006,2.7609709267786773,118.04317367728449
9.09,4.04,1.4030000000000002,2.1565934100000006,3.3236132820818876,128.68869385709075
9.09,4.04,1.6020000000000003,2.1565934100000006,3.8862556373850983,139.334214036897
9.09,4.04,1.8010000000000004,2.1565934100000006,4.448897992688308,149.97973421670326
9.09,4.04,2.0,2.1565934100000006,5.0115403479915175,160.6252543965095
9.09,5.05,0.01,2.1565934100000006,0.029943673520714267,66.370551696149
9.09,5.05,0.20900000000000002,2.1565934100000006,0.6258227765829282,77.64493044951382
9.09,5.05,0.40800000000000003,2.1565934100000006,1.221701879645142,88.91930920287862
9.09,5.05,0.607,2.1565934100000006,1.923605748235983,102.19973810578466
9.09,5.05,0.806,2.1565934100000006,2.71667109746826,117.20499517465136
9.09,5.05,1.0050000000000001,2.1565934100000006,3.48981018164445,131.83323573425002
9.09,5.05,1.2040000000000002,2.1565934100000006,4.411363655928367,149.26956276294155
9.09,5.05,1.4030000000000002,2.1565934100000006,5.310330035254346,166.27852883504747
9.09,5.05,1.6020000000000003,2.1565934100000006,6.209296414580323,183.2874949071534
9.09,5.05,1.8010000000000004,2.1565934100000006,7.108262793906301,200.29646097925925
9.09,5.05,2.0,2.1565934100000006,8.007229173232277,217.3054270513652
9.09,6.0600000000000005,0.01,2.1565934100000006,0.043912250543585635,66.63484528723497
9.09,6.0600000000000005,0.20900000000000002,2.1565934100000006,0.9177660363609398,83.16866650321063
9.09,6.0600000000000005,0.40800000000000003,2.1565934100000006,1.791619822178294,99.70248771918632
9.09,6.0600000000000005,0.607,2.1565934100000006,2.820958407297151,119.17817165313186
9.09,6.0600000000000005,0.806,2.1565934100000006,3.9839848572359924,141.18330764364964
9.09,6.0600000000000005,1.0050000000000001,2.1565934100000006,5.1177895370758675,162.63555077008408
9.09,6.0600000000000005,1.2040000000000002,2.1565934100000006,6.4692431930233525,188.20583894845754
9.09,6.0600000000000005,1.4030000000000002,2.1565934100000006,7.787572984854477,213.1494043773611
9.09,6.0600000000000005,1.6020000000000003,2.1565934100000006,9.105902776685602,238.09296980626468
9.09,6.0600000000000005,1.8010000000000004,2.1565934100000006,10.424232568516727,263.03653523516823
9.09,6.0600000000000005,2.0,2.1565934100000006,11.742562360347847,287.98010066407164
9.09,7.07,0.01,2.1565934100000006,0.060697940264618146,66.95244028692339
9.09,7.07,0.20900000000000002,2.1565934100000006,1.2685869515305195,89.80640199669874
9.09,7.07,0.40800000000000003,2.1565934100000006,2.4764759627964206,112.66036370647407
9.09,7.07,0.607,2.1565934100000006,3.8992846591896266,139.58073069750014
9.09,7.07,0.806,2.1565934100000006,5.506884112888555,169.99744615464843
9.09,7.07,1.0050000000000001,2.1565934100000006,7.074091620514645,199.64992252995876
9.09,7.07,1.2040000000000002,2.1565934100000006,8.942145575018296,234.99458843041097
9.09,7.07,1.4030000000000002,2.1565934100000006,10.76441389338215,269.47296349996975
9.09,7.07,1.6020000000000003,2.1565934100000006,12.586682211746007,303.95133856952856
9.09,7.07,1.8010000000000004,2.1565934100000006,14.40895053010986,338.4297136390873
9.09,7.07,2.0,2.1565934100000006,16.23121884847371,372.90808870864595
9.09,8.08,0.01,2.1565934100000006,0.08034466467842406,67.32416772486495
9.09,8.08,0.20900000000000002,2.1565934100000006,1.6792034917790633,97.5755054496772
9.09,8.08,0.40800000000000003,2.1565934100000006,3.278062318879702,127.82684317448944
9.09,8.08,0.607,2.1565934100000006,5.161406088287542,163.4608012541988
9.09,8.08,0.806,2.1565934100000006,7.289353733324005,203.7228067418572
9.09,8.08,1.0050000000000001,2.1565934100000006,9.363835357128394,242.97320405143364
9.09,8.08,1.2040000000000002,2.1565934100000006,11.836541480622488,289.7582402085519
9.09,8.08,1.4030000000000002,2.1565934100000006,14.248642061874074,335.3965843029956
9.09,8.08,1.6020000000000003,2.1565934100000006,16.660742643125666,381.0349283974394
9.09,8.08,1.8010000000000004,2.1565934100000006,19.07284322437725,426.67327249188315
9.09,8.08,2.0,2.1565934100000006,21.484943805628834,472.3116165863268
9.09,9.09,0.01,2.1565934100000006,0.10289098851572204,67.75075726816561
9.09,9.09,0.20900000000000002,2.1565934100000006,2.150421659978591,106.49122690466093
9.09,9.09,0.40800000000000003,2.1565934100000006,4.197952331441459,145.23169654115623
9.09,9.09,0.607,2.1565934100000006,6.609800124009777,190.86525772687722
9.09,9.09,0.806,2.1565934100000006,9.33489254407063,242.4255892166053
9.09,9.09,1.0050000000000001,2.1565934100000006,11.991515305335984,292.69043499051105
9.09,9.09,1.2040000000000002,2.1565934100000006,15.158112345394432,352.6042903437762
9.09,9.09,1.4030000000000002,2.1565934100000006,18.24709671290243,411.04966885014767
9.09,9.09,1.6020000000000003,2.1565934100000006,21.33608108041042,469.495047356519
9.09,9.09,1.8010000000000004,2.1565934100000006,24.425065447918417,527.9404258628904
9.09,9.09,2.0,2.1565934100000006,27.514049815426404,586.3858043692617
