0.0,1.94,0.01,0.0,0.004042258736215436,25.082843118788762
0.0,1.94,0.20900000000000002,0.0,0.08448320758690261,26.731421182685107
0.0,1.94,0.40800000000000003,0.0,0.1649241564375898,28.37999924658145
0.0,1.94,0.607,0.0,0.25103574587744265,30.144792917293813
0.0,1.94,0.806,0.0,0.3420230262911577,32.009510287324616
0.0,1.94,1.0050000000000001,0.0,0.43072419413166374,33.82737546212852
0.0,1.94,1.2040000000000002,0.0,0.5453273639274385,36.17608311013246
0.0,1.94,1.4030000000000002,0.0,0.6571216325027285,38.467224394214725
0.0,1.94,1.6020000000000003,0.0,0.7689159010780185,40.758365678297
0.0,1.94,1.8010000000000004,0.0,0.8807101696533086,43.04950696237927
0.0,1.94,2.0,0.0,0.9925044382285985,45.340648246461534
0.0,3.88,0.01,0.0,0.01732954256872479,25.355156225086144
0.0,3.88,0.20900000000000002,0.0,0.3621874396863481,32.422765104300396
0.0,3.88,0.40800000000000003,0.0,0.7070453368039715,39.49037398351465
0.0,3.88,0.607,0.0,1.0762138023177905,47.05621007600074
0.0,3.88,0.806,0.0,1.4662848126208627,55.0504284453187
0.0,3.88,1.0050000000000001,0.0,1.846555043770591,62.843787056613586
0.0,3.88,1.2040000000000002,0.0,2.3378695882092,72.9129171701602
0.0,3.88,1.4030000000000002,0.0,2.8171421094998035,82.735254878963
0.0,3.88,1.6020000000000003,0.0,3.2964146307904074,92.55759258776582
0.0,3.88,1.8010000000000004,0.0,3.775687152081011,102.37993029656863
0.0,3.88,2.0,0.0,4.254959673371613,112.20226800537142
0.0,5.82,0.01,0.0,0.04060492785837947,25.83216812220442
0.0,5.82,0.20900000000000002,0.0,0.8486429922401308,42.39231375407233
0.0,5.82,0.40800000000000003,0.0,1.6566810566218824,58.95245938594025
0.0,5.82,0.607,0.0,2.5216813213623,76.6800034053741
0.0,5.82,0.806,0.0,3.435658431270917,95.41129183280856
0.0,5.82,1.0050000000000001,0.0,4.326671292186854,113.67194487261904
0.0,5.82,1.2040000000000002,0.0,5.4778725748281145,137.26496818732977
0.0,5.82,1.4030000000000002,0.0,6.6008581397575785,160.27973112667993
0.0,5.82,1.6020000000000003,0.0,7.7238437046870425,183.29449406603013
0.0,5.82,1.8010000000000004,0.0,8.846829269616505,206.30925700538026
0.0,5.82,2.0,0.0,9.969814834545966,229.32401994473042
0.0,7.76,0.01,0.0,0.07429337537220904,26.52258806840758
0.0,7.76,0.20900000000000002,0.0,1.552731545279169,56.82209062971843
0.0,7.76,0.40800000000000003,0.0,3.031169715186129,87.12159319102928
0.0,7.76,0.607,0.0,4.613829573357953,119.55704257433278
0.0,7.76,0.806,0.0,6.286100602748168,153.82900698215337
0.0,7.76,1.0050000000000001,0.0,7.916354772103452,187.2398667566116
0.0,7.76,1.2040000000000002,0.0,10.02266633405309,230.40717254270885
0.0,7.76,1.4030000000000002,0.0,12.07735261262161,272.5164561281664
0.0,7.76,1.6020000000000003,0.0,14.132038891190126,314.625739713624
0.0,7.76,1.8010000000000004,0.0,16.186725169758645,356.73502329908155
0.0,7.76,2.0,0.0,18.24141144832716,398.84430688453904
0.0,9.7,0.01,0.0,0.11870284211054215,27.43272741584424
0.0,9.7,0.20900000000000002,0.0,2.4808894001103314,75.84400299114466
0.0,9.7,0.40800000000000003,0.0,4.84307595811012,124.25527856644509
0.0,9.7,0.607,0.0,7.371783562496855,176.07928047295957
0.0,9.7,0.806,0.0,10.043668141347133,230.83758913154603
0.0,9.7,1.0050000000000001,0.0,12.648419941834339,284.22006088916294
0.0,9.7,1.2040000000000002,0.0,16.013796296335585,353.1909732671912
0.0,9.7,1.4030000000000002,0.0,19.296687936265716,420.47142210654226
0.0,9.7,1.6020000000000003,0.0,22.57957957619585,487.75187094589336
0.0,9.7,1.8010000000000004,0.0,25.862471216125982,555.0323197852443
0.0,9.7,2.0,0.0,29.145362856056114,622.3127686245954
0.0,11.64,0.01,0.0,0.17407713650724702,28.567582838989416
0.0,11.64,0.20900000000000002,0.0,3.638212153001463,99.56248133487881
0.0,11.64,0.40800000000000003,0.0,7.102347169495679,170.55737983076818
0.0,11.64,0.607,0.0,10.81068448483827,246.55702477466087
0.0,11.64,0.806,0.0,14.72899013190096,326.8598161972106
0.0,11.64,1.0050000000000001,0.0,18.548845888333933,405.14494954381684
0.0,11.64,1.2040000000000002,0.0,23.484153827424514,506.290454702645
0.0,11.64,1.4030000000000002,0.0,28.298498336635422,604.9569033624822
0.0,11.64,1.6020000000000003,0.0,33.11284284584633,703.6233520223194
0.0,11.64,1.8010000000000004,0.0,37.927187355057235,802.2898006821565
0.0,11.64,2.0,0.0,42.74153186426813,900.9562493419934
0.0,13.58,0.01,0.0,0.24061904143731197,29.931310223672597
0.0,13.58,0.20900000000000002,0.0,5.028937966039821,128.06438367475727
0.0,13.58,0.40800000000000003,0.0,9.81725689064233,226.19745712584196
0.0,13.58,0.607,0.0,14.943125732739245,331.24836779046103
0.0,13.58,0.806,0.0,20.35922441043883,442.247325405035
0.0,13.58,1.0050000000000001,0.0,25.63924020678918,550.4573644865793
0.0,13.58,1.2040000000000002,0.0,32.46109567459493,690.2662732572996
0.0,13.58,1.4030000000000002,0.0,39.115748802503475,826.648493087561
0.0,13.58,1.6020000000000003,0.0,45.77040193041202,963.0307129178223
0.0,13.58,1.8010000000000004,0.0,52.425055058320574,1099.4129327480837
0.0,13.58,2.0,0.0,59.0797081862291,1235.7951525783446
0.0,15.52,0.01,0.0,0.3185026726647242,31.527477944374557
0.0,15.52,0.20900000000000002,0.0,6.656705858692736,161.4242890374282
0.0,15.52,0.40800000000000003,0.0,12.994909044720748,291.32110013048185
0.0,15.52,0.607,0.0,19.779920389560807,430.3749157083373
0.0,15.52,0.806,0.0,26.949103235435533,577.3020435534992
0.0,15.52,1.0050000000000001,0.0,33.9381558590521,720.5375350206419
0.0,15.52,1.2040000000000002,0.0,42.968111202776065,905.5998261835555
0.0,15.52,1.4030000000000002,0.0,51.77674411160484,1086.12627687679
0.0,15.52,1.6020000000000003,0.0,60.585377020433604,1266.652727570024
0.0,15.52,1.8010000000000004,0.0,69.39400992926238,1447.1791782632583
0.0,15.52,2.0,0.0,78.20264283809112,1627.705628956492
0.0,17.46,0.01,0.0,0.4078809086644099,33.35921913296166
0.0,17.46,0.20900000000000002,0.0,8.524710991086167,199.70767987889874
0.0,17.46,0.40800000000000003,0.0,16.641541073507923,366.0561406248358
0.0,17.46,0.607,0.0,25.33056264270811,544.1312449140022
0.0,17.46,0.806,0.0,34.51156193885797,732.2890707543565
0.0,17.46,1.0050000000000001,0.0,43.46188286073271,915.7193130308826
0.0,17.46,1.2040000000000002,0.0,55.02582472653389,1152.7137936345205
0.0,17.46,1.4030000000000002,0.0,66.30633664464386,1383.8995859880688
0.0,17.46,1.6020000000000003,0.0,77.58684856275384,1615.0853783416176
0.0,17.46,1.8010000000000004,0.0,88.86736048086381,1846.2711706951657
0.0,17.46,2.0,0.0,100.14787239897376,2077.456963048714
1.94,0.0,0.01,0.032216416000000005,0.0,25.660251743344592
1.94,0.0,0.20900000000000002,0.032216416000000005,0.0,25.660251743344592
1.94,0.0,0.40800000000000003,0.032216416000000005,0.0,25.660251743344592
1.94,0.0,0.607,0.032216416000000005,0.0,25.660251743344592
1.94,0.0,0.806,0.032216416000000005,0.0,25.660251743344592
1.94,0.0,1.0050000000000001,0.032216416000000005,0.0,25.660251743344592
1.94,0.0,1.2040000000000002,0.032216416000000005,0.0,25.660251743344592
1.94,0.0,1.4030000000000002,0.032216416000000005,0.0,25.660251743344592
1.94,0.0,1.6020000000000003,0.032216416000000005,0.0,25.660251743344592
1.94,0.0,1.8010000000000004,0.032216416000000005,0.0,25.660251743344592
1.94,0.0,2.0,0.032216416000000005,0.0,25.660251743344592
1.94,1.94,0.01,0.032216416000000005,0.004042258736215436,25.74309486213335
1.94,1.94,0.20900000000000002,0.032216416000000005,0.08448320758690261,27.391672926029695
1.94,1.94,0.40800000000000003,0.032216416000000005,0.1649241564375898,29.04025098992604
1.94,1.94,0.607,0.032216416000000005,0.25103574587744265,30.8050446606384
1.94,1.94,0.806,0.032216416000000005,0.3420230262911577,32.66976203066921
1.94,1.94,1.0050000000000001,0.032216416000000005,0.43072419413166374,34.48762720547311
1.94,1.94,1.2040000000000002,0.032216416000000005,0.5453273639274385,36.83633485347705
1.94,1.94,1.4030000000000002,0.032216416000000005,0.6571216325027285,39.12747613755931
1.94,1.94,1.6020000000000003,0.032216416000000005,0.7689159010780185,41.418617421641585
1.94,1.94,1.8010000000000004,0.032216416000000005,0.8807101696533086,43.70975870572386
1.94,1.94,2.0,0.032216416000000005,0.9925044382285985,46.00089998980613
1.94,3.88,0.01,0.032216416000000005,0.01732954256872479,26.015407968430733
1.94,3.88,0.20900000000000002,0.032216416000000005,0.3621874396863481,33.083016847644984
1.94,3.88,0.40800000000000003,0.032216416000000005,0.7070453368039715,40.15062572685924
1.94,3.88,0.607,0.032216416000000005,1.0762138023177905,47.71646181934533
1.94,3.88,0.806,0.032216416000000005,1.4662848126208627,55.71068018866329
1.94,3.88,1.0050000000000001,0.032216416000000005,1.846555043770591,63.504038799958174
1.94,3.88,1.2040000000000002,0.032216416000000005,2.3378695882092,73.57316891350479
1.94,3.88,1.4030000000000002,0.032216416000000005,2.8171421094998035,83.39550662230761
1.94,3.88,1.6020000000000003,0.032216416000000005,3.2964146307904074,93.21784433111041
1.94,3.88,1.8010000000000004,0.032216416000000005,3.775687152081011,103.04018203991323
1.94,3.88,2.0,0.032216416000000005,4.254959673371613,112.86251974871601
1.94,5.82,0.01,0.032216416000000005,0.04060492785837947,26.492419865549007
1.94,5.82,0.20900000000000002,0.032216416000000005,0.8486429922401308,43.05256549741692
1.94,5.82,0.40800000000000003,0.032216416000000005,1.6566810566218824,59.61271112928484
1.94,5.82,0.607,0.032216416000000005,2.5216813213623,77.34025514871868
1.94,5.82,0.806,0.032216416000000005,3.435658431270917,96.07154357615315
1.94,5.82,1.0050000000000001,0.032216416000000005,4.326671292186854,114.33219661596362
1.94,5.82,1.2040000000000002,0.032216416000000005,5.4778725748281145,137.92521993067436
1.94,5.82,1.4030000000000002,0.032216416000000005,6.6008581397575785,160.93998287002455
1.94,5.82,1.6020000000000003,0.032216416000000005,7.7238437046870425,183.9547458093747
1.94,5.82,1.8010000000000004,0.032216416000000005,8.846829269616505,206.96950874872485
1.94,5.82,2.0,0.032216416000000005,9.969814834545966,229.98427168807498
1.94,7.76,0.01,0.032216416000000005,0.07429337537220904,27.18283981175217
1.94,7.76,0.20900000000000002,0.032216416000000005,1.552731545279169,57.48234237306302
1.94,7.76,0.40800000000000003,0.032216416000000005,3.031169715186129,87.78184493437388
1.94,7.76,0.607,0.032216416000000005,4.613829573357953,120.21729431767737
1.94,7.76,0.806,0.032216416000000005,6.286100602748168,154.48925872549796
1.94,7.76,1.0050000000000001,0.032216416000000005,7.916354772103452,187.9001184999562
1.94,7.76,1.2040000000000002,0.032216416000000005,10.02266633405309,231.06742428605344
1.94,7.76,1.4030000000000002,0.032216416000000005,12.07735261262161,273.176707871511
1.94,7.76,1.6020000000000003,0.032216416000000005,14.132038891190126,315.28599145696853
1.94,7.76,1.8010000000000004,0.032216416000000005,16.186725169758645,357.39527504242614
1.94,7.76,2.0,0.032216416000000005,18.24141144832716,399.5045586278836
1.94,9.7,0.01,0.032216416000000005,0.11870284211054215,28.092979159188832
1.94,9.7,0.20900000000000002,0.032216416000000005,2.4808894001103314,76.50425473448925
1.94,9.7,0.40800000000000003,0.032216416000000005,4.84307595811012,124.91553030978967
1.94,9.7,0.607,0.032216416000000005,7.371783562496855,176.73953221630416
1.94,9.7,0.806,0.032216416000000005,10.043668141347133,231.4978408748906
1.94,9.7,1.0050000000000001,0.032216416000000005,12.648419941834339,284.8803126325075
1.94,9.7,1.2040000000000002,0.032216416000000005,16.013796296335585,353.8512250105358
1.94,9.7,1.4030000000000002,0.032216416000000005,19.296687936265716,421.13167384988685
1.94,9.7,1.6020000000000003,0.032216416000000005,22.57957957619585,488.41212268923795
1.94,9.7,1.8010000000000004,0.032216416000000005,25.862471216125982,555.6925715285889
1.94,9.7,2.0,0.032216416000000005,29.145362856056114,622.97302036794
1.94,11.64,0.01,0.032216416000000005,0.17407713650724702,29.227834582334005
1.94,11.64,0.20900000000000002,0.032216416000000005,3.638212153001463,100.2227330782234
1.94,11.64,0.40800000000000003,0.032216416000000005,7.102347169495679,171.2176315741128
1.94,11.64,0.607,0.032216416000000005,10.81068448483827,247.21727651800543
1.94,11.64,0.806,0.032216416000000005,14.72899013190096,327.5200679405552
1.94,11.64,1.0050000000000001,0.032216416000000005,18.548845888333933,405.8052012871614
1.94,11.64,1.2040000000000002,0.032216416000000005,23.484153827424514,506.95070644598957
1.94,11.64,1.4030000000000002,0.032216416000000005,28.298498336635422,605.6171551058267
1.94,11.64,1.6020000000000003,0.032216416000000005,33.11284284584633,704.283603765664
1.94,11.64,1.8010000000000004,0.032216416000000005,37.927187355057235,802.9500524255011
1.94,11.64,2.0,0.032216416000000005,42.74153186426813,901.6165010853381
1.94,13.58,0.01,0.032216416000000005,0.24061904143731197,30.591561967017185
1.94,13.58,0.20900000000000002,0.032216416000000005,5.028937966039821,128.72463541810188
1.94,13.58,0.40800000000000003,0.032216416000000005,9.81725689064233,226.85770886918655
1.94,13.58,0.607,0.032216416000000005,14.943125732739245,331.9086195338056
1.94,13.58,0.806,0.032216416000000005,20.35922441043883,442.9075771483795
1.94,13.58,1.0050000000000001,0.032216416000000005,25.63924020678918,551.1176162299239
1.94,13.58,1.2040000000000002,0.032216416000000005,32.46109567459493,690.9265250006442
1.94,13.58,1.4030000000000002,0.032216416000000005,39.115748802503475,827.3087448309055
1.94,13.58,1.6020000000000003,0.032216416000000005,45.77040193041202,963.690964661167
1.94,13.58,1.8010000000000004,0.032216416000000005,52.425055058320574,1100.0731844914285
1.94,13.58,2.0,0.032216416000000005,59.0797081862291,1236.4554043216892
1.94,15.52,0.01,0.032216416000000005,0.3185026726647242,32.18772968771914
1.94,15.52,0.20900000000000002,0.032216416000000005,6.656705858692736,162.08454078077278
1.94,15.52,0.40800000000000003,0.032216416000000005,12.994909044720748,291.9813518738264
1.94,15.52,0.607,0.032216416000000005,19.779920389560807,431.0351674516819
1.94,15.52,0.806,0.032216416000000005,26.949103235435533,577.9622952968438
1.94,15.52,1.0050000000000001,0.032216416000000005,33.9381558590521,721.1977867639866
1.94,15.52,1.2040000000000002,0.032216416000000005,42.968111202776065,906.2600779269002
1.94,15.52,1.4030000000000002,0.032216416000000005,51.77674411160484,1086.7865286201345
1.94,15.52,1.6020000000000003,0.032216416000000005,60.585377020433604,1267.3129793133687
1.94,15.52,1.8010000000000004,0.032216416000000005,69.39400992926238,1447.839430006603
1.94,15.52,2.0,0.032216416000000005,78.20264283809112,1628.3658806998367
1.94,17.46,0.01,0.032216416000000005,0.4078809086644099,34.01947087630625
1.94,17.46,0.20900000000000002,0.032216416000000005,8.524710991086167,200.3679316222433
1.94,17.46,0.40800000000000003,0.032216416000000005,16.641541073507923,366.7163923681804
1.94,17.46,0.607,0.032216416000000005,25.33056264270811,544.7914966573468
1.94,17.46,0.806,0.032216416000000005,34.51156193885797,732.9493224977011
1.94,17.46,1.0050000000000001,0.032216416000000005,43.46188286073271,916.3795647742273
1.94,17.46,1.2040000000000002,0.032216416000000005,55.02582472653389,1153.374045377865
1.94,17.46,1.4030000000000002,0.032216416000000005,66.30633664464386,1384.5598377314134
1.94,17.46,1.6020000000000003,0.032216416000000005,77.58684856275384,1615.7456300849622
1.94,17.46,1.8010000000000004,0.032216416000000005,88.86736048086381,1846.9314224385103
1.94,17.46,2.0,0.032216416000000005,100.14787239897376,2078.1172147920583
3.88,0.0,0.01,0.12886566400000002,0.0,27.64100697337836
3.88,0.0,0.20900000000000002,0.12886566400000002,0.0,27.64100697337836
3.88,0.0,0.40800000000000003,0.12886566400000002,0.0,27.64100697337836
3.88,0.0,0.607,0.12886566400000002,0.0,27.64100697337836
3.88,0.0,0.806,0.12886566400000002,0.0,27.64100697337836
3.88,0.0,1.0050000000000001,0.12886566400000002,0.0,27.64100697337836
3.88,0.0,1.2040000000000002,0.12886566400000002,0.0,27.64100697337836
3.88,0.0,1.4030000000000002,0.12886566400000002,0.0,27.64100697337836
3.88,0.0,1.6020000000000003,0.12886566400000002,0.0,27.64100697337836
3.88,0.0,1.8010000000000004,0.12886566400000002,0.0,27.64100697337836
3.88,0.0,2.0,0.12886566400000002,0.0,27.64100697337836
3.88,1.94,0.01,0.12886566400000002,0.004042258736215436,27.723850092167122
3.88,1.94,0.20900000000000002,0.12886566400000002,0.08448320758690261,29.372428156063467
3.88,1.94,0.40800000000000003,0.12886566400000002,0.1649241564375898,31.021006219959812
3.88,1.94,0.607,0.12886566400000002,0.25103574587744265,32.78579989067217
3.88,1.94,0.806,0.12886566400000002,0.3420230262911577,34.65051726070298
3.88,1.94,1.0050000000000001,0.12886566400000002,0.43072419413166374,36.46838243550688
3.88,1.94,1.2040000000000002,0.12886566400000002,0.5453273639274385,38.81709008351082
3.88,1.94,1.4030000000000002,0.12886566400000002,0.6571216325027285,41.10823136759309
3.88,1.94,1.6020000000000003,0.12886566400000002,0.7689159010780185,43.399372651675364
3.88,1.94,1.8010000000000004,0.12886566400000002,0.8807101696533086,45.69051393575763
3.88,1.94,2.0,0.12886566400000002,0.9925044382285985,47.981655219839894
3.88,3.88,0.01,0.12886566400000002,0.01732954256872479,27.996163198464505
3.88,3.88,0.20900000000000002,0.12886566400000002,0.3621874396863481,35.063772077678756
3.88,3.88,0.40800000000000003,0.12886566400000002,0.7070453368039715,42.13138095689301
3.88,3.88,0.607,0.12886566400000002,1.0762138023177905,49.6972170493791
3.88,3.88,0.806,0.12886566400000002,1.4662848126208627,57.69143541869706
3.88,3.88,1.0050000000000001,0.12886566400000002,1.846555043770591,65.48479402999195
3.88,3.88,1.2040000000000002,0.12886566400000002,2.3378695882092,75.55392414353855
3.88,3.88,1.4030000000000002,0.12886566400000002,2.8171421094998035,85.37626185234137
3.88,3.88,1.6020000000000003,0.12886566400000002,3.2964146307904074,95.19859956114418
3.88,3.88,1.8010000000000004,0.12886566400000002,3.775687152081011,105.020937269947
3.88,3.88,2.0,0.12886566400000002,4.254959673371613,114.84327497874978
3.88,5.82,0.01,0.12886566400000002,0.04060492785837947,28.47317509558278
3.88,5.82,0.20900000000000002,0.12886566400000002,0.8486429922401308,45.03332072745069
3.88,5.82,0.40800000000000003,0.12886566400000002,1.6566810566218824,61.59346635931861
3.88,5.82,0.607,0.12886566400000002,2.5216813213623,79.32101037875245
3.88,5.82,0.806,0.12886566400000002,3.435658431270917,98.05229880618691
3.88,5.82,1.0050000000000001,0.12886566400000002,4.326671292186854,116.31295184599739
3.88,5.82,1.2040000000000002,0.12886566400000002,5.4778725748281145,139.90597516070812
3.88,5.82,1.4030000000000002,0.12886566400000002,6.6008581397575785,162.92073810005832
3.88,5.82,1.6020000000000003,0.12886566400000002,7.7238437046870425,185.93550103940848
3.88,5.82,1.8010000000000004,0.12886566400000002,8.846829269616505,208.95026397875864
3.88,5.82,2.0,0.12886566400000002,9.969814834545966,231.96502691810878
3.88,7.76,0.01,0.12886566400000002,0.07429337537220904,29.163595041785943
3.88,7.76,0.20900000000000002,0.12886566400000002,1.552731545279169,59.46309760309679
3.88,7.76,0.40800000000000003,0.12886566400000002,3.031169715186129,89.76260016440764
3.88,7.76,0.607,0.12886566400000002,4.613829573357953,122.19804954771114
3.88,7.76,0.806,0.12886566400000002,6.286100602748168,156.47001395553173
3.88,7.76,1.0050000000000001,0.12886566400000002,7.916354772103452,189.88087372998996
3.88,7.76,1.2040000000000002,0.12886566400000002,10.02266633405309,233.04817951608723
3.88,7.76,1.4030000000000002,0.12886566400000002,12.07735261262161,275.1574631015448
3.88,7.76,1.6020000000000003,0.12886566400000002,14.132038891190126,317.26674668700235
3.88,7.76,1.8010000000000004,0.12886566400000002,16.186725169758645,359.37603027245996
3.88,7.76,2.0,0.12886566400000002,18.24141144832716,401.4853138579174
3.88,9.7,0.01,0.12886566400000002,0.11870284211054215,30.073734389222604
3.88,9.7,0.20900000000000002,0.12886566400000002,2.4808894001103314,78.48500996452302
3.88,9.7,0.40800000000000003,0.12886566400000002,4.84307595811012,126.89628553982344
3.88,9.7,0.607,0.12886566400000002,7.371783562496855,178.72028744633792
3.88,9.7,0.806,0.12886566400000002,10.043668141347133,233.4785961049244
3.88,9.7,1.0050000000000001,0.12886566400000002,12.648419941834339,286.86106786254135
3.88,9.7,1.2040000000000002,0.12886566400000002,16.013796296335585,355.8319802405696
3.88,9.7,1.4030000000000002,0.12886566400000002,19.296687936265716,423.1124290799207
3.88,9.7,1.6020000000000003,0.12886566400000002,22.57957957619585,490.39287791927177
3.88,9.7,1.8010000000000004,0.12886566400000002,25.862471216125982,557.6733267586228
3.88,9.7,2.0,0.12886566400000002,29.145362856056114,624.9537755979737
3.88,11.64,0.01,0.12886566400000002,0.17407713650724702,31.208589812367777
3.88,11.64,0.20900000000000002,0.12886566400000002,3.638212153001463,102.20348830825716
3.88,11.64,0.40800000000000003,0.12886566400000002,7.102347169495679,173.19838680414657
3.88,11.64,0.607,0.12886566400000002,10.81068448483827,249.19803174803926
3.88,11.64,0.806,0.12886566400000002,14.72899013190096,329.500823170589
3.88,11.64,1.0050000000000001,0.12886566400000002,18.548845888333933,407.78595651719525
3.88,11.64,1.2040000000000002,0.12886566400000002,23.484153827424514,508.93146167602333
3.88,11.64,1.4030000000000002,0.12886566400000002,28.298498336635422,607.5979103358605
3.88,11.64,1.6020000000000003,0.12886566400000002,33.11284284584633,706.2643589956976
3.88,11.64,1.8010000000000004,0.12886566400000002,37.927187355057235,804.9308076555347
3.88,11.64,2.0,0.12886566400000002,42.74153186426813,903.5972563153717
3.88,13.58,0.01,0.12886566400000002,0.24061904143731197,32.57231719705096
3.88,13.58,0.20900000000000002,0.12886566400000002,5.028937966039821,130.70539064813565
3.88,13.58,0.40800000000000003,0.12886566400000002,9.81725689064233,228.83846409922035
3.88,13.58,0.607,0.12886566400000002,14.943125732739245,333.88937476383944
3.88,13.58,0.806,0.12886566400000002,20.35922441043883,444.88833237841334
3.88,13.58,1.0050000000000001,0.12886566400000002,25.63924020678918,553.0983714599578
3.88,13.58,1.2040000000000002,0.12886566400000002,32.46109567459493,692.907280230678
3.88,13.58,1.4030000000000002,0.12886566400000002,39.115748802503475,829.2895000609392
3.88,13.58,1.6020000000000003,0.12886566400000002,45.77040193041202,965.6717198912006
3.88,13.58,1.8010000000000004,0.12886566400000002,52.425055058320574,1102.053939721462
3.88,13.58,2.0,0.12886566400000002,59.0797081862291,1238.436159551723
3.88,15.52,0.01,0.12886566400000002,0.3185026726647242,34.16848491775292
3.88,15.52,0.20900000000000002,0.12886566400000002,6.656705858692736,164.06529601080655
3.88,15.52,0.40800000000000003,0.12886566400000002,12.994909044720748,293.9621071038602
3.88,15.52,0.607,0.12886566400000002,19.779920389560807,433.0159226817157
3.88,15.52,0.806,0.12886566400000002,26.949103235435533,579.9430505268775
3.88,15.52,1.0050000000000001,0.12886566400000002,33.9381558590521,723.1785419940203
3.88,15.52,1.2040000000000002,0.12886566400000002,42.968111202776065,908.2408331569338
3.88,15.52,1.4030000000000002,0.12886566400000002,51.77674411160484,1088.7672838501683
3.88,15.52,1.6020000000000003,0.12886566400000002,60.585377020433604,1269.2937345434023
3.88,15.52,1.8010000000000004,0.12886566400000002,69.39400992926238,1449.8201852366367
3.88,15.52,2.0,0.12886566400000002,78.20264283809112,1630.3466359298704
3.88,17.46,0.01,0.12886566400000002,0.4078809086644099,36.00022610634002
3.88,17.46,0.20900000000000002,0.12886566400000002,8.524710991086167,202.34868685227713
3.88,17.46,0.40800000000000003,0.12886566400000002,16.641541073507923,368.6971475982142
3.88,17.46,0.607,0.12886566400000002,25.33056264270811,546.7722518873805
3.88,17.46,0.806,0.12886566400000002,34.51156193885797,734.9300777277348
3.88,17.46,1.0050000000000001,0.12886566400000002,43.46188286073271,918.360320004261
3.88,17.46,1.2040000000000002,0.12886566400000002,55.02582472653389,1155.3548006078988
3.88,17.46,1.4030000000000002,0.12886566400000002,66.30633664464386,1386.5405929614471
3.88,17.46,1.6020000000000003,0.12886566400000002,77.58684856275384,1617.726385314996
3.88,17.46,1.8010000000000004,0.12886566400000002,88.86736048086381,1848.912177668544
3.88,17.46,2.0,0.12886566400000002,100.14787239897376,2080.0979700220923
5.82,0.0,0.01,0.28994774400000006,0.0,30.942265690101312
5.82,0.0,0.20900000000000002,0.28994774400000006,0.0,30.942265690101312
5.82,0.0,0.40800000000000003,0.28994774400000006,0.0,30.942265690101312
5.82,0.0,0.607,0.28994774400000006,0.0,30.942265690101312
5.82,0.0,0.806,0.28994774400000006,0.0,30.942265690101312
5.82,0.0,1.0050000000000001,0.28994774400000006,0.0,30.942265690101312
5.82,0.0,1.2040000000000002,0.28994774400000006,0.0,30.942265690101312
5.82,0.0,1.4030000000000002,0.28994774400000006,0.0,30.942265690101312
5.82,0.0,1.6020000000000003,0.28994774400000006,0.0,30.942265690101312
5.82,0.0,1.8010000000000004,0.28994774400000006,0.0,30.942265690101312
5.82,0.0,2.0,0.28994774400000006,0.0,30.942265690101312
5.82,1.94,0.01,0.28994774400000006,0.004042258736215436,31.025108808890074
5.82,1.94,0.20900000000000002,0.28994774400000006,0.08448320758690261,32.67368687278642
5.82,1.94,0.40800000000000003,0.28994774400000006,0.1649241564375898,34.322264936682764
5.82,1.94,0.607,0.28994774400000006,0.25103574587744265,36.08705860739512
5.82,1.94,0.806,0.28994774400000006,0.3420230262911577,37.95177597742593
5.82,1.94,1.0050000000000001,0.28994774400000006,0.43072419413166374,39.76964115222984
5.82,1.94,1.2040000000000002,0.28994774400000006,0.5453273639274385,42.118348800233775
5.82,1.94,1.4030000000000002,0.28994774400000006,0.6571216325027285,44.40949008431604
5.82,1.94,1.6020000000000003,0.28994774400000006,0.7689159010780185,46.70063136839831
5.82,1.94,1.8010000000000004,0.28994774400000006,0.8807101696533086,48.99177265248058
5.82,1.94,2.0,0.28994774400000006,0.9925044382285985,51.28291393656285
5.82,3.88,0.01,0.28994774400000006,0.01732954256872479,31.297421915187456
5.82,3.88,0.20900000000000002,0.28994774400000006,0.3621874396863481,38.36503079440171
5.82,3.88,0.40800000000000003,0.28994774400000006,0.7070453368039715,45.43263967361597
5.82,3.88,0.607,0.28994774400000006,1.0762138023177905,52.998475766102054
5.82,3.88,0.806,0.28994774400000006,1.4662848126208627,60.99269413542001
5.82,3.88,1.0050000000000001,0.28994774400000006,1.846555043770591,68.7860527467149
5.82,3.88,1.2040000000000002,0.28994774400000006,2.3378695882092,78.85518286026151
5.82,3.88,1.4030000000000002,0.28994774400000006,2.8171421094998035,88.67752056906431
5.82,3.88,1.6020000000000003,0.28994774400000006,3.2964146307904074,98.49985827786713
5.82,3.88,1.8010000000000004,0.28994774400000006,3.775687152081011,108.32219598666994
5.82,3.88,2.0,0.28994774400000006,4.254959673371613,118.14453369547273
5.82,5.82,0.01,0.28994774400000006,0.04060492785837947,31.77443381230573
5.82,5.82,0.20900000000000002,0.28994774400000006,0.8486429922401308,48.33457944417364
5.82,5.82,0.40800000000000003,0.28994774400000006,1.6566810566218824,64.89472507604157
5.82,5.82,0.607,0.28994774400000006,2.5216813213623,82.62226909547542
5.82,5.82,0.806,0.28994774400000006,3.435658431270917,101.35355752290987
5.82,5.82,1.0050000000000001,0.28994774400000006,4.326671292186854,119.61421056272034
5.82,5.82,1.2040000000000002,0.28994774400000006,5.4778725748281145,143.2072338774311
5.82,5.82,1.4030000000000002,0.28994774400000006,6.6008581397575785,166.22199681678126
5.82,5.82,1.6020000000000003,0.28994774400000006,7.7238437046870425,189.23675975613145
5.82,5.82,1.8010000000000004,0.28994774400000006,8.846829269616505,212.2515226954816
5.82,5.82,2.0,0.28994774400000006,9.969814834545966,235.26628563483175
5.82,7.76,0.01,0.28994774400000006,0.07429337537220904,32.464853758508895
5.82,7.76,0.20900000000000002,0.28994774400000006,1.552731545279169,62.76435631981974
5.82,7.76,0.40800000000000003,0.28994774400000006,3.031169715186129,93.06385888113059
5.82,7.76,0.607,0.28994774400000006,4.613829573357953,125.49930826443409
5.82,7.76,0.806,0.28994774400000006,6.286100602748168,159.77127267225467
5.82,7.76,1.0050000000000001,0.28994774400000006,7.916354772103452,193.18213244671296
5.82,7.76,1.2040000000000002,0.28994774400000006,10.02266633405309,236.34943823281017
5.82,7.76,1.4030000000000002,0.28994774400000006,12.07735261262161,278.45872181826775
5.82,7.76,1.6020000000000003,0.28994774400000006,14.132038891190126,320.5680054037253
5.82,7.76,1.8010000000000004,0.28994774400000006,16.186725169758645,362.67728898918284
5.82,7.76,2.0,0.28994774400000006,18.24141144832716,404.78657257464033
5.82,9.7,0.01,0.28994774400000006,0.11870284211054215,33.374993105945556
5.82,9.7,0.20900000000000002,0.28994774400000006,2.4808894001103314,81.78626868124599
5.82,9.7,0.40800000000000003,0.28994774400000006,4.84307595811012,130.1975442565464
5.82,9.7,0.607,0.28994774400000006,7.371783562496855,182.0215461630609
5.82,9.7,0.806,0.28994774400000006,10.043668141347133,236.77985482164735
5.82,9.7,1.0050000000000001,0.28994774400000006,12.648419941834339,290.16232657926423
5.82,9.7,1.2040000000000002,0.28994774400000006,16.013796296335585,359.1332389572925
5.82,9.7,1.4030000000000002,0.28994774400000006,19.296687936265716,426.4136877966436
5.82,9.7,1.6020000000000003,0.28994774400000006,22.57957957619585,493.6941366359947
5.82,9.7,1.8010000000000004,0.28994774400000006,25.862471216125982,560.9745854753457
5.82,9.7,2.0,0.28994774400000006,29.145362856056114,628.2550343146968
5.82,11.64,0.01,0.28994774400000006,0.17407713650724702,34.50984852909073
5.82,11.64,0.20900000000000002,0.28994774400000006,3.638212153001463,105.50474702498012
5.82,11.64,0.40800000000000003,0.28994774400000006,7.102347169495679,176.4996455208695
5.82,11.64,0.607,0.28994774400000006,10.81068448483827,252.49929046476217
5.82,11.64,0.806,0.28994774400000006,14.72899013190096,332.8020818873119
5.82,11.64,1.0050000000000001,0.28994774400000006,18.548845888333933,411.0872152339182
5.82,11.64,1.2040000000000002,0.28994774400000006,23.484153827424514,512.2327203927463
5.82,11.64,1.4030000000000002,0.28994774400000006,28.298498336635422,610.8991690525835
5.82,11.64,1.6020000000000003,0.28994774400000006,33.11284284584633,709.5656177124206
5.82,11.64,1.8010000000000004,0.28994774400000006,37.927187355057235,808.2320663722577
5.82,11.64,2.0,0.28994774400000006,42.74153186426813,906.8985150320947
5.82,13.58,0.01,0.28994774400000006,0.24061904143731197,35.87357591377391
5.82,13.58,0.20900000000000002,0.28994774400000006,5.028937966039821,134.00664936485862
5.82,13.58,0.40800000000000003,0.28994774400000006,9.81725689064233,232.1397228159433
5.82,13.58,0.607,0.28994774400000006,14.943125732739245,337.1906334805624
5.82,13.58,0.806,0.28994774400000006,20.35922441043883,448.1895910951363
5.82,13.58,1.0050000000000001,0.28994774400000006,25.63924020678918,556.3996301766807
5.82,13.58,1.2040000000000002,0.28994774400000006,32.46109567459493,696.2085389474009
5.82,13.58,1.4030000000000002,0.28994774400000006,39.115748802503475,832.5907587776622
5.82,13.58,1.6020000000000003,0.28994774400000006,45.77040193041202,968.9729786079236
5.82,13.58,1.8010000000000004,0.28994774400000006,52.425055058320574,1105.355198438185
5.82,13.58,2.0,0.28994774400000006,59.0797081862291,1241.737418268446
5.82,15.52,0.01,0.28994774400000006,0.3185026726647242,37.46974363447587
5.82,15.52,0.20900000000000002,0.28994774400000006,6.656705858692736,167.36655472752952
5.82,15.52,0.40800000000000003,0.28994774400000006,12.994909044720748,297.26336582058315
5.82,15.52,0.607,0.28994774400000006,19.779920389560807,436.31718139843866
5.82,15.52,0.806,0.28994774400000006,26.949103235435533,583.2443092436005
5.82,15.52,1.0050000000000001,0.28994774400000006,33.9381558590521,726.4798007107432
5.82,15.52,1.2040000000000002,0.28994774400000006,42.968111202776065,911.5420918736568
5.82,15.52,1.4030000000000002,0.28994774400000006,51.77674411160484,1092.0685425668912
5.82,15.52,1.6020000000000003,0.28994774400000006,60.585377020433604,1272.5949932601252
5.82,15.52,1.8010000000000004,0.28994774400000006,69.39400992926238,1453.1214439533599
5.82,15.52,2.0,0.28994774400000006,78.20264283809112,1633.6478946465936
5.82,17.46,0.01,0.28994774400000006,0.4078809086644099,39.30148482306298
5.82,17.46,0.20900000000000002,0.28994774400000006,8.524710991086167,205.64994556900004
5.82,17.46,0.40800000000000003,0.28994774400000006,16.641541073507923,371.99840631493714
5.82,17.46,0.607,0.28994774400000006,25.33056264270811,550.0735106041035
5.82,17.46,0.806,0.28994774400000006,34.51156193885797,738.2313364444577
5.82,17.46,1.0050000000000001,0.28994774400000006,43.46188286073271,921.6615787209839
5.82,17.46,1.2040000000000002,0.28994774400000006,55.02582472653389,1158.6560593246218
5.82,17.46,1.4030000000000002,0.28994774400000006,66.30633664464386,1389.8418516781703
5.82,17.46,1.6020000000000003,0.28994774400000006,77.58684856275384,1621.027644031719
5.82,17.46,1.8010000000000004,0.28994774400000006,88.86736048086381,1852.2134363852672
5.82,17.46,2.0,0.28994774400000006,100.14787239897376,2083.3992287388155
7.76,0.0,0.01,0.5154626560000001,0.0,35.56402789351344
7.76,0.0,0.20900000000000002,0.5154626560000001,0.0,35.56402789351344
7.76,0.0,0.40800000000000003,0.5154626560000001,0.0,35.56402789351344
7.76,0.0,0.607,0.5154626560000001,0.0,35.56402789351344
7.76,0.0,0.806,0.5154626560000001,0.0,35.56402789351344
7.76,0.0,1.0050000000000001,0.5154626560000001,0.0,35.56402789351344
7.76,0.0,1.2040000000000002,0.5154626560000001,0.0,35.56402789351344
7.76,0.0,1.4030000000000002,0.5154626560000001,0.0,35.56402789351344
7.76,0.0,1.6020000000000003,0.5154626560000001,0.0,35.56402789351344
7.76,0.0,1.8010000000000004,0.5154626560000001,0.0,35.56402789351344
7.76,0.0,2.0,0.5154626560000001,0.0,35.56402789351344
7.76,1.94,0.01,0.5154626560000001,0.004042258736215436,35.646871012302206
7.76,1.94,0.20900000000000002,0.5154626560000001,0.08448320758690261,37.29544907619855
7.76,1.94,0.40800000000000003,0.5154626560000001,0.1649241564375898,38.944027140094896
7.76,1.94,0.607,0.5154626560000001,0.25103574587744265,40.708820810807254
7.76,1.94,0.806,0.5154626560000001,0.3420230262911577,42.573538180838064
7.76,1.94,1.0050000000000001,0.5154626560000001,0.43072419413166374,44.39140335564197
7.76,1.94,1.2040000000000002,0.5154626560000001,0.5453273639274385,46.74011100364591
7.76,1.94,1.4030000000000002,0.5154626560000001,0.6571216325027285,49.03125228772818
7.76,1.94,1.6020000000000003,0.5154626560000001,0.7689159010780185,51.322393571810444
7.76,1.94,1.8010000000000004,0.5154626560000001,0.8807101696533086,53.613534855892716
7.76,1.94,2.0,0.5154626560000001,0.9925044382285985,55.90467613997498
7.76,3.88,0.01,0.5154626560000001,0.01732954256872479,35.91918411859959
7.76,3.88,0.20900000000000002,0.5154626560000001,0.3621874396863481,42.986792997813836
7.76,3.88,0.40800000000000003,0.5154626560000001,0.7070453368039715,50.0544018770281
7.76,3.88,0.607,0.5154626560000001,1.0762138023177905,57.62023796951418
7.76,3.88,0.806,0.5154626560000001,1.4662848126208627,65.61445633883216
7.76,3.88,1.0050000000000001,0.5154626560000001,1.846555043770591,73.40781495012703
7.76,3.88,1.2040000000000002,0.5154626560000001,2.3378695882092,83.47694506367364
7.76,3.88,1.4030000000000002,0.5154626560000001,2.8171421094998035,93.29928277247645
7.76,3.88,1.6020000000000003,0.5154626560000001,3.2964146307904074,103.12162048127927
7.76,3.88,1.8010000000000004,0.5154626560000001,3.775687152081011,112.94395819008207
7.76,3.88,2.0,0.5154626560000001,4.254959673371613,122.76629589888486
7.76,5.82,0.01,0.5154626560000001,0.04060492785837947,36.39619601571786
7.76,5.82,0.20900000000000002,0.5154626560000001,0.8486429922401308,52.956341647585774
7.76,5.82,0.40800000000000003,0.5154626560000001,1.6566810566218824,69.5164872794537
7.76,5.82,0.607,0.5154626560000001,2.5216813213623,87.24403129888753
7.76,5.82,0.806,0.5154626560000001,3.435658431270917,105.975319726322
7.76,5.82,1.0050000000000001,0.5154626560000001,4.326671292186854,124.23597276613248
7.76,5.82,1.2040000000000002,0.5154626560000001,5.4778725748281145,147.82899608084324
7.76,5.82,1.4030000000000002,0.5154626560000001,6.6008581397575785,170.84375902019337
7.76,5.82,1.6020000000000003,0.5154626560000001,7.7238437046870425,193.85852195954357
7.76,5.82,1.8010000000000004,0.5154626560000001,8.846829269616505,216.8732848988937
7.76,5.82,2.0,0.5154626560000001,9.969814834545966,239.88804783824384
7.76,7.76,0.01,0.5154626560000001,0.07429337537220904,37.08661596192103
7.76,7.76,0.20900000000000002,0.5154626560000001,1.552731545279169,67.38611852323189
7.76,7.76,0.40800000000000003,0.5154626560000001,3.031169715186129,97.68562108454273
7.76,7.76,0.607,0.5154626560000001,4.613829573357953,130.1210704678462
7.76,7.76,0.806,0.5154626560000001,6.286100602748168,164.3930348756668
7.76,7.76,1.0050000000000001,0.5154626560000001,7.916354772103452,197.80389465012505
7.76,7.76,1.2040000000000002,0.5154626560000001,10.02266633405309,240.9712004362223
7.76,7.76,1.4030000000000002,0.5154626560000001,12.07735261262161,283.08048402167987
7.76,7.76,1.6020000000000003,0.5154626560000001,14.132038891190126,325.1897676071374
7.76,7.76,1.8010000000000004,0.5154626560000001,16.186725169758645,367.299051192595
7.76,7.76,2.0,0.5154626560000001,18.24141144832716,409.40833477805245
7.76,9.7,0.01,0.5154626560000001,0.11870284211054215,37.99675530935769
7.76,9.7,0.20900000000000002,0.5154626560000001,2.4808894001103314,86.4080308846581
7.76,9.7,0.40800000000000003,0.5154626560000001,4.84307595811012,134.8193064599585
7.76,9.7,0.607,0.5154626560000001,7.371783562496855,186.643308366473
7.76,9.7,0.806,0.5154626560000001,10.043668141347133,241.40161702505947
7.76,9.7,1.0050000000000001,0.5154626560000001,12.648419941834339,294.7840887826764
7.76,9.7,1.2040000000000002,0.5154626560000001,16.013796296335585,363.7550011607047
7.76,9.7,1.4030000000000002,0.5154626560000001,19.296687936265716,431.03545000005573
7.76,9.7,1.6020000000000003,0.5154626560000001,22.57957957619585,498.3158988394068
7.76,9.7,1.8010000000000004,0.5154626560000001,25.862471216125982,565.5963476787579
7.76,9.7,2.0,0.5154626560000001,29.145362856056114,632.8767965181088
7.76,11.64,0.01,0.5154626560000001,0.17407713650724702,39.131610732502864
7.76,11.64,0.20900000000000002,0.5154626560000001,3.638212153001463,110.12650922839224
7.76,11.64,0.40800000000000003,0.5154626560000001,7.102347169495679,181.12140772428162
7.76,11.64,0.607,0.5154626560000001,10.81068448483827,257.12105266817434
7.76,11.64,0.806,0.5154626560000001,14.72899013190096,337.42384409072406
7.76,11.64,1.0050000000000001,0.5154626560000001,18.548845888333933,415.7089774373303
7.76,11.64,1.2040000000000002,0.5154626560000001,23.484153827424514,516.8544825961584
7.76,11.64,1.4030000000000002,0.5154626560000001,28.298498336635422,615.5209312559956
7.76,11.64,1.6020000000000003,0.5154626560000001,33.11284284584633,714.1873799158329
7.76,11.64,1.8010000000000004,0.5154626560000001,37.927187355057235,812.85382857567
7.76,11.64,2.0,0.5154626560000001,42.74153186426813,911.5202772355069
7.76,13.58,0.01,0.5154626560000001,0.24061904143731197,40.49533811718604
7.76,13.58,0.20900000000000002,0.5154626560000001,5.028937966039821,138.62841156827074
7.76,13.58,0.40800000000000003,0.5154626560000001,9.81725689064233,236.7614850193554
7.76,13.58,0.607,0.5154626560000001,14.943125732739245,341.8123956839745
7.76,13.58,0.806,0.5154626560000001,20.35922441043883,452.8113532985484
7.76,13.58,1.0050000000000001,0.5154626560000001,25.63924020678918,561.0213923800928
7.76,13.58,1.2040000000000002,0.5154626560000001,32.46109567459493,700.8303011508132
7.76,13.58,1.4030000000000002,0.5154626560000001,39.115748802503475,837.2125209810745
7.76,13.58,1.6020000000000003,0.5154626560000001,45.77040193041202,973.5947408113358
7.76,13.58,1.8010000000000004,0.5154626560000001,52.425055058320574,1109.9769606415973
7.76,13.58,2.0,0.5154626560000001,59.0797081862291,1246.359180471858
7.76,15.52,0.01,0.5154626560000001,0.3185026726647242,42.09150583788799
7.76,15.52,0.20900000000000002,0.5154626560000001,6.656705858692736,171.98831693094164
7.76,15.52,0.40800000000000003,0.5154626560000001,12.994909044720748,301.88512802399526
7.76,15.52,0.607,0.5154626560000001,19.779920389560807,440.9389436018508
7.76,15.52,0.806,0.5154626560000001,26.949103235435533,587.8660714470126
7.76,15.52,1.0050000000000001,0.5154626560000001,33.9381558590521,731.1015629141555
7.76,15.52,1.2040000000000002,0.5154626560000001,42.968111202776065,916.163854077069
7.76,15.52,1.4030000000000002,0.5154626560000001,51.77674411160484,1096.6903047703033
7.76,15.52,1.6020000000000003,0.5154626560000001,60.585377020433604,1277.2167554635375
7.76,15.52,1.8010000000000004,0.5154626560000001,69.39400992926238,1457.743206156772
7.76,15.52,2.0,0.5154626560000001,78.20264283809112,1638.2696568500057
7.76,17.46,0.01,0.5154626560000001,0.4078809086644099,43.92324702647511
7.76,17.46,0.20900000000000002,0.5154626560000001,8.524710991086167,210.27170777241219
7.76,17.46,0.40800000000000003,0.5154626560000001,16.641541073507923,376.62016851834926
7.76,17.46,0.607,0.5154626560000001,25.33056264270811,554.6952728075156
7.76,17.46,0.806,0.5154626560000001,34.51156193885797,742.85309864787
7.76,17.46,1.0050000000000001,0.5154626560000001,43.46188286073271,926.2833409243962
7.76,17.46,1.2040000000000002,0.5154626560000001,55.02582472653389,1163.2778215280339
7.76,17.46,1.4030000000000002,0.5154626560000001,66.30633664464386,1394.4636138815822
7.76,17.46,1.6020000000000003,0.5154626560000001,77.58684856275384,1625.649406235131
7.76,17.46,1.8010000000000004,0.5154626560000001,88.86736048086381,1856.8351985886793
7.76,17.46,2.0,0.5154626560000001,100.14787239897376,2088.0209909422274
9.7,0.0,0.01,0.8054104,0.0,41.506293583614756
9.7,0.0,0.20900000000000002,0.8054104,0.0,41.506293583614756
9.7,0.0,0.40800000000000003,0.8054104,0.0,41.506293583614756
9.7,0.0,0.607,0.8054104,0.0,41.506293583614756
9.7,0.0,0.806,0.8054104,0.0,41.506293583614756
9.7,0.0,1.0050000000000001,0.8054104,0.0,41.506293583614756
9.7,0.0,1.2040000000000002,0.8054104,0.0,41.506293583614756
9.7,0.0,1.4030000000000002,0.8054104,0.0,41.506293583614756
9.7,0.0,1.6020000000000003,0.8054104,0.0,41.506293583614756
9.7,0.0,1.8010000000000004,0.8054104,0.0,41.506293583614756
9.7,0.0,2.0,0.8054104,0.0,41.506293583614756
9.7,1.94,0.01,0.8054104,0.004042258736215436,41.589136702403515
9.7,1.94,0.20900000000000002,0.8054104,0.08448320758690261,43.23771476629986
9.7,1.94,0.40800000000000003,0.8054104,0.1649241564375898,44.886292830196204
9.7,1.94,0.607,0.8054104,0.25103574587744265,46.65108650090856
9.7,1.94,0.806,0.8054104,0.3420230262911577,48.51580387093938
9.7,1.94,1.0050000000000001,0.8054104,0.43072419413166374,50.33366904574328
9.7,1.94,1.2040000000000002,0.8054104,0.5453273639274385,52.682376693747216
9.7,1.94,1.4030000000000002,0.8054104,0.6571216325027285,54.97351797782949
9.7,1.94,1.6020000000000003,0.8054104,0.7689159010780185,57.26465926191175
9.7,1.94,1.8010000000000004,0.8054104,0.8807101696533086,59.555800545994025
9.7,1.94,2.0,0.8054104,0.9925044382285985,61.84694183007629
9.7,3.88,0.01,0.8054104,0.01732954256872479,41.8614498087009
9.7,3.88,0.20900000000000002,0.8054104,0.3621874396863481,48.92905868791515
9.7,3.88,0.40800000000000003,0.8054104,0.7070453368039715,55.99666756712941
9.7,3.88,0.607,0.8054104,1.0762138023177905,63.562503659615494
9.7,3.88,0.806,0.8054104,1.4662848126208627,71.55672202893345
9.7,3.88,1.0050000000000001,0.8054104,1.846555043770591,79.35008064022836
9.7,3.88,1.2040000000000002,0.8054104,2.3378695882092,89.41921075377496
9.7,3.88,1.4030000000000002,0.8054104,2.8171421094998035,99.24154846257777
9.7,3.88,1.6020000000000003,0.8054104,3.2964146307904074,109.06388617138057
9.7,3.88,1.8010000000000004,0.8054104,3.775687152081011,118.88622388018338
9.7,3.88,2.0,0.8054104,4.254959673371613,128.70856158898619
9.7,5.82,0.01,0.8054104,0.04060492785837947,42.33846170581917
9.7,5.82,0.20900000000000002,0.8054104,0.8486429922401308,58.89860733768709
9.7,5.82,0.40800000000000003,0.8054104,1.6566810566218824,75.45875296955501
9.7,5.82,0.607,0.8054104,2.5216813213623,93.18629698898884
9.7,5.82,0.806,0.8054104,3.435658431270917,111.91758541642332
9.7,5.82,1.0050000000000001,0.8054104,4.326671292186854,130.17823845623377
9.7,5.82,1.2040000000000002,0.8054104,5.4778725748281145,153.77126177094453
9.7,5.82,1.4030000000000002,0.8054104,6.6008581397575785,176.7860247102947
9.7,5.82,1.6020000000000003,0.8054104,7.7238437046870425,199.8007876496449
9.7,5.82,1.8010000000000004,0.8054104,8.846829269616505,222.81555058899502
9.7,5.82,2.0,0.8054104,9.969814834545966,245.8303135283452
9.7,7.76,0.01,0.8054104,0.07429337537220904,43.028881652022335
9.7,7.76,0.20900000000000002,0.8054104,1.552731545279169,73.32838421333318
9.7,7.76,0.40800000000000003,0.8054104,3.031169715186129,103.62788677464403
9.7,7.76,0.607,0.8054104,4.613829573357953,136.06333615794753
9.7,7.76,0.806,0.8054104,6.286100602748168,170.3353005657681
9.7,7.76,1.0050000000000001,0.8054104,7.916354772103452,203.74616034022637
9.7,7.76,1.2040000000000002,0.8054104,10.02266633405309,246.9134661263236
9.7,7.76,1.4030000000000002,0.8054104,12.07735261262161,289.0227497117812
9.7,7.76,1.6020000000000003,0.8054104,14.132038891190126,331.13203329723876
9.7,7.76,1.8010000000000004,0.8054104,16.186725169758645,373.2413168826963
9.7,7.76,2.0,0.8054104,18.24141144832716,415.3506004681538
9.7,9.7,0.01,0.8054104,0.11870284211054215,43.939020999459
9.7,9.7,0.20900000000000002,0.8054104,2.4808894001103314,92.35029657475943
9.7,9.7,0.40800000000000003,0.8054104,4.84307595811012,140.76157215005983
9.7,9.7,0.607,0.8054104,7.371783562496855,192.58557405657433
9.7,9.7,0.806,0.8054104,10.043668141347133,247.3438827151608
9.7,9.7,1.0050000000000001,0.8054104,12.648419941834339,300.7263544727777
9.7,9.7,1.2040000000000002,0.8054104,16.013796296335585,369.69726685080593
9.7,9.7,1.4030000000000002,0.8054104,19.296687936265716,436.977715690157
9.7,9.7,1.6020000000000003,0.8054104,22.57957957619585,504.2581645295081
9.7,9.7,1.8010000000000004,0.8054104,25.862471216125982,571.5386133688592
9.7,9.7,2.0,0.8054104,29.145362856056114,638.8190622082102
9.7,11.64,0.01,0.8054104,0.17407713650724702,45.07387642260417
9.7,11.64,0.20900000000000002,0.8054104,3.638212153001463,116.06877491849356
9.7,11.64,0.40800000000000003,0.8054104,7.102347169495679,187.06367341438295
9.7,11.64,0.607,0.8054104,10.81068448483827,263.06331835827564
9.7,11.64,0.806,0.8054104,14.72899013190096,343.36610978082535
9.7,11.64,1.0050000000000001,0.8054104,18.548845888333933,421.6512431274316
9.7,11.64,1.2040000000000002,0.8054104,23.484153827424514,522.7967482862598
9.7,11.64,1.4030000000000002,0.8054104,28.298498336635422,621.4631969460969
9.7,11.64,1.6020000000000003,0.8054104,33.11284284584633,720.1296456059341
9.7,11.64,1.8010000000000004,0.8054104,37.927187355057235,818.7960942657712
9.7,11.64,2.0,0.8054104,42.74153186426813,917.4625429256082
9.7,13.58,0.01,0.8054104,0.24061904143731197,46.43760380728735
9.7,13.58,0.20900000000000002,0.8054104,5.028937966039821,144.57067725837203
9.7,13.58,0.40800000000000003,0.8054104,9.81725689064233,242.70375070945673
9.7,13.58,0.607,0.8054104,14.943125732739245,347.7546613740758
9.7,13.58,0.806,0.8054104,20.35922441043883,458.75361898864975
9.7,13.58,1.0050000000000001,0.8054104,25.63924020678918,566.9636580701941
9.7,13.58,1.2040000000000002,0.8054104,32.46109567459493,706.7725668409144
9.7,13.58,1.4030000000000002,0.8054104,39.115748802503475,843.1547866711757
9.7,13.58,1.6020000000000003,0.8054104,45.77040193041202,979.5370065014371
9.7,13.58,1.8010000000000004,0.8054104,52.425055058320574,1115.9192263316986
9.7,13.58,2.0,0.8054104,59.0797081862291,1252.3014461619593
9.7,15.52,0.01,0.8054104,0.3185026726647242,48.033771527989316
9.7,15.52,0.20900000000000002,0.8054104,6.656705858692736,177.93058262104296
9.7,15.52,0.40800000000000003,0.8054104,12.994909044720748,307.8273937140966
9.7,15.52,0.607,0.8054104,19.779920389560807,446.8812092919521
9.7,15.52,0.806,0.8054104,26.949103235435533,593.808337137114
9.7,15.52,1.0050000000000001,0.8054104,33.9381558590521,737.0438286042568
9.7,15.52,1.2040000000000002,0.8054104,42.968111202776065,922.1061197671703
9.7,15.52,1.4030000000000002,0.8054104,51.77674411160484,1102.6325704604046
9.7,15.52,1.6020000000000003,0.8054104,60.585377020433604,1283.1590211536388
9.7,15.52,1.8010000000000004,0.8054104,69.39400992926238,1463.685471846873
9.7,15.52,2.0,0.8054104,78.20264283809112,1644.2119225401068
9.7,17.46,0.01,0.8054104,0.4078809086644099,49.86551271657642
9.7,17.46,0.20900000000000002,0.8054104,8.524710991086167,216.2139734625135
9.7,17.46,0.40800000000000003,0.8054104,16.641541073507923,382.56243420845055
9.7,17.46,0.607,0.8054104,25.33056264270811,560.637538497617
9.7,17.46,0.806,0.8054104,34.51156193885797,748.7953643379713
9.7,17.46,1.0050000000000001,0.8054104,43.46188286073271,932.2256066144975
9.7,17.46,1.2040000000000002,0.8054104,55.02582472653389,1169.2200872181352
9.7,17.46,1.4030000000000002,0.8054104,66.30633664464386,1400.4058795716835
9.7,17.46,1.6020000000000003,0.8054104,77.58684856275384,1631.5916719252323
9.7,17.46,1.8010000000000004,0.8054104,88.86736048086381,1862.7774642787804
9.7,17.46,2.0,0.8054104,100.14787239897376,2093.9632566323285
11.64,0.0,0.01,1.1597909760000003,0.0,48.76906276040525
11.64,0.0,0.20900000000000002,1.1597909760000003,0.0,48.76906276040525
11.64,0.0,0.40800000000000003,1.1597909760000003,0.0,48.76906276040525
11.64,0.0,0.607,1.1597909760000003,0.0,48.76906276040525
11.64,0.0,0.806,1.1597909760000003,0.0,48.76906276040525
11.64,0.0,1.0050000000000001,1.1597909760000003,0.0,48.76906276040525
11.64,0.0,1.2040000000000002,1.1597909760000003,0.0,48.76906276040525
11.64,0.0,1.4030000000000002,1.1597909760000003,0.0,48.76906276040525
11.64,0.0,1.6020000000000003,1.1597909760000003,0.0,48.76906276040525
11.64,0.0,1.8010000000000004,1.1597909760000003,0.0,48.76906276040525
11.64,0.0,2.0,1.1597909760000003,0.0,48.76906276040525
11.64,1.94,0.01,1.1597909760000003,0.004042258736215436,48.851905879194014
11.64,1.94,0.20900000000000002,1.1597909760000003,0.08448320758690261,50.50048394309036
11.64,1.94,0.40800000000000003,1.1597909760000003,0.1649241564375898,52.1490620069867
11.64,1.94,0.607,1.1597909760000003,0.25103574587744265,53.91385567769906
11.64,1.94,0.806,1.1597909760000003,0.3420230262911577,55.77857304772988
11.64,1.94,1.0050000000000001,1.1597909760000003,0.43072419413166374,57.59643822253378
11.64,1.94,1.2040000000000002,1.1597909760000003,0.5453273639274385,59.94514587053771
11.64,1.94,1.4030000000000002,1.1597909760000003,0.6571216325027285,62.23628715461998
11.64,1.94,1.6020000000000003,1.1597909760000003,0.7689159010780185,64.52742843870226
11.64,1.94,1.8010000000000004,1.1597909760000003,0.8807101696533086,66.81856972278453
11.64,1.94,2.0,1.1597909760000003,0.9925044382285985,69.10971100686679
11.64,3.88,0.01,1.1597909760000003,0.01732954256872479,49.124218985491396
11.64,3.88,0.20900000000000002,1.1597909760000003,0.3621874396863481,56.19182786470565
11.64,3.88,0.40800000000000003,1.1597909760000003,0.7070453368039715,63.259436743919906
11.64,3.88,0.607,1.1597909760000003,1.0762138023177905,70.82527283640599
11.64,3.88,0.806,1.1597909760000003,1.4662848126208627,78.81949120572395
11.64,3.88,1.0050000000000001,1.1597909760000003,1.846555043770591,86.61284981701884
11.64,3.88,1.2040000000000002,1.1597909760000003,2.3378695882092,96.68197993056545
11.64,3.88,1.4030000000000002,1.1597909760000003,2.8171421094998035,106.50431763936825
11.64,3.88,1.6020000000000003,1.1597909760000003,3.2964146307904074,116.32665534817107
11.64,3.88,1.8010000000000004,1.1597909760000003,3.775687152081011,126.14899305697388
11.64,3.88,2.0,1.1597909760000003,4.254959673371613,135.97133076577666
11.64,5.82,0.01,1.1597909760000003,0.04060492785837947,49.60123088260967
11.64,5.82,0.20900000000000002,1.1597909760000003,0.8486429922401308,66.16137651447758
11.64,5.82,0.40800000000000003,1.1597909760000003,1.6566810566218824,82.7215221463455
11.64,5.82,0.607,1.1597909760000003,2.5216813213623,100.44906616577934
11.64,5.82,0.806,1.1597909760000003,3.435658431270917,119.1803545932138
11.64,5.82,1.0050000000000001,1.1597909760000003,4.326671292186854,137.4410076330243
11.64,5.82,1.2040000000000002,1.1597909760000003,5.4778725748281145,161.03403094773503
11.64,5.82,1.4030000000000002,1.1597909760000003,6.6008581397575785,184.0487938870852
11.64,5.82,1.6020000000000003,1.1597909760000003,7.7238437046870425,207.0635568264354
11.64,5.82,1.8010000000000004,1.1597909760000003,8.846829269616505,230.07831976578552
11.64,5.82,2.0,1.1597909760000003,9.969814834545966,253.09308270513566
11.64,7.76,0.01,1.1597909760000003,0.07429337537220904,50.291650828812834
11.64,7.76,0.20900000000000002,1.1597909760000003,1.552731545279169,80.59115339012368
11.64,7.76,0.40800000000000003,1.1597909760000003,3.031169715186129,110.89065595143452
11.64,7.76,0.607,1.1597909760000003,4.613829573357953,143.32610533473803
11.64,7.76,0.806,1.1597909760000003,6.286100602748168,177.5980697425586
11.64,7.76,1.0050000000000001,1.1597909760000003,7.916354772103452,211.00892951701687
11.64,7.76,1.2040000000000002,1.1597909760000003,10.02266633405309,254.1762353031141
11.64,7.76,1.4030000000000002,1.1597909760000003,12.07735261262161,296.2855188885717
11.64,7.76,1.6020000000000003,1.1597909760000003,14.132038891190126,338.39480247402923
11.64,7.76,1.8010000000000004,1.1597909760000003,16.186725169758645,380.5040860594868
11.64,7.76,2.0,1.1597909760000003,18.24141144832716,422.61336964494427
11.64,9.7,0.01,1.1597909760000003,0.11870284211054215,51.201790176249496
11.64,9.7,0.20900000000000002,1.1597909760000003,2.4808894001103314,99.61306575154993
11.64,9.7,0.40800000000000003,1.1597909760000003,4.84307595811012,148.02434132685033
11.64,9.7,0.607,1.1597909760000003,7.371783562496855,199.8483432333648
11.64,9.7,0.806,1.1597909760000003,10.043668141347133,254.6066518919513
11.64,9.7,1.0050000000000001,1.1597909760000003,12.648419941834339,307.98912364956817
11.64,9.7,1.2040000000000002,1.1597909760000003,16.013796296335585,376.9600360275965
11.64,9.7,1.4030000000000002,1.1597909760000003,19.296687936265716,444.24048486694755
11.64,9.7,1.6020000000000003,1.1597909760000003,22.57957957619585,511.5209337062986
11.64,9.7,1.8010000000000004,1.1597909760000003,25.862471216125982,578.8013825456496
11.64,9.7,2.0,1.1597909760000003,29.145362856056114,646.0818313850007
11.64,11.64,0.01,1.1597909760000003,0.17407713650724702,52.33664559939467
11.64,11.64,0.20900000000000002,1.1597909760000003,3.638212153001463,123.33154409528406
11.64,11.64,0.40800000000000003,1.1597909760000003,7.102347169495679,194.32644259117345
11.64,11.64,0.607,1.1597909760000003,10.81068448483827,270.3260875350661
11.64,11.64,0.806,1.1597909760000003,14.72899013190096,350.6288789576159
11.64,11.64,1.0050000000000001,1.1597909760000003,18.548845888333933,428.9140123042221
11.64,11.64,1.2040000000000002,1.1597909760000003,23.484153827424514,530.0595174630503
11.64,11.64,1.4030000000000002,1.1597909760000003,28.298498336635422,628.7259661228874
11.64,11.64,1.6020000000000003,1.1597909760000003,33.11284284584633,727.3924147827247
11.64,11.64,1.8010000000000004,1.1597909760000003,37.927187355057235,826.0588634425618
11.64,11.64,2.0,1.1597909760000003,42.74153186426813,924.7253121023986
11.64,13.58,0.01,1.1597909760000003,0.24061904143731197,53.70037298407785
11.64,13.58,0.20900000000000002,1.1597909760000003,5.028937966039821,151.83344643516256
11.64,13.58,0.40800000000000003,1.1597909760000003,9.81725689064233,249.96651988624723
11.64,13.58,0.607,1.1597909760000003,14.943125732739245,355.0174305508663
11.64,13.58,0.806,1.1597909760000003,20.35922441043883,466.0163881654402
11.64,13.58,1.0050000000000001,1.1597909760000003,25.63924020678918,574.2264272469846
11.64,13.58,1.2040000000000002,1.1597909760000003,32.46109567459493,714.0353360177048
11.64,13.58,1.4030000000000002,1.1597909760000003,39.115748802503475,850.4175558479661
11.64,13.58,1.6020000000000003,1.1597909760000003,45.77040193041202,986.7997756782274
11.64,13.58,1.8010000000000004,1.1597909760000003,52.425055058320574,1123.181995508489
11.64,13.58,2.0,1.1597909760000003,59.0797081862291,1259.5642153387498
11.64,15.52,0.01,1.1597909760000003,0.3185026726647242,55.29654070477981
11.64,15.52,0.20900000000000002,1.1597909760000003,6.656705858692736,185.19335179783346
11.64,15.52,0.40800000000000003,1.1597909760000003,12.994909044720748,315.0901628908871
11.64,15.52,0.607,1.1597909760000003,19.779920389560807,454.14397846874255
11.64,15.52,0.806,1.1597909760000003,26.949103235435533,601.0711063139045
11.64,15.52,1.0050000000000001,1.1597909760000003,33.9381558590521,744.3065977810472
11.64,15.52,1.2040000000000002,1.1597909760000003,42.968111202776065,929.3688889439609
11.64,15.52,1.4030000000000002,1.1597909760000003,51.77674411160484,1109.8953396371953
11.64,15.52,1.6020000000000003,1.1597909760000003,60.585377020433604,1290.4217903304293
11.64,15.52,1.8010000000000004,1.1597909760000003,69.39400992926238,1470.9482410236637
11.64,15.52,2.0,1.1597909760000003,78.20264283809112,1651.4746917168975
11.64,17.46,0.01,1.1597909760000003,0.4078809086644099,57.12828189336691
11.64,17.46,0.20900000000000002,1.1597909760000003,8.524710991086167,223.476742639304
11.64,17.46,0.40800000000000003,1.1597909760000003,16.641541073507923,389.8252033852411
11.64,17.46,0.607,1.1597909760000003,25.33056264270811,567.9003076744075
11.64,17.46,0.806,1.1597909760000003,34.51156193885797,756.0581335147617
11.64,17.46,1.0050000000000001,1.1597909760000003,43.46188286073271,939.4883757912878
11.64,17.46,1.2040000000000002,1.1597909760000003,55.02582472653389,1176.4828563949256
11.64,17.46,1.4030000000000002,1.1597909760000003,66.30633664464386,1407.6686487484742
11.64,17.46,1.6020000000000003,1.1597909760000003,77.58684856275384,1638.854441102023
11.64,17.46,1.8010000000000004,1.1597909760000003,88.86736048086381,1870.040233455571
11.64,17.46,2.0,1.1597909760000003,100.14787239897376,2101.226025809119
13.58,0.0,0.01,1.5786043840000001,0.0,57.352335423884924
13.58,0.0,0.20900000000000002,1.5786043840000001,0.0,57.352335423884924
13.58,0.0,0.40800000000000003,1.5786043840000001,0.0,57.352335423884924
13.58,0.0,0.607,1.5786043840000001,0.0,57.352335423884924
13.58,0.0,0.806,1.5786043840000001,0.0,57.352335423884924
13.58,0.0,1.0050000000000001,1.5786043840000001,0.0,57.352335423884924
13.58,0.0,1.2040000000000002,1.5786043840000001,0.0,57.352335423884924
13.58,0.0,1.4030000000000002,1.5786043840000001,0.0,57.352335423884924
13.58,0.0,1.6020000000000003,1.5786043840000001,0.0,57.352335423884924
13.58,0.0,1.8010000000000004,1.5786043840000001,0.0,57.352335423884924
13.58,0.0,2.0,1.5786043840000001,0.0,57.352335423884924
13.58,1.94,0.01,1.5786043840000001,0.004042258736215436,57.43517854267369
13.58,1.94,0.20900000000000002,1.5786043840000001,0.08448320758690261,59.083756606570034
13.58,1.94,0.40800000000000003,1.5786043840000001,0.1649241564375898,60.73233467046637
13.58,1.94,0.607,1.5786043840000001,0.25103574587744265,62.49712834117874
13.58,1.94,0.806,1.5786043840000001,0.3420230262911577,64.36184571120955
13.58,1.94,1.0050000000000001,1.5786043840000001,0.43072419413166374,66.17971088601345
13.58,1.94,1.2040000000000002,1.5786043840000001,0.5453273639274385,68.52841853401739
13.58,1.94,1.4030000000000002,1.5786043840000001,0.6571216325027285,70.81955981809966
13.58,1.94,1.6020000000000003,1.5786043840000001,0.7689159010780185,73.11070110218192
13.58,1.94,1.8010000000000004,1.5786043840000001,0.8807101696533086,75.40184238626419
13.58,1.94,2.0,1.5786043840000001,0.9925044382285985,77.69298367034646
13.58,3.88,0.01,1.5786043840000001,0.01732954256872479,57.707491648971065
13.58,3.88,0.20900000000000002,1.5786043840000001,0.3621874396863481,64.77510052818533
13.58,3.88,0.40800000000000003,1.5786043840000001,0.7070453368039715,71.84270940739958
13.58,3.88,0.607,1.5786043840000001,1.0762138023177905,79.40854549988566
13.58,3.88,0.806,1.5786043840000001,1.4662848126208627,87.40276386920362
13.58,3.88,1.0050000000000001,1.5786043840000001,1.846555043770591,95.19612248049852
13.58,3.88,1.2040000000000002,1.5786043840000001,2.3378695882092,105.26525259404512
13.58,3.88,1.4030000000000002,1.5786043840000001,2.8171421094998035,115.08759030284794
13.58,3.88,1.6020000000000003,1.5786043840000001,3.2964146307904074,124.90992801165075
13.58,3.88,1.8010000000000004,1.5786043840000001,3.775687152081011,134.73226572045354
13.58,3.88,2.0,1.5786043840000001,4.254959673371613,144.55460342925636
13.58,5.82,0.01,1.5786043840000001,0.04060492785837947,58.18450354608934
13.58,5.82,0.20900000000000002,1.5786043840000001,0.8486429922401308,74.74464917795726
13.58,5.82,0.40800000000000003,1.5786043840000001,1.6566810566218824,91.30479480982517
13.58,5.82,0.607,1.5786043840000001,2.5216813213623,109.03233882925902
13.58,5.82,0.806,1.5786043840000001,3.435658431270917,127.76362725669347
13.58,5.82,1.0050000000000001,1.5786043840000001,4.326671292186854,146.02428029650395
13.58,5.82,1.2040000000000002,1.5786043840000001,5.4778725748281145,169.6173036112147
13.58,5.82,1.4030000000000002,1.5786043840000001,6.6008581397575785,192.63206655056487
13.58,5.82,1.6020000000000003,1.5786043840000001,7.7238437046870425,215.64682948991504
13.58,5.82,1.8010000000000004,1.5786043840000001,8.846829269616505,238.6615924292652
13.58,5.82,2.0,1.5786043840000001,9.969814834545966,261.6763553686153
13.58,7.76,0.01,1.5786043840000001,0.07429337537220904,58.87492349229251
13.58,7.76,0.20900000000000002,1.5786043840000001,1.552731545279169,89.17442605360336
13.58,7.76,0.40800000000000003,1.5786043840000001,3.031169715186129,119.4739286149142
13.58,7.76,0.607,1.5786043840000001,4.613829573357953,151.9093779982177
13.58,7.76,0.806,1.5786043840000001,6.286100602748168,186.18134240603828
13.58,7.76,1.0050000000000001,1.5786043840000001,7.916354772103452,219.59220218049654
13.58,7.76,1.2040000000000002,1.5786043840000001,10.02266633405309,262.7595079665938
13.58,7.76,1.4030000000000002,1.5786043840000001,12.07735261262161,304.86879155205133
13.58,7.76,1.6020000000000003,1.5786043840000001,14.132038891190126,346.9780751375089
13.58,7.76,1.8010000000000004,1.5786043840000001,16.186725169758645,389.0873587229665
13.58,7.76,2.0,1.5786043840000001,18.24141144832716,431.196642308424
13.58,9.7,0.01,1.5786043840000001,0.11870284211054215,59.78506283972917
13.58,9.7,0.20900000000000002,1.5786043840000001,2.4808894001103314,108.19633841502959
13.58,9.7,0.40800000000000003,1.5786043840000001,4.84307595811012,156.60761399033
13.58,9.7,0.607,1.5786043840000001,7.371783562496855,208.4316158968445
13.58,9.7,0.806,1.5786043840000001,10.043668141347133,263.18992455543093
13.58,9.7,1.0050000000000001,1.5786043840000001,12.648419941834339,316.5723963130479
13.58,9.7,1.2040000000000002,1.5786043840000001,16.013796296335585,385.54330869107616
13.58,9.7,1.4030000000000002,1.5786043840000001,19.296687936265716,452.82375753042726
13.58,9.7,1.6020000000000003,1.5786043840000001,22.57957957619585,520.1042063697782
13.58,9.7,1.8010000000000004,1.5786043840000001,25.862471216125982,587.3846552091293
13.58,9.7,2.0,1.5786043840000001,29.145362856056114,654.6651040484803
13.58,11.64,0.01,1.5786043840000001,0.17407713650724702,60.91991826287434
13.58,11.64,0.20900000000000002,1.5786043840000001,3.638212153001463,131.91481675876372
13.58,11.64,0.40800000000000003,1.5786043840000001,7.102347169495679,202.90971525465312
13.58,11.64,0.607,1.5786043840000001,10.81068448483827,278.90936019854576
13.58,11.64,0.806,1.5786043840000001,14.72899013190096,359.21215162109553
13.58,11.64,1.0050000000000001,1.5786043840000001,18.548845888333933,437.4972849677017
13.58,11.64,1.2040000000000002,1.5786043840000001,23.484153827424514,538.6427901265299
13.58,11.64,1.4030000000000002,1.5786043840000001,28.298498336635422,637.309238786367
13.58,11.64,1.6020000000000003,1.5786043840000001,33.11284284584633,735.9756874462042
13.58,11.64,1.8010000000000004,1.5786043840000001,37.927187355057235,834.6421361060413
13.58,11.64,2.0,1.5786043840000001,42.74153186426813,933.3085847658783
13.58,13.58,0.01,1.5786043840000001,0.24061904143731197,62.28364564755752
13.58,13.58,0.20900000000000002,1.5786043840000001,5.028937966039821,160.4167190986422
13.58,13.58,0.40800000000000003,1.5786043840000001,9.81725689064233,258.54979254972693
13.58,13.58,0.607,1.5786043840000001,14.943125732739245,363.6007032143459
13.58,13.58,0.806,1.5786043840000001,20.35922441043883,474.59966082891987
13.58,13.58,1.0050000000000001,1.5786043840000001,25.63924020678918,582.8096999104644
13.58,13.58,1.2040000000000002,1.5786043840000001,32.46109567459493,722.6186086811845
13.58,13.58,1.4030000000000002,1.5786043840000001,39.115748802503475,859.0008285114458
13.58,13.58,1.6020000000000003,1.5786043840000001,45.77040193041202,995.3830483417072
13.58,13.58,1.8010000000000004,1.5786043840000001,52.425055058320574,1131.7652681719687
13.58,13.58,2.0,1.5786043840000001,59.0797081862291,1268.1474880022295
13.58,15.52,0.01,1.5786043840000001,0.3185026726647242,63.879813368259484
13.58,15.52,0.20900000000000002,1.5786043840000001,6.656705858692736,193.77662446131313
13.58,15.52,0.40800000000000003,1.5786043840000001,12.994909044720748,323.67343555436673
13.58,15.52,0.607,1.5786043840000001,19.779920389560807,462.7272511322222
13.58,15.52,0.806,1.5786043840000001,26.949103235435533,609.6543789773841
13.58,15.52,1.0050000000000001,1.5786043840000001,33.9381558590521,752.8898704445269
13.58,15.52,1.2040000000000002,1.5786043840000001,42.968111202776065,937.9521616074404
13.58,15.52,1.4030000000000002,1.5786043840000001,51.77674411160484,1118.4786123006747
13.58,15.52,1.6020000000000003,1.5786043840000001,60.585377020433604,1299.005062993909
13.58,15.52,1.8010000000000004,1.5786043840000001,69.39400992926238,1479.5315136871434
13.58,15.52,2.0,1.5786043840000001,78.20264283809112,1660.0579643803771
13.58,17.46,0.01,1.5786043840000001,0.4078809086644099,65.71155455684658
13.58,17.46,0.20900000000000002,1.5786043840000001,8.524710991086167,232.06001530278365
13.58,17.46,0.40800000000000003,1.5786043840000001,16.641541073507923,398.4084760487208
13.58,17.46,0.607,1.5786043840000001,25.33056264270811,576.4835803378871
13.58,17.46,0.806,1.5786043840000001,34.51156193885797,764.6414061782414
13.58,17.46,1.0050000000000001,1.5786043840000001,43.46188286073271,948.0716484547676
13.58,17.46,1.2040000000000002,1.5786043840000001,55.02582472653389,1185.0661290584053
13.58,17.46,1.4030000000000002,1.5786043840000001,66.30633664464386,1416.2519214119538
13.58,17.46,1.6020000000000003,1.5786043840000001,77.58684856275384,1647.4377137655026
13.58,17.46,1.8010000000000004,1.5786043840000001,88.86736048086381,1878.6235061190507
13.58,17.46,2.0,1.5786043840000001,100.14787239897376,2109.809298472599
15.52,0.0,0.01,2.0618506240000003,0.0,67.25611157405378
15.52,0.0,0.20900000000000002,2.0618506240000003,0.0,67.25611157405378
15.52,0.0,0.40800000000000003,2.0618506240000003,0.0,67.25611157405378
15.52,0.0,0.607,2.0618506240000003,0.0,67.25611157405378
15.52,0.0,0.806,2.0618506240000003,0.0,67.25611157405378
15.52,0.0,1.0050000000000001,2.0618506240000003,0.0,67.25611157405378
15.52,0.0,1.2040000000000002,2.0618506240000003,0.0,67.25611157405378
15.52,0.0,1.4030000000000002,2.0618506240000003,0.0,67.25611157405378
15.52,0.0,1.6020000000000003,2.0618506240000003,0.0,67.25611157405378
15.52,0.0,1.8010000000000004,2.0618506240000003,0.0,67.25611157405378
15.52,0.0,2.0,2.0618506240000003,0.0,67.25611157405378
15.52,1.94,0.01,2.0618506240000003,0.004042258736215436,67.33895469284255
15.52,1.94,0.20900000000000002,2.0618506240000003,0.08448320758690261,68.98753275673889
15.52,1.94,0.40800000000000003,2.0618506240000003,0.1649241564375898,70.63611082063522
15.52,1.94,0.607,2.0618506240000003,0.25103574587744265,72.4009044913476
15.52,1.94,0.806,2.0618506240000003,0.3420230262911577,74.2656218613784
15.52,1.94,1.0050000000000001,2.0618506240000003,0.43072419413166374,76.0834870361823
15.52,1.94,1.2040000000000002,2.0618506240000003,0.5453273639274385,78.43219468418624
15.52,1.94,1.4030000000000002,2.0618506240000003,0.6571216325027285,80.72333596826851
15.52,1.94,1.6020000000000003,2.0618506240000003,0.7689159010780185,83.01447725235077
15.52,1.94,1.8010000000000004,2.0618506240000003,0.8807101696533086,85.30561853643304
15.52,1.94,2.0,2.0618506240000003,0.9925044382285985,87.5967598205153
15.52,3.88,0.01,2.0618506240000003,0.01732954256872479,67.61126779913991
15.52,3.88,0.20900000000000002,2.0618506240000003,0.3621874396863481,74.67887667835419
15.52,3.88,0.40800000000000003,2.0618506240000003,0.7070453368039715,81.74648555756843
15.52,3.88,0.607,2.0618506240000003,1.0762138023177905,89.31232165005453
15.52,3.88,0.806,2.0618506240000003,1.4662848126208627,97.30654001937248
15.52,3.88,1.0050000000000001,2.0618506240000003,1.846555043770591,105.09989863066737
15.52,3.88,1.2040000000000002,2.0618506240000003,2.3378695882092,115.16902874421397
15.52,3.88,1.4030000000000002,2.0618506240000003,2.8171421094998035,124.99136645301678
15.52,3.88,1.6020000000000003,2.0618506240000003,3.2964146307904074,134.8137041618196
15.52,3.88,1.8010000000000004,2.0618506240000003,3.775687152081011,144.63604187062242
15.52,3.88,2.0,2.0618506240000003,4.254959673371613,154.4583795794252
15.52,5.82,0.01,2.0618506240000003,0.04060492785837947,68.0882796962582
15.52,5.82,0.20900000000000002,2.0618506240000003,0.8486429922401308,84.64842532812611
15.52,5.82,0.40800000000000003,2.0618506240000003,1.6566810566218824,101.20857095999402
15.52,5.82,0.607,2.0618506240000003,2.5216813213623,118.93611497942786
15.52,5.82,0.806,2.0618506240000003,3.435658431270917,137.66740340686232
15.52,5.82,1.0050000000000001,2.0618506240000003,4.326671292186854,155.92805644667283
15.52,5.82,1.2040000000000002,2.0618506240000003,5.4778725748281145,179.52107976138356
15.52,5.82,1.4030000000000002,2.0618506240000003,6.6008581397575785,202.53584270073372
15.52,5.82,1.6020000000000003,2.0618506240000003,7.7238437046870425,225.55060564008392
15.52,5.82,1.8010000000000004,2.0618506240000003,8.846829269616505,248.56536857943405
15.52,5.82,2.0,2.0618506240000003,9.969814834545966,271.5801315187842
15.52,7.76,0.01,2.0618506240000003,0.07429337537220904,68.77869964246136
15.52,7.76,0.20900000000000002,2.0618506240000003,1.552731545279169,99.07820220377221
15.52,7.76,0.40800000000000003,2.0618506240000003,3.031169715186129,129.37770476508305
15.52,7.76,0.607,2.0618506240000003,4.613829573357953,161.81315414838656
15.52,7.76,0.806,2.0618506240000003,6.286100602748168,196.08511855620714
15.52,7.76,1.0050000000000001,2.0618506240000003,7.916354772103452,229.4959783306654
15.52,7.76,1.2040000000000002,2.0618506240000003,10.02266633405309,272.6632841167626
15.52,7.76,1.4030000000000002,2.0618506240000003,12.07735261262161,314.7725677022202
15.52,7.76,1.6020000000000003,2.0618506240000003,14.132038891190126,356.88185128767776
15.52,7.76,1.8010000000000004,2.0618506240000003,16.186725169758645,398.99113487313537
15.52,7.76,2.0,2.0618506240000003,18.24141144832716,441.1004184585928
15.52,9.7,0.01,2.0618506240000003,0.11870284211054215,69.68883898989802
15.52,9.7,0.20900000000000002,2.0618506240000003,2.4808894001103314,118.10011456519844
15.52,9.7,0.40800000000000003,2.0618506240000003,4.84307595811012,166.51139014049886
15.52,9.7,0.607,2.0618506240000003,7.371783562496855,218.33539204701333
15.52,9.7,0.806,2.0618506240000003,10.043668141347133,273.0937007055998
15.52,9.7,1.0050000000000001,2.0618506240000003,12.648419941834339,326.47617246321676
15.52,9.7,1.2040000000000002,2.0618506240000003,16.013796296335585,395.447084841245
15.52,9.7,1.4030000000000002,2.0618506240000003,19.296687936265716,462.727533680596
15.52,9.7,1.6020000000000003,2.0618506240000003,22.57957957619585,530.0079825199471
15.52,9.7,1.8010000000000004,2.0618506240000003,25.862471216125982,597.2884313592981
15.52,9.7,2.0,2.0618506240000003,29.145362856056114,664.5688801986491
15.52,11.64,0.01,2.0618506240000003,0.17407713650724702,70.8236944130432
15.52,11.64,0.20900000000000002,2.0618506240000003,3.638212153001463,141.8185929089326
15.52,11.64,0.40800000000000003,2.0618506240000003,7.102347169495679,212.81349140482197
15.52,11.64,0.607,2.0618506240000003,10.81068448483827,288.81313634871464
15.52,11.64,0.806,2.0618506240000003,14.72899013190096,369.1159277712644
15.52,11.64,1.0050000000000001,2.0618506240000003,18.548845888333933,447.4010611178706
15.52,11.64,1.2040000000000002,2.0618506240000003,23.484153827424514,548.5465662766987
15.52,11.64,1.4030000000000002,2.0618506240000003,28.298498336635422,647.2130149365358
15.52,11.64,1.6020000000000003,2.0618506240000003,33.11284284584633,745.8794635963732
15.52,11.64,1.8010000000000004,2.0618506240000003,37.927187355057235,844.5459122562103
15.52,11.64,2.0,2.0618506240000003,42.74153186426813,943.2123609160471
15.52,13.58,0.01,2.0618506240000003,0.24061904143731197,72.18742179772637
15.52,13.58,0.20900000000000002,2.0618506240000003,5.028937966039821,170.32049524881108
15.52,13.58,0.40800000000000003,2.0618506240000003,9.81725689064233,268.45356869989575
15.52,13.58,0.607,2.0618506240000003,14.943125732739245,373.5044793645148
15.52,13.58,0.806,2.0618506240000003,20.35922441043883,484.5034369790887
15.52,13.58,1.0050000000000001,2.0618506240000003,25.63924020678918,592.7134760606331
15.52,13.58,1.2040000000000002,2.0618506240000003,32.46109567459493,732.5223848313534
15.52,13.58,1.4030000000000002,2.0618506240000003,39.115748802503475,868.9046046616147
15.52,13.58,1.6020000000000003,2.0618506240000003,45.77040193041202,1005.286824491876
15.52,13.58,1.8010000000000004,2.0618506240000003,52.425055058320574,1141.6690443221376
15.52,13.58,2.0,2.0618506240000003,59.0797081862291,1278.0512641523983
15.52,15.52,0.01,2.0618506240000003,0.3185026726647242,73.78358951842833
15.52,15.52,0.20900000000000002,2.0618506240000003,6.656705858692736,203.68040061148199
15.52,15.52,0.40800000000000003,2.0618506240000003,12.994909044720748,333.5772117045356
15.52,15.52,0.607,2.0618506240000003,19.779920389560807,472.6310272823911
15.52,15.52,0.806,2.0618506240000003,26.949103235435533,619.5581551275529
15.52,15.52,1.0050000000000001,2.0618506240000003,33.9381558590521,762.7936465946957
15.52,15.52,1.2040000000000002,2.0618506240000003,42.968111202776065,947.8559377576092
15.52,15.52,1.4030000000000002,2.0618506240000003,51.77674411160484,1128.3823884508436
15.52,15.52,1.6020000000000003,2.0618506240000003,60.585377020433604,1308.9088391440778
15.52,15.52,1.8010000000000004,2.0618506240000003,69.39400992926238,1489.4352898373122
15.52,15.52,2.0,2.0618506240000003,78.20264283809112,1669.961740530546
15.52,17.46,0.01,2.0618506240000003,0.4078809086644099,75.61533070701545
15.52,17.46,0.20900000000000002,2.0618506240000003,8.524710991086167,241.96379145295253
15.52,17.46,0.40800000000000003,2.0618506240000003,16.641541073507923,408.31225219888955
15.52,17.46,0.607,2.0618506240000003,25.33056264270811,586.387356488056
15.52,17.46,0.806,2.0618506240000003,34.51156193885797,774.5451823284102
15.52,17.46,1.0050000000000001,2.0618506240000003,43.46188286073271,957.9754246049364
15.52,17.46,1.2040000000000002,2.0618506240000003,55.02582472653389,1194.9699052085741
15.52,17.46,1.4030000000000002,2.0618506240000003,66.30633664464386,1426.1556975621224
15.52,17.46,1.6020000000000003,2.0618506240000003,77.58684856275384,1657.3414899156712
15.52,17.46,1.8010000000000004,2.0618506240000003,88.86736048086381,1888.5272822692195
15.52,17.46,2.0,2.0618506240000003,100.14787239897376,2119.7130746227676
17.46,0.0,0.01,2.6095296960000005,0.0,78.48039121091182
17.46,0.0,0.20900000000000002,2.6095296960000005,0.0,78.48039121091182
17.46,0.0,0.40800000000000003,2.6095296960000005,0.0,78.48039121091182
17.46,0.0,0.607,2.6095296960000005,0.0,78.48039121091182
17.46,0.0,0.806,2.6095296960000005,0.0,78.48039121091182
17.46,0.0,1.0050000000000001,2.6095296960000005,0.0,78.48039121091182
17.46,0.0,1.2040000000000002,2.6095296960000005,0.0,78.48039121091182
17.46,0.0,1.4030000000000002,2.6095296960000005,0.0,78.48039121091182
17.46,0.0,1.6020000000000003,2.6095296960000005,0.0,78.48039121091182
17.46,0.0,1.8010000000000004,2.6095296960000005,0.0,78.48039121091182
17.46,0.0,2.0,2.6095296960000005,0.0,78.48039121091182
17.46,1.94,0.01,2.6095296960000005,0.004042258736215436,78.56323432970058
17.46,1.94,0.20900000000000002,2.6095296960000005,0.08448320758690261,80.21181239359692
17.46,1.94,0.40800000000000003,2.6095296960000005,0.1649241564375898,81.86039045749327
17.46,1.94,0.607,2.6095296960000005,0.25103574587744265,83.62518412820563
17.46,1.94,0.806,2.6095296960000005,0.3420230262911577,85.48990149823643
17.46,1.94,1.0050000000000001,2.6095296960000005,0.43072419413166374,87.30776667304033
17.46,1.94,1.2040000000000002,2.6095296960000005,0.5453273639274385,89.65647432104427
17.46,1.94,1.4030000000000002,2.6095296960000005,0.6571216325027285,91.94761560512654
17.46,1.94,1.6020000000000003,2.6095296960000005,0.7689159010780185,94.23875688920882
17.46,1.94,1.8010000000000004,2.6095296960000005,0.8807101696533086,96.52989817329109
17.46,1.94,2.0,2.6095296960000005,0.9925044382285985,98.82103945737336
17.46,3.88,0.01,2.6095296960000005,0.01732954256872479,78.83554743599797
17.46,3.88,0.20900000000000002,2.6095296960000005,0.3621874396863481,85.90315631521221
17.46,3.88,0.40800000000000003,2.6095296960000005,0.7070453368039715,92.97076519442648
17.46,3.88,0.607,2.6095296960000005,1.0762138023177905,100.53660128691256
17.46,3.88,0.806,2.6095296960000005,1.4662848126208627,108.53081965623052
17.46,3.88,1.0050000000000001,2.6095296960000005,1.846555043770591,116.3241782675254
17.46,3.88,1.2040000000000002,2.6095296960000005,2.3378695882092,126.39330838107202
17.46,3.88,1.4030000000000002,2.6095296960000005,2.8171421094998035,136.2156460898748
17.46,3.88,1.6020000000000003,2.6095296960000005,3.2964146307904074,146.03798379867766
17.46,3.88,1.8010000000000004,2.6095296960000005,3.775687152081011,155.86032150748045
17.46,3.88,2.0,2.6095296960000005,4.254959673371613,165.68265921628324
17.46,5.82,0.01,2.6095296960000005,0.04060492785837947,79.31255933311624
17.46,5.82,0.20900000000000002,2.6095296960000005,0.8486429922401308,95.87270496498415
17.46,5.82,0.40800000000000003,2.6095296960000005,1.6566810566218824,112.43285059685206
17.46,5.82,0.607,2.6095296960000005,2.5216813213623,130.1603946162859
17.46,5.82,0.806,2.6095296960000005,3.435658431270917,148.89168304372038
17.46,5.82,1.0050000000000001,2.6095296960000005,4.326671292186854,167.15233608353086
17.46,5.82,1.2040000000000002,2.6095296960000005,5.4778725748281145,190.7453593982416
17.46,5.82,1.4030000000000002,2.6095296960000005,6.6008581397575785,213.76012233759175
17.46,5.82,1.6020000000000003,2.6095296960000005,7.7238437046870425,236.77488527694197
17.46,5.82,1.8010000000000004,2.6095296960000005,8.846829269616505,259.7896482162921
17.46,5.82,2.0,2.6095296960000005,9.969814834545966,282.80441115564224
17.46,7.76,0.01,2.6095296960000005,0.07429337537220904,80.00297927931939
17.46,7.76,0.20900000000000002,2.6095296960000005,1.552731545279169,110.30248184063025
17.46,7.76,0.40800000000000003,2.6095296960000005,3.031169715186129,140.60198440194108
17.46,7.76,0.607,2.6095296960000005,4.613829573357953,173.0374337852446
17.46,7.76,0.806,2.6095296960000005,6.286100602748168,207.3093981930652
17.46,7.76,1.0050000000000001,2.6095296960000005,7.916354772103452,240.72025796752345
17.46,7.76,1.2040000000000002,2.6095296960000005,10.02266633405309,283.88756375362067
17.46,7.76,1.4030000000000002,2.6095296960000005,12.07735261262161,325.9968473390783
17.46,7.76,1.6020000000000003,2.6095296960000005,14.132038891190126,368.10613092453576
17.46,7.76,1.8010000000000004,2.6095296960000005,16.186725169758645,410.21541450999337
17.46,7.76,2.0,2.6095296960000005,18.24141144832716,452.32469809545086
17.46,9.7,0.01,2.6095296960000005,0.11870284211054215,80.91311862675606
17.46,9.7,0.20900000000000002,2.6095296960000005,2.4808894001103314,129.3243942020565
17.46,9.7,0.40800000000000003,2.6095296960000005,4.84307595811012,177.7356697773569
17.46,9.7,0.607,2.6095296960000005,7.371783562496855,229.5596716838714
17.46,9.7,0.806,2.6095296960000005,10.043668141347133,284.3179803424579
17.46,9.7,1.0050000000000001,2.6095296960000005,12.648419941834339,337.70045210007476
17.46,9.7,1.2040000000000002,2.6095296960000005,16.013796296335585,406.67136447810304
17.46,9.7,1.4030000000000002,2.6095296960000005,19.296687936265716,473.95181331745414
17.46,9.7,1.6020000000000003,2.6095296960000005,22.57957957619585,541.2322621568052
17.46,9.7,1.8010000000000004,2.6095296960000005,25.862471216125982,608.5127109961562
17.46,9.7,2.0,2.6095296960000005,29.145362856056114,675.7931598355073
17.46,11.64,0.01,2.6095296960000005,0.17407713650724702,82.04797404990123
17.46,11.64,0.20900000000000002,2.6095296960000005,3.638212153001463,153.04287254579063
17.46,11.64,0.40800000000000003,2.6095296960000005,7.102347169495679,224.03777104168003
17.46,11.64,0.607,2.6095296960000005,10.81068448483827,300.0374159855727
17.46,11.64,0.806,2.6095296960000005,14.72899013190096,380.3402074081224
17.46,11.64,1.0050000000000001,2.6095296960000005,18.548845888333933,458.6253407547287
17.46,11.64,1.2040000000000002,2.6095296960000005,23.484153827424514,559.7708459135569
17.46,11.64,1.4030000000000002,2.6095296960000005,28.298498336635422,658.437294573394
17.46,11.64,1.6020000000000003,2.6095296960000005,33.11284284584633,757.1037432332312
17.46,11.64,1.8010000000000004,2.6095296960000005,37.927187355057235,855.7701918930683
17.46,11.64,2.0,2.6095296960000005,42.74153186426813,954.4366405529051
17.46,13.58,0.01,2.6095296960000005,0.24061904143731197,83.41170143458442
17.46,13.58,0.20900000000000002,2.6095296960000005,5.028937966039821,181.5447748856691
17.46,13.58,0.40800000000000003,2.6095296960000005,9.81725689064233,279.6778483367538
17.46,13.58,0.607,2.6095296960000005,14.943125732739245,384.7287590013729
17.46,13.58,0.806,2.6095296960000005,20.35922441043883,495.7277166159468
17.46,13.58,1.0050000000000001,2.6095296960000005,25.63924020678918,603.9377556974912
17.46,13.58,1.2040000000000002,2.6095296960000005,32.46109567459493,743.7466644682114
17.46,13.58,1.4030000000000002,2.6095296960000005,39.115748802503475,880.1288842984727
17.46,13.58,1.6020000000000003,2.6095296960000005,45.77040193041202,1016.511104128734
17.46,13.58,1.8010000000000004,2.6095296960000005,52.425055058320574,1152.8933239589956
17.46,13.58,2.0,2.6095296960000005,59.0797081862291,1289.2755437892563
17.46,15.52,0.01,2.6095296960000005,0.3185026726647242,85.00786915528639
17.46,15.52,0.20900000000000002,2.6095296960000005,6.656705858692736,214.90468024834
17.46,15.52,0.40800000000000003,2.6095296960000005,12.994909044720748,344.8014913413936
17.46,15.52,0.607,2.6095296960000005,19.779920389560807,483.85530691924913
17.46,15.52,0.806,2.6095296960000005,26.949103235435533,630.782434764411
17.46,15.52,1.0050000000000001,2.6095296960000005,33.9381558590521,774.0179262315537
17.46,15.52,1.2040000000000002,2.6095296960000005,42.968111202776065,959.0802173944672
17.46,15.52,1.4030000000000002,2.6095296960000005,51.77674411160484,1139.6066680877016
17.46,15.52,1.6020000000000003,2.6095296960000005,60.585377020433604,1320.1331187809358
17.46,15.52,1.8010000000000004,2.6095296960000005,69.39400992926238,1500.6595694741702
17.46,15.52,2.0,2.6095296960000005,78.20264283809112,1681.186020167404
17.46,17.46,0.01,2.6095296960000005,0.4078809086644099,86.83961034387349
17.46,17.46,0.20900000000000002,2.6095296960000005,8.524710991086167,253.18807108981053
17.46,17.46,0.40800000000000003,2.6095296960000005,16.641541073507923,419.53653183574767
17.46,17.46,0.607,2.6095296960000005,25.33056264270811,597.6116361249141
17.46,17.46,0.806,2.6095296960000005,34.51156193885797,785.7694619652683
17.46,17.46,1.0050000000000001,2.6095296960000005,43.46188286073271,969.1997042417944
17.46,17.46,1.2040000000000002,2.6095296960000005,55.02582472653389,1206.1941848454321
17.46,17.46,1.4030000000000002,2.6095296960000005,66.30633664464386,1437.3799771989807
17.46,17.46,1.6020000000000003,2.6095296960000005,77.58684856275384,1668.5657695525294
17.46,17.46,1.8010000000000004,2.6095296960000005,88.86736048086381,1899.7515619060775
17.46,17.46,2.0,2.6095296960000005,100.14787239897376,2130.937354259626
