0.0,1.28,0.01,0.0,0.003620864698042415,25.095918368538513
0.0,1.28,0.20900000000000002,0.0,0.07567607218908648,27.004693902454882
0.0,1.28,0.40800000000000003,0.0,0.14773127968013053,28.91346943637126
0.0,1.28,0.607,0.0,0.23276500101737418,31.166051761757902
0.0,1.28,0.806,0.0,0.32895781837191096,33.71424366485731
0.0,1.28,1.0050000000000001,0.0,0.42273373076779097,36.198410645768284
0.0,1.28,1.2040000000000002,0.0,0.5384782576852851,39.26453631326147
0.0,1.28,1.4030000000000002,0.0,0.6513859089430367,42.25551184184552
0.0,1.28,1.6020000000000003,0.0,0.7642935602007883,45.24648737042956
0.0,1.28,1.8010000000000004,0.0,0.8772012114585398,48.2374628990136
0.0,1.28,2.0,0.0,0.9901088627162913,51.22843842759764
0.0,2.56,0.01,0.0,0.015522986779185396,25.41121104787741
0.0,2.56,0.20900000000000002,0.0,0.3244304236849748,33.59431090063786
0.0,2.56,0.40800000000000003,0.0,0.6333378605907642,41.777410753398314
0.0,2.56,0.607,0.0,0.9978854043906198,51.43444258750911
0.0,2.56,0.806,0.0,1.4102730400993924,62.3587804242763
0.0,2.56,1.0050000000000001,0.0,1.812299177423522,73.00863741087343
0.0,2.56,1.2040000000000002,0.0,2.3085068269594737,86.15340590375575
0.0,2.56,1.4030000000000002,0.0,2.792552524300916,98.9759986982831
0.0,2.56,1.6020000000000003,0.0,3.276598221642359,111.79859149281047
0.0,2.56,1.8010000000000004,0.0,3.7606439189838015,124.62118428733783
0.0,2.56,2.0,0.0,4.244689616325243,137.44377708186516
0.0,3.84,0.01,0.0,0.03637197899573774,25.96351042547221
0.0,3.84,0.20900000000000002,0.0,0.7601743610109188,45.13736789236924
0.0,3.84,0.40800000000000003,0.0,1.4839767430261,64.31122535926626
0.0,3.84,0.607,0.0,2.33814970565565,86.9386593723152
0.0,3.84,0.806,0.0,3.304416999280733,112.53552368672842
0.0,3.84,1.0050000000000001,0.0,4.246406220201668,137.48925070680963
0.0,3.84,1.2040000000000002,0.0,5.4090725590435245,168.28881591471358
0.0,3.84,1.4030000000000002,0.0,6.543242173894158,198.33348981850216
0.0,3.84,1.6020000000000003,0.0,7.677411788744792,228.3781637222908
0.0,3.84,1.8010000000000004,0.0,8.811581403595424,258.4228376260794
0.0,3.84,2.0,0.0,9.945751018446057,288.467511529868
0.0,5.12,0.01,0.0,0.06654850115693055,26.762900354466996
0.0,5.12,0.20900000000000002,0.0,1.3908636741798484,61.84461740836019
0.0,5.12,0.40800000000000003,0.0,2.7151788472027665,96.9263344622534
0.0,5.12,0.607,0.0,4.278028380312655,138.32693624892596
0.0,5.12,0.806,0.0,6.045972877235641,185.16059780583876
0.0,5.12,1.0050000000000001,0.0,7.769496658155537,230.817534198005
0.0,5.12,1.2040000000000002,0.0,9.896785420876105,287.1703903654228
0.0,5.12,1.4030000000000002,0.0,11.971934753137838,342.1420490777569
0.0,5.12,1.6020000000000003,0.0,14.047084085399568,397.1137077900909
0.0,5.12,1.8010000000000004,0.0,16.122233417661295,452.0853665024249
0.0,5.12,2.0,0.0,18.197382749923026,507.0570252147589
0.0,6.4,0.01,0.0,0.10632840661698253,27.816688316885827
0.0,6.4,0.20900000000000002,0.0,2.222263698294935,83.86878582291382
0.0,6.4,0.40800000000000003,0.0,4.338198989972888,139.92088332894178
0.0,6.4,0.607,0.0,6.835254487072744,206.06903008555213
0.0,6.4,0.806,0.0,9.660002123413866,280.8978920856539
0.0,6.4,1.0050000000000001,0.0,12.413776201052947,353.84663192494907
0.0,6.4,1.2040000000000002,0.0,15.812669047954191,443.8848641980966
0.0,6.4,1.4030000000000002,0.0,19.128255697627466,531.7162770527846
0.0,6.4,1.6020000000000003,0.0,22.443842347300734,619.5476899074725
0.0,6.4,1.8010000000000004,0.0,25.759428996974005,707.3791027621604
0.0,6.4,2.0,0.0,29.07501564664727,795.2105156168482
0.0,7.68,0.01,0.0,0.15593008747023665,29.13065961959268
0.0,7.68,0.20900000000000002,0.0,3.2589388281279463,111.330786049487
0.0,7.68,0.40800000000000003,0.0,6.361947568785656,193.53091247938133
0.0,7.68,0.607,0.0,10.023867223835083,290.53684568128915
0.0,7.68,0.806,0.0,14.166345795931596,400.27300526661054
0.0,7.68,1.0050000000000001,0.0,18.204741991844777,507.2519749126022
0.0,7.68,1.2040000000000002,0.0,23.1892017028645,639.2926015025522
0.0,7.68,1.4030000000000002,0.0,28.051493283712173,768.0969382251016
0.0,7.68,1.6020000000000003,0.0,32.913784864559844,896.9012749476508
0.0,7.68,1.8010000000000004,0.0,37.77607644540751,1025.7056116702001
0.0,7.68,2.0,0.0,42.63836802625517,1154.509948392749
0.0,8.96,0.01,0.0,0.21553518705061298,30.709626077913022
0.0,8.96,0.20900000000000002,0.0,4.504685409357811,144.3311850283822
0.0,8.96,0.40800000000000003,0.0,8.79383563166501,257.95274397885134
0.0,8.96,0.607,0.0,13.855543417637024,392.0397075463113
0.0,8.96,0.806,0.0,19.58150630507786,543.7230937751093
0.0,8.96,1.0050000000000001,0.0,25.163600778261383,691.5953396463997
0.0,8.96,1.2040000000000002,0.0,32.05339654244284,874.1091932077097
0.0,8.96,1.4030000000000002,0.0,38.774324763384556,1052.1496680052621
0.0,8.96,1.6020000000000003,0.0,45.49525298432626,1230.1901428028143
0.0,8.96,1.8010000000000004,0.0,52.21618120526797,1408.2306176003665
0.0,8.96,2.0,0.0,58.93710942620967,1586.2710923979187
0.0,10.24,0.01,0.0,0.2852996700462559,32.5577192680542
0.0,10.24,0.20900000000000002,0.0,5.962763103966748,182.95633270233276
0.0,10.24,0.40800000000000003,0.0,11.64022653788724,333.3549461366113
0.0,10.24,0.607,0.0,18.340309159984898,510.8432114485646
0.0,10.24,0.806,0.0,25.91965314014143,711.6235138889858
0.0,10.24,1.0050000000000001,0.0,33.30856134190207,907.359085112311
0.0,10.24,1.2040000000000002,0.0,42.428447914044355,1148.9490682257635
0.0,10.24,1.4030000000000002,0.0,51.32480785451649,1384.6177282236902
0.0,10.24,1.6020000000000003,0.0,60.221167794988624,1620.2863882216168
0.0,10.24,1.8010000000000004,0.0,69.11752773546075,1855.9550482195434
0.0,10.24,2.0,0.0,78.01388767593285,2091.6237082174694
0.0,11.52,0.01,0.0,0.3653604777835558,34.678566828635226
0.0,11.52,0.20900000000000002,0.0,7.636033985676316,227.28204671847627
0.0,11.52,0.40800000000000003,0.0,14.906707493569076,419.8855266083173
0.0,11.52,0.607,0.0,23.486967637585412,647.1805578462995
0.0,11.52,0.806,0.0,33.19322750611922,904.3038388415623
0.0,11.52,1.0050000000000001,0.0,42.6556114985592,1154.9667358922202
0.0,11.52,1.2040000000000002,0.0,54.334721098614175,1464.3517122006097
0.0,11.52,1.4030000000000002,0.0,65.72757801239327,1766.1537234034008
0.0,11.52,1.6020000000000003,0.0,77.12043492617236,2067.9557346061924
0.0,11.52,1.8010000000000004,0.0,88.51329183995148,2369.757745808984
0.0,11.52,2.0,0.0,99.90614875373055,2671.5597570117748
1.28,0.0,0.01,0.029229056000000007,0.0,25.77429111531191
1.28,0.0,0.20900000000000002,0.029229056000000007,0.0,25.77429111531191
1.28,0.0,0.40800000000000003,0.029229056000000007,0.0,25.77429111531191
1.28,0.0,0.607,0.029229056000000007,0.0,25.77429111531191
1.28,0.0,0.806,0.029229056000000007,0.0,25.77429111531191
1.28,0.0,1.0050000000000001,0.029229056000000007,0.0,25.77429111531191
1.28,0.0,1.2040000000000002,0.029229056000000007,0.0,25.77429111531191
1.28,0.0,1.4030000000000002,0.029229056000000007,0.0,25.77429111531191
1.28,0.0,1.6020000000000003,0.029229056000000007,0.0,25.77429111531191
1.28,0.0,1.8010000000000004,0.029229056000000007,0.0,25.77429111531191
1.28,0.0,2.0,0.029229056000000007,0.0,25.77429111531191
1.28,1.28,0.01,0.029229056000000007,0.003620864698042415,25.87020948385042
1.28,1.28,0.20900000000000002,0.029229056000000007,0.07567607218908648,27.778985017766793
1.28,1.28,0.40800000000000003,0.029229056000000007,0.14773127968013053,29.687760551683166
1.28,1.28,0.607,0.029229056000000007,0.23276500101737418,31.94034287706981
1.28,1.28,0.806,0.029229056000000007,0.32895781837191096,34.48853478016922
1.28,1.28,1.0050000000000001,0.029229056000000007,0.42273373076779097,36.97270176108019
1.28,1.28,1.2040000000000002,0.029229056000000007,0.5384782576852851,40.038827428573384
1.28,1.28,1.4030000000000002,0.029229056000000007,0.6513859089430367,43.02980295715743
1.28,1.28,1.6020000000000003,0.029229056000000007,0.7642935602007883,46.020778485741474
1.28,1.28,1.8010000000000004,0.029229056000000007,0.8772012114585398,49.011754014325504
1.28,1.28,2.0,0.029229056000000007,0.9901088627162913,52.00272954290955
1.28,2.56,0.01,0.029229056000000007,0.015522986779185396,26.18550216318932
1.28,2.56,0.20900000000000002,0.029229056000000007,0.3244304236849748,34.36860201594977
1.28,2.56,0.40800000000000003,0.029229056000000007,0.6333378605907642,42.55170186871022
1.28,2.56,0.607,0.029229056000000007,0.9978854043906198,52.20873370282102
1.28,2.56,0.806,0.029229056000000007,1.4102730400993924,63.1330715395882
1.28,2.56,1.0050000000000001,0.029229056000000007,1.812299177423522,73.78292852618534
1.28,2.56,1.2040000000000002,0.029229056000000007,2.3085068269594737,86.92769701906766
1.28,2.56,1.4030000000000002,0.029229056000000007,2.792552524300916,99.75028981359503
1.28,2.56,1.6020000000000003,0.029229056000000007,3.276598221642359,112.57288260812238
1.28,2.56,1.8010000000000004,0.029229056000000007,3.7606439189838015,125.39547540264974
1.28,2.56,2.0,0.029229056000000007,4.244689616325243,138.21806819717708
1.28,3.84,0.01,0.029229056000000007,0.03637197899573774,26.737801540784123
1.28,3.84,0.20900000000000002,0.029229056000000007,0.7601743610109188,45.911659007681145
1.28,3.84,0.40800000000000003,0.029229056000000007,1.4839767430261,65.08551647457817
1.28,3.84,0.607,0.029229056000000007,2.33814970565565,87.71295048762711
1.28,3.84,0.806,0.029229056000000007,3.304416999280733,113.30981480204034
1.28,3.84,1.0050000000000001,0.029229056000000007,4.246406220201668,138.26354182212157
1.28,3.84,1.2040000000000002,0.029229056000000007,5.4090725590435245,169.0631070300255
1.28,3.84,1.4030000000000002,0.029229056000000007,6.543242173894158,199.10778093381407
1.28,3.84,1.6020000000000003,0.029229056000000007,7.677411788744792,229.1524548376027
1.28,3.84,1.8010000000000004,0.029229056000000007,8.811581403595424,259.1971287413913
1.28,3.84,2.0,0.029229056000000007,9.945751018446057,289.24180264517986
1.28,5.12,0.01,0.029229056000000007,0.06654850115693055,27.537191469778904
1.28,5.12,0.20900000000000002,0.029229056000000007,1.3908636741798484,62.618908523672104
1.28,5.12,0.40800000000000003,0.029229056000000007,2.7151788472027665,97.70062557756532
1.28,5.12,0.607,0.029229056000000007,4.278028380312655,139.10122736423787
1.28,5.12,0.806,0.029229056000000007,6.045972877235641,185.93488892115067
1.28,5.12,1.0050000000000001,0.029229056000000007,7.769496658155537,231.59182531331692
1.28,5.12,1.2040000000000002,0.029229056000000007,9.896785420876105,287.94468148073474
1.28,5.12,1.4030000000000002,0.029229056000000007,11.971934753137838,342.9163401930688
1.28,5.12,1.6020000000000003,0.029229056000000007,14.047084085399568,397.88799890540287
1.28,5.12,1.8010000000000004,0.029229056000000007,16.122233417661295,452.85965761773684
1.28,5.12,2.0,0.029229056000000007,18.197382749923026,507.8313163300708
1.28,6.4,0.01,0.029229056000000007,0.10632840661698253,28.590979432197738
1.28,6.4,0.20900000000000002,0.029229056000000007,2.222263698294935,84.64307693822573
1.28,6.4,0.40800000000000003,0.029229056000000007,4.338198989972888,140.69517444425372
1.28,6.4,0.607,0.029229056000000007,6.835254487072744,206.84332120086404
1.28,6.4,0.806,0.029229056000000007,9.660002123413866,281.67218320096583
1.28,6.4,1.0050000000000001,0.029229056000000007,12.413776201052947,354.620923040261
1.28,6.4,1.2040000000000002,0.029229056000000007,15.812669047954191,444.65915531340846
1.28,6.4,1.4030000000000002,0.029229056000000007,19.128255697627466,532.4905681680965
1.28,6.4,1.6020000000000003,0.029229056000000007,22.443842347300734,620.3219810227844
1.28,6.4,1.8010000000000004,0.029229056000000007,25.759428996974005,708.1533938774724
1.28,6.4,2.0,0.029229056000000007,29.07501564664727,795.9848067321601
1.28,7.68,0.01,0.029229056000000007,0.15593008747023665,29.904950734904588
1.28,7.68,0.20900000000000002,0.029229056000000007,3.2589388281279463,112.10507716479891
1.28,7.68,0.40800000000000003,0.029229056000000007,6.361947568785656,194.30520359469324
1.28,7.68,0.607,0.029229056000000007,10.023867223835083,291.3111367966011
1.28,7.68,0.806,0.029229056000000007,14.166345795931596,401.0472963819225
1.28,7.68,1.0050000000000001,0.029229056000000007,18.204741991844777,508.02626602791406
1.28,7.68,1.2040000000000002,0.029229056000000007,23.1892017028645,640.0668926178641
1.28,7.68,1.4030000000000002,0.029229056000000007,28.051493283712173,768.8712293404135
1.28,7.68,1.6020000000000003,0.029229056000000007,32.913784864559844,897.6755660629626
1.28,7.68,1.8010000000000004,0.029229056000000007,37.77607644540751,1026.479902785512
1.28,7.68,2.0,0.029229056000000007,42.63836802625517,1155.2842395080609
1.28,8.96,0.01,0.029229056000000007,0.21553518705061298,31.483917193224933
1.28,8.96,0.20900000000000002,0.029229056000000007,4.504685409357811,145.1054761436941
1.28,8.96,0.40800000000000003,0.029229056000000007,8.79383563166501,258.7270350941633
1.28,8.96,0.607,0.029229056000000007,13.855543417637024,392.8139986616232
1.28,8.96,0.806,0.029229056000000007,19.58150630507786,544.4973848904212
1.28,8.96,1.0050000000000001,0.029229056000000007,25.163600778261383,692.3696307617116
1.28,8.96,1.2040000000000002,0.029229056000000007,32.05339654244284,874.8834843230215
1.28,8.96,1.4030000000000002,0.029229056000000007,38.774324763384556,1052.923959120574
1.28,8.96,1.6020000000000003,0.029229056000000007,45.49525298432626,1230.9644339181261
1.28,8.96,1.8010000000000004,0.029229056000000007,52.21618120526797,1409.0049087156783
1.28,8.96,2.0,0.029229056000000007,58.93710942620967,1587.0453835132305
1.28,10.24,0.01,0.029229056000000007,0.2852996700462559,33.33201038336611
1.28,10.24,0.20900000000000002,0.029229056000000007,5.962763103966748,183.73062381764467
1.28,10.24,0.40800000000000003,0.029229056000000007,11.64022653788724,334.12923725192326
1.28,10.24,0.607,0.029229056000000007,18.340309159984898,511.6175025638765
1.28,10.24,0.806,0.029229056000000007,25.91965314014143,712.3978050042978
1.28,10.24,1.0050000000000001,0.029229056000000007,33.30856134190207,908.1333762276229
1.28,10.24,1.2040000000000002,0.029229056000000007,42.428447914044355,1149.7233593410754
1.28,10.24,1.4030000000000002,0.029229056000000007,51.32480785451649,1385.392019339002
1.28,10.24,1.6020000000000003,0.029229056000000007,60.221167794988624,1621.0606793369286
1.28,10.24,1.8010000000000004,0.029229056000000007,69.11752773546075,1856.7293393348552
1.28,10.24,2.0,0.029229056000000007,78.01388767593285,2092.397999332781
1.28,11.52,0.01,0.029229056000000007,0.3653604777835558,35.45285794394714
1.28,11.52,0.20900000000000002,0.029229056000000007,7.636033985676316,228.05633783378818
1.28,11.52,0.40800000000000003,0.029229056000000007,14.906707493569076,420.65981772362926
1.28,11.52,0.607,0.029229056000000007,23.486967637585412,647.9548489616114
1.28,11.52,0.806,0.029229056000000007,33.19322750611922,905.0781299568741
1.28,11.52,1.0050000000000001,0.029229056000000007,42.6556114985592,1155.741027007532
1.28,11.52,1.2040000000000002,0.029229056000000007,54.334721098614175,1465.1260033159215
1.28,11.52,1.4030000000000002,0.029229056000000007,65.72757801239327,1766.9280145187126
1.28,11.52,1.6020000000000003,0.029229056000000007,77.12043492617236,2068.7300257215043
1.28,11.52,1.8010000000000004,0.029229056000000007,88.51329183995148,2370.532036924296
1.28,11.52,2.0,0.029229056000000007,99.90614875373055,2672.3340481270866
2.56,0.0,0.01,0.11691622400000003,0.0,28.097164461247637
2.56,0.0,0.20900000000000002,0.11691622400000003,0.0,28.097164461247637
2.56,0.0,0.40800000000000003,0.11691622400000003,0.0,28.097164461247637
2.56,0.0,0.607,0.11691622400000003,0.0,28.097164461247637
2.56,0.0,0.806,0.11691622400000003,0.0,28.097164461247637
2.56,0.0,1.0050000000000001,0.11691622400000003,0.0,28.097164461247637
2.56,0.0,1.2040000000000002,0.11691622400000003,0.0,28.097164461247637
2.56,0.0,1.4030000000000002,0.11691622400000003,0.0,28.097164461247637
2.56,0.0,1.6020000000000003,0.11691622400000003,0.0,28.097164461247637
2.56,0.0,1.8010000000000004,0.11691622400000003,0.0,28.097164461247637
2.56,0.0,2.0,0.11691622400000003,0.0,28.097164461247637
2.56,1.28,0.01,0.11691622400000003,0.003620864698042415,28.19308282978615
2.56,1.28,0.20900000000000002,0.11691622400000003,0.07567607218908648,30.101858363702522
2.56,1.28,0.40800000000000003,0.11691622400000003,0.14773127968013053,32.010633897618895
2.56,1.28,0.607,0.11691622400000003,0.23276500101737418,34.26321622300554
2.56,1.28,0.806,0.11691622400000003,0.32895781837191096,36.81140812610494
2.56,1.28,1.0050000000000001,0.11691622400000003,0.42273373076779097,39.29557510701592
2.56,1.28,1.2040000000000002,0.11691622400000003,0.5384782576852851,42.36170077450912
2.56,1.28,1.4030000000000002,0.11691622400000003,0.6513859089430367,45.352676303093155
2.56,1.28,1.6020000000000003,0.11691622400000003,0.7642935602007883,48.3436518316772
2.56,1.28,1.8010000000000004,0.11691622400000003,0.8772012114585398,51.33462736026124
2.56,1.28,2.0,0.11691622400000003,0.9901088627162913,54.32560288884528
2.56,2.56,0.01,0.11691622400000003,0.015522986779185396,28.50837550912505
2.56,2.56,0.20900000000000002,0.11691622400000003,0.3244304236849748,36.6914753618855
2.56,2.56,0.40800000000000003,0.11691622400000003,0.6333378605907642,44.874575214645944
2.56,2.56,0.607,0.11691622400000003,0.9978854043906198,54.53160704875675
2.56,2.56,0.806,0.11691622400000003,1.4102730400993924,65.45594488552393
2.56,2.56,1.0050000000000001,0.11691622400000003,1.812299177423522,76.10580187212108
2.56,2.56,1.2040000000000002,0.11691622400000003,2.3085068269594737,89.2505703650034
2.56,2.56,1.4030000000000002,0.11691622400000003,2.792552524300916,102.07316315953075
2.56,2.56,1.6020000000000003,0.11691622400000003,3.276598221642359,114.89575595405812
2.56,2.56,1.8010000000000004,0.11691622400000003,3.7606439189838015,127.71834874858547
2.56,2.56,2.0,0.11691622400000003,4.244689616325243,140.54094154311278
2.56,3.84,0.01,0.11691622400000003,0.03637197899573774,29.060674886719852
2.56,3.84,0.20900000000000002,0.11691622400000003,0.7601743610109188,48.23453235361687
2.56,3.84,0.40800000000000003,0.11691622400000003,1.4839767430261,67.4083898205139
2.56,3.84,0.607,0.11691622400000003,2.33814970565565,90.03582383356284
2.56,3.84,0.806,0.11691622400000003,3.304416999280733,115.63268814797607
2.56,3.84,1.0050000000000001,0.11691622400000003,4.246406220201668,140.58641516805727
2.56,3.84,1.2040000000000002,0.11691622400000003,5.4090725590435245,171.3859803759612
2.56,3.84,1.4030000000000002,0.11691622400000003,6.543242173894158,201.4306542797498
2.56,3.84,1.6020000000000003,0.11691622400000003,7.677411788744792,231.47532818353844
2.56,3.84,1.8010000000000004,0.11691622400000003,8.811581403595424,261.52000208732704
2.56,3.84,2.0,0.11691622400000003,9.945751018446057,291.5646759911156
2.56,5.12,0.01,0.11691622400000003,0.06654850115693055,29.860064815714633
2.56,5.12,0.20900000000000002,0.11691622400000003,1.3908636741798484,64.94178186960784
2.56,5.12,0.40800000000000003,0.11691622400000003,2.7151788472027665,100.02349892350104
2.56,5.12,0.607,0.11691622400000003,4.278028380312655,141.4241007101736
2.56,5.12,0.806,0.11691622400000003,6.045972877235641,188.2577622670864
2.56,5.12,1.0050000000000001,0.11691622400000003,7.769496658155537,233.91469865925265
2.56,5.12,1.2040000000000002,0.11691622400000003,9.896785420876105,290.2675548266705
2.56,5.12,1.4030000000000002,0.11691622400000003,11.971934753137838,345.23921353900454
2.56,5.12,1.6020000000000003,0.11691622400000003,14.047084085399568,400.2108722513386
2.56,5.12,1.8010000000000004,0.11691622400000003,16.122233417661295,455.18253096367255
2.56,5.12,2.0,0.11691622400000003,18.197382749923026,510.1541896760065
2.56,6.4,0.01,0.11691622400000003,0.10632840661698253,30.913852778133467
2.56,6.4,0.20900000000000002,0.11691622400000003,2.222263698294935,86.96595028416145
2.56,6.4,0.40800000000000003,0.11691622400000003,4.338198989972888,143.01804779018943
2.56,6.4,0.607,0.11691622400000003,6.835254487072744,209.16619454679977
2.56,6.4,0.806,0.11691622400000003,9.660002123413866,283.9950565469016
2.56,6.4,1.0050000000000001,0.11691622400000003,12.413776201052947,356.9437963861967
2.56,6.4,1.2040000000000002,0.11691622400000003,15.812669047954191,446.9820286593442
2.56,6.4,1.4030000000000002,0.11691622400000003,19.128255697627466,534.8134415140322
2.56,6.4,1.6020000000000003,0.11691622400000003,22.443842347300734,622.6448543687202
2.56,6.4,1.8010000000000004,0.11691622400000003,25.759428996974005,710.4762672234081
2.56,6.4,2.0,0.11691622400000003,29.07501564664727,798.3076800780958
2.56,7.68,0.01,0.11691622400000003,0.15593008747023665,32.22782408084032
2.56,7.68,0.20900000000000002,0.11691622400000003,3.2589388281279463,114.42795051073465
2.56,7.68,0.40800000000000003,0.11691622400000003,6.361947568785656,196.62807694062894
2.56,7.68,0.607,0.11691622400000003,10.023867223835083,293.6340101425368
2.56,7.68,0.806,0.11691622400000003,14.166345795931596,403.3701697278582
2.56,7.68,1.0050000000000001,0.11691622400000003,18.204741991844777,510.3491393738498
2.56,7.68,1.2040000000000002,0.11691622400000003,23.1892017028645,642.3897659637998
2.56,7.68,1.4030000000000002,0.11691622400000003,28.051493283712173,771.1941026863492
2.56,7.68,1.6020000000000003,0.11691622400000003,32.913784864559844,899.9984394088984
2.56,7.68,1.8010000000000004,0.11691622400000003,37.77607644540751,1028.8027761314477
2.56,7.68,2.0,0.11691622400000003,42.63836802625517,1157.6071128539968
2.56,8.96,0.01,0.11691622400000003,0.21553518705061298,33.80679053916066
2.56,8.96,0.20900000000000002,0.11691622400000003,4.504685409357811,147.42834948962982
2.56,8.96,0.40800000000000003,0.11691622400000003,8.79383563166501,261.049908440099
2.56,8.96,0.607,0.11691622400000003,13.855543417637024,395.13687200755896
2.56,8.96,0.806,0.11691622400000003,19.58150630507786,546.820258236357
2.56,8.96,1.0050000000000001,0.11691622400000003,25.163600778261383,694.6925041076473
2.56,8.96,1.2040000000000002,0.11691622400000003,32.05339654244284,877.2063576689574
2.56,8.96,1.4030000000000002,0.11691622400000003,38.774324763384556,1055.2468324665097
2.56,8.96,1.6020000000000003,0.11691622400000003,45.49525298432626,1233.2873072640618
2.56,8.96,1.8010000000000004,0.11691622400000003,52.21618120526797,1411.3277820616142
2.56,8.96,2.0,0.11691622400000003,58.93710942620967,1589.3682568591662
2.56,10.24,0.01,0.11691622400000003,0.2852996700462559,35.65488372930184
2.56,10.24,0.20900000000000002,0.11691622400000003,5.962763103966748,186.0534971635804
2.56,10.24,0.40800000000000003,0.11691622400000003,11.64022653788724,336.452110597859
2.56,10.24,0.607,0.11691622400000003,18.340309159984898,513.9403759098122
2.56,10.24,0.806,0.11691622400000003,25.91965314014143,714.7206783502335
2.56,10.24,1.0050000000000001,0.11691622400000003,33.30856134190207,910.4562495735587
2.56,10.24,1.2040000000000002,0.11691622400000003,42.428447914044355,1152.046232687011
2.56,10.24,1.4030000000000002,0.11691622400000003,51.32480785451649,1387.7148926849377
2.56,10.24,1.6020000000000003,0.11691622400000003,60.221167794988624,1623.3835526828645
2.56,10.24,1.8010000000000004,0.11691622400000003,69.11752773546075,1859.0522126807912
2.56,10.24,2.0,0.11691622400000003,78.01388767593285,2094.720872678717
2.56,11.52,0.01,0.11691622400000003,0.3653604777835558,37.77573128988287
2.56,11.52,0.20900000000000002,0.11691622400000003,7.636033985676316,230.3792111797239
2.56,11.52,0.40800000000000003,0.11691622400000003,14.906707493569076,422.98269106956496
2.56,11.52,0.607,0.11691622400000003,23.486967637585412,650.2777223075472
2.56,11.52,0.806,0.11691622400000003,33.19322750611922,907.40100330281
2.56,11.52,1.0050000000000001,0.11691622400000003,42.6556114985592,1158.063900353468
2.56,11.52,1.2040000000000002,0.11691622400000003,54.334721098614175,1467.4488766618572
2.56,11.52,1.4030000000000002,0.11691622400000003,65.72757801239327,1769.2508878646483
2.56,11.52,1.6020000000000003,0.11691622400000003,77.12043492617236,2071.05289906744
2.56,11.52,1.8010000000000004,0.11691622400000003,88.51329183995148,2372.8549102702314
2.56,11.52,2.0,0.11691622400000003,99.90614875373055,2674.6569214730225
3.84,0.0,0.01,0.26306150400000006,0.0,31.968620037807185
3.84,0.0,0.20900000000000002,0.26306150400000006,0.0,31.968620037807185
3.84,0.0,0.40800000000000003,0.26306150400000006,0.0,31.968620037807185
3.84,0.0,0.607,0.26306150400000006,0.0,31.968620037807185
3.84,0.0,0.806,0.26306150400000006,0.0,31.968620037807185
3.84,0.0,1.0050000000000001,0.26306150400000006,0.0,31.968620037807185
3.84,0.0,1.2040000000000002,0.26306150400000006,0.0,31.968620037807185
3.84,0.0,1.4030000000000002,0.26306150400000006,0.0,31.968620037807185
3.84,0.0,1.6020000000000003,0.26306150400000006,0.0,31.968620037807185
3.84,0.0,1.8010000000000004,0.26306150400000006,0.0,31.968620037807185
3.84,0.0,2.0,0.26306150400000006,0.0,31.968620037807185
3.84,1.28,0.01,0.26306150400000006,0.003620864698042415,32.0645384063457
3.84,1.28,0.20900000000000002,0.26306150400000006,0.07567607218908648,33.973313940262074
3.84,1.28,0.40800000000000003,0.26306150400000006,0.14773127968013053,35.88208947417844
3.84,1.28,0.607,0.26306150400000006,0.23276500101737418,38.13467179956509
3.84,1.28,0.806,0.26306150400000006,0.32895781837191096,40.68286370266449
3.84,1.28,1.0050000000000001,0.26306150400000006,0.42273373076779097,43.16703068357547
3.84,1.28,1.2040000000000002,0.26306150400000006,0.5384782576852851,46.23315635106866
3.84,1.28,1.4030000000000002,0.26306150400000006,0.6513859089430367,49.2241318796527
3.84,1.28,1.6020000000000003,0.26306150400000006,0.7642935602007883,52.21510740823675
3.84,1.28,1.8010000000000004,0.26306150400000006,0.8772012114585398,55.206082936820785
3.84,1.28,2.0,0.26306150400000006,0.9901088627162913,58.19705846540482
3.84,2.56,0.01,0.26306150400000006,0.015522986779185396,32.37983108568459
3.84,2.56,0.20900000000000002,0.26306150400000006,0.3244304236849748,40.56293093844505
3.84,2.56,0.40800000000000003,0.26306150400000006,0.6333378605907642,48.7460307912055
3.84,2.56,0.607,0.26306150400000006,0.9978854043906198,58.4030626253163
3.84,2.56,0.806,0.26306150400000006,1.4102730400993924,69.32740046208349
3.84,2.56,1.0050000000000001,0.26306150400000006,1.812299177423522,79.97725744868063
3.84,2.56,1.2040000000000002,0.26306150400000006,2.3085068269594737,93.12202594156295
3.84,2.56,1.4030000000000002,0.26306150400000006,2.792552524300916,105.9446187360903
3.84,2.56,1.6020000000000003,0.26306150400000006,3.276598221642359,118.76721153061767
3.84,2.56,1.8010000000000004,0.26306150400000006,3.7606439189838015,131.58980432514502
3.84,2.56,2.0,0.26306150400000006,4.244689616325243,144.41239711967233
3.84,3.84,0.01,0.26306150400000006,0.03637197899573774,32.9321304632794
3.84,3.84,0.20900000000000002,0.26306150400000006,0.7601743610109188,52.105987930176425
3.84,3.84,0.40800000000000003,0.26306150400000006,1.4839767430261,71.27984539707344
3.84,3.84,0.607,0.26306150400000006,2.33814970565565,93.9072794101224
3.84,3.84,0.806,0.26306150400000006,3.304416999280733,119.50414372453561
3.84,3.84,1.0050000000000001,0.26306150400000006,4.246406220201668,144.45787074461686
3.84,3.84,1.2040000000000002,0.26306150400000006,5.4090725590435245,175.25743595252075
3.84,3.84,1.4030000000000002,0.26306150400000006,6.543242173894158,205.30210985630936
3.84,3.84,1.6020000000000003,0.26306150400000006,7.677411788744792,235.346783760098
3.84,3.84,1.8010000000000004,0.26306150400000006,8.811581403595424,265.3914576638865
3.84,3.84,2.0,0.26306150400000006,9.945751018446057,295.43613156767515
3.84,5.12,0.01,0.26306150400000006,0.06654850115693055,33.73152039227418
3.84,5.12,0.20900000000000002,0.26306150400000006,1.3908636741798484,68.81323744616738
3.84,5.12,0.40800000000000003,0.26306150400000006,2.7151788472027665,103.89495450006059
3.84,5.12,0.607,0.26306150400000006,4.278028380312655,145.29555628673313
3.84,5.12,0.806,0.26306150400000006,6.045972877235641,192.12921784364596
3.84,5.12,1.0050000000000001,0.26306150400000006,7.769496658155537,237.7861542358122
3.84,5.12,1.2040000000000002,0.26306150400000006,9.896785420876105,294.13901040323
3.84,5.12,1.4030000000000002,0.26306150400000006,11.971934753137838,349.11066911556406
3.84,5.12,1.6020000000000003,0.26306150400000006,14.047084085399568,404.0823278278981
3.84,5.12,1.8010000000000004,0.26306150400000006,16.122233417661295,459.05398654023213
3.84,5.12,2.0,0.26306150400000006,18.197382749923026,514.0256452525662
3.84,6.4,0.01,0.26306150400000006,0.10632840661698253,34.785308354693015
3.84,6.4,0.20900000000000002,0.26306150400000006,2.222263698294935,90.837405860721
3.84,6.4,0.40800000000000003,0.26306150400000006,4.338198989972888,146.88950336674898
3.84,6.4,0.607,0.26306150400000006,6.835254487072744,213.03765012335933
3.84,6.4,0.806,0.26306150400000006,9.660002123413866,287.86651212346106
3.84,6.4,1.0050000000000001,0.26306150400000006,12.413776201052947,360.81525196275624
3.84,6.4,1.2040000000000002,0.26306150400000006,15.812669047954191,450.85348423590375
3.84,6.4,1.4030000000000002,0.26306150400000006,19.128255697627466,538.6848970905918
3.84,6.4,1.6020000000000003,0.26306150400000006,22.443842347300734,626.5163099452798
3.84,6.4,1.8010000000000004,0.26306150400000006,25.759428996974005,714.3477227999676
3.84,6.4,2.0,0.26306150400000006,29.07501564664727,802.1791356546554
3.84,7.68,0.01,0.26306150400000006,0.15593008747023665,36.09927965739986
3.84,7.68,0.20900000000000002,0.26306150400000006,3.2589388281279463,118.2994060872942
3.84,7.68,0.40800000000000003,0.26306150400000006,6.361947568785656,200.49953251718853
3.84,7.68,0.607,0.26306150400000006,10.023867223835083,297.5054657190963
3.84,7.68,0.806,0.26306150400000006,14.166345795931596,407.2416253044177
3.84,7.68,1.0050000000000001,0.26306150400000006,18.204741991844777,514.2205949504093
3.84,7.68,1.2040000000000002,0.26306150400000006,23.1892017028645,646.2612215403594
3.84,7.68,1.4030000000000002,0.26306150400000006,28.051493283712173,775.0655582629088
3.84,7.68,1.6020000000000003,0.26306150400000006,32.913784864559844,903.8698949854579
3.84,7.68,1.8010000000000004,0.26306150400000006,37.77607644540751,1032.674231708007
3.84,7.68,2.0,0.26306150400000006,42.63836802625517,1161.4785684305562
3.84,8.96,0.01,0.26306150400000006,0.21553518705061298,37.678246115720206
3.84,8.96,0.20900000000000002,0.26306150400000006,4.504685409357811,151.29980506618938
3.84,8.96,0.40800000000000003,0.26306150400000006,8.79383563166501,264.9213640166586
3.84,8.96,0.607,0.26306150400000006,13.855543417637024,399.0083275841185
3.84,8.96,0.806,0.26306150400000006,19.58150630507786,550.6917138129165
3.84,8.96,1.0050000000000001,0.26306150400000006,25.163600778261383,698.5639596842069
3.84,8.96,1.2040000000000002,0.26306150400000006,32.05339654244284,881.0778132455168
3.84,8.96,1.4030000000000002,0.26306150400000006,38.774324763384556,1059.1182880430692
3.84,8.96,1.6020000000000003,0.26306150400000006,45.49525298432626,1237.1587628406214
3.84,8.96,1.8010000000000004,0.26306150400000006,52.21618120526797,1415.1992376381736
3.84,8.96,2.0,0.26306150400000006,58.93710942620967,1593.2397124357258
3.84,10.24,0.01,0.26306150400000006,0.2852996700462559,39.526339305861384
3.84,10.24,0.20900000000000002,0.26306150400000006,5.962763103966748,189.92495274013996
3.84,10.24,0.40800000000000003,0.26306150400000006,11.64022653788724,340.3235661744185
3.84,10.24,0.607,0.26306150400000006,18.340309159984898,517.8118314863718
3.84,10.24,0.806,0.26306150400000006,25.91965314014143,718.592133926793
3.84,10.24,1.0050000000000001,0.26306150400000006,33.30856134190207,914.3277051501182
3.84,10.24,1.2040000000000002,0.26306150400000006,42.428447914044355,1155.9176882635707
3.84,10.24,1.4030000000000002,0.26306150400000006,51.32480785451649,1391.5863482614973
3.84,10.24,1.6020000000000003,0.26306150400000006,60.221167794988624,1627.255008259424
3.84,10.24,1.8010000000000004,0.26306150400000006,69.11752773546075,1862.9236682573505
3.84,10.24,2.0,0.26306150400000006,78.01388767593285,2098.5923282552767
3.84,11.52,0.01,0.26306150400000006,0.3653604777835558,41.64718686644241
3.84,11.52,0.20900000000000002,0.26306150400000006,7.636033985676316,234.25066675628347
3.84,11.52,0.40800000000000003,0.26306150400000006,14.906707493569076,426.8541466461245
3.84,11.52,0.607,0.26306150400000006,23.486967637585412,654.1491778841067
3.84,11.52,0.806,0.26306150400000006,33.19322750611922,911.2724588793694
3.84,11.52,1.0050000000000001,0.26306150400000006,42.6556114985592,1161.9353559300273
3.84,11.52,1.2040000000000002,0.26306150400000006,54.334721098614175,1471.3203322384168
3.84,11.52,1.4030000000000002,0.26306150400000006,65.72757801239327,1773.122343441208
3.84,11.52,1.6020000000000003,0.26306150400000006,77.12043492617236,2074.9243546439993
3.84,11.52,1.8010000000000004,0.26306150400000006,88.51329183995148,2376.726365846791
3.84,11.52,2.0,0.26306150400000006,99.90614875373055,2678.5283770495816
5.12,0.0,0.01,0.4676648960000001,0.0,37.388657844990554
5.12,0.0,0.20900000000000002,0.4676648960000001,0.0,37.388657844990554
5.12,0.0,0.40800000000000003,0.4676648960000001,0.0,37.388657844990554
5.12,0.0,0.607,0.4676648960000001,0.0,37.388657844990554
5.12,0.0,0.806,0.4676648960000001,0.0,37.388657844990554
5.12,0.0,1.0050000000000001,0.4676648960000001,0.0,37.388657844990554
5.12,0.0,1.2040000000000002,0.4676648960000001,0.0,37.388657844990554
5.12,0.0,1.4030000000000002,0.4676648960000001,0.0,37.388657844990554
5.12,0.0,1.6020000000000003,0.4676648960000001,0.0,37.388657844990554
5.12,0.0,1.8010000000000004,0.4676648960000001,0.0,37.388657844990554
5.12,0.0,2.0,0.4676648960000001,0.0,37.388657844990554
5.12,1.28,0.01,0.4676648960000001,0.003620864698042415,37.48457621352907
5.12,1.28,0.20900000000000002,0.4676648960000001,0.07567607218908648,39.393351747445436
5.12,1.28,0.40800000000000003,0.4676648960000001,0.14773127968013053,41.302127281361805
5.12,1.28,0.607,0.4676648960000001,0.23276500101737418,43.55470960674846
5.12,1.28,0.806,0.4676648960000001,0.32895781837191096,46.10290150984786
5.12,1.28,1.0050000000000001,0.4676648960000001,0.42273373076779097,48.58706849075884
5.12,1.28,1.2040000000000002,0.4676648960000001,0.5384782576852851,51.65319415825203
5.12,1.28,1.4030000000000002,0.4676648960000001,0.6513859089430367,54.644169686836065
5.12,1.28,1.6020000000000003,0.4676648960000001,0.7642935602007883,57.63514521542012
5.12,1.28,1.8010000000000004,0.4676648960000001,0.8772012114585398,60.62612074400415
5.12,1.28,2.0,0.4676648960000001,0.9901088627162913,63.61709627258819
5.12,2.56,0.01,0.4676648960000001,0.015522986779185396,37.79986889286796
5.12,2.56,0.20900000000000002,0.4676648960000001,0.3244304236849748,45.98296874562841
5.12,2.56,0.40800000000000003,0.4676648960000001,0.6333378605907642,54.16606859838886
5.12,2.56,0.607,0.4676648960000001,0.9978854043906198,63.823100432499665
5.12,2.56,0.806,0.4676648960000001,1.4102730400993924,74.74743826926685
5.12,2.56,1.0050000000000001,0.4676648960000001,1.812299177423522,85.397295255864
5.12,2.56,1.2040000000000002,0.4676648960000001,2.3085068269594737,98.54206374874632
5.12,2.56,1.4030000000000002,0.4676648960000001,2.792552524300916,111.36465654327367
5.12,2.56,1.6020000000000003,0.4676648960000001,3.276598221642359,124.18724933780103
5.12,2.56,1.8010000000000004,0.4676648960000001,3.7606439189838015,137.00984213232837
5.12,2.56,2.0,0.4676648960000001,4.244689616325243,149.8324349268557
5.12,3.84,0.01,0.4676648960000001,0.03637197899573774,38.35216827046276
5.12,3.84,0.20900000000000002,0.4676648960000001,0.7601743610109188,57.526025737359795
5.12,3.84,0.40800000000000003,0.4676648960000001,1.4839767430261,76.69988320425682
5.12,3.84,0.607,0.4676648960000001,2.33814970565565,99.32731721730576
5.12,3.84,0.806,0.4676648960000001,3.304416999280733,124.92418153171897
5.12,3.84,1.0050000000000001,0.4676648960000001,4.246406220201668,149.8779085518002
5.12,3.84,1.2040000000000002,0.4676648960000001,5.4090725590435245,180.67747375970413
5.12,3.84,1.4030000000000002,0.4676648960000001,6.543242173894158,210.72214766349273
5.12,3.84,1.6020000000000003,0.4676648960000001,7.677411788744792,240.76682156728137
5.12,3.84,1.8010000000000004,0.4676648960000001,8.811581403595424,270.81149547107
5.12,3.84,2.0,0.4676648960000001,9.945751018446057,300.8561693748585
5.12,5.12,0.01,0.4676648960000001,0.06654850115693055,39.15155819945755
5.12,5.12,0.20900000000000002,0.4676648960000001,1.3908636741798484,74.23327525335074
5.12,5.12,0.40800000000000003,0.4676648960000001,2.7151788472027665,109.31499230724395
5.12,5.12,0.607,0.4676648960000001,4.278028380312655,150.71559409391654
5.12,5.12,0.806,0.4676648960000001,6.045972877235641,197.5492556508293
5.12,5.12,1.0050000000000001,0.4676648960000001,7.769496658155537,243.20619204299555
5.12,5.12,1.2040000000000002,0.4676648960000001,9.896785420876105,299.5590482104134
5.12,5.12,1.4030000000000002,0.4676648960000001,11.971934753137838,354.53070692274747
5.12,5.12,1.6020000000000003,0.4676648960000001,14.047084085399568,409.5023656350815
5.12,5.12,1.8010000000000004,0.4676648960000001,16.122233417661295,464.4740243474154
5.12,5.12,2.0,0.4676648960000001,18.197382749923026,519.4456830597494
5.12,6.4,0.01,0.4676648960000001,0.10632840661698253,40.20534616187638
5.12,6.4,0.20900000000000002,0.4676648960000001,2.222263698294935,96.25744366790437
5.12,6.4,0.40800000000000003,0.4676648960000001,4.338198989972888,152.30954117393236
5.12,6.4,0.607,0.4676648960000001,6.835254487072744,218.4576879305427
5.12,6.4,0.806,0.4676648960000001,9.660002123413866,293.28654993064447
5.12,6.4,1.0050000000000001,0.4676648960000001,12.413776201052947,366.23528976993964
5.12,6.4,1.2040000000000002,0.4676648960000001,15.812669047954191,456.27352204308715
5.12,6.4,1.4030000000000002,0.4676648960000001,19.128255697627466,544.104934897775
5.12,6.4,1.6020000000000003,0.4676648960000001,22.443842347300734,631.936347752463
5.12,6.4,1.8010000000000004,0.4676648960000001,25.759428996974005,719.767760607151
5.12,6.4,2.0,0.4676648960000001,29.07501564664727,807.5991734618387
5.12,7.68,0.01,0.4676648960000001,0.15593008747023665,41.51931746458324
5.12,7.68,0.20900000000000002,0.4676648960000001,3.2589388281279463,123.71944389447756
5.12,7.68,0.40800000000000003,0.4676648960000001,6.361947568785656,205.91957032437188
5.12,7.68,0.607,0.4676648960000001,10.023867223835083,302.9255035262797
5.12,7.68,0.806,0.4676648960000001,14.166345795931596,412.6616631116011
5.12,7.68,1.0050000000000001,0.4676648960000001,18.204741991844777,519.6406327575927
5.12,7.68,1.2040000000000002,0.4676648960000001,23.1892017028645,651.6812593475428
5.12,7.68,1.4030000000000002,0.4676648960000001,28.051493283712173,780.4855960700921
5.12,7.68,1.6020000000000003,0.4676648960000001,32.913784864559844,909.2899327926414
5.12,7.68,1.8010000000000004,0.4676648960000001,37.77607644540751,1038.0942695151907
5.12,7.68,2.0,0.4676648960000001,42.63836802625517,1166.8986062377396
5.12,8.96,0.01,0.4676648960000001,0.21553518705061298,43.098283922903576
5.12,8.96,0.20900000000000002,0.4676648960000001,4.504685409357811,156.71984287337276
5.12,8.96,0.40800000000000003,0.4676648960000001,8.79383563166501,270.3414018238419
5.12,8.96,0.607,0.4676648960000001,13.855543417637024,404.42836539130184
5.12,8.96,0.806,0.4676648960000001,19.58150630507786,556.1117516200998
5.12,8.96,1.0050000000000001,0.4676648960000001,25.163600778261383,703.9839974913901
5.12,8.96,1.2040000000000002,0.4676648960000001,32.05339654244284,886.4978510527002
5.12,8.96,1.4030000000000002,0.4676648960000001,38.774324763384556,1064.5383258502527
5.12,8.96,1.6020000000000003,0.4676648960000001,45.49525298432626,1242.5788006478049
5.12,8.96,1.8010000000000004,0.4676648960000001,52.21618120526797,1420.6192754453573
5.12,8.96,2.0,0.4676648960000001,58.93710942620967,1598.6597502429092
5.12,10.24,0.01,0.4676648960000001,0.2852996700462559,44.946377113044754
5.12,10.24,0.20900000000000002,0.4676648960000001,5.962763103966748,195.34499054732333
5.12,10.24,0.40800000000000003,0.4676648960000001,11.64022653788724,345.7436039816019
5.12,10.24,0.607,0.4676648960000001,18.340309159984898,523.2318692935551
5.12,10.24,0.806,0.4676648960000001,25.91965314014143,724.0121717339763
5.12,10.24,1.0050000000000001,0.4676648960000001,33.30856134190207,919.7477429573016
5.12,10.24,1.2040000000000002,0.4676648960000001,42.428447914044355,1161.3377260707541
5.12,10.24,1.4030000000000002,0.4676648960000001,51.32480785451649,1397.0063860686807
5.12,10.24,1.6020000000000003,0.4676648960000001,60.221167794988624,1632.6750460666074
5.12,10.24,1.8010000000000004,0.4676648960000001,69.11752773546075,1868.3437060645342
5.12,10.24,2.0,0.4676648960000001,78.01388767593285,2104.01236606246
5.12,11.52,0.01,0.4676648960000001,0.3653604777835558,47.06722467362578
5.12,11.52,0.20900000000000002,0.4676648960000001,7.636033985676316,239.67070456346684
5.12,11.52,0.40800000000000003,0.4676648960000001,14.906707493569076,432.2741844533079
5.12,11.52,0.607,0.4676648960000001,23.486967637585412,659.5692156912901
5.12,11.52,0.806,0.4676648960000001,33.19322750611922,916.6924966865529
5.12,11.52,1.0050000000000001,0.4676648960000001,42.6556114985592,1167.3553937372108
5.12,11.52,1.2040000000000002,0.4676648960000001,54.334721098614175,1476.7403700456002
5.12,11.52,1.4030000000000002,0.4676648960000001,65.72757801239327,1778.5423812483914
5.12,11.52,1.6020000000000003,0.4676648960000001,77.12043492617236,2080.344392451183
5.12,11.52,1.8010000000000004,0.4676648960000001,88.51329183995148,2382.1464036539746
5.12,11.52,2.0,0.4676648960000001,99.90614875373055,2683.9484148567653
6.4,0.0,0.01,0.7307264000000002,0.0,44.357277882797746
6.4,0.0,0.20900000000000002,0.7307264000000002,0.0,44.357277882797746
6.4,0.0,0.40800000000000003,0.7307264000000002,0.0,44.357277882797746
6.4,0.0,0.607,0.7307264000000002,0.0,44.357277882797746
6.4,0.0,0.806,0.7307264000000002,0.0,44.357277882797746
6.4,0.0,1.0050000000000001,0.7307264000000002,0.0,44.357277882797746
6.4,0.0,1.2040000000000002,0.7307264000000002,0.0,44.357277882797746
6.4,0.0,1.4030000000000002,0.7307264000000002,0.0,44.357277882797746
6.4,0.0,1.6020000000000003,0.7307264000000002,0.0,44.357277882797746
6.4,0.0,1.8010000000000004,0.7307264000000002,0.0,44.357277882797746
6.4,0.0,2.0,0.7307264000000002,0.0,44.357277882797746
6.4,1.28,0.01,0.7307264000000002,0.003620864698042415,44.45319625133625
6.4,1.28,0.20900000000000002,0.7307264000000002,0.07567607218908648,46.36197178525262
6.4,1.28,0.40800000000000003,0.7307264000000002,0.14773127968013053,48.270747319169
6.4,1.28,0.607,0.7307264000000002,0.23276500101737418,50.523329644555645
6.4,1.28,0.806,0.7307264000000002,0.32895781837191096,53.071521547655045
6.4,1.28,1.0050000000000001,0.7307264000000002,0.42273373076779097,55.55568852856602
6.4,1.28,1.2040000000000002,0.7307264000000002,0.5384782576852851,58.62181419605921
6.4,1.28,1.4030000000000002,0.7307264000000002,0.6513859089430367,61.612789724643264
6.4,1.28,1.6020000000000003,0.7307264000000002,0.7642935602007883,64.6037652532273
6.4,1.28,1.8010000000000004,0.7307264000000002,0.8772012114585398,67.59474078181134
6.4,1.28,2.0,0.7307264000000002,0.9901088627162913,70.58571631039538
6.4,2.56,0.01,0.7307264000000002,0.015522986779185396,44.76848893067515
6.4,2.56,0.20900000000000002,0.7307264000000002,0.3244304236849748,52.9515887834356
6.4,2.56,0.40800000000000003,0.7307264000000002,0.6333378605907642,61.13468863619605
6.4,2.56,0.607,0.7307264000000002,0.9978854043906198,70.79172047030684
6.4,2.56,0.806,0.7307264000000002,1.4102730400993924,81.71605830707404
6.4,2.56,1.0050000000000001,0.7307264000000002,1.812299177423522,92.36591529367118
6.4,2.56,1.2040000000000002,0.7307264000000002,2.3085068269594737,105.5106837865535
6.4,2.56,1.4030000000000002,0.7307264000000002,2.792552524300916,118.33327658108087
6.4,2.56,1.6020000000000003,0.7307264000000002,3.276598221642359,131.15586937560823
6.4,2.56,1.8010000000000004,0.7307264000000002,3.7606439189838015,143.97846217013557
6.4,2.56,2.0,0.7307264000000002,4.244689616325243,156.8010549646629
6.4,3.84,0.01,0.7307264000000002,0.03637197899573774,45.320788308269954
6.4,3.84,0.20900000000000002,0.7307264000000002,0.7601743610109188,64.49464577516699
6.4,3.84,0.40800000000000003,0.7307264000000002,1.4839767430261,83.668503242064
6.4,3.84,0.607,0.7307264000000002,2.33814970565565,106.29593725511295
6.4,3.84,0.806,0.7307264000000002,3.304416999280733,131.89280156952617
6.4,3.84,1.0050000000000001,0.7307264000000002,4.246406220201668,156.8465285896074
6.4,3.84,1.2040000000000002,0.7307264000000002,5.4090725590435245,187.64609379751133
6.4,3.84,1.4030000000000002,0.7307264000000002,6.543242173894158,217.6907677012999
6.4,3.84,1.6020000000000003,0.7307264000000002,7.677411788744792,247.7354416050885
6.4,3.84,1.8010000000000004,0.7307264000000002,8.811581403595424,277.7801155088771
6.4,3.84,2.0,0.7307264000000002,9.945751018446057,307.82478941266567
6.4,5.12,0.01,0.7307264000000002,0.06654850115693055,46.12017823726474
6.4,5.12,0.20900000000000002,0.7307264000000002,1.3908636741798484,81.20189529115794
6.4,5.12,0.40800000000000003,0.7307264000000002,2.7151788472027665,116.28361234505114
6.4,5.12,0.607,0.7307264000000002,4.278028380312655,157.6842141317237
6.4,5.12,0.806,0.7307264000000002,6.045972877235641,204.5178756886365
6.4,5.12,1.0050000000000001,0.7307264000000002,7.769496658155537,250.17481208080275
6.4,5.12,1.2040000000000002,0.7307264000000002,9.896785420876105,306.52766824822055
6.4,5.12,1.4030000000000002,0.7307264000000002,11.971934753137838,361.49932696055464
6.4,5.12,1.6020000000000003,0.7307264000000002,14.047084085399568,416.4709856728887
6.4,5.12,1.8010000000000004,0.7307264000000002,16.122233417661295,471.44264438522265
6.4,5.12,2.0,0.7307264000000002,18.197382749923026,526.4143030975566
6.4,6.4,0.01,0.7307264000000002,0.10632840661698253,47.17396619968357
6.4,6.4,0.20900000000000002,0.7307264000000002,2.222263698294935,103.22606370571155
6.4,6.4,0.40800000000000003,0.7307264000000002,4.338198989972888,159.27816121173953
6.4,6.4,0.607,0.7307264000000002,6.835254487072744,225.42630796834987
6.4,6.4,0.806,0.7307264000000002,9.660002123413866,300.25516996845164
6.4,6.4,1.0050000000000001,0.7307264000000002,12.413776201052947,373.2039098077468
6.4,6.4,1.2040000000000002,0.7307264000000002,15.812669047954191,463.2421420808943
6.4,6.4,1.4030000000000002,0.7307264000000002,19.128255697627466,551.0735549355823
6.4,6.4,1.6020000000000003,0.7307264000000002,22.443842347300734,638.9049677902702
6.4,6.4,1.8010000000000004,0.7307264000000002,25.759428996974005,726.7363806449582
6.4,6.4,2.0,0.7307264000000002,29.07501564664727,814.5677934996459
6.4,7.68,0.01,0.7307264000000002,0.15593008747023665,48.48793750239042
6.4,7.68,0.20900000000000002,0.7307264000000002,3.2589388281279463,130.68806393228476
6.4,7.68,0.40800000000000003,0.7307264000000002,6.361947568785656,212.88819036217907
6.4,7.68,0.607,0.7307264000000002,10.023867223835083,309.8941235640869
6.4,7.68,0.806,0.7307264000000002,14.166345795931596,419.6302831494083
6.4,7.68,1.0050000000000001,0.7307264000000002,18.204741991844777,526.6092527953999
6.4,7.68,1.2040000000000002,0.7307264000000002,23.1892017028645,658.64987938535
6.4,7.68,1.4030000000000002,0.7307264000000002,28.051493283712173,787.4542161078994
6.4,7.68,1.6020000000000003,0.7307264000000002,32.913784864559844,916.2585528304486
6.4,7.68,1.8010000000000004,0.7307264000000002,37.77607644540751,1045.0628895529978
6.4,7.68,2.0,0.7307264000000002,42.63836802625517,1173.8672262755467
6.4,8.96,0.01,0.7307264000000002,0.21553518705061298,50.06690396071076
6.4,8.96,0.20900000000000002,0.7307264000000002,4.504685409357811,163.68846291117995
6.4,8.96,0.40800000000000003,0.7307264000000002,8.79383563166501,277.3100218616491
6.4,8.96,0.607,0.7307264000000002,13.855543417637024,411.396985429109
6.4,8.96,0.806,0.7307264000000002,19.58150630507786,563.080371657907
6.4,8.96,1.0050000000000001,0.7307264000000002,25.163600778261383,710.9526175291974
6.4,8.96,1.2040000000000002,0.7307264000000002,32.05339654244284,893.4664710905074
6.4,8.96,1.4030000000000002,0.7307264000000002,38.774324763384556,1071.5069458880598
6.4,8.96,1.6020000000000003,0.7307264000000002,45.49525298432626,1249.547420685612
6.4,8.96,1.8010000000000004,0.7307264000000002,52.21618120526797,1427.5878954831644
6.4,8.96,2.0,0.7307264000000002,58.93710942620967,1605.6283702807164
6.4,10.24,0.01,0.7307264000000002,0.2852996700462559,51.914997150851946
6.4,10.24,0.20900000000000002,0.7307264000000002,5.962763103966748,202.3136105851305
6.4,10.24,0.40800000000000003,0.7307264000000002,11.64022653788724,352.71222401940906
6.4,10.24,0.607,0.7307264000000002,18.340309159984898,530.2004893313624
6.4,10.24,0.806,0.7307264000000002,25.91965314014143,730.9807917717835
6.4,10.24,1.0050000000000001,0.7307264000000002,33.30856134190207,926.7163629951087
6.4,10.24,1.2040000000000002,0.7307264000000002,42.428447914044355,1168.3063461085612
6.4,10.24,1.4030000000000002,0.7307264000000002,51.32480785451649,1403.9750061064879
6.4,10.24,1.6020000000000003,0.7307264000000002,60.221167794988624,1639.6436661044145
6.4,10.24,1.8010000000000004,0.7307264000000002,69.11752773546075,1875.3123261023413
6.4,10.24,2.0,0.7307264000000002,78.01388767593285,2110.9809861002673
6.4,11.52,0.01,0.7307264000000002,0.3653604777835558,54.03584471143297
6.4,11.52,0.20900000000000002,0.7307264000000002,7.636033985676316,246.639324601274
6.4,11.52,0.40800000000000003,0.7307264000000002,14.906707493569076,439.24280449111507
6.4,11.52,0.607,0.7307264000000002,23.486967637585412,666.5378357290973
6.4,11.52,0.806,0.7307264000000002,33.19322750611922,923.66111672436
6.4,11.52,1.0050000000000001,0.7307264000000002,42.6556114985592,1174.3240137750179
6.4,11.52,1.2040000000000002,0.7307264000000002,54.334721098614175,1483.7089900834073
6.4,11.52,1.4030000000000002,0.7307264000000002,65.72757801239327,1785.5110012861985
6.4,11.52,1.6020000000000003,0.7307264000000002,77.12043492617236,2087.31301248899
6.4,11.52,1.8010000000000004,0.7307264000000002,88.51329183995148,2389.1150236917815
6.4,11.52,2.0,0.7307264000000002,99.90614875373055,2690.917034894572
7.68,0.0,0.01,1.0522460160000002,0.0,52.874480151228745
7.68,0.0,0.20900000000000002,1.0522460160000002,0.0,52.874480151228745
7.68,0.0,0.40800000000000003,1.0522460160000002,0.0,52.874480151228745
7.68,0.0,0.607,1.0522460160000002,0.0,52.874480151228745
7.68,0.0,0.806,1.0522460160000002,0.0,52.874480151228745
7.68,0.0,1.0050000000000001,1.0522460160000002,0.0,52.874480151228745
7.68,0.0,1.2040000000000002,1.0522460160000002,0.0,52.874480151228745
7.68,0.0,1.4030000000000002,1.0522460160000002,0.0,52.874480151228745
7.68,0.0,1.6020000000000003,1.0522460160000002,0.0,52.874480151228745
7.68,0.0,1.8010000000000004,1.0522460160000002,0.0,52.874480151228745
7.68,0.0,2.0,1.0522460160000002,0.0,52.874480151228745
7.68,1.28,0.01,1.0522460160000002,0.003620864698042415,52.97039851976726
7.68,1.28,0.20900000000000002,1.0522460160000002,0.07567607218908648,54.87917405368363
7.68,1.28,0.40800000000000003,1.0522460160000002,0.14773127968013053,56.7879495876
7.68,1.28,0.607,1.0522460160000002,0.23276500101737418,59.040531912986644
7.68,1.28,0.806,1.0522460160000002,0.32895781837191096,61.58872381608605
7.68,1.28,1.0050000000000001,1.0522460160000002,0.42273373076779097,64.07289079699703
7.68,1.28,1.2040000000000002,1.0522460160000002,0.5384782576852851,67.13901646449023
7.68,1.28,1.4030000000000002,1.0522460160000002,0.6513859089430367,70.12999199307427
7.68,1.28,1.6020000000000003,1.0522460160000002,0.7642935602007883,73.12096752165832
7.68,1.28,1.8010000000000004,1.0522460160000002,0.8772012114585398,76.11194305024235
7.68,1.28,2.0,1.0522460160000002,0.9901088627162913,79.10291857882638
7.68,2.56,0.01,1.0522460160000002,0.015522986779185396,53.285691199106154
7.68,2.56,0.20900000000000002,1.0522460160000002,0.3244304236849748,61.4687910518666
7.68,2.56,0.40800000000000003,1.0522460160000002,0.6333378605907642,69.65189090462705
7.68,2.56,0.607,1.0522460160000002,0.9978854043906198,79.30892273873786
7.68,2.56,0.806,1.0522460160000002,1.4102730400993924,90.23326057550504
7.68,2.56,1.0050000000000001,1.0522460160000002,1.812299177423522,100.88311756210219
7.68,2.56,1.2040000000000002,1.0522460160000002,2.3085068269594737,114.0278860549845
7.68,2.56,1.4030000000000002,1.0522460160000002,2.792552524300916,126.85047884951186
7.68,2.56,1.6020000000000003,1.0522460160000002,3.276598221642359,139.67307164403923
7.68,2.56,1.8010000000000004,1.0522460160000002,3.7606439189838015,152.49566443856656
7.68,2.56,2.0,1.0522460160000002,4.244689616325243,165.3182572330939
7.68,3.84,0.01,1.0522460160000002,0.03637197899573774,53.83799057670096
7.68,3.84,0.20900000000000002,1.0522460160000002,0.7601743610109188,73.01184804359798
7.68,3.84,0.40800000000000003,1.0522460160000002,1.4839767430261,92.185705510495
7.68,3.84,0.607,1.0522460160000002,2.33814970565565,114.81313952354394
7.68,3.84,0.806,1.0522460160000002,3.304416999280733,140.41000383795716
7.68,3.84,1.0050000000000001,1.0522460160000002,4.246406220201668,165.3637308580384
7.68,3.84,1.2040000000000002,1.0522460160000002,5.4090725590435245,196.16329606594232
7.68,3.84,1.4030000000000002,1.0522460160000002,6.543242173894158,226.2079699697309
7.68,3.84,1.6020000000000003,1.0522460160000002,7.677411788744792,256.25264387351956
7.68,3.84,1.8010000000000004,1.0522460160000002,8.811581403595424,286.29731777730814
7.68,3.84,2.0,1.0522460160000002,9.945751018446057,316.3419916810967
7.68,5.12,0.01,1.0522460160000002,0.06654850115693055,54.637380505695745
7.68,5.12,0.20900000000000002,1.0522460160000002,1.3908636741798484,89.71909755958895
7.68,5.12,0.40800000000000003,1.0522460160000002,2.7151788472027665,124.80081461348213
7.68,5.12,0.607,1.0522460160000002,4.278028380312655,166.2014164001547
7.68,5.12,0.806,1.0522460160000002,6.045972877235641,213.0350779570675
7.68,5.12,1.0050000000000001,1.0522460160000002,7.769496658155537,258.6920143492338
7.68,5.12,1.2040000000000002,1.0522460160000002,9.896785420876105,315.0448705166516
7.68,5.12,1.4030000000000002,1.0522460160000002,11.971934753137838,370.01652922898563
7.68,5.12,1.6020000000000003,1.0522460160000002,14.047084085399568,424.9881879413197
7.68,5.12,1.8010000000000004,1.0522460160000002,16.122233417661295,479.9598466536537
7.68,5.12,2.0,1.0522460160000002,18.197382749923026,534.9315053659877
7.68,6.4,0.01,1.0522460160000002,0.10632840661698253,55.69116846811457
7.68,6.4,0.20900000000000002,1.0522460160000002,2.222263698294935,111.74326597414255
7.68,6.4,0.40800000000000003,1.0522460160000002,4.338198989972888,167.79536348017052
7.68,6.4,0.607,1.0522460160000002,6.835254487072744,233.94351023678087
7.68,6.4,0.806,1.0522460160000002,9.660002123413866,308.7723722368827
7.68,6.4,1.0050000000000001,1.0522460160000002,12.413776201052947,381.72111207617786
7.68,6.4,1.2040000000000002,1.0522460160000002,15.812669047954191,471.75934434932526
7.68,6.4,1.4030000000000002,1.0522460160000002,19.128255697627466,559.5907572040134
7.68,6.4,1.6020000000000003,1.0522460160000002,22.443842347300734,647.4221700587012
7.68,6.4,1.8010000000000004,1.0522460160000002,25.759428996974005,735.2535829133892
7.68,6.4,2.0,1.0522460160000002,29.07501564664727,823.084995768077
7.68,7.68,0.01,1.0522460160000002,0.15593008747023665,57.00513977082142
7.68,7.68,0.20900000000000002,1.0522460160000002,3.2589388281279463,139.20526620071576
7.68,7.68,0.40800000000000003,1.0522460160000002,6.361947568785656,221.40539263061007
7.68,7.68,0.607,1.0522460160000002,10.023867223835083,318.41132583251795
7.68,7.68,0.806,1.0522460160000002,14.166345795931596,428.14748541783933
7.68,7.68,1.0050000000000001,1.0522460160000002,18.204741991844777,535.1264550638309
7.68,7.68,1.2040000000000002,1.0522460160000002,23.1892017028645,667.167081653781
7.68,7.68,1.4030000000000002,1.0522460160000002,28.051493283712173,795.9714183763303
7.68,7.68,1.6020000000000003,1.0522460160000002,32.913784864559844,924.7757550988795
7.68,7.68,1.8010000000000004,1.0522460160000002,37.77607644540751,1053.5800918214288
7.68,7.68,2.0,1.0522460160000002,42.63836802625517,1182.3844285439777
7.68,8.96,0.01,1.0522460160000002,0.21553518705061298,58.58410622914177
7.68,8.96,0.20900000000000002,1.0522460160000002,4.504685409357811,172.20566517961095
7.68,8.96,0.40800000000000003,1.0522460160000002,8.79383563166501,285.82722413008014
7.68,8.96,0.607,1.0522460160000002,13.855543417637024,419.91418769754006
7.68,8.96,0.806,1.0522460160000002,19.58150630507786,571.5975739263381
7.68,8.96,1.0050000000000001,1.0522460160000002,25.163600778261383,719.4698197976285
7.68,8.96,1.2040000000000002,1.0522460160000002,32.05339654244284,901.9836733589383
7.68,8.96,1.4030000000000002,1.0522460160000002,38.774324763384556,1080.0241481564908
7.68,8.96,1.6020000000000003,1.0522460160000002,45.49525298432626,1258.064622954043
7.68,8.96,1.8010000000000004,1.0522460160000002,52.21618120526797,1436.1050977515952
7.68,8.96,2.0,1.0522460160000002,58.93710942620967,1614.1455725491473
7.68,10.24,0.01,1.0522460160000002,0.2852996700462559,60.432199419282945
7.68,10.24,0.20900000000000002,1.0522460160000002,5.962763103966748,210.8308128535615
7.68,10.24,0.40800000000000003,1.0522460160000002,11.64022653788724,361.2294262878401
7.68,10.24,0.607,1.0522460160000002,18.340309159984898,538.7176915997934
7.68,10.24,0.806,1.0522460160000002,25.91965314014143,739.4979940402146
7.68,10.24,1.0050000000000001,1.0522460160000002,33.30856134190207,935.2335652635397
7.68,10.24,1.2040000000000002,1.0522460160000002,42.428447914044355,1176.8235483769922
7.68,10.24,1.4030000000000002,1.0522460160000002,51.32480785451649,1412.4922083749188
7.68,10.24,1.6020000000000003,1.0522460160000002,60.221167794988624,1648.1608683728455
7.68,10.24,1.8010000000000004,1.0522460160000002,69.11752773546075,1883.8295283707723
7.68,10.24,2.0,1.0522460160000002,78.01388767593285,2119.4981883686983
7.68,11.52,0.01,1.0522460160000002,0.3653604777835558,62.55304697986397
7.68,11.52,0.20900000000000002,1.0522460160000002,7.636033985676316,255.156526869705
7.68,11.52,0.40800000000000003,1.0522460160000002,14.906707493569076,447.7600067595461
7.68,11.52,0.607,1.0522460160000002,23.486967637585412,675.0550379975283
7.68,11.52,0.806,1.0522460160000002,33.19322750611922,932.178318992791
7.68,11.52,1.0050000000000001,1.0522460160000002,42.6556114985592,1182.8412160434489
7.68,11.52,1.2040000000000002,1.0522460160000002,54.334721098614175,1492.2261923518383
7.68,11.52,1.4030000000000002,1.0522460160000002,65.72757801239327,1794.0282035546297
7.68,11.52,1.6020000000000003,1.0522460160000002,77.12043492617236,2095.8302147574213
7.68,11.52,1.8010000000000004,1.0522460160000002,88.51329183995148,2397.632225960213
7.68,11.52,2.0,1.0522460160000002,99.90614875373055,2699.4342371630037
8.96,0.0,0.01,1.4322237440000005,0.0,62.940264650283574
8.96,0.0,0.20900000000000002,1.4322237440000005,0.0,62.940264650283574
8.96,0.0,0.40800000000000003,1.4322237440000005,0.0,62.940264650283574
8.96,0.0,0.607,1.4322237440000005,0.0,62.940264650283574
8.96,0.0,0.806,1.4322237440000005,0.0,62.940264650283574
8.96,0.0,1.0050000000000001,1.4322237440000005,0.0,62.940264650283574
8.96,0.0,1.2040000000000002,1.4322237440000005,0.0,62.940264650283574
8.96,0.0,1.4030000000000002,1.4322237440000005,0.0,62.940264650283574
8.96,0.0,1.6020000000000003,1.4322237440000005,0.0,62.940264650283574
8.96,0.0,1.8010000000000004,1.4322237440000005,0.0,62.940264650283574
8.96,0.0,2.0,1.4322237440000005,0.0,62.940264650283574
8.96,1.28,0.01,1.4322237440000005,0.003620864698042415,63.036183018822086
8.96,1.28,0.20900000000000002,1.4322237440000005,0.07567607218908648,64.94495855273846
8.96,1.28,0.40800000000000003,1.4322237440000005,0.14773127968013053,66.85373408665484
8.96,1.28,0.607,1.4322237440000005,0.23276500101737418,69.10631641204148
8.96,1.28,0.806,1.4322237440000005,0.32895781837191096,71.65450831514087
8.96,1.28,1.0050000000000001,1.4322237440000005,0.42273373076779097,74.13867529605186
8.96,1.28,1.2040000000000002,1.4322237440000005,0.5384782576852851,77.20480096354504
8.96,1.28,1.4030000000000002,1.4322237440000005,0.6513859089430367,80.1957764921291
8.96,1.28,1.6020000000000003,1.4322237440000005,0.7642935602007883,83.18675202071314
8.96,1.28,1.8010000000000004,1.4322237440000005,0.8772012114585398,86.17772754929717
8.96,1.28,2.0,1.4322237440000005,0.9901088627162913,89.1687030778812
8.96,2.56,0.01,1.4322237440000005,0.015522986779185396,63.35147569816099
8.96,2.56,0.20900000000000002,1.4322237440000005,0.3244304236849748,71.53457555092143
8.96,2.56,0.40800000000000003,1.4322237440000005,0.6333378605907642,79.71767540368188
8.96,2.56,0.607,1.4322237440000005,0.9978854043906198,89.37470723779268
8.96,2.56,0.806,1.4322237440000005,1.4102730400993924,100.29904507455987
8.96,2.56,1.0050000000000001,1.4322237440000005,1.812299177423522,110.94890206115701
8.96,2.56,1.2040000000000002,1.4322237440000005,2.3085068269594737,124.09367055403933
8.96,2.56,1.4030000000000002,1.4322237440000005,2.792552524300916,136.9162633485667
8.96,2.56,1.6020000000000003,1.4322237440000005,3.276598221642359,149.73885614309404
8.96,2.56,1.8010000000000004,1.4322237440000005,3.7606439189838015,162.5614489376214
8.96,2.56,2.0,1.4322237440000005,4.244689616325243,175.38404173214875
8.96,3.84,0.01,1.4322237440000005,0.03637197899573774,63.90377507575579
8.96,3.84,0.20900000000000002,1.4322237440000005,0.7601743610109188,83.07763254265282
8.96,3.84,0.40800000000000003,1.4322237440000005,1.4839767430261,102.25149000954984
8.96,3.84,0.607,1.4322237440000005,2.33814970565565,124.87892402259878
8.96,3.84,0.806,1.4322237440000005,3.304416999280733,150.475788337012
8.96,3.84,1.0050000000000001,1.4322237440000005,4.246406220201668,175.42951535709324
8.96,3.84,1.2040000000000002,1.4322237440000005,5.4090725590435245,206.22908056499716
8.96,3.84,1.4030000000000002,1.4322237440000005,6.543242173894158,236.27375446878574
8.96,3.84,1.6020000000000003,1.4322237440000005,7.677411788744792,266.3184283725744
8.96,3.84,1.8010000000000004,1.4322237440000005,8.811581403595424,296.36310227636295
8.96,3.84,2.0,1.4322237440000005,9.945751018446057,326.40777618015153
8.96,5.12,0.01,1.4322237440000005,0.06654850115693055,64.70316500475057
8.96,5.12,0.20900000000000002,1.4322237440000005,1.3908636741798484,99.78488205864377
8.96,5.12,0.40800000000000003,1.4322237440000005,2.7151788472027665,134.86659911253696
8.96,5.12,0.607,1.4322237440000005,4.278028380312655,176.26720089920954
8.96,5.12,0.806,1.4322237440000005,6.045972877235641,223.10086245612234
8.96,5.12,1.0050000000000001,1.4322237440000005,7.769496658155537,268.7577988482886
8.96,5.12,1.2040000000000002,1.4322237440000005,9.896785420876105,325.1106550157064
8.96,5.12,1.4030000000000002,1.4322237440000005,11.971934753137838,380.08231372804045
8.96,5.12,1.6020000000000003,1.4322237440000005,14.047084085399568,435.05397244037454
8.96,5.12,1.8010000000000004,1.4322237440000005,16.122233417661295,490.02563115270846
8.96,5.12,2.0,1.4322237440000005,18.197382749923026,544.9972898650424
8.96,6.4,0.01,1.4322237440000005,0.10632840661698253,65.7569529671694
8.96,6.4,0.20900000000000002,1.4322237440000005,2.222263698294935,121.80905047319739
8.96,6.4,0.40800000000000003,1.4322237440000005,4.338198989972888,177.86114797922536
8.96,6.4,0.607,1.4322237440000005,6.835254487072744,244.0092947358357
8.96,6.4,0.806,1.4322237440000005,9.660002123413866,318.8381567359375
8.96,6.4,1.0050000000000001,1.4322237440000005,12.413776201052947,391.7868965752327
8.96,6.4,1.2040000000000002,1.4322237440000005,15.812669047954191,481.82512884838013
8.96,6.4,1.4030000000000002,1.4322237440000005,19.128255697627466,569.6565417030681
8.96,6.4,1.6020000000000003,1.4322237440000005,22.443842347300734,657.487954557756
8.96,6.4,1.8010000000000004,1.4322237440000005,25.759428996974005,745.319367412444
8.96,6.4,2.0,1.4322237440000005,29.07501564664727,833.1507802671317
8.96,7.68,0.01,1.4322237440000005,0.15593008747023665,67.07092426987626
8.96,7.68,0.20900000000000002,1.4322237440000005,3.2589388281279463,149.27105069977057
8.96,7.68,0.40800000000000003,1.4322237440000005,6.361947568785656,231.4711771296649
8.96,7.68,0.607,1.4322237440000005,10.023867223835083,328.47711033157276
8.96,7.68,0.806,1.4322237440000005,14.166345795931596,438.21326991689415
8.96,7.68,1.0050000000000001,1.4322237440000005,18.204741991844777,545.1922395628857
8.96,7.68,1.2040000000000002,1.4322237440000005,23.1892017028645,677.2328661528358
8.96,7.68,1.4030000000000002,1.4322237440000005,28.051493283712173,806.0372028753851
8.96,7.68,1.6020000000000003,1.4322237440000005,32.913784864559844,934.8415395979345
8.96,7.68,1.8010000000000004,1.4322237440000005,37.77607644540751,1063.6458763204837
8.96,7.68,2.0,1.4322237440000005,42.63836802625517,1192.4502130430328
8.96,8.96,0.01,1.4322237440000005,0.21553518705061298,68.6498907281966
8.96,8.96,0.20900000000000002,1.4322237440000005,4.504685409357811,182.2714496786658
8.96,8.96,0.40800000000000003,1.4322237440000005,8.79383563166501,295.89300862913495
8.96,8.96,0.607,1.4322237440000005,13.855543417637024,429.9799721965949
8.96,8.96,0.806,1.4322237440000005,19.58150630507786,581.6633584253929
8.96,8.96,1.0050000000000001,1.4322237440000005,25.163600778261383,729.5356042966832
8.96,8.96,1.2040000000000002,1.4322237440000005,32.05339654244284,912.0494578579933
8.96,8.96,1.4030000000000002,1.4322237440000005,38.774324763384556,1090.0899326555457
8.96,8.96,1.6020000000000003,1.4322237440000005,45.49525298432626,1268.1304074530979
8.96,8.96,1.8010000000000004,1.4322237440000005,52.21618120526797,1446.1708822506503
8.96,8.96,2.0,1.4322237440000005,58.93710942620967,1624.2113570482022
8.96,10.24,0.01,1.4322237440000005,0.2852996700462559,70.49798391833778
8.96,10.24,0.20900000000000002,1.4322237440000005,5.962763103966748,220.89659735261634
8.96,10.24,0.40800000000000003,1.4322237440000005,11.64022653788724,371.2952107868949
8.96,10.24,0.607,1.4322237440000005,18.340309159984898,548.7834760988482
8.96,10.24,0.806,1.4322237440000005,25.91965314014143,749.5637785392694
8.96,10.24,1.0050000000000001,1.4322237440000005,33.30856134190207,945.2993497625947
8.96,10.24,1.2040000000000002,1.4322237440000005,42.428447914044355,1186.889332876047
8.96,10.24,1.4030000000000002,1.4322237440000005,51.32480785451649,1422.5579928739737
8.96,10.24,1.6020000000000003,1.4322237440000005,60.221167794988624,1658.2266528719006
8.96,10.24,1.8010000000000004,1.4322237440000005,69.11752773546075,1893.8953128698272
8.96,10.24,2.0,1.4322237440000005,78.01388767593285,2129.563972867753
8.96,11.52,0.01,1.4322237440000005,0.3653604777835558,72.6188314789188
8.96,11.52,0.20900000000000002,1.4322237440000005,7.636033985676316,265.22231136875985
8.96,11.52,0.40800000000000003,1.4322237440000005,14.906707493569076,457.82579125860093
8.96,11.52,0.607,1.4322237440000005,23.486967637585412,685.1208224965831
8.96,11.52,0.806,1.4322237440000005,33.19322750611922,942.2441034918459
8.96,11.52,1.0050000000000001,1.4322237440000005,42.6556114985592,1192.9070005425037
8.96,11.52,1.2040000000000002,1.4322237440000005,54.334721098614175,1502.2919768508932
8.96,11.52,1.4030000000000002,1.4322237440000005,65.72757801239327,1804.0939880536844
8.96,11.52,1.6020000000000003,1.4322237440000005,77.12043492617236,2105.895999256476
8.96,11.52,1.8010000000000004,1.4322237440000005,88.51329183995148,2407.6980104592676
8.96,11.52,2.0,1.4322237440000005,99.90614875373055,2709.5000216620583
10.24,0.0,0.01,1.8706595840000004,0.0,74.55463137996222
10.24,0.0,0.20900000000000002,1.8706595840000004,0.0,74.55463137996222
10.24,0.0,0.40800000000000003,1.8706595840000004,0.0,74.55463137996222
10.24,0.0,0.607,1.8706595840000004,0.0,74.55463137996222
10.24,0.0,0.806,1.8706595840000004,0.0,74.55463137996222
10.24,0.0,1.0050000000000001,1.8706595840000004,0.0,74.55463137996222
10.24,0.0,1.2040000000000002,1.8706595840000004,0.0,74.55463137996222
10.24,0.0,1.4030000000000002,1.8706595840000004,0.0,74.55463137996222
10.24,0.0,1.6020000000000003,1.8706595840000004,0.0,74.55463137996222
10.24,0.0,1.8010000000000004,1.8706595840000004,0.0,74.55463137996222
10.24,0.0,2.0,1.8706595840000004,0.0,74.55463137996222
10.24,1.28,0.01,1.8706595840000004,0.003620864698042415,74.65054974850072
10.24,1.28,0.20900000000000002,1.8706595840000004,0.07567607218908648,76.55932528241709
10.24,1.28,0.40800000000000003,1.8706595840000004,0.14773127968013053,78.46810081633348
10.24,1.28,0.607,1.8706595840000004,0.23276500101737418,80.72068314172012
10.24,1.28,0.806,1.8706595840000004,0.32895781837191096,83.26887504481951
10.24,1.28,1.0050000000000001,1.8706595840000004,0.42273373076779097,85.7530420257305
10.24,1.28,1.2040000000000002,1.8706595840000004,0.5384782576852851,88.81916769322369
10.24,1.28,1.4030000000000002,1.8706595840000004,0.6513859089430367,91.81014322180772
10.24,1.28,1.6020000000000003,1.8706595840000004,0.7642935602007883,94.80111875039177
10.24,1.28,1.8010000000000004,1.8706595840000004,0.8772012114585398,97.79209427897582
10.24,1.28,2.0,1.8706595840000004,0.9901088627162913,100.78306980755985
10.24,2.56,0.01,1.8706595840000004,0.015522986779185396,74.96584242783962
10.24,2.56,0.20900000000000002,1.8706595840000004,0.3244304236849748,83.14894228060007
10.24,2.56,0.40800000000000003,1.8706595840000004,0.6333378605907642,91.33204213336052
10.24,2.56,0.607,1.8706595840000004,0.9978854043906198,100.98907396747133
10.24,2.56,0.806,1.8706595840000004,1.4102730400993924,111.9134118042385
10.24,2.56,1.0050000000000001,1.8706595840000004,1.812299177423522,122.56326879083565
10.24,2.56,1.2040000000000002,1.8706595840000004,2.3085068269594737,135.70803728371797
10.24,2.56,1.4030000000000002,1.8706595840000004,2.792552524300916,148.53063007824534
10.24,2.56,1.6020000000000003,1.8706595840000004,3.276598221642359,161.35322287277268
10.24,2.56,1.8010000000000004,1.8706595840000004,3.7606439189838015,174.17581566730004
10.24,2.56,2.0,1.8706595840000004,4.244689616325243,186.99840846182735
10.24,3.84,0.01,1.8706595840000004,0.03637197899573774,75.51814180543442
10.24,3.84,0.20900000000000002,1.8706595840000004,0.7601743610109188,94.69199927233144
10.24,3.84,0.40800000000000003,1.8706595840000004,1.4839767430261,113.86585673922848
10.24,3.84,0.607,1.8706595840000004,2.33814970565565,136.4932907522774
10.24,3.84,0.806,1.8706595840000004,3.304416999280733,162.09015506669064
10.24,3.84,1.0050000000000001,1.8706595840000004,4.246406220201668,187.04388208677184
10.24,3.84,1.2040000000000002,1.8706595840000004,5.4090725590435245,217.84344729467577
10.24,3.84,1.4030000000000002,1.8706595840000004,6.543242173894158,247.8881211984644
10.24,3.84,1.6020000000000003,1.8706595840000004,7.677411788744792,277.932795102253
10.24,3.84,1.8010000000000004,1.8706595840000004,8.811581403595424,307.9774690060416
10.24,3.84,2.0,1.8706595840000004,9.945751018446057,338.02214290983017
10.24,5.12,0.01,1.8706595840000004,0.06654850115693055,76.31753173442921
10.24,5.12,0.20900000000000002,1.8706595840000004,1.3908636741798484,111.39924878832241
10.24,5.12,0.40800000000000003,1.8706595840000004,2.7151788472027665,146.4809658422156
10.24,5.12,0.607,1.8706595840000004,4.278028380312655,187.88156762888818
10.24,5.12,0.806,1.8706595840000004,6.045972877235641,234.71522918580098
10.24,5.12,1.0050000000000001,1.8706595840000004,7.769496658155537,280.3721655779672
10.24,5.12,1.2040000000000002,1.8706595840000004,9.896785420876105,336.72502174538505
10.24,5.12,1.4030000000000002,1.8706595840000004,11.971934753137838,391.69668045771914
10.24,5.12,1.6020000000000003,1.8706595840000004,14.047084085399568,446.6683391700532
10.24,5.12,1.8010000000000004,1.8706595840000004,16.122233417661295,501.63999788238715
10.24,5.12,2.0,1.8706595840000004,18.197382749923026,556.6116565947211
10.24,6.4,0.01,1.8706595840000004,0.10632840661698253,77.37131969684805
10.24,6.4,0.20900000000000002,1.8706595840000004,2.222263698294935,133.423417202876
10.24,6.4,0.40800000000000003,1.8706595840000004,4.338198989972888,189.475514708904
10.24,6.4,0.607,1.8706595840000004,6.835254487072744,255.62366146551435
10.24,6.4,0.806,1.8706595840000004,9.660002123413866,330.45252346561614
10.24,6.4,1.0050000000000001,1.8706595840000004,12.413776201052947,403.4012633049113
10.24,6.4,1.2040000000000002,1.8706595840000004,15.812669047954191,493.43949557805877
10.24,6.4,1.4030000000000002,1.8706595840000004,19.128255697627466,581.2709084327468
10.24,6.4,1.6020000000000003,1.8706595840000004,22.443842347300734,669.1023212874347
10.24,6.4,1.8010000000000004,1.8706595840000004,25.759428996974005,756.9337341421227
10.24,6.4,2.0,1.8706595840000004,29.07501564664727,844.7651469968104
10.24,7.68,0.01,1.8706595840000004,0.15593008747023665,78.6852909995549
10.24,7.68,0.20900000000000002,1.8706595840000004,3.2589388281279463,160.88541742944923
10.24,7.68,0.40800000000000003,1.8706595840000004,6.361947568785656,243.08554385934355
10.24,7.68,0.607,1.8706595840000004,10.023867223835083,340.0914770612514
10.24,7.68,0.806,1.8706595840000004,14.166345795931596,449.8276366465728
10.24,7.68,1.0050000000000001,1.8706595840000004,18.204741991844777,556.8066062925644
10.24,7.68,1.2040000000000002,1.8706595840000004,23.1892017028645,688.8472328825145
10.24,7.68,1.4030000000000002,1.8706595840000004,28.051493283712173,817.6515696050639
10.24,7.68,1.6020000000000003,1.8706595840000004,32.913784864559844,946.4559063276131
10.24,7.68,1.8010000000000004,1.8706595840000004,37.77607644540751,1075.2602430501622
10.24,7.68,2.0,1.8706595840000004,42.63836802625517,1204.0645797727113
10.24,8.96,0.01,1.8706595840000004,0.21553518705061298,80.26425745787523
10.24,8.96,0.20900000000000002,1.8706595840000004,4.504685409357811,193.88581640834443
10.24,8.96,0.40800000000000003,1.8706595840000004,8.79383563166501,307.5073753588136
10.24,8.96,0.607,1.8706595840000004,13.855543417637024,441.5943389262735
10.24,8.96,0.806,1.8706595840000004,19.58150630507786,593.2777251550715
10.24,8.96,1.0050000000000001,1.8706595840000004,25.163600778261383,741.1499710263619
10.24,8.96,1.2040000000000002,1.8706595840000004,32.05339654244284,923.6638245876719
10.24,8.96,1.4030000000000002,1.8706595840000004,38.774324763384556,1101.7042993852242
10.24,8.96,1.6020000000000003,1.8706595840000004,45.49525298432626,1279.7447741827764
10.24,8.96,1.8010000000000004,1.8706595840000004,52.21618120526797,1457.7852489803288
10.24,8.96,2.0,1.8706595840000004,58.93710942620967,1635.8257237778807
10.24,10.24,0.01,1.8706595840000004,0.2852996700462559,82.11235064801642
10.24,10.24,0.20900000000000002,1.8706595840000004,5.962763103966748,232.51096408229498
10.24,10.24,0.40800000000000003,1.8706595840000004,11.64022653788724,382.90957751657356
10.24,10.24,0.607,1.8706595840000004,18.340309159984898,560.3978428285268
10.24,10.24,0.806,1.8706595840000004,25.91965314014143,761.178145268948
10.24,10.24,1.0050000000000001,1.8706595840000004,33.30856134190207,956.9137164922732
10.24,10.24,1.2040000000000002,1.8706595840000004,42.428447914044355,1198.5036996057256
10.24,10.24,1.4030000000000002,1.8706595840000004,51.32480785451649,1434.1723596036525
10.24,10.24,1.6020000000000003,1.8706595840000004,60.221167794988624,1669.841019601579
10.24,10.24,1.8010000000000004,1.8706595840000004,69.11752773546075,1905.5096795995055
10.24,10.24,2.0,1.8706595840000004,78.01388767593285,2141.1783395974317
10.24,11.52,0.01,1.8706595840000004,0.3653604777835558,84.23319820859744
10.24,11.52,0.20900000000000002,1.8706595840000004,7.636033985676316,276.8366780984385
10.24,11.52,0.40800000000000003,1.8706595840000004,14.906707493569076,469.44015798827957
10.24,11.52,0.607,1.8706595840000004,23.486967637585412,696.7351892262618
10.24,11.52,0.806,1.8706595840000004,33.19322750611922,953.8584702215245
10.24,11.52,1.0050000000000001,1.8706595840000004,42.6556114985592,1204.5213672721825
10.24,11.52,1.2040000000000002,1.8706595840000004,54.334721098614175,1513.906343580572
10.24,11.52,1.4030000000000002,1.8706595840000004,65.72757801239327,1815.708354783363
10.24,11.52,1.6020000000000003,1.8706595840000004,77.12043492617236,2117.5103659861543
10.24,11.52,1.8010000000000004,1.8706595840000004,88.51329183995148,2419.312377188946
10.24,11.52,2.0,1.8706595840000004,99.90614875373055,2721.1143883917366
11.52,0.0,0.01,2.3675535360000004,0.0,87.71758034026467
11.52,0.0,0.20900000000000002,2.3675535360000004,0.0,87.71758034026467
11.52,0.0,0.40800000000000003,2.3675535360000004,0.0,87.71758034026467
11.52,0.0,0.607,2.3675535360000004,0.0,87.71758034026467
11.52,0.0,0.806,2.3675535360000004,0.0,87.71758034026467
11.52,0.0,1.0050000000000001,2.3675535360000004,0.0,87.71758034026467
11.52,0.0,1.2040000000000002,2.3675535360000004,0.0,87.71758034026467
11.52,0.0,1.4030000000000002,2.3675535360000004,0.0,87.71758034026467
11.52,0.0,1.6020000000000003,2.3675535360000004,0.0,87.71758034026467
11.52,0.0,1.8010000000000004,2.3675535360000004,0.0,87.71758034026467
11.52,0.0,2.0,2.3675535360000004,0.0,87.71758034026467
11.52,1.28,0.01,2.3675535360000004,0.003620864698042415,87.8134987088032
11.52,1.28,0.20900000000000002,2.3675535360000004,0.07567607218908648,89.72227424271955
11.52,1.28,0.40800000000000003,2.3675535360000004,0.14773127968013053,91.63104977663593
11.52,1.28,0.607,2.3675535360000004,0.23276500101737418,93.88363210202257
11.52,1.28,0.806,2.3675535360000004,0.32895781837191096,96.43182400512197
11.52,1.28,1.0050000000000001,2.3675535360000004,0.42273373076779097,98.91599098603295
11.52,1.28,1.2040000000000002,2.3675535360000004,0.5384782576852851,101.98211665352613
11.52,1.28,1.4030000000000002,2.3675535360000004,0.6513859089430367,104.97309218211018
11.52,1.28,1.6020000000000003,2.3675535360000004,0.7642935602007883,107.96406771069422
11.52,1.28,1.8010000000000004,2.3675535360000004,0.8772012114585398,110.95504323927827
11.52,1.28,2.0,2.3675535360000004,0.9901088627162913,113.94601876786231
11.52,2.56,0.01,2.3675535360000004,0.015522986779185396,88.12879138814208
11.52,2.56,0.20900000000000002,2.3675535360000004,0.3244304236849748,96.31189124090253
11.52,2.56,0.40800000000000003,2.3675535360000004,0.6333378605907642,104.49499109366297
11.52,2.56,0.607,2.3675535360000004,0.9978854043906198,114.15202292777379
11.52,2.56,0.806,2.3675535360000004,1.4102730400993924,125.07636076454096
11.52,2.56,1.0050000000000001,2.3675535360000004,1.812299177423522,135.7262177511381
11.52,2.56,1.2040000000000002,2.3675535360000004,2.3085068269594737,148.8709862440204
11.52,2.56,1.4030000000000002,2.3675535360000004,2.792552524300916,161.6935790385478
11.52,2.56,1.6020000000000003,2.3675535360000004,3.276598221642359,174.51617183307513
11.52,2.56,1.8010000000000004,2.3675535360000004,3.7606439189838015,187.3387646276025
11.52,2.56,2.0,2.3675535360000004,4.244689616325243,200.16135742212984
11.52,3.84,0.01,2.3675535360000004,0.03637197899573774,88.68109076573688
11.52,3.84,0.20900000000000002,2.3675535360000004,0.7601743610109188,107.8549482326339
11.52,3.84,0.40800000000000003,2.3675535360000004,1.4839767430261,127.02880569953093
11.52,3.84,0.607,2.3675535360000004,2.33814970565565,149.65623971257986
11.52,3.84,0.806,2.3675535360000004,3.304416999280733,175.2531040269931
11.52,3.84,1.0050000000000001,2.3675535360000004,4.246406220201668,200.2068310470743
11.52,3.84,1.2040000000000002,2.3675535360000004,5.4090725590435245,231.00639625497823
11.52,3.84,1.4030000000000002,2.3675535360000004,6.543242173894158,261.05107015876683
11.52,3.84,1.6020000000000003,2.3675535360000004,7.677411788744792,291.09574406255547
11.52,3.84,1.8010000000000004,2.3675535360000004,8.811581403595424,321.14041796634405
11.52,3.84,2.0,2.3675535360000004,9.945751018446057,351.1850918701326
11.52,5.12,0.01,2.3675535360000004,0.06654850115693055,89.48048069473165
11.52,5.12,0.20900000000000002,2.3675535360000004,1.3908636741798484,124.56219774862485
11.52,5.12,0.40800000000000003,2.3675535360000004,2.7151788472027665,159.64391480251808
11.52,5.12,0.607,2.3675535360000004,4.278028380312655,201.04451658919064
11.52,5.12,0.806,2.3675535360000004,6.045972877235641,247.87817814610347
11.52,5.12,1.0050000000000001,2.3675535360000004,7.769496658155537,293.5351145382697
11.52,5.12,1.2040000000000002,2.3675535360000004,9.896785420876105,349.88797070568745
11.52,5.12,1.4030000000000002,2.3675535360000004,11.971934753137838,404.85962941802154
11.52,5.12,1.6020000000000003,2.3675535360000004,14.047084085399568,459.8312881303556
11.52,5.12,1.8010000000000004,2.3675535360000004,16.122233417661295,514.8029468426896
11.52,5.12,2.0,2.3675535360000004,18.197382749923026,569.7746055550235
11.52,6.4,0.01,2.3675535360000004,0.10632840661698253,90.5342686571505
11.52,6.4,0.20900000000000002,2.3675535360000004,2.222263698294935,146.58636616317847
11.52,6.4,0.40800000000000003,2.3675535360000004,4.338198989972888,202.63846366920646
11.52,6.4,0.607,2.3675535360000004,6.835254487072744,268.7866104258168
11.52,6.4,0.806,2.3675535360000004,9.660002123413866,343.61547242591854
11.52,6.4,1.0050000000000001,2.3675535360000004,12.413776201052947,416.5642122652137
11.52,6.4,1.2040000000000002,2.3675535360000004,15.812669047954191,506.6024445383613
11.52,6.4,1.4030000000000002,2.3675535360000004,19.128255697627466,594.4338573930492
11.52,6.4,1.6020000000000003,2.3675535360000004,22.443842347300734,682.2652702477371
11.52,6.4,1.8010000000000004,2.3675535360000004,25.759428996974005,770.0966831024251
11.52,6.4,2.0,2.3675535360000004,29.07501564664727,857.9280959571129
11.52,7.68,0.01,2.3675535360000004,0.15593008747023665,91.84823995985735
11.52,7.68,0.20900000000000002,2.3675535360000004,3.2589388281279463,174.04836638975166
11.52,7.68,0.40800000000000003,2.3675535360000004,6.361947568785656,256.248492819646
11.52,7.68,0.607,2.3675535360000004,10.023867223835083,353.25442602155385
11.52,7.68,0.806,2.3675535360000004,14.166345795931596,462.9905856068752
11.52,7.68,1.0050000000000001,2.3675535360000004,18.204741991844777,569.9695552528668
11.52,7.68,1.2040000000000002,2.3675535360000004,23.1892017028645,702.0101818428169
11.52,7.68,1.4030000000000002,2.3675535360000004,28.051493283712173,830.8145185653663
11.52,7.68,1.6020000000000003,2.3675535360000004,32.913784864559844,959.6188552879155
11.52,7.68,1.8010000000000004,2.3675535360000004,37.77607644540751,1088.4231920104646
11.52,7.68,2.0,2.3675535360000004,42.63836802625517,1217.2275287330137
11.52,8.96,0.01,2.3675535360000004,0.21553518705061298,93.42720641817769
11.52,8.96,0.20900000000000002,2.3675535360000004,4.504685409357811,207.04876536864685
11.52,8.96,0.40800000000000003,2.3675535360000004,8.79383563166501,320.670324319116
11.52,8.96,0.607,2.3675535360000004,13.855543417637024,454.757287886576
11.52,8.96,0.806,2.3675535360000004,19.58150630507786,606.4406741153739
11.52,8.96,1.0050000000000001,2.3675535360000004,25.163600778261383,754.3129199866643
11.52,8.96,1.2040000000000002,2.3675535360000004,32.05339654244284,936.8267735479743
11.52,8.96,1.4030000000000002,2.3675535360000004,38.774324763384556,1114.8672483455266
11.52,8.96,1.6020000000000003,2.3675535360000004,45.49525298432626,1292.9077231430788
11.52,8.96,1.8010000000000004,2.3675535360000004,52.21618120526797,1470.9481979406312
11.52,8.96,2.0,2.3675535360000004,58.93710942620967,1648.9886727381831
11.52,10.24,0.01,2.3675535360000004,0.2852996700462559,95.27529960831887
11.52,10.24,0.20900000000000002,2.3675535360000004,5.962763103966748,245.67391304259743
11.52,10.24,0.40800000000000003,2.3675535360000004,11.64022653788724,396.07252647687596
11.52,10.24,0.607,2.3675535360000004,18.340309159984898,573.5607917888292
11.52,10.24,0.806,2.3675535360000004,25.91965314014143,774.3410942292504
11.52,10.24,1.0050000000000001,2.3675535360000004,33.30856134190207,970.0766654525756
11.52,10.24,1.2040000000000002,2.3675535360000004,42.428447914044355,1211.666648566028
11.52,10.24,1.4030000000000002,2.3675535360000004,51.32480785451649,1447.3353085639549
11.52,10.24,1.6020000000000003,2.3675535360000004,60.221167794988624,1683.0039685618815
11.52,10.24,1.8010000000000004,2.3675535360000004,69.11752773546075,1918.6726285598083
11.52,10.24,2.0,2.3675535360000004,78.01388767593285,2154.341288557734
11.52,11.52,0.01,2.3675535360000004,0.3653604777835558,97.3961471688999
11.52,11.52,0.20900000000000002,2.3675535360000004,7.636033985676316,289.99962705874094
11.52,11.52,0.40800000000000003,2.3675535360000004,14.906707493569076,482.60310694858197
11.52,11.52,0.607,2.3675535360000004,23.486967637585412,709.8981381865642
11.52,11.52,0.806,2.3675535360000004,33.19322750611922,967.0214191818269
11.52,11.52,1.0050000000000001,2.3675535360000004,42.6556114985592,1217.684316232485
11.52,11.52,1.2040000000000002,2.3675535360000004,54.334721098614175,1527.0692925408744
11.52,11.52,1.4030000000000002,2.3675535360000004,65.72757801239327,1828.8713037436657
11.52,11.52,1.6020000000000003,2.3675535360000004,77.12043492617236,2130.673314946457
11.52,11.52,1.8010000000000004,2.3675535360000004,88.51329183995148,2432.4753261492488
11.52,11.52,2.0,2.3675535360000004,99.90614875373055,2734.2773373520395
