0.0,1.23,0.01,0.0,0.0010660173862352233,25.02186702330739
0.0,1.23,0.20900000000000002,0.0,0.02227976337231617,25.457020787124435
0.0,1.23,0.40800000000000003,0.0,0.04349350935839711,25.89217455094148
0.0,1.23,0.607,0.0,0.0705693395276787,26.447576195439563
0.0,1.23,0.806,0.0,0.10268546637784312,27.10636854108396
0.0,1.23,1.0050000000000001,0.0,0.13399465536745064,27.748608315229756
0.0,1.23,1.2040000000000002,0.0,0.16815199433212683,28.44927167860773
0.0,1.23,1.4030000000000002,0.0,0.20147214361629626,29.132761920334282
0.0,1.23,1.6020000000000003,0.0,0.23479229290046566,29.816252162060835
0.0,1.23,1.8010000000000004,0.0,0.26811244218463515,30.499742403787387
0.0,1.23,2.0,0.0,0.30143259146880447,31.18323264551394
0.0,2.46,0.01,0.0,0.004570116580676857,25.09374598114209
0.0,2.46,0.20900000000000002,0.0,0.09551543653614632,26.95929100586967
0.0,2.46,0.40800000000000003,0.0,0.18646075649161578,28.824836030597247
0.0,2.46,0.607,0.0,0.30253738149791803,31.205895005085498
0.0,2.46,0.806,0.0,0.4402222314077402,34.030199618620316
0.0,2.46,1.0050000000000001,0.0,0.5744476629781196,36.78354180467937
0.0,2.46,1.2040000000000002,0.0,0.7208833807909071,39.78735140083912
0.0,2.46,1.4030000000000002,0.0,0.8637299878729889,42.71753821277926
0.0,2.46,1.6020000000000003,0.0,1.0065765949550707,45.64772502471939
0.0,2.46,1.8010000000000004,0.0,1.1494232020371524,48.57791183665954
0.0,2.46,2.0,0.0,1.292269809119234,51.50809864859967
0.0,3.69,0.01,0.0,0.010708260378301658,25.21965662314465
0.0,3.69,0.20900000000000002,0.0,0.22380264190650465,29.590823423723172
0.0,3.69,0.40800000000000003,0.0,0.43689702343470765,33.961990224301694
0.0,3.69,0.607,0.0,0.7088766770079814,39.54106004118936
0.0,3.69,0.806,0.0,1.0314866579471105,46.15870067583816
0.0,3.69,1.0050000000000001,0.0,1.3459908604706834,52.61006893273196
0.0,3.69,1.2040000000000002,0.0,1.6891050387069408,59.64830848629622
0.0,3.69,1.4030000000000002,0.0,2.0238095557119173,66.51404216844958
0.0,3.69,1.6020000000000003,0.0,2.358514072716894,73.37977585060295
0.0,3.69,1.8010000000000004,0.0,2.6932185897218694,80.2455095327563
0.0,3.69,2.0,0.0,3.0279231067268455,87.11124321490965
0.0,4.92,0.01,0.0,0.019592518687466243,25.401897819230076
0.0,4.92,0.20900000000000002,0.0,0.4094836405680444,33.399664421908604
0.0,4.92,0.40800000000000003,0.0,0.7993747624486226,41.397431024587135
0.0,4.92,0.607,0.0,1.2970061476587484,51.60525431094868
0.0,4.92,0.806,0.0,1.887274020965308,63.71331325057042
0.0,4.92,1.0050000000000001,0.0,2.462711043183763,75.5171496037695
0.0,4.92,1.2040000000000002,0.0,3.090494708460558,88.39476325047298
0.0,4.92,1.4030000000000002,0.0,3.7028915191962546,100.95674911171804
0.0,4.92,1.6020000000000003,0.0,4.315288329931951,113.5187349729631
0.0,4.92,1.8010000000000004,0.0,4.9276851406676485,126.08072083420818
0.0,4.92,2.0,0.0,5.5400819514033435,138.6427066954532
0.0,6.15,0.01,0.0,0.03130410538832677,25.642135495145165
0.0,6.15,0.20900000000000002,0.0,0.6542558026160296,38.42063184853394
0.0,6.15,0.40800000000000003,0.0,1.2772074998437324,51.19912820192272
0.0,6.15,0.607,0.0,2.072302075260539,67.5087605181649
0.0,6.15,0.806,0.0,3.0154073496810607,86.8545097370474
0.0,6.15,1.0050000000000001,0.0,3.9348165116789566,105.71418485495295
0.0,6.15,1.2040000000000002,0.0,4.937862946513636,126.28949633874126
0.0,6.15,1.4030000000000002,0.0,5.9163249099062885,146.36051097243669
0.0,6.15,1.6020000000000003,0.0,6.8947868732989415,166.43152560613214
0.0,6.15,1.8010000000000004,0.0,7.873248836691595,186.5025402398276
0.0,6.15,2.0,0.0,8.851710800084245,206.573554873523
0.0,7.38,0.01,0.0,0.045907317213570255,25.94168855822708
0.0,7.38,0.20900000000000002,0.0,0.9594629297636182,44.681290866946014
0.0,7.38,0.40800000000000003,0.0,1.8730185423136663,63.42089317566495
0.0,7.38,0.607,0.0,3.0390208425122625,87.33888907717461
0.0,7.38,0.806,0.0,4.422080107791854,115.7093355444483
0.0,7.38,1.0050000000000001,0.0,5.7703891402754754,143.3669567235995
0.0,7.38,1.2040000000000002,0.0,7.241351823689749,173.54055022953332
0.0,7.38,1.4030000000000002,0.0,8.676261500157594,202.97459487502758
0.0,7.38,1.6020000000000003,0.0,10.111171176625437,232.4086395205218
0.0,7.38,1.8010000000000004,0.0,11.546080853093283,261.84268416601606
0.0,7.38,2.0,0.0,12.980990529561124,291.2767288115102
0.0,8.61,0.01,0.0,0.06345563170743002,26.301653983742153
0.0,8.61,0.20900000000000002,0.0,1.3262227026852875,52.204568260211026
0.0,8.61,0.40800000000000003,0.0,2.588989773663145,78.1074825366799
0.0,8.61,0.607,0.0,4.200702612102482,111.1682587097945
0.0,8.61,0.806,0.0,6.112443587050757,150.38345819591297
0.0,8.61,1.0050000000000001,0.0,7.976150869161136,188.61335116227968
0.0,8.61,1.2040000000000002,0.0,10.00939680814442,230.32096016706504
0.0,8.61,1.4030000000000002,0.0,11.992808287838896,271.0063238531055
0.0,8.61,1.6020000000000003,0.0,13.976219767533374,311.69168753914613
0.0,8.61,1.8010000000000004,0.0,15.95963124722785,352.3770512251867
0.0,8.61,2.0,0.0,17.94304272692232,393.0624149112271
0.0,9.84,0.01,0.0,0.0839949663738909,26.722973669208017
0.0,9.84,0.20900000000000002,0.0,1.7554947972143198,61.01014968644758
0.0,9.84,0.40800000000000003,0.0,3.4269946280547487,95.29732570368715
0.0,9.84,0.607,0.0,5.5603870792283026,139.05922213801645
0.0,9.84,0.806,0.0,8.090920848819124,190.9676071552641
0.0,9.84,1.0050000000000001,0.0,10.557873367917713,241.57176139318386
0.0,9.84,1.2040000000000002,0.0,13.249240858547457,296.77929966251196
0.0,9.84,1.4030000000000002,0.0,15.874643459700978,350.63371199386626
0.0,9.84,1.6020000000000003,0.0,18.500046060854505,404.4881243252206
0.0,9.84,1.8010000000000004,0.0,21.12544866200803,458.3425366565749
0.0,9.84,2.0,0.0,23.750851263161543,512.1969489879291
0.0,11.07,0.01,0.0,0.10756563805630391,27.206474626795977
0.0,11.07,0.20900000000000002,0.0,2.2481218353767516,71.11531970003594
0.0,11.07,0.40800000000000003,0.0,4.388678032697199,115.02416477327588
0.0,11.07,0.607,0.0,7.120743180666795,171.06652678290862
0.0,11.07,0.806,0.0,10.361395463773981,237.5414454107483
0.0,11.07,1.0050000000000001,0.0,13.52062432268249,302.34613995246133
0.0,11.07,1.2040000000000002,0.0,16.967243493704267,373.0460203836773
0.0,11.07,1.4030000000000002,0.0,20.32938670465198,442.0130606082458
0.0,11.07,1.6020000000000003,0.0,23.691529915599695,510.98010083281423
0.0,11.07,1.8010000000000004,0.0,27.05367312654741,579.9471410573827
0.0,11.07,2.0,0.0,30.415816337495112,648.914181281951
1.23,0.0,0.01,0.029501549999999998,0.0,25.60516
1.23,0.0,0.20900000000000002,0.029501549999999998,0.0,25.60516
1.23,0.0,0.40800000000000003,0.029501549999999998,0.0,25.60516
1.23,0.0,0.607,0.029501549999999998,0.0,25.60516
1.23,0.0,0.806,0.029501549999999998,0.0,25.60516
1.23,0.0,1.0050000000000001,0.029501549999999998,0.0,25.60516
1.23,0.0,1.2040000000000002,0.029501549999999998,0.0,25.60516
1.23,0.0,1.4030000000000002,0.029501549999999998,0.0,25.60516
1.23,0.0,1.6020000000000003,0.029501549999999998,0.0,25.60516
1.23,0.0,1.8010000000000004,0.029501549999999998,0.0,25.60516
1.23,0.0,2.0,0.029501549999999998,0.0,25.60516
1.23,1.23,0.01,0.029501549999999998,0.0010660173862352233,25.627027023307388
1.23,1.23,0.20900000000000002,0.029501549999999998,0.02227976337231617,26.062180787124433
1.23,1.23,0.40800000000000003,0.029501549999999998,0.04349350935839711,26.497334550941478
1.23,1.23,0.607,0.029501549999999998,0.0705693395276787,27.052736195439564
1.23,1.23,0.806,0.029501549999999998,0.10268546637784312,27.71152854108396
1.23,1.23,1.0050000000000001,0.029501549999999998,0.13399465536745064,28.353768315229757
1.23,1.23,1.2040000000000002,0.029501549999999998,0.16815199433212683,29.05443167860773
1.23,1.23,1.4030000000000002,0.029501549999999998,0.20147214361629626,29.737921920334283
1.23,1.23,1.6020000000000003,0.029501549999999998,0.23479229290046566,30.421412162060832
1.23,1.23,1.8010000000000004,0.029501549999999998,0.26811244218463515,31.10490240378739
1.23,1.23,2.0,0.029501549999999998,0.30143259146880447,31.788392645513937
1.23,2.46,0.01,0.029501549999999998,0.004570116580676857,25.69890598114209
1.23,2.46,0.20900000000000002,0.029501549999999998,0.09551543653614632,27.564451005869667
1.23,2.46,0.40800000000000003,0.029501549999999998,0.18646075649161578,29.429996030597245
1.23,2.46,0.607,0.029501549999999998,0.30253738149791803,31.8110550050855
1.23,2.46,0.806,0.029501549999999998,0.4402222314077402,34.63535961862031
1.23,2.46,1.0050000000000001,0.029501549999999998,0.5744476629781196,37.38870180467937
1.23,2.46,1.2040000000000002,0.029501549999999998,0.7208833807909071,40.39251140083912
1.23,2.46,1.4030000000000002,0.029501549999999998,0.8637299878729889,43.32269821277926
1.23,2.46,1.6020000000000003,0.029501549999999998,1.0065765949550707,46.2528850247194
1.23,2.46,1.8010000000000004,0.029501549999999998,1.1494232020371524,49.183071836659536
1.23,2.46,2.0,0.029501549999999998,1.292269809119234,52.11325864859967
1.23,3.69,0.01,0.029501549999999998,0.010708260378301658,25.82481662314465
1.23,3.69,0.20900000000000002,0.029501549999999998,0.22380264190650465,30.19598342372317
1.23,3.69,0.40800000000000003,0.029501549999999998,0.43689702343470765,34.5671502243017
1.23,3.69,0.607,0.029501549999999998,0.7088766770079814,40.14622004118936
1.23,3.69,0.806,0.029501549999999998,1.0314866579471105,46.76386067583816
1.23,3.69,1.0050000000000001,0.029501549999999998,1.3459908604706834,53.21522893273197
1.23,3.69,1.2040000000000002,0.029501549999999998,1.6891050387069408,60.25346848629622
1.23,3.69,1.4030000000000002,0.029501549999999998,2.0238095557119173,67.11920216844959
1.23,3.69,1.6020000000000003,0.029501549999999998,2.358514072716894,73.98493585060294
1.23,3.69,1.8010000000000004,0.029501549999999998,2.6932185897218694,80.8506695327563
1.23,3.69,2.0,0.029501549999999998,3.0279231067268455,87.71640321490966
1.23,4.92,0.01,0.029501549999999998,0.019592518687466243,26.007057819230077
1.23,4.92,0.20900000000000002,0.029501549999999998,0.4094836405680444,34.00482442190861
1.23,4.92,0.40800000000000003,0.029501549999999998,0.7993747624486226,42.00259102458713
1.23,4.92,0.607,0.029501549999999998,1.2970061476587484,52.210414310948686
1.23,4.92,0.806,0.029501549999999998,1.887274020965308,64.31847325057042
1.23,4.92,1.0050000000000001,0.029501549999999998,2.462711043183763,76.1223096037695
1.23,4.92,1.2040000000000002,0.029501549999999998,3.090494708460558,88.99992325047299
1.23,4.92,1.4030000000000002,0.029501549999999998,3.7028915191962546,101.56190911171804
1.23,4.92,1.6020000000000003,0.029501549999999998,4.315288329931951,114.1238949729631
1.23,4.92,1.8010000000000004,0.029501549999999998,4.9276851406676485,126.68588083420818
1.23,4.92,2.0,0.029501549999999998,5.5400819514033435,139.24786669545318
1.23,6.15,0.01,0.029501549999999998,0.03130410538832677,26.247295495145163
1.23,6.15,0.20900000000000002,0.029501549999999998,0.6542558026160296,39.02579184853394
1.23,6.15,0.40800000000000003,0.029501549999999998,1.2772074998437324,51.804288201922716
1.23,6.15,0.607,0.029501549999999998,2.072302075260539,68.1139205181649
1.23,6.15,0.806,0.029501549999999998,3.0154073496810607,87.45966973704739
1.23,6.15,1.0050000000000001,0.029501549999999998,3.9348165116789566,106.31934485495294
1.23,6.15,1.2040000000000002,0.029501549999999998,4.937862946513636,126.89465633874126
1.23,6.15,1.4030000000000002,0.029501549999999998,5.9163249099062885,146.96567097243667
1.23,6.15,1.6020000000000003,0.029501549999999998,6.8947868732989415,167.03668560613215
1.23,6.15,1.8010000000000004,0.029501549999999998,7.873248836691595,187.10770023982758
1.23,6.15,2.0,0.029501549999999998,8.851710800084245,207.178714873523
1.23,7.38,0.01,0.029501549999999998,0.045907317213570255,26.546848558227083
1.23,7.38,0.20900000000000002,0.029501549999999998,0.9594629297636182,45.28645086694601
1.23,7.38,0.40800000000000003,0.029501549999999998,1.8730185423136663,64.02605317566494
1.23,7.38,0.607,0.029501549999999998,3.0390208425122625,87.94404907717461
1.23,7.38,0.806,0.029501549999999998,4.422080107791854,116.31449554444829
1.23,7.38,1.0050000000000001,0.029501549999999998,5.7703891402754754,143.9721167235995
1.23,7.38,1.2040000000000002,0.029501549999999998,7.241351823689749,174.1457102295333
1.23,7.38,1.4030000000000002,0.029501549999999998,8.676261500157594,203.5797548750276
1.23,7.38,1.6020000000000003,0.029501549999999998,10.111171176625437,233.01379952052181
1.23,7.38,1.8010000000000004,0.029501549999999998,11.546080853093283,262.44784416601607
1.23,7.38,2.0,0.029501549999999998,12.980990529561124,291.88188881151024
1.23,8.61,0.01,0.029501549999999998,0.06345563170743002,26.906813983742154
1.23,8.61,0.20900000000000002,0.029501549999999998,1.3262227026852875,52.809728260211024
1.23,8.61,0.40800000000000003,0.029501549999999998,2.588989773663145,78.71264253667988
1.23,8.61,0.607,0.029501549999999998,4.200702612102482,111.7734187097945
1.23,8.61,0.806,0.029501549999999998,6.112443587050757,150.98861819591298
1.23,8.61,1.0050000000000001,0.029501549999999998,7.976150869161136,189.2185111622797
1.23,8.61,1.2040000000000002,0.029501549999999998,10.00939680814442,230.92612016706505
1.23,8.61,1.4030000000000002,0.029501549999999998,11.992808287838896,271.6114838531056
1.23,8.61,1.6020000000000003,0.029501549999999998,13.976219767533374,312.29684753914614
1.23,8.61,1.8010000000000004,0.029501549999999998,15.95963124722785,352.9822112251867
1.23,8.61,2.0,0.029501549999999998,17.94304272692232,393.6675749112271
1.23,9.84,0.01,0.029501549999999998,0.0839949663738909,27.328133669208018
1.23,9.84,0.20900000000000002,0.029501549999999998,1.7554947972143198,61.61530968644758
1.23,9.84,0.40800000000000003,0.029501549999999998,3.4269946280547487,95.90248570368715
1.23,9.84,0.607,0.029501549999999998,5.5603870792283026,139.66438213801646
1.23,9.84,0.806,0.029501549999999998,8.090920848819124,191.57276715526407
1.23,9.84,1.0050000000000001,0.029501549999999998,10.557873367917713,242.17692139318387
1.23,9.84,1.2040000000000002,0.029501549999999998,13.249240858547457,297.384459662512
1.23,9.84,1.4030000000000002,0.029501549999999998,15.874643459700978,351.23887199386627
1.23,9.84,1.6020000000000003,0.029501549999999998,18.500046060854505,405.0932843252206
1.23,9.84,1.8010000000000004,0.029501549999999998,21.12544866200803,458.947696656575
1.23,9.84,2.0,0.029501549999999998,23.750851263161543,512.8021089879292
1.23,11.07,0.01,0.029501549999999998,0.10756563805630391,27.81163462679598
1.23,11.07,0.20900000000000002,0.029501549999999998,2.2481218353767516,71.72047970003592
1.23,11.07,0.40800000000000003,0.029501549999999998,4.388678032697199,115.62932477327588
1.23,11.07,0.607,0.029501549999999998,7.120743180666795,171.67168678290864
1.23,11.07,0.806,0.029501549999999998,10.361395463773981,238.14660541074835
1.23,11.07,1.0050000000000001,0.029501549999999998,13.52062432268249,302.95129995246134
1.23,11.07,1.2040000000000002,0.029501549999999998,16.967243493704267,373.6511803836773
1.23,11.07,1.4030000000000002,0.029501549999999998,20.32938670465198,442.6182206082458
1.23,11.07,1.6020000000000003,0.029501549999999998,23.691529915599695,511.58526083281424
1.23,11.07,1.8010000000000004,0.029501549999999998,27.05367312654741,580.5523010573827
1.23,11.07,2.0,0.029501549999999998,30.415816337495112,649.519341281951
2.46,0.0,0.01,0.11800619999999999,0.0,27.42064
2.46,0.0,0.20900000000000002,0.11800619999999999,0.0,27.42064
2.46,0.0,0.40800000000000003,0.11800619999999999,0.0,27.42064
2.46,0.0,0.607,0.11800619999999999,0.0,27.42064
2.46,0.0,0.806,0.11800619999999999,0.0,27.42064
2.46,0.0,1.0050000000000001,0.11800619999999999,0.0,27.42064
2.46,0.0,1.2040000000000002,0.11800619999999999,0.0,27.42064
2.46,0.0,1.4030000000000002,0.11800619999999999,0.0,27.42064
2.46,0.0,1.6020000000000003,0.11800619999999999,0.0,27.42064
2.46,0.0,1.8010000000000004,0.11800619999999999,0.0,27.42064
2.46,0.0,2.0,0.11800619999999999,0.0,27.42064
2.46,1.23,0.01,0.11800619999999999,0.0010660173862352233,27.44250702330739
2.46,1.23,0.20900000000000002,0.11800619999999999,0.02227976337231617,27.877660787124434
2.46,1.23,0.40800000000000003,0.11800619999999999,0.04349350935839711,28.31281455094148
2.46,1.23,0.607,0.11800619999999999,0.0705693395276787,28.86821619543956
2.46,1.23,0.806,0.11800619999999999,0.10268546637784312,29.527008541083962
2.46,1.23,1.0050000000000001,0.11800619999999999,0.13399465536745064,30.16924831522976
2.46,1.23,1.2040000000000002,0.11800619999999999,0.16815199433212683,30.86991167860773
2.46,1.23,1.4030000000000002,0.11800619999999999,0.20147214361629626,31.55340192033428
2.46,1.23,1.6020000000000003,0.11800619999999999,0.23479229290046566,32.23689216206083
2.46,1.23,1.8010000000000004,0.11800619999999999,0.26811244218463515,32.920382403787386
2.46,1.23,2.0,0.11800619999999999,0.30143259146880447,33.60387264551394
2.46,2.46,0.01,0.11800619999999999,0.004570116580676857,27.51438598114209
2.46,2.46,0.20900000000000002,0.11800619999999999,0.09551543653614632,29.37993100586967
2.46,2.46,0.40800000000000003,0.11800619999999999,0.18646075649161578,31.245476030597246
2.46,2.46,0.607,0.11800619999999999,0.30253738149791803,33.6265350050855
2.46,2.46,0.806,0.11800619999999999,0.4402222314077402,36.450839618620314
2.46,2.46,1.0050000000000001,0.11800619999999999,0.5744476629781196,39.20418180467938
2.46,2.46,1.2040000000000002,0.11800619999999999,0.7208833807909071,42.20799140083912
2.46,2.46,1.4030000000000002,0.11800619999999999,0.8637299878729889,45.13817821277926
2.46,2.46,1.6020000000000003,0.11800619999999999,1.0065765949550707,48.0683650247194
2.46,2.46,1.8010000000000004,0.11800619999999999,1.1494232020371524,50.99855183665954
2.46,2.46,2.0,0.11800619999999999,1.292269809119234,53.928738648599676
2.46,3.69,0.01,0.11800619999999999,0.010708260378301658,27.64029662314465
2.46,3.69,0.20900000000000002,0.11800619999999999,0.22380264190650465,32.01146342372317
2.46,3.69,0.40800000000000003,0.11800619999999999,0.43689702343470765,36.38263022430169
2.46,3.69,0.607,0.11800619999999999,0.7088766770079814,41.96170004118936
2.46,3.69,0.806,0.11800619999999999,1.0314866579471105,48.57934067583817
2.46,3.69,1.0050000000000001,0.11800619999999999,1.3459908604706834,55.03070893273197
2.46,3.69,1.2040000000000002,0.11800619999999999,1.6891050387069408,62.06894848629622
2.46,3.69,1.4030000000000002,0.11800619999999999,2.0238095557119173,68.93468216844958
2.46,3.69,1.6020000000000003,0.11800619999999999,2.358514072716894,75.80041585060295
2.46,3.69,1.8010000000000004,0.11800619999999999,2.6932185897218694,82.6661495327563
2.46,3.69,2.0,0.11800619999999999,3.0279231067268455,89.53188321490966
2.46,4.92,0.01,0.11800619999999999,0.019592518687466243,27.822537819230078
2.46,4.92,0.20900000000000002,0.11800619999999999,0.4094836405680444,35.8203044219086
2.46,4.92,0.40800000000000003,0.11800619999999999,0.7993747624486226,43.81807102458713
2.46,4.92,0.607,0.11800619999999999,1.2970061476587484,54.025894310948686
2.46,4.92,0.806,0.11800619999999999,1.887274020965308,66.13395325057041
2.46,4.92,1.0050000000000001,0.11800619999999999,2.462711043183763,77.93778960376949
2.46,4.92,1.2040000000000002,0.11800619999999999,3.090494708460558,90.81540325047298
2.46,4.92,1.4030000000000002,0.11800619999999999,3.7028915191962546,103.37738911171805
2.46,4.92,1.6020000000000003,0.11800619999999999,4.315288329931951,115.9393749729631
2.46,4.92,1.8010000000000004,0.11800619999999999,4.9276851406676485,128.50136083420819
2.46,4.92,2.0,0.11800619999999999,5.5400819514033435,141.06334669545322
2.46,6.15,0.01,0.11800619999999999,0.03130410538832677,28.062775495145164
2.46,6.15,0.20900000000000002,0.11800619999999999,0.6542558026160296,40.84127184853394
2.46,6.15,0.40800000000000003,0.11800619999999999,1.2772074998437324,53.61976820192272
2.46,6.15,0.607,0.11800619999999999,2.072302075260539,69.9294005181649
2.46,6.15,0.806,0.11800619999999999,3.0154073496810607,89.2751497370474
2.46,6.15,1.0050000000000001,0.11800619999999999,3.9348165116789566,108.13482485495295
2.46,6.15,1.2040000000000002,0.11800619999999999,4.937862946513636,128.71013633874125
2.46,6.15,1.4030000000000002,0.11800619999999999,5.9163249099062885,148.7811509724367
2.46,6.15,1.6020000000000003,0.11800619999999999,6.8947868732989415,168.85216560613213
2.46,6.15,1.8010000000000004,0.11800619999999999,7.873248836691595,188.9231802398276
2.46,6.15,2.0,0.11800619999999999,8.851710800084245,208.99419487352299
2.46,7.38,0.01,0.11800619999999999,0.045907317213570255,28.36232855822708
2.46,7.38,0.20900000000000002,0.11800619999999999,0.9594629297636182,47.10193086694601
2.46,7.38,0.40800000000000003,0.11800619999999999,1.8730185423136663,65.84153317566495
2.46,7.38,0.607,0.11800619999999999,3.0390208425122625,89.7595290771746
2.46,7.38,0.806,0.11800619999999999,4.422080107791854,118.12997554444829
2.46,7.38,1.0050000000000001,0.11800619999999999,5.7703891402754754,145.7875967235995
2.46,7.38,1.2040000000000002,0.11800619999999999,7.241351823689749,175.96119022953332
2.46,7.38,1.4030000000000002,0.11800619999999999,8.676261500157594,205.39523487502757
2.46,7.38,1.6020000000000003,0.11800619999999999,10.111171176625437,234.8292795205218
2.46,7.38,1.8010000000000004,0.11800619999999999,11.546080853093283,264.26332416601605
2.46,7.38,2.0,0.11800619999999999,12.980990529561124,293.6973688115102
2.46,8.61,0.01,0.11800619999999999,0.06345563170743002,28.722293983742155
2.46,8.61,0.20900000000000002,0.11800619999999999,1.3262227026852875,54.625208260211025
2.46,8.61,0.40800000000000003,0.11800619999999999,2.588989773663145,80.52812253667989
2.46,8.61,0.607,0.11800619999999999,4.200702612102482,113.58889870979449
2.46,8.61,0.806,0.11800619999999999,6.112443587050757,152.80409819591296
2.46,8.61,1.0050000000000001,0.11800619999999999,7.976150869161136,191.0339911622797
2.46,8.61,1.2040000000000002,0.11800619999999999,10.00939680814442,232.74160016706503
2.46,8.61,1.4030000000000002,0.11800619999999999,11.992808287838896,273.4269638531056
2.46,8.61,1.6020000000000003,0.11800619999999999,13.976219767533374,314.1123275391461
2.46,8.61,1.8010000000000004,0.11800619999999999,15.95963124722785,354.79769122518667
2.46,8.61,2.0,0.11800619999999999,17.94304272692232,395.4830549112271
2.46,9.84,0.01,0.11800619999999999,0.0839949663738909,29.14361366920802
2.46,9.84,0.20900000000000002,0.11800619999999999,1.7554947972143198,63.43078968644758
2.46,9.84,0.40800000000000003,0.11800619999999999,3.4269946280547487,97.71796570368716
2.46,9.84,0.607,0.11800619999999999,5.5603870792283026,141.47986213801647
2.46,9.84,0.806,0.11800619999999999,8.090920848819124,193.3882471552641
2.46,9.84,1.0050000000000001,0.11800619999999999,10.557873367917713,243.99240139318385
2.46,9.84,1.2040000000000002,0.11800619999999999,13.249240858547457,299.19993966251195
2.46,9.84,1.4030000000000002,0.11800619999999999,15.874643459700978,353.05435199386625
2.46,9.84,1.6020000000000003,0.11800619999999999,18.500046060854505,406.9087643252206
2.46,9.84,1.8010000000000004,0.11800619999999999,21.12544866200803,460.7631766565749
2.46,9.84,2.0,0.11800619999999999,23.750851263161543,514.6175889879291
2.46,11.07,0.01,0.11800619999999999,0.10756563805630391,29.62711462679598
2.46,11.07,0.20900000000000002,0.11800619999999999,2.2481218353767516,73.53595970003593
2.46,11.07,0.40800000000000003,0.11800619999999999,4.388678032697199,117.44480477327588
2.46,11.07,0.607,0.11800619999999999,7.120743180666795,173.48716678290862
2.46,11.07,0.806,0.11800619999999999,10.361395463773981,239.96208541074833
2.46,11.07,1.0050000000000001,0.11800619999999999,13.52062432268249,304.7667799524613
2.46,11.07,1.2040000000000002,0.11800619999999999,16.967243493704267,375.46666038367727
2.46,11.07,1.4030000000000002,0.11800619999999999,20.32938670465198,444.4337006082458
2.46,11.07,1.6020000000000003,0.11800619999999999,23.691529915599695,513.4007408328142
2.46,11.07,1.8010000000000004,0.11800619999999999,27.05367312654741,582.3677810573827
2.46,11.07,2.0,0.11800619999999999,30.415816337495112,651.334821281951
3.69,0.0,0.01,0.26551394999999994,0.0,30.44644
3.69,0.0,0.20900000000000002,0.26551394999999994,0.0,30.44644
3.69,0.0,0.40800000000000003,0.26551394999999994,0.0,30.44644
3.69,0.0,0.607,0.26551394999999994,0.0,30.44644
3.69,0.0,0.806,0.26551394999999994,0.0,30.44644
3.69,0.0,1.0050000000000001,0.26551394999999994,0.0,30.44644
3.69,0.0,1.2040000000000002,0.26551394999999994,0.0,30.44644
3.69,0.0,1.4030000000000002,0.26551394999999994,0.0,30.44644
3.69,0.0,1.6020000000000003,0.26551394999999994,0.0,30.44644
3.69,0.0,1.8010000000000004,0.26551394999999994,0.0,30.44644
3.69,0.0,2.0,0.26551394999999994,0.0,30.44644
3.69,1.23,0.01,0.26551394999999994,0.0010660173862352233,30.46830702330739
3.69,1.23,0.20900000000000002,0.26551394999999994,0.02227976337231617,30.903460787124434
3.69,1.23,0.40800000000000003,0.26551394999999994,0.04349350935839711,31.33861455094148
3.69,1.23,0.607,0.26551394999999994,0.0705693395276787,31.894016195439562
3.69,1.23,0.806,0.26551394999999994,0.10268546637784312,32.55280854108396
3.69,1.23,1.0050000000000001,0.26551394999999994,0.13399465536745064,33.195048315229755
3.69,1.23,1.2040000000000002,0.26551394999999994,0.16815199433212683,33.895711678607725
3.69,1.23,1.4030000000000002,0.26551394999999994,0.20147214361629626,34.579201920334285
3.69,1.23,1.6020000000000003,0.26551394999999994,0.23479229290046566,35.26269216206083
3.69,1.23,1.8010000000000004,0.26551394999999994,0.26811244218463515,35.94618240378739
3.69,1.23,2.0,0.26551394999999994,0.30143259146880447,36.629672645513935
3.69,2.46,0.01,0.26551394999999994,0.004570116580676857,30.540185981142088
3.69,2.46,0.20900000000000002,0.26551394999999994,0.09551543653614632,32.40573100586967
3.69,2.46,0.40800000000000003,0.26551394999999994,0.18646075649161578,34.27127603059725
3.69,2.46,0.607,0.26551394999999994,0.30253738149791803,36.6523350050855
3.69,2.46,0.806,0.26551394999999994,0.4402222314077402,39.47663961862031
3.69,2.46,1.0050000000000001,0.26551394999999994,0.5744476629781196,42.229981804679376
3.69,2.46,1.2040000000000002,0.26551394999999994,0.7208833807909071,45.233791400839124
3.69,2.46,1.4030000000000002,0.26551394999999994,0.8637299878729889,48.163978212779256
3.69,2.46,1.6020000000000003,0.26551394999999994,1.0065765949550707,51.094165024719395
3.69,2.46,1.8010000000000004,0.26551394999999994,1.1494232020371524,54.024351836659534
3.69,2.46,2.0,0.26551394999999994,1.292269809119234,56.95453864859967
3.69,3.69,0.01,0.26551394999999994,0.010708260378301658,30.666096623144647
3.69,3.69,0.20900000000000002,0.26551394999999994,0.22380264190650465,35.037263423723175
3.69,3.69,0.40800000000000003,0.26551394999999994,0.43689702343470765,39.408430224301696
3.69,3.69,0.607,0.26551394999999994,0.7088766770079814,44.987500041189364
3.69,3.69,0.806,0.26551394999999994,1.0314866579471105,51.605140675838165
3.69,3.69,1.0050000000000001,0.26551394999999994,1.3459908604706834,58.056508932731965
3.69,3.69,1.2040000000000002,0.26551394999999994,1.6891050387069408,65.09474848629623
3.69,3.69,1.4030000000000002,0.26551394999999994,2.0238095557119173,71.96048216844959
3.69,3.69,1.6020000000000003,0.26551394999999994,2.358514072716894,78.82621585060295
3.69,3.69,1.8010000000000004,0.26551394999999994,2.6932185897218694,85.6919495327563
3.69,3.69,2.0,0.26551394999999994,3.0279231067268455,92.55768321490966
3.69,4.92,0.01,0.26551394999999994,0.019592518687466243,30.848337819230075
3.69,4.92,0.20900000000000002,0.26551394999999994,0.4094836405680444,38.846104421908606
3.69,4.92,0.40800000000000003,0.26551394999999994,0.7993747624486226,46.84387102458713
3.69,4.92,0.607,0.26551394999999994,1.2970061476587484,57.05169431094868
3.69,4.92,0.806,0.26551394999999994,1.887274020965308,69.15975325057042
3.69,4.92,1.0050000000000001,0.26551394999999994,2.462711043183763,80.96358960376949
3.69,4.92,1.2040000000000002,0.26551394999999994,3.090494708460558,93.84120325047299
3.69,4.92,1.4030000000000002,0.26551394999999994,3.7028915191962546,106.40318911171805
3.69,4.92,1.6020000000000003,0.26551394999999994,4.315288329931951,118.96517497296308
3.69,4.92,1.8010000000000004,0.26551394999999994,4.9276851406676485,131.5271608342082
3.69,4.92,2.0,0.26551394999999994,5.5400819514033435,144.0891466954532
3.69,6.15,0.01,0.26551394999999994,0.03130410538832677,31.088575495145164
3.69,6.15,0.20900000000000002,0.26551394999999994,0.6542558026160296,43.86707184853394
3.69,6.15,0.40800000000000003,0.26551394999999994,1.2772074998437324,56.645568201922714
3.69,6.15,0.607,0.26551394999999994,2.072302075260539,72.9552005181649
3.69,6.15,0.806,0.26551394999999994,3.0154073496810607,92.3009497370474
3.69,6.15,1.0050000000000001,0.26551394999999994,3.9348165116789566,111.16062485495296
3.69,6.15,1.2040000000000002,0.26551394999999994,4.937862946513636,131.73593633874125
3.69,6.15,1.4030000000000002,0.26551394999999994,5.9163249099062885,151.80695097243668
3.69,6.15,1.6020000000000003,0.26551394999999994,6.8947868732989415,171.87796560613214
3.69,6.15,1.8010000000000004,0.26551394999999994,7.873248836691595,191.9489802398276
3.69,6.15,2.0,0.26551394999999994,8.851710800084245,212.019994873523
3.69,7.38,0.01,0.26551394999999994,0.045907317213570255,31.38812855822708
3.69,7.38,0.20900000000000002,0.26551394999999994,0.9594629297636182,50.12773086694601
3.69,7.38,0.40800000000000003,0.26551394999999994,1.8730185423136663,68.86733317566495
3.69,7.38,0.607,0.26551394999999994,3.0390208425122625,92.78532907717461
3.69,7.38,0.806,0.26551394999999994,4.422080107791854,121.15577554444828
3.69,7.38,1.0050000000000001,0.26551394999999994,5.7703891402754754,148.81339672359948
3.69,7.38,1.2040000000000002,0.26551394999999994,7.241351823689749,178.9869902295333
3.69,7.38,1.4030000000000002,0.26551394999999994,8.676261500157594,208.42103487502757
3.69,7.38,1.6020000000000003,0.26551394999999994,10.111171176625437,237.8550795205218
3.69,7.38,1.8010000000000004,0.26551394999999994,11.546080853093283,267.28912416601605
3.69,7.38,2.0,0.26551394999999994,12.980990529561124,296.7231688115103
3.69,8.61,0.01,0.26551394999999994,0.06345563170743002,31.74809398374215
3.69,8.61,0.20900000000000002,0.26551394999999994,1.3262227026852875,57.65100826021103
3.69,8.61,0.40800000000000003,0.26551394999999994,2.588989773663145,83.55392253667989
3.69,8.61,0.607,0.26551394999999994,4.200702612102482,116.6146987097945
3.69,8.61,0.806,0.26551394999999994,6.112443587050757,155.82989819591296
3.69,8.61,1.0050000000000001,0.26551394999999994,7.976150869161136,194.05979116227968
3.69,8.61,1.2040000000000002,0.26551394999999994,10.00939680814442,235.76740016706503
3.69,8.61,1.4030000000000002,0.26551394999999994,11.992808287838896,276.4527638531056
3.69,8.61,1.6020000000000003,0.26551394999999994,13.976219767533374,317.1381275391461
3.69,8.61,1.8010000000000004,0.26551394999999994,15.95963124722785,357.82349122518673
3.69,8.61,2.0,0.26551394999999994,17.94304272692232,398.5088549112271
3.69,9.84,0.01,0.26551394999999994,0.0839949663738909,32.16941366920802
3.69,9.84,0.20900000000000002,0.26551394999999994,1.7554947972143198,66.45658968644759
3.69,9.84,0.40800000000000003,0.26551394999999994,3.4269946280547487,100.74376570368716
3.69,9.84,0.607,0.26551394999999994,5.5603870792283026,144.50566213801645
3.69,9.84,0.806,0.26551394999999994,8.090920848819124,196.4140471552641
3.69,9.84,1.0050000000000001,0.26551394999999994,10.557873367917713,247.01820139318386
3.69,9.84,1.2040000000000002,0.26551394999999994,13.249240858547457,302.22573966251196
3.69,9.84,1.4030000000000002,0.26551394999999994,15.874643459700978,356.08015199386625
3.69,9.84,1.6020000000000003,0.26551394999999994,18.500046060854505,409.9345643252206
3.69,9.84,1.8010000000000004,0.26551394999999994,21.12544866200803,463.78897665657496
3.69,9.84,2.0,0.26551394999999994,23.750851263161543,517.6433889879291
3.69,11.07,0.01,0.26551394999999994,0.10756563805630391,32.652914626795976
3.69,11.07,0.20900000000000002,0.26551394999999994,2.2481218353767516,76.56175970003594
3.69,11.07,0.40800000000000003,0.26551394999999994,4.388678032697199,120.47060477327588
3.69,11.07,0.607,0.26551394999999994,7.120743180666795,176.51296678290862
3.69,11.07,0.806,0.26551394999999994,10.361395463773981,242.98788541074833
3.69,11.07,1.0050000000000001,0.26551394999999994,13.52062432268249,307.7925799524613
3.69,11.07,1.2040000000000002,0.26551394999999994,16.967243493704267,378.49246038367727
3.69,11.07,1.4030000000000002,0.26551394999999994,20.32938670465198,447.4595006082458
3.69,11.07,1.6020000000000003,0.26551394999999994,23.691529915599695,516.4265408328142
3.69,11.07,1.8010000000000004,0.26551394999999994,27.05367312654741,585.3935810573828
3.69,11.07,2.0,0.26551394999999994,30.415816337495112,654.360621281951
4.92,0.0,0.01,0.47202479999999997,0.0,34.682559999999995
4.92,0.0,0.20900000000000002,0.47202479999999997,0.0,34.682559999999995
4.92,0.0,0.40800000000000003,0.47202479999999997,0.0,34.682559999999995
4.92,0.0,0.607,0.47202479999999997,0.0,34.682559999999995
4.92,0.0,0.806,0.47202479999999997,0.0,34.682559999999995
4.92,0.0,1.0050000000000001,0.47202479999999997,0.0,34.682559999999995
4.92,0.0,1.2040000000000002,0.47202479999999997,0.0,34.682559999999995
4.92,0.0,1.4030000000000002,0.47202479999999997,0.0,34.682559999999995
4.92,0.0,1.6020000000000003,0.47202479999999997,0.0,34.682559999999995
4.92,0.0,1.8010000000000004,0.47202479999999997,0.0,34.682559999999995
4.92,0.0,2.0,0.47202479999999997,0.0,34.682559999999995
4.92,1.23,0.01,0.47202479999999997,0.0010660173862352233,34.70442702330739
4.92,1.23,0.20900000000000002,0.47202479999999997,0.02227976337231617,35.13958078712443
4.92,1.23,0.40800000000000003,0.47202479999999997,0.04349350935839711,35.57473455094148
4.92,1.23,0.607,0.47202479999999997,0.0705693395276787,36.13013619543956
4.92,1.23,0.806,0.47202479999999997,0.10268546637784312,36.78892854108396
4.92,1.23,1.0050000000000001,0.47202479999999997,0.13399465536745064,37.431168315229755
4.92,1.23,1.2040000000000002,0.47202479999999997,0.16815199433212683,38.131831678607725
4.92,1.23,1.4030000000000002,0.47202479999999997,0.20147214361629626,38.815321920334284
4.92,1.23,1.6020000000000003,0.47202479999999997,0.23479229290046566,39.49881216206084
4.92,1.23,1.8010000000000004,0.47202479999999997,0.26811244218463515,40.18230240378739
4.92,1.23,2.0,0.47202479999999997,0.30143259146880447,40.865792645513935
4.92,2.46,0.01,0.47202479999999997,0.004570116580676857,34.77630598114209
4.92,2.46,0.20900000000000002,0.47202479999999997,0.09551543653614632,36.64185100586967
4.92,2.46,0.40800000000000003,0.47202479999999997,0.18646075649161578,38.50739603059725
4.92,2.46,0.607,0.47202479999999997,0.30253738149791803,40.8884550050855
4.92,2.46,0.806,0.47202479999999997,0.4402222314077402,43.71275961862031
4.92,2.46,1.0050000000000001,0.47202479999999997,0.5744476629781196,46.46610180467937
4.92,2.46,1.2040000000000002,0.47202479999999997,0.7208833807909071,49.469911400839116
4.92,2.46,1.4030000000000002,0.47202479999999997,0.8637299878729889,52.400098212779255
4.92,2.46,1.6020000000000003,0.47202479999999997,1.0065765949550707,55.3302850247194
4.92,2.46,1.8010000000000004,0.47202479999999997,1.1494232020371524,58.26047183665953
4.92,2.46,2.0,0.47202479999999997,1.292269809119234,61.19065864859967
4.92,3.69,0.01,0.47202479999999997,0.010708260378301658,34.902216623144646
4.92,3.69,0.20900000000000002,0.47202479999999997,0.22380264190650465,39.273383423723175
4.92,3.69,0.40800000000000003,0.47202479999999997,0.43689702343470765,43.644550224301696
4.92,3.69,0.607,0.47202479999999997,0.7088766770079814,49.22362004118936
4.92,3.69,0.806,0.47202479999999997,1.0314866579471105,55.84126067583816
4.92,3.69,1.0050000000000001,0.47202479999999997,1.3459908604706834,62.292628932731965
4.92,3.69,1.2040000000000002,0.47202479999999997,1.6891050387069408,69.33086848629623
4.92,3.69,1.4030000000000002,0.47202479999999997,2.0238095557119173,76.19660216844959
4.92,3.69,1.6020000000000003,0.47202479999999997,2.358514072716894,83.06233585060295
4.92,3.69,1.8010000000000004,0.47202479999999997,2.6932185897218694,89.9280695327563
4.92,3.69,2.0,0.47202479999999997,3.0279231067268455,96.79380321490966
4.92,4.92,0.01,0.47202479999999997,0.019592518687466243,35.084457819230074
4.92,4.92,0.20900000000000002,0.47202479999999997,0.4094836405680444,43.082224421908606
4.92,4.92,0.40800000000000003,0.47202479999999997,0.7993747624486226,51.07999102458713
4.92,4.92,0.607,0.47202479999999997,1.2970061476587484,61.28781431094868
4.92,4.92,0.806,0.47202479999999997,1.887274020965308,73.39587325057042
4.92,4.92,1.0050000000000001,0.47202479999999997,2.462711043183763,85.19970960376949
4.92,4.92,1.2040000000000002,0.47202479999999997,3.090494708460558,98.07732325047299
4.92,4.92,1.4030000000000002,0.47202479999999997,3.7028915191962546,110.63930911171803
4.92,4.92,1.6020000000000003,0.47202479999999997,4.315288329931951,123.2012949729631
4.92,4.92,1.8010000000000004,0.47202479999999997,4.9276851406676485,135.7632808342082
4.92,4.92,2.0,0.47202479999999997,5.5400819514033435,148.3252666954532
4.92,6.15,0.01,0.47202479999999997,0.03130410538832677,35.324695495145164
4.92,6.15,0.20900000000000002,0.47202479999999997,0.6542558026160296,48.10319184853394
4.92,6.15,0.40800000000000003,0.47202479999999997,1.2772074998437324,60.881688201922714
4.92,6.15,0.607,0.47202479999999997,2.072302075260539,77.1913205181649
4.92,6.15,0.806,0.47202479999999997,3.0154073496810607,96.5370697370474
4.92,6.15,1.0050000000000001,0.47202479999999997,3.9348165116789566,115.39674485495294
4.92,6.15,1.2040000000000002,0.47202479999999997,4.937862946513636,135.97205633874125
4.92,6.15,1.4030000000000002,0.47202479999999997,5.9163249099062885,156.04307097243668
4.92,6.15,1.6020000000000003,0.47202479999999997,6.8947868732989415,176.11408560613214
4.92,6.15,1.8010000000000004,0.47202479999999997,7.873248836691595,196.18510023982756
4.92,6.15,2.0,0.47202479999999997,8.851710800084245,216.25611487352296
4.92,7.38,0.01,0.47202479999999997,0.045907317213570255,35.62424855822708
4.92,7.38,0.20900000000000002,0.47202479999999997,0.9594629297636182,54.36385086694602
4.92,7.38,0.40800000000000003,0.47202479999999997,1.8730185423136663,73.10345317566495
4.92,7.38,0.607,0.47202479999999997,3.0390208425122625,97.02144907717461
4.92,7.38,0.806,0.47202479999999997,4.422080107791854,125.39189554444829
4.92,7.38,1.0050000000000001,0.47202479999999997,5.7703891402754754,153.04951672359948
4.92,7.38,1.2040000000000002,0.47202479999999997,7.241351823689749,183.22311022953332
4.92,7.38,1.4030000000000002,0.47202479999999997,8.676261500157594,212.65715487502754
4.92,7.38,1.6020000000000003,0.47202479999999997,10.111171176625437,242.09119952052177
4.92,7.38,1.8010000000000004,0.47202479999999997,11.546080853093283,271.525244166016
4.92,7.38,2.0,0.47202479999999997,12.980990529561124,300.95928881151025
4.92,8.61,0.01,0.47202479999999997,0.06345563170743002,35.98421398374215
4.92,8.61,0.20900000000000002,0.47202479999999997,1.3262227026852875,61.88712826021102
4.92,8.61,0.40800000000000003,0.47202479999999997,2.588989773663145,87.79004253667989
4.92,8.61,0.607,0.47202479999999997,4.200702612102482,120.85081870979451
4.92,8.61,0.806,0.47202479999999997,6.112443587050757,160.06601819591296
4.92,8.61,1.0050000000000001,0.47202479999999997,7.976150869161136,198.2959111622797
4.92,8.61,1.2040000000000002,0.47202479999999997,10.00939680814442,240.003520167065
4.92,8.61,1.4030000000000002,0.47202479999999997,11.992808287838896,280.68888385310555
4.92,8.61,1.6020000000000003,0.47202479999999997,13.976219767533374,321.3742475391461
4.92,8.61,1.8010000000000004,0.47202479999999997,15.95963124722785,362.0596112251867
4.92,8.61,2.0,0.47202479999999997,17.94304272692232,402.7449749112271
4.92,9.84,0.01,0.47202479999999997,0.0839949663738909,36.40553366920802
4.92,9.84,0.20900000000000002,0.47202479999999997,1.7554947972143198,70.69270968644759
4.92,9.84,0.40800000000000003,0.47202479999999997,3.4269946280547487,104.97988570368716
4.92,9.84,0.607,0.47202479999999997,5.5603870792283026,148.74178213801645
4.92,9.84,0.806,0.47202479999999997,8.090920848819124,200.65016715526409
4.92,9.84,1.0050000000000001,0.47202479999999997,10.557873367917713,251.25432139318383
4.92,9.84,1.2040000000000002,0.47202479999999997,13.249240858547457,306.4618596625119
4.92,9.84,1.4030000000000002,0.47202479999999997,15.874643459700978,360.3162719938662
4.92,9.84,1.6020000000000003,0.47202479999999997,18.500046060854505,414.1706843252206
4.92,9.84,1.8010000000000004,0.47202479999999997,21.12544866200803,468.02509665657493
4.92,9.84,2.0,0.47202479999999997,23.750851263161543,521.8795089879291
4.92,11.07,0.01,0.47202479999999997,0.10756563805630391,36.889034626795976
4.92,11.07,0.20900000000000002,0.47202479999999997,2.2481218353767516,80.79787970003594
4.92,11.07,0.40800000000000003,0.47202479999999997,4.388678032697199,124.70672477327588
4.92,11.07,0.607,0.47202479999999997,7.120743180666795,180.74908678290862
4.92,11.07,0.806,0.47202479999999997,10.361395463773981,247.2240054107483
4.92,11.07,1.0050000000000001,0.47202479999999997,13.52062432268249,312.0286999524613
4.92,11.07,1.2040000000000002,0.47202479999999997,16.967243493704267,382.72858038367724
4.92,11.07,1.4030000000000002,0.47202479999999997,20.32938670465198,451.69562060824575
4.92,11.07,1.6020000000000003,0.47202479999999997,23.691529915599695,520.6626608328143
4.92,11.07,1.8010000000000004,0.47202479999999997,27.05367312654741,589.6297010573827
4.92,11.07,2.0,0.47202479999999997,30.415816337495112,658.5967412819509
6.15,0.0,0.01,0.73753875,0.0,40.129000000000005
6.15,0.0,0.20900000000000002,0.73753875,0.0,40.129000000000005
6.15,0.0,0.40800000000000003,0.73753875,0.0,40.129000000000005
6.15,0.0,0.607,0.73753875,0.0,40.129000000000005
6.15,0.0,0.806,0.73753875,0.0,40.129000000000005
6.15,0.0,1.0050000000000001,0.73753875,0.0,40.129000000000005
6.15,0.0,1.2040000000000002,0.73753875,0.0,40.129000000000005
6.15,0.0,1.4030000000000002,0.73753875,0.0,40.129000000000005
6.15,0.0,1.6020000000000003,0.73753875,0.0,40.129000000000005
6.15,0.0,1.8010000000000004,0.73753875,0.0,40.129000000000005
6.15,0.0,2.0,0.73753875,0.0,40.129000000000005
6.15,1.23,0.01,0.73753875,0.0010660173862352233,40.15086702330739
6.15,1.23,0.20900000000000002,0.73753875,0.02227976337231617,40.58602078712444
6.15,1.23,0.40800000000000003,0.73753875,0.04349350935839711,41.02117455094148
6.15,1.23,0.607,0.73753875,0.0705693395276787,41.576576195439564
6.15,1.23,0.806,0.73753875,0.10268546637784312,42.23536854108396
6.15,1.23,1.0050000000000001,0.73753875,0.13399465536745064,42.87760831522976
6.15,1.23,1.2040000000000002,0.73753875,0.16815199433212683,43.578271678607734
6.15,1.23,1.4030000000000002,0.73753875,0.20147214361629626,44.26176192033428
6.15,1.23,1.6020000000000003,0.73753875,0.23479229290046566,44.94525216206084
6.15,1.23,1.8010000000000004,0.73753875,0.26811244218463515,45.628742403787385
6.15,1.23,2.0,0.73753875,0.30143259146880447,46.31223264551394
6.15,2.46,0.01,0.73753875,0.004570116580676857,40.22274598114209
6.15,2.46,0.20900000000000002,0.73753875,0.09551543653614632,42.08829100586967
6.15,2.46,0.40800000000000003,0.73753875,0.18646075649161578,43.953836030597245
6.15,2.46,0.607,0.73753875,0.30253738149791803,46.3348950050855
6.15,2.46,0.806,0.73753875,0.4402222314077402,49.15919961862031
6.15,2.46,1.0050000000000001,0.73753875,0.5744476629781196,51.91254180467938
6.15,2.46,1.2040000000000002,0.73753875,0.7208833807909071,54.91635140083912
6.15,2.46,1.4030000000000002,0.73753875,0.8637299878729889,57.84653821277926
6.15,2.46,1.6020000000000003,0.73753875,1.0065765949550707,60.7767250247194
6.15,2.46,1.8010000000000004,0.73753875,1.1494232020371524,63.706911836659536
6.15,2.46,2.0,0.73753875,1.292269809119234,66.63709864859968
6.15,3.69,0.01,0.73753875,0.010708260378301658,40.34865662314465
6.15,3.69,0.20900000000000002,0.73753875,0.22380264190650465,44.71982342372317
6.15,3.69,0.40800000000000003,0.73753875,0.43689702343470765,49.09099022430169
6.15,3.69,0.607,0.73753875,0.7088766770079814,54.67006004118936
6.15,3.69,0.806,0.73753875,1.0314866579471105,61.28770067583817
6.15,3.69,1.0050000000000001,0.73753875,1.3459908604706834,67.73906893273197
6.15,3.69,1.2040000000000002,0.73753875,1.6891050387069408,74.77730848629622
6.15,3.69,1.4030000000000002,0.73753875,2.0238095557119173,81.6430421684496
6.15,3.69,1.6020000000000003,0.73753875,2.358514072716894,88.50877585060294
6.15,3.69,1.8010000000000004,0.73753875,2.6932185897218694,95.3745095327563
6.15,3.69,2.0,0.73753875,3.0279231067268455,102.24024321490965
6.15,4.92,0.01,0.73753875,0.019592518687466243,40.53089781923008
6.15,4.92,0.20900000000000002,0.73753875,0.4094836405680444,48.5286644219086
6.15,4.92,0.40800000000000003,0.73753875,0.7993747624486226,56.52643102458713
6.15,4.92,0.607,0.73753875,1.2970061476587484,66.7342543109487
6.15,4.92,0.806,0.73753875,1.887274020965308,78.84231325057041
6.15,4.92,1.0050000000000001,0.73753875,2.462711043183763,90.6461496037695
6.15,4.92,1.2040000000000002,0.73753875,3.090494708460558,103.52376325047298
6.15,4.92,1.4030000000000002,0.73753875,3.7028915191962546,116.08574911171804
6.15,4.92,1.6020000000000003,0.73753875,4.315288329931951,128.6477349729631
6.15,4.92,1.8010000000000004,0.73753875,4.9276851406676485,141.20972083420816
6.15,4.92,2.0,0.73753875,5.5400819514033435,153.7717066954532
6.15,6.15,0.01,0.73753875,0.03130410538832677,40.77113549514517
6.15,6.15,0.20900000000000002,0.73753875,0.6542558026160296,53.54963184853394
6.15,6.15,0.40800000000000003,0.73753875,1.2772074998437324,66.32812820192271
6.15,6.15,0.607,0.73753875,2.072302075260539,82.6377605181649
6.15,6.15,0.806,0.73753875,3.0154073496810607,101.9835097370474
6.15,6.15,1.0050000000000001,0.73753875,3.9348165116789566,120.84318485495295
6.15,6.15,1.2040000000000002,0.73753875,4.937862946513636,141.41849633874125
6.15,6.15,1.4030000000000002,0.73753875,5.9163249099062885,161.48951097243668
6.15,6.15,1.6020000000000003,0.73753875,6.8947868732989415,181.56052560613213
6.15,6.15,1.8010000000000004,0.73753875,7.873248836691595,201.6315402398276
6.15,6.15,2.0,0.73753875,8.851710800084245,221.70255487352298
6.15,7.38,0.01,0.73753875,0.045907317213570255,41.07068855822708
6.15,7.38,0.20900000000000002,0.73753875,0.9594629297636182,59.81029086694602
6.15,7.38,0.40800000000000003,0.73753875,1.8730185423136663,78.54989317566495
6.15,7.38,0.607,0.73753875,3.0390208425122625,102.46788907717462
6.15,7.38,0.806,0.73753875,4.422080107791854,130.83833554444828
6.15,7.38,1.0050000000000001,0.73753875,5.7703891402754754,158.49595672359948
6.15,7.38,1.2040000000000002,0.73753875,7.241351823689749,188.66955022953331
6.15,7.38,1.4030000000000002,0.73753875,8.676261500157594,218.10359487502757
6.15,7.38,1.6020000000000003,0.73753875,10.111171176625437,247.5376395205218
6.15,7.38,1.8010000000000004,0.73753875,11.546080853093283,276.9716841660161
6.15,7.38,2.0,0.73753875,12.980990529561124,306.40572881151024
6.15,8.61,0.01,0.73753875,0.06345563170743002,41.430653983742154
6.15,8.61,0.20900000000000002,0.73753875,1.3262227026852875,67.33356826021102
6.15,8.61,0.40800000000000003,0.73753875,2.588989773663145,93.23648253667989
6.15,8.61,0.607,0.73753875,4.200702612102482,126.29725870979449
6.15,8.61,0.806,0.73753875,6.112443587050757,165.51245819591296
6.15,8.61,1.0050000000000001,0.73753875,7.976150869161136,203.7423511622797
6.15,8.61,1.2040000000000002,0.73753875,10.00939680814442,245.44996016706503
6.15,8.61,1.4030000000000002,0.73753875,11.992808287838896,286.13532385310555
6.15,8.61,1.6020000000000003,0.73753875,13.976219767533374,326.8206875391461
6.15,8.61,1.8010000000000004,0.73753875,15.95963124722785,367.5060512251867
6.15,8.61,2.0,0.73753875,17.94304272692232,408.1914149112271
6.15,9.84,0.01,0.73753875,0.0839949663738909,41.85197366920802
6.15,9.84,0.20900000000000002,0.73753875,1.7554947972143198,76.13914968644758
6.15,9.84,0.40800000000000003,0.73753875,3.4269946280547487,110.42632570368716
6.15,9.84,0.607,0.73753875,5.5603870792283026,154.18822213801644
6.15,9.84,0.806,0.73753875,8.090920848819124,206.0966071552641
6.15,9.84,1.0050000000000001,0.73753875,10.557873367917713,256.7007613931838
6.15,9.84,1.2040000000000002,0.73753875,13.249240858547457,311.9082996625119
6.15,9.84,1.4030000000000002,0.73753875,15.874643459700978,365.7627119938662
6.15,9.84,1.6020000000000003,0.73753875,18.500046060854505,419.6171243252206
6.15,9.84,1.8010000000000004,0.73753875,21.12544866200803,473.4715366565749
6.15,9.84,2.0,0.73753875,23.750851263161543,527.3259489879291
6.15,11.07,0.01,0.73753875,0.10756563805630391,42.33547462679598
6.15,11.07,0.20900000000000002,0.73753875,2.2481218353767516,86.24431970003593
6.15,11.07,0.40800000000000003,0.73753875,4.388678032697199,130.15316477327588
6.15,11.07,0.607,0.73753875,7.120743180666795,186.19552678290862
6.15,11.07,0.806,0.73753875,10.361395463773981,252.67044541074833
6.15,11.07,1.0050000000000001,0.73753875,13.52062432268249,317.47513995246135
6.15,11.07,1.2040000000000002,0.73753875,16.967243493704267,388.1750203836773
6.15,11.07,1.4030000000000002,0.73753875,20.32938670465198,457.14206060824574
6.15,11.07,1.6020000000000003,0.73753875,23.691529915599695,526.1091008328142
6.15,11.07,1.8010000000000004,0.73753875,27.05367312654741,595.0761410573828
6.15,11.07,2.0,0.73753875,30.415816337495112,664.043181281951
7.38,0.0,0.01,1.0620557999999998,0.0,46.785759999999996
7.38,0.0,0.20900000000000002,1.0620557999999998,0.0,46.785759999999996
7.38,0.0,0.40800000000000003,1.0620557999999998,0.0,46.785759999999996
7.38,0.0,0.607,1.0620557999999998,0.0,46.785759999999996
7.38,0.0,0.806,1.0620557999999998,0.0,46.785759999999996
7.38,0.0,1.0050000000000001,1.0620557999999998,0.0,46.785759999999996
7.38,0.0,1.2040000000000002,1.0620557999999998,0.0,46.785759999999996
7.38,0.0,1.4030000000000002,1.0620557999999998,0.0,46.785759999999996
7.38,0.0,1.6020000000000003,1.0620557999999998,0.0,46.785759999999996
7.38,0.0,1.8010000000000004,1.0620557999999998,0.0,46.785759999999996
7.38,0.0,2.0,1.0620557999999998,0.0,46.785759999999996
7.38,1.23,0.01,1.0620557999999998,0.0010660173862352233,46.80762702330739
7.38,1.23,0.20900000000000002,1.0620557999999998,0.02227976337231617,47.24278078712443
7.38,1.23,0.40800000000000003,1.0620557999999998,0.04349350935839711,47.67793455094148
7.38,1.23,0.607,1.0620557999999998,0.0705693395276787,48.23333619543956
7.38,1.23,0.806,1.0620557999999998,0.10268546637784312,48.89212854108396
7.38,1.23,1.0050000000000001,1.0620557999999998,0.13399465536745064,49.534368315229756
7.38,1.23,1.2040000000000002,1.0620557999999998,0.16815199433212683,50.235031678607726
7.38,1.23,1.4030000000000002,1.0620557999999998,0.20147214361629626,50.918521920334285
7.38,1.23,1.6020000000000003,1.0620557999999998,0.23479229290046566,51.60201216206083
7.38,1.23,1.8010000000000004,1.0620557999999998,0.26811244218463515,52.28550240378738
7.38,1.23,2.0,1.0620557999999998,0.30143259146880447,52.968992645513936
7.38,2.46,0.01,1.0620557999999998,0.004570116580676857,46.87950598114209
7.38,2.46,0.20900000000000002,1.0620557999999998,0.09551543653614632,48.74505100586967
7.38,2.46,0.40800000000000003,1.0620557999999998,0.18646075649161578,50.61059603059724
7.38,2.46,0.607,1.0620557999999998,0.30253738149791803,52.99165500508549
7.38,2.46,0.806,1.0620557999999998,0.4402222314077402,55.81595961862031
7.38,2.46,1.0050000000000001,1.0620557999999998,0.5744476629781196,58.56930180467937
7.38,2.46,1.2040000000000002,1.0620557999999998,0.7208833807909071,61.57311140083912
7.38,2.46,1.4030000000000002,1.0620557999999998,0.8637299878729889,64.50329821277926
7.38,2.46,1.6020000000000003,1.0620557999999998,1.0065765949550707,67.4334850247194
7.38,2.46,1.8010000000000004,1.0620557999999998,1.1494232020371524,70.36367183665953
7.38,2.46,2.0,1.0620557999999998,1.292269809119234,73.29385864859967
7.38,3.69,0.01,1.0620557999999998,0.010708260378301658,47.00541662314465
7.38,3.69,0.20900000000000002,1.0620557999999998,0.22380264190650465,51.376583423723176
7.38,3.69,0.40800000000000003,1.0620557999999998,0.43689702343470765,55.7477502243017
7.38,3.69,0.607,1.0620557999999998,0.7088766770079814,61.32682004118936
7.38,3.69,0.806,1.0620557999999998,1.0314866579471105,67.94446067583816
7.38,3.69,1.0050000000000001,1.0620557999999998,1.3459908604706834,74.39582893273197
7.38,3.69,1.2040000000000002,1.0620557999999998,1.6891050387069408,81.43406848629623
7.38,3.69,1.4030000000000002,1.0620557999999998,2.0238095557119173,88.29980216844957
7.38,3.69,1.6020000000000003,1.0620557999999998,2.358514072716894,95.16553585060295
7.38,3.69,1.8010000000000004,1.0620557999999998,2.6932185897218694,102.0312695327563
7.38,3.69,2.0,1.0620557999999998,3.0279231067268455,108.89700321490966
7.38,4.92,0.01,1.0620557999999998,0.019592518687466243,47.187657819230076
7.38,4.92,0.20900000000000002,1.0620557999999998,0.4094836405680444,55.1854244219086
7.38,4.92,0.40800000000000003,1.0620557999999998,0.7993747624486226,63.183191024587124
7.38,4.92,0.607,1.0620557999999998,1.2970061476587484,73.39101431094868
7.38,4.92,0.806,1.0620557999999998,1.887274020965308,85.4990732505704
7.38,4.92,1.0050000000000001,1.0620557999999998,2.462711043183763,97.30290960376949
7.38,4.92,1.2040000000000002,1.0620557999999998,3.090494708460558,110.18052325047297
7.38,4.92,1.4030000000000002,1.0620557999999998,3.7028915191962546,122.74250911171804
7.38,4.92,1.6020000000000003,1.0620557999999998,4.315288329931951,135.30449497296308
7.38,4.92,1.8010000000000004,1.0620557999999998,4.9276851406676485,147.86648083420818
7.38,4.92,2.0,1.0620557999999998,5.5400819514033435,160.4284666954532
7.38,6.15,0.01,1.0620557999999998,0.03130410538832677,47.42789549514516
7.38,6.15,0.20900000000000002,1.0620557999999998,0.6542558026160296,60.20639184853394
7.38,6.15,0.40800000000000003,1.0620557999999998,1.2772074998437324,72.9848882019227
7.38,6.15,0.607,1.0620557999999998,2.072302075260539,89.2945205181649
7.38,6.15,0.806,1.0620557999999998,3.0154073496810607,108.6402697370474
7.38,6.15,1.0050000000000001,1.0620557999999998,3.9348165116789566,127.49994485495294
7.38,6.15,1.2040000000000002,1.0620557999999998,4.937862946513636,148.07525633874127
7.38,6.15,1.4030000000000002,1.0620557999999998,5.9163249099062885,168.1462709724367
7.38,6.15,1.6020000000000003,1.0620557999999998,6.8947868732989415,188.21728560613215
7.38,6.15,1.8010000000000004,1.0620557999999998,7.873248836691595,208.28830023982758
7.38,6.15,2.0,1.0620557999999998,8.851710800084245,228.35931487352298
7.38,7.38,0.01,1.0620557999999998,0.045907317213570255,47.72744855822708
7.38,7.38,0.20900000000000002,1.0620557999999998,0.9594629297636182,66.46705086694601
7.38,7.38,0.40800000000000003,1.0620557999999998,1.8730185423136663,85.20665317566495
7.38,7.38,0.607,1.0620557999999998,3.0390208425122625,109.12464907717461
7.38,7.38,0.806,1.0620557999999998,4.422080107791854,137.4950955444483
7.38,7.38,1.0050000000000001,1.0620557999999998,5.7703891402754754,165.1527167235995
7.38,7.38,1.2040000000000002,1.0620557999999998,7.241351823689749,195.3263102295333
7.38,7.38,1.4030000000000002,1.0620557999999998,8.676261500157594,224.7603548750276
7.38,7.38,1.6020000000000003,1.0620557999999998,10.111171176625437,254.19439952052178
7.38,7.38,1.8010000000000004,1.0620557999999998,11.546080853093283,283.62844416601604
7.38,7.38,2.0,1.0620557999999998,12.980990529561124,313.06248881151026
7.38,8.61,0.01,1.0620557999999998,0.06345563170743002,48.08741398374215
7.38,8.61,0.20900000000000002,1.0620557999999998,1.3262227026852875,73.99032826021102
7.38,8.61,0.40800000000000003,1.0620557999999998,2.588989773663145,99.89324253667989
7.38,8.61,0.607,1.0620557999999998,4.200702612102482,132.9540187097945
7.38,8.61,0.806,1.0620557999999998,6.112443587050757,172.16921819591298
7.38,8.61,1.0050000000000001,1.0620557999999998,7.976150869161136,210.39911116227967
7.38,8.61,1.2040000000000002,1.0620557999999998,10.00939680814442,252.10672016706502
7.38,8.61,1.4030000000000002,1.0620557999999998,11.992808287838896,292.79208385310557
7.38,8.61,1.6020000000000003,1.0620557999999998,13.976219767533374,333.4774475391461
7.38,8.61,1.8010000000000004,1.0620557999999998,15.95963124722785,374.16281122518666
7.38,8.61,2.0,1.0620557999999998,17.94304272692232,414.8481749112271
7.38,9.84,0.01,1.0620557999999998,0.0839949663738909,48.50873366920801
7.38,9.84,0.20900000000000002,1.0620557999999998,1.7554947972143198,82.79590968644757
7.38,9.84,0.40800000000000003,1.0620557999999998,3.4269946280547487,117.08308570368715
7.38,9.84,0.607,1.0620557999999998,5.5603870792283026,160.84498213801646
7.38,9.84,0.806,1.0620557999999998,8.090920848819124,212.75336715526407
7.38,9.84,1.0050000000000001,1.0620557999999998,10.557873367917713,263.35752139318384
7.38,9.84,1.2040000000000002,1.0620557999999998,13.249240858547457,318.56505966251194
7.38,9.84,1.4030000000000002,1.0620557999999998,15.874643459700978,372.4194719938662
7.38,9.84,1.6020000000000003,1.0620557999999998,18.500046060854505,426.27388432522054
7.38,9.84,1.8010000000000004,1.0620557999999998,21.12544866200803,480.1282966565749
7.38,9.84,2.0,1.0620557999999998,23.750851263161543,533.9827089879291
7.38,11.07,0.01,1.0620557999999998,0.10756563805630391,48.99223462679598
7.38,11.07,0.20900000000000002,1.0620557999999998,2.2481218353767516,92.90107970003594
7.38,11.07,0.40800000000000003,1.0620557999999998,4.388678032697199,136.8099247732759
7.38,11.07,0.607,1.0620557999999998,7.120743180666795,192.85228678290864
7.38,11.07,0.806,1.0620557999999998,10.361395463773981,259.3272054107483
7.38,11.07,1.0050000000000001,1.0620557999999998,13.52062432268249,324.1318999524613
7.38,11.07,1.2040000000000002,1.0620557999999998,16.967243493704267,394.83178038367726
7.38,11.07,1.4030000000000002,1.0620557999999998,20.32938670465198,463.7988206082457
7.38,11.07,1.6020000000000003,1.0620557999999998,23.691529915599695,532.7658608328143
7.38,11.07,1.8010000000000004,1.0620557999999998,27.05367312654741,601.7329010573827
7.38,11.07,2.0,1.0620557999999998,30.415816337495112,670.6999412819509
8.61,0.0,0.01,1.4455759499999998,0.0,54.65284
8.61,0.0,0.20900000000000002,1.4455759499999998,0.0,54.65284
8.61,0.0,0.40800000000000003,1.4455759499999998,0.0,54.65284
8.61,0.0,0.607,1.4455759499999998,0.0,54.65284
8.61,0.0,0.806,1.4455759499999998,0.0,54.65284
8.61,0.0,1.0050000000000001,1.4455759499999998,0.0,54.65284
8.61,0.0,1.2040000000000002,1.4455759499999998,0.0,54.65284
8.61,0.0,1.4030000000000002,1.4455759499999998,0.0,54.65284
8.61,0.0,1.6020000000000003,1.4455759499999998,0.0,54.65284
8.61,0.0,1.8010000000000004,1.4455759499999998,0.0,54.65284
8.61,0.0,2.0,1.4455759499999998,0.0,54.65284
8.61,1.23,0.01,1.4455759499999998,0.0010660173862352233,54.67470702330739
8.61,1.23,0.20900000000000002,1.4455759499999998,0.02227976337231617,55.10986078712443
8.61,1.23,0.40800000000000003,1.4455759499999998,0.04349350935839711,55.54501455094148
8.61,1.23,0.607,1.4455759499999998,0.0705693395276787,56.100416195439564
8.61,1.23,0.806,1.4455759499999998,0.10268546637784312,56.759208541083964
8.61,1.23,1.0050000000000001,1.4455759499999998,0.13399465536745064,57.40144831522976
8.61,1.23,1.2040000000000002,1.4455759499999998,0.16815199433212683,58.10211167860773
8.61,1.23,1.4030000000000002,1.4455759499999998,0.20147214361629626,58.78560192033428
8.61,1.23,1.6020000000000003,1.4455759499999998,0.23479229290046566,59.46909216206083
8.61,1.23,1.8010000000000004,1.4455759499999998,0.26811244218463515,60.15258240378739
8.61,1.23,2.0,1.4455759499999998,0.30143259146880447,60.83607264551394
8.61,2.46,0.01,1.4455759499999998,0.004570116580676857,54.74658598114209
8.61,2.46,0.20900000000000002,1.4455759499999998,0.09551543653614632,56.61213100586967
8.61,2.46,0.40800000000000003,1.4455759499999998,0.18646075649161578,58.477676030597245
8.61,2.46,0.607,1.4455759499999998,0.30253738149791803,60.85873500508549
8.61,2.46,0.806,1.4455759499999998,0.4402222314077402,63.68303961862031
8.61,2.46,1.0050000000000001,1.4455759499999998,0.5744476629781196,66.43638180467937
8.61,2.46,1.2040000000000002,1.4455759499999998,0.7208833807909071,69.44019140083913
8.61,2.46,1.4030000000000002,1.4455759499999998,0.8637299878729889,72.37037821277926
8.61,2.46,1.6020000000000003,1.4455759499999998,1.0065765949550707,75.30056502471939
8.61,2.46,1.8010000000000004,1.4455759499999998,1.1494232020371524,78.23075183665954
8.61,2.46,2.0,1.4455759499999998,1.292269809119234,81.16093864859967
8.61,3.69,0.01,1.4455759499999998,0.010708260378301658,54.87249662314465
8.61,3.69,0.20900000000000002,1.4455759499999998,0.22380264190650465,59.24366342372317
8.61,3.69,0.40800000000000003,1.4455759499999998,0.43689702343470765,63.61483022430169
8.61,3.69,0.607,1.4455759499999998,0.7088766770079814,69.19390004118935
8.61,3.69,0.806,1.4455759499999998,1.0314866579471105,75.81154067583816
8.61,3.69,1.0050000000000001,1.4455759499999998,1.3459908604706834,82.26290893273196
8.61,3.69,1.2040000000000002,1.4455759499999998,1.6891050387069408,89.30114848629621
8.61,3.69,1.4030000000000002,1.4455759499999998,2.0238095557119173,96.16688216844959
8.61,3.69,1.6020000000000003,1.4455759499999998,2.358514072716894,103.03261585060295
8.61,3.69,1.8010000000000004,1.4455759499999998,2.6932185897218694,109.89834953275631
8.61,3.69,2.0,1.4455759499999998,3.0279231067268455,116.76408321490965
8.61,4.92,0.01,1.4455759499999998,0.019592518687466243,55.05473781923008
8.61,4.92,0.20900000000000002,1.4455759499999998,0.4094836405680444,63.0525044219086
8.61,4.92,0.40800000000000003,1.4455759499999998,0.7993747624486226,71.05027102458713
8.61,4.92,0.607,1.4455759499999998,1.2970061476587484,81.25809431094868
8.61,4.92,0.806,1.4455759499999998,1.887274020965308,93.36615325057042
8.61,4.92,1.0050000000000001,1.4455759499999998,2.462711043183763,105.1699896037695
8.61,4.92,1.2040000000000002,1.4455759499999998,3.090494708460558,118.04760325047297
8.61,4.92,1.4030000000000002,1.4455759499999998,3.7028915191962546,130.60958911171804
8.61,4.92,1.6020000000000003,1.4455759499999998,4.315288329931951,143.1715749729631
8.61,4.92,1.8010000000000004,1.4455759499999998,4.9276851406676485,155.7335608342082
8.61,4.92,2.0,1.4455759499999998,5.5400819514033435,168.2955466954532
8.61,6.15,0.01,1.4455759499999998,0.03130410538832677,55.29497549514516
8.61,6.15,0.20900000000000002,1.4455759499999998,0.6542558026160296,68.07347184853393
8.61,6.15,0.40800000000000003,1.4455759499999998,1.2772074998437324,80.85196820192272
8.61,6.15,0.607,1.4455759499999998,2.072302075260539,97.1616005181649
8.61,6.15,0.806,1.4455759499999998,3.0154073496810607,116.50734973704739
8.61,6.15,1.0050000000000001,1.4455759499999998,3.9348165116789566,135.36702485495294
8.61,6.15,1.2040000000000002,1.4455759499999998,4.937862946513636,155.94233633874126
8.61,6.15,1.4030000000000002,1.4455759499999998,5.9163249099062885,176.0133509724367
8.61,6.15,1.6020000000000003,1.4455759499999998,6.8947868732989415,196.08436560613214
8.61,6.15,1.8010000000000004,1.4455759499999998,7.873248836691595,216.1553802398276
8.61,6.15,2.0,1.4455759499999998,8.851710800084245,236.226394873523
8.61,7.38,0.01,1.4455759499999998,0.045907317213570255,55.59452855822708
8.61,7.38,0.20900000000000002,1.4455759499999998,0.9594629297636182,74.33413086694603
8.61,7.38,0.40800000000000003,1.4455759499999998,1.8730185423136663,93.07373317566496
8.61,7.38,0.607,1.4455759499999998,3.0390208425122625,116.99172907717461
8.61,7.38,0.806,1.4455759499999998,4.422080107791854,145.3621755444483
8.61,7.38,1.0050000000000001,1.4455759499999998,5.7703891402754754,173.01979672359948
8.61,7.38,1.2040000000000002,1.4455759499999998,7.241351823689749,203.19339022953332
8.61,7.38,1.4030000000000002,1.4455759499999998,8.676261500157594,232.62743487502757
8.61,7.38,1.6020000000000003,1.4455759499999998,10.111171176625437,262.0614795205218
8.61,7.38,1.8010000000000004,1.4455759499999998,11.546080853093283,291.4955241660161
8.61,7.38,2.0,1.4455759499999998,12.980990529561124,320.92956881151025
8.61,8.61,0.01,1.4455759499999998,0.06345563170743002,55.954493983742154
8.61,8.61,0.20900000000000002,1.4455759499999998,1.3262227026852875,81.85740826021103
8.61,8.61,0.40800000000000003,1.4455759499999998,2.588989773663145,107.7603225366799
8.61,8.61,0.607,1.4455759499999998,4.200702612102482,140.82109870979448
8.61,8.61,0.806,1.4455759499999998,6.112443587050757,180.03629819591296
8.61,8.61,1.0050000000000001,1.4455759499999998,7.976150869161136,218.26619116227968
8.61,8.61,1.2040000000000002,1.4455759499999998,10.00939680814442,259.97380016706506
8.61,8.61,1.4030000000000002,1.4455759499999998,11.992808287838896,300.65916385310555
8.61,8.61,1.6020000000000003,1.4455759499999998,13.976219767533374,341.34452753914616
8.61,8.61,1.8010000000000004,1.4455759499999998,15.95963124722785,382.02989122518665
8.61,8.61,2.0,1.4455759499999998,17.94304272692232,422.7152549112271
8.61,9.84,0.01,1.4455759499999998,0.0839949663738909,56.375813669208014
8.61,9.84,0.20900000000000002,1.4455759499999998,1.7554947972143198,90.66298968644757
8.61,9.84,0.40800000000000003,1.4455759499999998,3.4269946280547487,124.95016570368715
8.61,9.84,0.607,1.4455759499999998,5.5603870792283026,168.71206213801645
8.61,9.84,0.806,1.4455759499999998,8.090920848819124,220.6204471552641
8.61,9.84,1.0050000000000001,1.4455759499999998,10.557873367917713,271.2246013931839
8.61,9.84,1.2040000000000002,1.4455759499999998,13.249240858547457,326.43213966251193
8.61,9.84,1.4030000000000002,1.4455759499999998,15.874643459700978,380.2865519938662
8.61,9.84,1.6020000000000003,1.4455759499999998,18.500046060854505,434.1409643252206
8.61,9.84,1.8010000000000004,1.4455759499999998,21.12544866200803,487.9953766565749
8.61,9.84,2.0,1.4455759499999998,23.750851263161543,541.8497889879291
8.61,11.07,0.01,1.4455759499999998,0.10756563805630391,56.85931462679598
8.61,11.07,0.20900000000000002,1.4455759499999998,2.2481218353767516,100.76815970003594
8.61,11.07,0.40800000000000003,1.4455759499999998,4.388678032697199,144.67700477327588
8.61,11.07,0.607,1.4455759499999998,7.120743180666795,200.71936678290862
8.61,11.07,0.806,1.4455759499999998,10.361395463773981,267.1942854107483
8.61,11.07,1.0050000000000001,1.4455759499999998,13.52062432268249,331.99897995246135
8.61,11.07,1.2040000000000002,1.4455759499999998,16.967243493704267,402.69886038367724
8.61,11.07,1.4030000000000002,1.4455759499999998,20.32938670465198,471.66590060824575
8.61,11.07,1.6020000000000003,1.4455759499999998,23.691529915599695,540.6329408328143
8.61,11.07,1.8010000000000004,1.4455759499999998,27.05367312654741,609.5999810573827
8.61,11.07,2.0,1.4455759499999998,30.415816337495112,678.5670212819509
9.84,0.0,0.01,1.8880991999999999,0.0,63.730239999999995
9.84,0.0,0.20900000000000002,1.8880991999999999,0.0,63.730239999999995
9.84,0.0,0.40800000000000003,1.8880991999999999,0.0,63.730239999999995
9.84,0.0,0.607,1.8880991999999999,0.0,63.730239999999995
9.84,0.0,0.806,1.8880991999999999,0.0,63.730239999999995
9.84,0.0,1.0050000000000001,1.8880991999999999,0.0,63.730239999999995
9.84,0.0,1.2040000000000002,1.8880991999999999,0.0,63.730239999999995
9.84,0.0,1.4030000000000002,1.8880991999999999,0.0,63.730239999999995
9.84,0.0,1.6020000000000003,1.8880991999999999,0.0,63.730239999999995
9.84,0.0,1.8010000000000004,1.8880991999999999,0.0,63.730239999999995
9.84,0.0,2.0,1.8880991999999999,0.0,63.730239999999995
9.84,1.23,0.01,1.8880991999999999,0.0010660173862352233,63.75210702330739
9.84,1.23,0.20900000000000002,1.8880991999999999,0.02227976337231617,64.18726078712443
9.84,1.23,0.40800000000000003,1.8880991999999999,0.04349350935839711,64.62241455094147
9.84,1.23,0.607,1.8880991999999999,0.0705693395276787,65.17781619543956
9.84,1.23,0.806,1.8880991999999999,0.10268546637784312,65.83660854108396
9.84,1.23,1.0050000000000001,1.8880991999999999,0.13399465536745064,66.47884831522975
9.84,1.23,1.2040000000000002,1.8880991999999999,0.16815199433212683,67.17951167860772
9.84,1.23,1.4030000000000002,1.8880991999999999,0.20147214361629626,67.86300192033428
9.84,1.23,1.6020000000000003,1.8880991999999999,0.23479229290046566,68.54649216206083
9.84,1.23,1.8010000000000004,1.8880991999999999,0.26811244218463515,69.22998240378737
9.84,1.23,2.0,1.8880991999999999,0.30143259146880447,69.91347264551393
9.84,2.46,0.01,1.8880991999999999,0.004570116580676857,63.82398598114209
9.84,2.46,0.20900000000000002,1.8880991999999999,0.09551543653614632,65.68953100586967
9.84,2.46,0.40800000000000003,1.8880991999999999,0.18646075649161578,67.55507603059723
9.84,2.46,0.607,1.8880991999999999,0.30253738149791803,69.9361350050855
9.84,2.46,0.806,1.8880991999999999,0.4402222314077402,72.76043961862031
9.84,2.46,1.0050000000000001,1.8880991999999999,0.5744476629781196,75.51378180467938
9.84,2.46,1.2040000000000002,1.8880991999999999,0.7208833807909071,78.51759140083911
9.84,2.46,1.4030000000000002,1.8880991999999999,0.8637299878729889,81.44777821277926
9.84,2.46,1.6020000000000003,1.8880991999999999,1.0065765949550707,84.3779650247194
9.84,2.46,1.8010000000000004,1.8880991999999999,1.1494232020371524,87.30815183665953
9.84,2.46,2.0,1.8880991999999999,1.292269809119234,90.23833864859967
9.84,3.69,0.01,1.8880991999999999,0.010708260378301658,63.949896623144646
9.84,3.69,0.20900000000000002,1.8880991999999999,0.22380264190650465,68.32106342372317
9.84,3.69,0.40800000000000003,1.8880991999999999,0.43689702343470765,72.6922302243017
9.84,3.69,0.607,1.8880991999999999,0.7088766770079814,78.27130004118936
9.84,3.69,0.806,1.8880991999999999,1.0314866579471105,84.88894067583817
9.84,3.69,1.0050000000000001,1.8880991999999999,1.3459908604706834,91.34030893273196
9.84,3.69,1.2040000000000002,1.8880991999999999,1.6891050387069408,98.37854848629621
9.84,3.69,1.4030000000000002,1.8880991999999999,2.0238095557119173,105.24428216844959
9.84,3.69,1.6020000000000003,1.8880991999999999,2.358514072716894,112.11001585060293
9.84,3.69,1.8010000000000004,1.8880991999999999,2.6932185897218694,118.9757495327563
9.84,3.69,2.0,1.8880991999999999,3.0279231067268455,125.84148321490964
9.84,4.92,0.01,1.8880991999999999,0.019592518687466243,64.13213781923008
9.84,4.92,0.20900000000000002,1.8880991999999999,0.4094836405680444,72.1299044219086
9.84,4.92,0.40800000000000003,1.8880991999999999,0.7993747624486226,80.12767102458713
9.84,4.92,0.607,1.8880991999999999,1.2970061476587484,90.33549431094869
9.84,4.92,0.806,1.8880991999999999,1.887274020965308,102.44355325057042
9.84,4.92,1.0050000000000001,1.8880991999999999,2.462711043183763,114.24738960376949
9.84,4.92,1.2040000000000002,1.8880991999999999,3.090494708460558,127.12500325047299
9.84,4.92,1.4030000000000002,1.8880991999999999,3.7028915191962546,139.68698911171805
9.84,4.92,1.6020000000000003,1.8880991999999999,4.315288329931951,152.24897497296308
9.84,4.92,1.8010000000000004,1.8880991999999999,4.9276851406676485,164.81096083420817
9.84,4.92,2.0,1.8880991999999999,5.5400819514033435,177.3729466954532
9.84,6.15,0.01,1.8880991999999999,0.03130410538832677,64.37237549514515
9.84,6.15,0.20900000000000002,1.8880991999999999,0.6542558026160296,77.15087184853394
9.84,6.15,0.40800000000000003,1.8880991999999999,1.2772074998437324,89.92936820192271
9.84,6.15,0.607,1.8880991999999999,2.072302075260539,106.2390005181649
9.84,6.15,0.806,1.8880991999999999,3.0154073496810607,125.58474973704739
9.84,6.15,1.0050000000000001,1.8880991999999999,3.9348165116789566,144.44442485495296
9.84,6.15,1.2040000000000002,1.8880991999999999,4.937862946513636,165.01973633874124
9.84,6.15,1.4030000000000002,1.8880991999999999,5.9163249099062885,185.0907509724367
9.84,6.15,1.6020000000000003,1.8880991999999999,6.8947868732989415,205.16176560613212
9.84,6.15,1.8010000000000004,1.8880991999999999,7.873248836691595,225.2327802398276
9.84,6.15,2.0,1.8880991999999999,8.851710800084245,245.303794873523
9.84,7.38,0.01,1.8880991999999999,0.045907317213570255,64.67192855822708
9.84,7.38,0.20900000000000002,1.8880991999999999,0.9594629297636182,83.41153086694601
9.84,7.38,0.40800000000000003,1.8880991999999999,1.8730185423136663,102.15113317566494
9.84,7.38,0.607,1.8880991999999999,3.0390208425122625,126.06912907717461
9.84,7.38,0.806,1.8880991999999999,4.422080107791854,154.43957554444827
9.84,7.38,1.0050000000000001,1.8880991999999999,5.7703891402754754,182.0971967235995
9.84,7.38,1.2040000000000002,1.8880991999999999,7.241351823689749,212.27079022953333
9.84,7.38,1.4030000000000002,1.8880991999999999,8.676261500157594,241.7048348750276
9.84,7.38,1.6020000000000003,1.8880991999999999,10.111171176625437,271.1388795205218
9.84,7.38,1.8010000000000004,1.8880991999999999,11.546080853093283,300.5729241660161
9.84,7.38,2.0,1.8880991999999999,12.980990529561124,330.00696881151026
9.84,8.61,0.01,1.8880991999999999,0.06345563170743002,65.03189398374215
9.84,8.61,0.20900000000000002,1.8880991999999999,1.3262227026852875,90.93480826021103
9.84,8.61,0.40800000000000003,1.8880991999999999,2.588989773663145,116.83772253667988
9.84,8.61,0.607,1.8880991999999999,4.200702612102482,149.8984987097945
9.84,8.61,0.806,1.8880991999999999,6.112443587050757,189.11369819591295
9.84,8.61,1.0050000000000001,1.8880991999999999,7.976150869161136,227.3435911622797
9.84,8.61,1.2040000000000002,1.8880991999999999,10.00939680814442,269.0512001670651
9.84,8.61,1.4030000000000002,1.8880991999999999,11.992808287838896,309.73656385310557
9.84,8.61,1.6020000000000003,1.8880991999999999,13.976219767533374,350.4219275391461
9.84,8.61,1.8010000000000004,1.8880991999999999,15.95963124722785,391.1072912251867
9.84,8.61,2.0,1.8880991999999999,17.94304272692232,431.79265491122715
9.84,9.84,0.01,1.8880991999999999,0.0839949663738909,65.45321366920803
9.84,9.84,0.20900000000000002,1.8880991999999999,1.7554947972143198,99.74038968644759
9.84,9.84,0.40800000000000003,1.8880991999999999,3.4269946280547487,134.02756570368717
9.84,9.84,0.607,1.8880991999999999,5.5603870792283026,177.78946213801646
9.84,9.84,0.806,1.8880991999999999,8.090920848819124,229.69784715526407
9.84,9.84,1.0050000000000001,1.8880991999999999,10.557873367917713,280.3020013931839
9.84,9.84,1.2040000000000002,1.8880991999999999,13.249240858547457,335.50953966251194
9.84,9.84,1.4030000000000002,1.8880991999999999,15.874643459700978,389.36395199386624
9.84,9.84,1.6020000000000003,1.8880991999999999,18.500046060854505,443.2183643252206
9.84,9.84,1.8010000000000004,1.8880991999999999,21.12544866200803,497.07277665657494
9.84,9.84,2.0,1.8880991999999999,23.750851263161543,550.9271889879292
9.84,11.07,0.01,1.8880991999999999,0.10756563805630391,65.93671462679598
9.84,11.07,0.20900000000000002,1.8880991999999999,2.2481218353767516,109.84555970003592
9.84,11.07,0.40800000000000003,1.8880991999999999,4.388678032697199,153.75440477327587
9.84,11.07,0.607,1.8880991999999999,7.120743180666795,209.79676678290863
9.84,11.07,0.806,1.8880991999999999,10.361395463773981,276.2716854107483
9.84,11.07,1.0050000000000001,1.8880991999999999,13.52062432268249,341.07637995246137
9.84,11.07,1.2040000000000002,1.8880991999999999,16.967243493704267,411.7762603836773
9.84,11.07,1.4030000000000002,1.8880991999999999,20.32938670465198,480.74330060824576
9.84,11.07,1.6020000000000003,1.8880991999999999,23.691529915599695,549.7103408328143
9.84,11.07,1.8010000000000004,1.8880991999999999,27.05367312654741,618.6773810573827
9.84,11.07,2.0,1.8880991999999999,30.415816337495112,687.644421281951
11.07,0.0,0.01,2.3896255500000003,0.0,74.01796
11.07,0.0,0.20900000000000002,2.3896255500000003,0.0,74.01796
11.07,0.0,0.40800000000000003,2.3896255500000003,0.0,74.01796
11.07,0.0,0.607,2.3896255500000003,0.0,74.01796
11.07,0.0,0.806,2.3896255500000003,0.0,74.01796
11.07,0.0,1.0050000000000001,2.3896255500000003,0.0,74.01796
11.07,0.0,1.2040000000000002,2.3896255500000003,0.0,74.01796
11.07,0.0,1.4030000000000002,2.3896255500000003,0.0,74.01796
11.07,0.0,1.6020000000000003,2.3896255500000003,0.0,74.01796
11.07,0.0,1.8010000000000004,2.3896255500000003,0.0,74.01796
11.07,0.0,2.0,2.3896255500000003,0.0,74.01796
11.07,1.23,0.01,2.3896255500000003,0.0010660173862352233,74.0398270233074
11.07,1.23,0.20900000000000002,2.3896255500000003,0.02227976337231617,74.47498078712444
11.07,1.23,0.40800000000000003,2.3896255500000003,0.04349350935839711,74.91013455094148
11.07,1.23,0.607,2.3896255500000003,0.0705693395276787,75.46553619543957
11.07,1.23,0.806,2.3896255500000003,0.10268546637784312,76.12432854108397
11.07,1.23,1.0050000000000001,2.3896255500000003,0.13399465536745064,76.76656831522976
11.07,1.23,1.2040000000000002,2.3896255500000003,0.16815199433212683,77.46723167860773
11.07,1.23,1.4030000000000002,2.3896255500000003,0.20147214361629626,78.15072192033429
11.07,1.23,1.6020000000000003,2.3896255500000003,0.23479229290046566,78.83421216206085
11.07,1.23,1.8010000000000004,2.3896255500000003,0.26811244218463515,79.5177024037874
11.07,1.23,2.0,2.3896255500000003,0.30143259146880447,80.20119264551394
11.07,2.46,0.01,2.3896255500000003,0.004570116580676857,74.1117059811421
11.07,2.46,0.20900000000000002,2.3896255500000003,0.09551543653614632,75.97725100586968
11.07,2.46,0.40800000000000003,2.3896255500000003,0.18646075649161578,77.84279603059726
11.07,2.46,0.607,2.3896255500000003,0.30253738149791803,80.22385500508551
11.07,2.46,0.806,2.3896255500000003,0.4402222314077402,83.04815961862032
11.07,2.46,1.0050000000000001,2.3896255500000003,0.5744476629781196,85.80150180467939
11.07,2.46,1.2040000000000002,2.3896255500000003,0.7208833807909071,88.80531140083913
11.07,2.46,1.4030000000000002,2.3896255500000003,0.8637299878729889,91.73549821277926
11.07,2.46,1.6020000000000003,2.3896255500000003,1.0065765949550707,94.6656850247194
11.07,2.46,1.8010000000000004,2.3896255500000003,1.1494232020371524,97.59587183665954
11.07,2.46,2.0,2.3896255500000003,1.292269809119234,100.52605864859967
11.07,3.69,0.01,2.3896255500000003,0.010708260378301658,74.23761662314465
11.07,3.69,0.20900000000000002,2.3896255500000003,0.22380264190650465,78.60878342372317
11.07,3.69,0.40800000000000003,2.3896255500000003,0.43689702343470765,82.97995022430169
11.07,3.69,0.607,2.3896255500000003,0.7088766770079814,88.55902004118937
11.07,3.69,0.806,2.3896255500000003,1.0314866579471105,95.17666067583816
11.07,3.69,1.0050000000000001,2.3896255500000003,1.3459908604706834,101.62802893273197
11.07,3.69,1.2040000000000002,2.3896255500000003,1.6891050387069408,108.66626848629623
11.07,3.69,1.4030000000000002,2.3896255500000003,2.0238095557119173,115.5320021684496
11.07,3.69,1.6020000000000003,2.3896255500000003,2.358514072716894,122.39773585060294
11.07,3.69,1.8010000000000004,2.3896255500000003,2.6932185897218694,129.26346953275632
11.07,3.69,2.0,2.3896255500000003,3.0279231067268455,136.12920321490964
11.07,4.92,0.01,2.3896255500000003,0.019592518687466243,74.41985781923007
11.07,4.92,0.20900000000000002,2.3896255500000003,0.4094836405680444,82.41762442190861
11.07,4.92,0.40800000000000003,2.3896255500000003,0.7993747624486226,90.41539102458714
11.07,4.92,0.607,2.3896255500000003,1.2970061476587484,100.6232143109487
11.07,4.92,0.806,2.3896255500000003,1.887274020965308,112.73127325057042
11.07,4.92,1.0050000000000001,2.3896255500000003,2.462711043183763,124.5351096037695
11.07,4.92,1.2040000000000002,2.3896255500000003,3.090494708460558,137.412723250473
11.07,4.92,1.4030000000000002,2.3896255500000003,3.7028915191962546,149.97470911171803
11.07,4.92,1.6020000000000003,2.3896255500000003,4.315288329931951,162.53669497296312
11.07,4.92,1.8010000000000004,2.3896255500000003,4.9276851406676485,175.09868083420818
11.07,4.92,2.0,2.3896255500000003,5.5400819514033435,187.6606666954532
11.07,6.15,0.01,2.3896255500000003,0.03130410538832677,74.66009549514516
11.07,6.15,0.20900000000000002,2.3896255500000003,0.6542558026160296,87.43859184853395
11.07,6.15,0.40800000000000003,2.3896255500000003,1.2772074998437324,100.21708820192272
11.07,6.15,0.607,2.3896255500000003,2.072302075260539,116.52672051816491
11.07,6.15,0.806,2.3896255500000003,3.0154073496810607,135.8724697370474
11.07,6.15,1.0050000000000001,2.3896255500000003,3.9348165116789566,154.73214485495296
11.07,6.15,1.2040000000000002,2.3896255500000003,4.937862946513636,175.30745633874128
11.07,6.15,1.4030000000000002,2.3896255500000003,5.9163249099062885,195.3784709724367
11.07,6.15,1.6020000000000003,2.3896255500000003,6.8947868732989415,215.44948560613213
11.07,6.15,1.8010000000000004,2.3896255500000003,7.873248836691595,235.5205002398276
11.07,6.15,2.0,2.3896255500000003,8.851710800084245,255.591514873523
11.07,7.38,0.01,2.3896255500000003,0.045907317213570255,74.95964855822709
11.07,7.38,0.20900000000000002,2.3896255500000003,0.9594629297636182,93.69925086694602
11.07,7.38,0.40800000000000003,2.3896255500000003,1.8730185423136663,112.43885317566496
11.07,7.38,0.607,2.3896255500000003,3.0390208425122625,136.35684907717462
11.07,7.38,0.806,2.3896255500000003,4.422080107791854,164.72729554444828
11.07,7.38,1.0050000000000001,2.3896255500000003,5.7703891402754754,192.38491672359947
11.07,7.38,1.2040000000000002,2.3896255500000003,7.241351823689749,222.5585102295333
11.07,7.38,1.4030000000000002,2.3896255500000003,8.676261500157594,251.9925548750276
11.07,7.38,1.6020000000000003,2.3896255500000003,10.111171176625437,281.4265995205218
11.07,7.38,1.8010000000000004,2.3896255500000003,11.546080853093283,310.8606441660161
11.07,7.38,2.0,2.3896255500000003,12.980990529561124,340.29468881151024
11.07,8.61,0.01,2.3896255500000003,0.06345563170743002,75.31961398374216
11.07,8.61,0.20900000000000002,2.3896255500000003,1.3262227026852875,101.22252826021104
11.07,8.61,0.40800000000000003,2.3896255500000003,2.588989773663145,127.1254425366799
11.07,8.61,0.607,2.3896255500000003,4.200702612102482,160.1862187097945
11.07,8.61,0.806,2.3896255500000003,6.112443587050757,199.40141819591298
11.07,8.61,1.0050000000000001,2.3896255500000003,7.976150869161136,237.6313111622797
11.07,8.61,1.2040000000000002,2.3896255500000003,10.00939680814442,279.338920167065
11.07,8.61,1.4030000000000002,2.3896255500000003,11.992808287838896,320.02428385310554
11.07,8.61,1.6020000000000003,2.3896255500000003,13.976219767533374,360.70964753914615
11.07,8.61,1.8010000000000004,2.3896255500000003,15.95963124722785,401.3950112251867
11.07,8.61,2.0,2.3896255500000003,17.94304272692232,442.0803749112271
11.07,9.84,0.01,2.3896255500000003,0.0839949663738909,75.74093366920802
11.07,9.84,0.20900000000000002,2.3896255500000003,1.7554947972143198,110.02810968644758
11.07,9.84,0.40800000000000003,2.3896255500000003,3.4269946280547487,144.31528570368715
11.07,9.84,0.607,2.3896255500000003,5.5603870792283026,188.07718213801644
11.07,9.84,0.806,2.3896255500000003,8.090920848819124,239.98556715526408
11.07,9.84,1.0050000000000001,2.3896255500000003,10.557873367917713,290.5897213931839
11.07,9.84,1.2040000000000002,2.3896255500000003,13.249240858547457,345.7972596625119
11.07,9.84,1.4030000000000002,2.3896255500000003,15.874643459700978,399.6516719938663
11.07,9.84,1.6020000000000003,2.3896255500000003,18.500046060854505,453.5060843252206
11.07,9.84,1.8010000000000004,2.3896255500000003,21.12544866200803,507.3604966565749
11.07,9.84,2.0,2.3896255500000003,23.750851263161543,561.2149089879291
11.07,11.07,0.01,2.3896255500000003,0.10756563805630391,76.22443462679598
11.07,11.07,0.20900000000000002,2.3896255500000003,2.2481218353767516,120.13327970003593
11.07,11.07,0.40800000000000003,2.3896255500000003,4.388678032697199,164.04212477327587
11.07,11.07,0.607,2.3896255500000003,7.120743180666795,220.08448678290864
11.07,11.07,0.806,2.3896255500000003,10.361395463773981,286.55940541074835
11.07,11.07,1.0050000000000001,2.3896255500000003,13.52062432268249,351.36409995246134
11.07,11.07,1.2040000000000002,2.3896255500000003,16.967243493704267,422.0639803836773
11.07,11.07,1.4030000000000002,2.3896255500000003,20.32938670465198,491.0310206082458
11.07,11.07,1.6020000000000003,2.3896255500000003,23.691529915599695,559.9980608328143
11.07,11.07,1.8010000000000004,2.3896255500000003,27.05367312654741,628.9651010573828
11.07,11.07,2.0,2.3896255500000003,30.415816337495112,697.932141281951
