0.0,0.77,0.01,0.0,0.0012114654192260544,25.028561587028122
0.0,0.77,0.20900000000000002,0.0,0.02531962726182454,25.596937168887717
0.0,0.77,0.40800000000000003,0.0,0.04942778910442302,26.165312750747315
0.0,0.77,0.607,0.0,0.07702461796686393,26.815937371760683
0.0,0.77,0.806,0.0,0.10762104837907592,27.537280792794114
0.0,0.77,1.0050000000000001,0.0,0.13744872425831772,28.240500007268917
0.0,0.77,1.2040000000000002,0.0,0.1892087384050466,29.460797446359656
0.0,0.77,1.4030000000000002,0.0,0.2397001247540615,30.65118563449229
0.0,0.77,1.6020000000000003,0.0,0.2901915111030764,31.84157382262492
0.0,0.77,1.8010000000000004,0.0,0.3406828974520913,33.03196201075755
0.0,0.77,2.0,0.0,0.3911742838011061,34.22235019889018
0.0,1.54,0.01,0.0,0.005566433336803048,25.131234592141226
0.0,1.54,0.20900000000000002,0.0,0.11633845673918372,27.742802975751633
0.0,1.54,0.40800000000000003,0.0,0.2271104801415644,30.35437135936204
0.0,1.54,0.607,0.0,0.35391220781124666,33.34385708687654
0.0,1.54,0.806,0.0,0.4944964849444033,36.658281091392695
0.0,1.54,1.0050000000000001,0.0,0.6315484938078826,39.889428110870746
0.0,1.54,1.2040000000000002,0.0,0.8693750662277655,45.496442754433254
0.0,1.54,1.4030000000000002,0.0,1.1013725559902983,50.96603056849668
0.0,1.54,1.6020000000000003,0.0,1.3333700457528308,56.435618382560094
0.0,1.54,1.8010000000000004,0.0,1.5653675355153636,61.905206196623524
0.0,1.54,2.0,0.0,1.7973650252778957,67.37479401068693
0.0,2.31,0.01,0.0,0.013582439595037618,25.32022047380906
0.0,2.31,0.20900000000000002,0.0,0.28387298753628626,31.69260790260931
0.0,2.31,0.40800000000000003,0.0,0.5541635354775348,38.06499533140956
0.0,2.31,0.607,0.0,0.8635675474204891,45.35952431565732
0.0,2.31,0.806,0.0,1.20660182747706,53.44692267468237
0.0,2.31,1.0050000000000001,0.0,1.541017155773415,61.331120069912814
0.0,2.31,1.2040000000000002,0.0,2.1213286152910684,75.01258054859306
0.0,2.31,1.4030000000000002,0.0,2.6874167547225043,88.35871111358014
0.0,2.31,1.6020000000000003,0.0,3.2535048941539406,101.70484167856725
0.0,2.31,1.8010000000000004,0.0,3.8195930335853765,115.05097224355433
0.0,2.31,2.0,0.0,4.3856811730168115,128.39710280854138
0.0,3.08,0.01,0.0,0.025576611268745282,25.602995840445335
0.0,3.08,0.20900000000000002,0.0,0.5345511755167764,37.6026130653075
0.0,3.08,0.40800000000000003,0.0,1.0435257397648077,49.60223029016967
0.0,3.08,0.607,0.0,1.626153483704592,63.33829964010175
0.0,3.08,0.806,0.0,2.272109195229809,78.56739324710331
0.0,3.08,1.0050000000000001,0.0,2.9018348637518803,93.41384631121537
0.0,3.08,1.2040000000000002,0.0,3.994598833805091,119.17692030123352
0.0,3.08,1.4030000000000002,0.0,5.060579373219743,144.30854639933943
0.0,3.08,1.6020000000000003,0.0,6.126559912634394,169.4401724974454
0.0,3.08,1.8010000000000004,0.0,7.1925404520490455,194.57179859555131
0.0,3.08,2.0,0.0,8.258520991463694,219.70342469365718
0.0,3.85,0.01,0.0,0.04178736931851833,25.98518172002759
0.0,3.85,0.20900000000000002,0.0,0.8733560187570332,45.59029794857667
0.0,3.85,0.40800000000000003,0.0,1.704924668195548,65.19541417712574
0.0,3.85,0.607,0.0,2.656828751790015,87.63756637935339
0.0,3.85,0.806,0.0,3.712198816154087,112.5190392318467
0.0,3.85,1.0050000000000001,0.0,4.741052044730116,136.77534944985524
0.0,3.85,1.2040000000000002,0.0,6.526422714627464,178.86736376282158
0.0,3.85,1.4030000000000002,0.0,8.268034299478309,219.92771105831326
0.0,3.85,1.6020000000000003,0.0,10.009645884329153,260.9880583538049
0.0,3.85,1.8010000000000004,0.0,11.751257469179997,302.0484056492965
0.0,3.85,2.0,0.0,13.492869054030837,343.1087529447881
0.0,4.62,0.01,0.0,0.06240850407866523,26.471346926003342
0.0,4.62,0.20900000000000002,0.0,1.3043377352441035,55.75115075346989
0.0,4.62,0.40800000000000003,0.0,2.5462669664095414,85.03095458093642
0.0,4.62,0.607,0.0,3.96791448460296,118.54780835967078
0.0,4.62,0.806,0.0,5.54408613743726,155.70773312454196
0.0,4.62,1.0050000000000001,0.0,7.080655487436526,191.93399143803444
0.0,4.62,1.2040000000000002,0.0,9.747066763171954,254.79747602130223
0.0,4.62,1.4030000000000002,0.0,12.348124821364847,316.1201889236076
0.0,4.62,1.6020000000000003,0.0,14.949182879557739,377.4429018259129
0.0,4.62,1.8010000000000004,0.0,17.55024093775063,438.76561472821817
0.0,4.62,2.0,0.0,20.151298995943513,500.08832763052334
0.0,5.390000000000001,0.01,0.0,0.08760455944279152,27.065370755843716
0.0,5.390000000000001,0.20900000000000002,0.0,1.8309352923543432,68.1662487971337
0.0,5.390000000000001,0.40800000000000003,0.0,3.5742660252658944,109.26712683842366
0.0,5.390000000000001,0.607,0.0,5.569872334900997,156.31567018266728
0.0,5.390000000000001,0.806,0.0,7.78238848620495,208.47809397431033
0.0,5.390000000000001,1.0050000000000001,0.0,9.939313779435937,259.32990410284674
0.0,5.390000000000001,1.2040000000000002,0.0,13.682229725789282,347.57313238170786
0.0,5.390000000000001,1.4030000000000002,0.0,17.33340753620259,433.65353643804775
0.0,5.390000000000001,1.6020000000000003,0.0,20.9845853466159,519.7339404943878
0.0,5.390000000000001,1.8010000000000004,0.0,24.635763157029213,605.8143445507277
0.0,5.390000000000001,2.0,0.0,28.286940967442515,691.8947486070675
0.0,6.16,0.01,0.0,0.11751924516322533,27.770641319958443
0.0,6.16,0.20900000000000002,0.0,2.4561522239114097,82.90640358713146
0.0,6.16,0.40800000000000003,0.0,4.794785202659594,138.04216585430447
0.0,6.16,0.607,0.0,7.47183932681665,201.1565669198732
0.0,6.16,0.806,0.0,10.439872379736476,271.13110601770745
0.0,6.16,1.0050000000000001,0.0,13.33333173785932,339.3474908668523
0.0,6.16,1.2040000000000002,0.0,18.35435643705993,457.7234937148553
0.0,6.16,1.4030000000000002,0.0,23.25231680539778,573.1981239440346
0.0,6.16,1.6020000000000003,0.0,28.150277173735628,688.672754173214
0.0,6.16,1.8010000000000004,0.0,33.04823754207347,804.1473844023933
0.0,6.16,2.0,0.0,37.946197910411314,919.6220146315724
0.0,6.93,0.01,0.0,0.15228058715097498,28.590176965500554
0.0,6.93,0.20900000000000002,0.0,3.1826642714553772,100.0346985789616
0.0,6.93,0.40800000000000003,0.0,6.213047955759779,171.47922019242262
0.0,6.93,0.607,0.0,9.681955310426343,253.26240420281883
0.0,6.93,0.806,0.0,13.527911054563184,343.9349054143183
0.0,6.93,1.0050000000000001,0.0,17.277234744827233,432.32920307779
0.0,6.93,1.2040000000000002,0.0,23.78344220243844,585.7199706345601
0.0,6.93,1.4030000000000002,0.0,30.130183790990543,735.3511605551348
0.0,6.93,1.6020000000000003,0.0,36.47692537954265,884.9823504757095
0.0,6.93,1.8010000000000004,0.0,42.823666968094756,1034.6135403962842
0.0,6.93,2.0,0.0,49.17040855664685,1184.2447303168587
0.77,0.0,0.01,0.03581116,0.0,25.844286222855107
0.77,0.0,0.20900000000000002,0.03581116,0.0,25.844286222855107
0.77,0.0,0.40800000000000003,0.03581116,0.0,25.844286222855107
0.77,0.0,0.607,0.03581116,0.0,25.844286222855107
0.77,0.0,0.806,0.03581116,0.0,25.844286222855107
0.77,0.0,1.0050000000000001,0.03581116,0.0,25.844286222855107
0.77,0.0,1.2040000000000002,0.03581116,0.0,25.844286222855107
0.77,0.0,1.4030000000000002,0.03581116,0.0,25.844286222855107
0.77,0.0,1.6020000000000003,0.03581116,0.0,25.844286222855107
0.77,0.0,1.8010000000000004,0.03581116,0.0,25.844286222855107
0.77,0.0,2.0,0.03581116,0.0,25.844286222855107
0.77,0.77,0.01,0.03581116,0.0012114654192260544,25.87284780988323
0.77,0.77,0.20900000000000002,0.03581116,0.02531962726182454,26.441223391742827
0.77,0.77,0.40800000000000003,0.03581116,0.04942778910442302,27.009598973602422
0.77,0.77,0.607,0.03581116,0.07702461796686393,27.66022359461579
0.77,0.77,0.806,0.03581116,0.10762104837907592,28.381567015649225
0.77,0.77,1.0050000000000001,0.03581116,0.13744872425831772,29.084786230124028
0.77,0.77,1.2040000000000002,0.03581116,0.1892087384050466,30.305083669214767
0.77,0.77,1.4030000000000002,0.03581116,0.2397001247540615,31.495471857347397
0.77,0.77,1.6020000000000003,0.03581116,0.2901915111030764,32.68586004548003
0.77,0.77,1.8010000000000004,0.03581116,0.3406828974520913,33.87624823361266
0.77,0.77,2.0,0.03581116,0.3911742838011061,35.06663642174529
0.77,1.54,0.01,0.03581116,0.005566433336803048,25.975520814996337
0.77,1.54,0.20900000000000002,0.03581116,0.11633845673918372,28.58708919860674
0.77,1.54,0.40800000000000003,0.03581116,0.2271104801415644,31.19865758221715
0.77,1.54,0.607,0.03581116,0.35391220781124666,34.18814330973165
0.77,1.54,0.806,0.03581116,0.4944964849444033,37.5025673142478
0.77,1.54,1.0050000000000001,0.03581116,0.6315484938078826,40.73371433372586
0.77,1.54,1.2040000000000002,0.03581116,0.8693750662277655,46.340728977288364
0.77,1.54,1.4030000000000002,0.03581116,1.1013725559902983,51.81031679135178
0.77,1.54,1.6020000000000003,0.03581116,1.3333700457528308,57.279904605415204
0.77,1.54,1.8010000000000004,0.03581116,1.5653675355153636,62.74949241947863
0.77,1.54,2.0,0.03581116,1.7973650252778957,68.21908023354203
0.77,2.31,0.01,0.03581116,0.013582439595037618,26.164506696664166
0.77,2.31,0.20900000000000002,0.03581116,0.28387298753628626,32.536894125464414
0.77,2.31,0.40800000000000003,0.03581116,0.5541635354775348,38.909281554264666
0.77,2.31,0.607,0.03581116,0.8635675474204891,46.20381053851243
0.77,2.31,0.806,0.03581116,1.20660182747706,54.29120889753747
0.77,2.31,1.0050000000000001,0.03581116,1.541017155773415,62.175406292767924
0.77,2.31,1.2040000000000002,0.03581116,2.1213286152910684,75.85686677144817
0.77,2.31,1.4030000000000002,0.03581116,2.6874167547225043,89.20299733643526
0.77,2.31,1.6020000000000003,0.03581116,3.2535048941539406,102.54912790142237
0.77,2.31,1.8010000000000004,0.03581116,3.8195930335853765,115.89525846640944
0.77,2.31,2.0,0.03581116,4.3856811730168115,129.24138903139652
0.77,3.08,0.01,0.03581116,0.025576611268745282,26.44728206330044
0.77,3.08,0.20900000000000002,0.03581116,0.5345511755167764,38.44689928816261
0.77,3.08,0.40800000000000003,0.03581116,1.0435257397648077,50.446516513024775
0.77,3.08,0.607,0.03581116,1.626153483704592,64.18258586295687
0.77,3.08,0.806,0.03581116,2.272109195229809,79.41167946995841
0.77,3.08,1.0050000000000001,0.03581116,2.9018348637518803,94.25813253407048
0.77,3.08,1.2040000000000002,0.03581116,3.994598833805091,120.02120652408864
0.77,3.08,1.4030000000000002,0.03581116,5.060579373219743,145.15283262219458
0.77,3.08,1.6020000000000003,0.03581116,6.126559912634394,170.2844587203005
0.77,3.08,1.8010000000000004,0.03581116,7.1925404520490455,195.41608481840643
0.77,3.08,2.0,0.03581116,8.258520991463694,220.54771091651227
0.77,3.85,0.01,0.03581116,0.04178736931851833,26.8294679428827
0.77,3.85,0.20900000000000002,0.03581116,0.8733560187570332,46.43458417143178
0.77,3.85,0.40800000000000003,0.03581116,1.704924668195548,66.03970039998086
0.77,3.85,0.607,0.03581116,2.656828751790015,88.4818526022085
0.77,3.85,0.806,0.03581116,3.712198816154087,113.36332545470181
0.77,3.85,1.0050000000000001,0.03581116,4.741052044730116,137.6196356727104
0.77,3.85,1.2040000000000002,0.03581116,6.526422714627464,179.7116499856767
0.77,3.85,1.4030000000000002,0.03581116,8.268034299478309,220.77199728116835
0.77,3.85,1.6020000000000003,0.03581116,10.009645884329153,261.83234457666
0.77,3.85,1.8010000000000004,0.03581116,11.751257469179997,302.8926918721516
0.77,3.85,2.0,0.03581116,13.492869054030837,343.95303916764317
0.77,4.62,0.01,0.03581116,0.06240850407866523,27.315633148858453
0.77,4.62,0.20900000000000002,0.03581116,1.3043377352441035,56.59543697632499
0.77,4.62,0.40800000000000003,0.03581116,2.5462669664095414,85.87524080379154
0.77,4.62,0.607,0.03581116,3.96791448460296,119.39209458252589
0.77,4.62,0.806,0.03581116,5.54408613743726,156.55201934739708
0.77,4.62,1.0050000000000001,0.03581116,7.080655487436526,192.77827766088956
0.77,4.62,1.2040000000000002,0.03581116,9.747066763171954,255.64176224415732
0.77,4.62,1.4030000000000002,0.03581116,12.348124821364847,316.9644751464627
0.77,4.62,1.6020000000000003,0.03581116,14.949182879557739,378.287188048768
0.77,4.62,1.8010000000000004,0.03581116,17.55024093775063,439.6099009510733
0.77,4.62,2.0,0.03581116,20.151298995943513,500.9326138533784
0.77,5.390000000000001,0.01,0.03581116,0.08760455944279152,27.909656978698827
0.77,5.390000000000001,0.20900000000000002,0.03581116,1.8309352923543432,69.0105350199888
0.77,5.390000000000001,0.40800000000000003,0.03581116,3.5742660252658944,110.11141306127878
0.77,5.390000000000001,0.607,0.03581116,5.569872334900997,157.1599564055224
0.77,5.390000000000001,0.806,0.03581116,7.78238848620495,209.32238019716544
0.77,5.390000000000001,1.0050000000000001,0.03581116,9.939313779435937,260.17419032570183
0.77,5.390000000000001,1.2040000000000002,0.03581116,13.682229725789282,348.41741860456295
0.77,5.390000000000001,1.4030000000000002,0.03581116,17.33340753620259,434.4978226609029
0.77,5.390000000000001,1.6020000000000003,0.03581116,20.9845853466159,520.5782267172428
0.77,5.390000000000001,1.8010000000000004,0.03581116,24.635763157029213,606.6586307735829
0.77,5.390000000000001,2.0,0.03581116,28.286940967442515,692.7390348299226
0.77,6.16,0.01,0.03581116,0.11751924516322533,28.614927542813554
0.77,6.16,0.20900000000000002,0.03581116,2.4561522239114097,83.75068980998658
0.77,6.16,0.40800000000000003,0.03581116,4.794785202659594,138.88645207715962
0.77,6.16,0.607,0.03581116,7.47183932681665,202.00085314272832
0.77,6.16,0.806,0.03581116,10.439872379736476,271.97539224056254
0.77,6.16,1.0050000000000001,0.03581116,13.33333173785932,340.1917770897074
0.77,6.16,1.2040000000000002,0.03581116,18.35435643705993,458.5677799377104
0.77,6.16,1.4030000000000002,0.03581116,23.25231680539778,574.0424101668898
0.77,6.16,1.6020000000000003,0.03581116,28.150277173735628,689.5170403960691
0.77,6.16,1.8010000000000004,0.03581116,33.04823754207347,804.9916706252484
0.77,6.16,2.0,0.03581116,37.946197910411314,920.4663008544275
0.77,6.93,0.01,0.03581116,0.15228058715097498,29.434463188355664
0.77,6.93,0.20900000000000002,0.03581116,3.1826642714553772,100.87898480181671
0.77,6.93,0.40800000000000003,0.03581116,6.213047955759779,172.32350641527773
0.77,6.93,0.607,0.03581116,9.681955310426343,254.10669042567392
0.77,6.93,0.806,0.03581116,13.527911054563184,344.77919163717337
0.77,6.93,1.0050000000000001,0.03581116,17.277234744827233,433.17348930064514
0.77,6.93,1.2040000000000002,0.03581116,23.78344220243844,586.5642568574153
0.77,6.93,1.4030000000000002,0.03581116,30.130183790990543,736.19544677799
0.77,6.93,1.6020000000000003,0.03581116,36.47692537954265,885.8266366985646
0.77,6.93,1.8010000000000004,0.03581116,42.823666968094756,1035.4578266191393
0.77,6.93,2.0,0.03581116,49.17040855664685,1185.0890165397138
1.54,0.0,0.01,0.14324464,0.0,28.377144891420436
1.54,0.0,0.20900000000000002,0.14324464,0.0,28.377144891420436
1.54,0.0,0.40800000000000003,0.14324464,0.0,28.377144891420436
1.54,0.0,0.607,0.14324464,0.0,28.377144891420436
1.54,0.0,0.806,0.14324464,0.0,28.377144891420436
1.54,0.0,1.0050000000000001,0.14324464,0.0,28.377144891420436
1.54,0.0,1.2040000000000002,0.14324464,0.0,28.377144891420436
1.54,0.0,1.4030000000000002,0.14324464,0.0,28.377144891420436
1.54,0.0,1.6020000000000003,0.14324464,0.0,28.377144891420436
1.54,0.0,1.8010000000000004,0.14324464,0.0,28.377144891420436
1.54,0.0,2.0,0.14324464,0.0,28.377144891420436
1.54,0.77,0.01,0.14324464,0.0012114654192260544,28.405706478448554
1.54,0.77,0.20900000000000002,0.14324464,0.02531962726182454,28.974082060308152
1.54,0.77,0.40800000000000003,0.14324464,0.04942778910442302,29.542457642167747
1.54,0.77,0.607,0.14324464,0.07702461796686393,30.193082263181118
1.54,0.77,0.806,0.14324464,0.10762104837907592,30.91442568421455
1.54,0.77,1.0050000000000001,0.14324464,0.13744872425831772,31.617644898689353
1.54,0.77,1.2040000000000002,0.14324464,0.1892087384050466,32.83794233778009
1.54,0.77,1.4030000000000002,0.14324464,0.2397001247540615,34.02833052591272
1.54,0.77,1.6020000000000003,0.14324464,0.2901915111030764,35.21871871404535
1.54,0.77,1.8010000000000004,0.14324464,0.3406828974520913,36.40910690217799
1.54,0.77,2.0,0.14324464,0.3911742838011061,37.59949509031061
1.54,1.54,0.01,0.14324464,0.005566433336803048,28.50837948356166
1.54,1.54,0.20900000000000002,0.14324464,0.11633845673918372,31.119947867172066
1.54,1.54,0.40800000000000003,0.14324464,0.2271104801415644,33.73151625078248
1.54,1.54,0.607,0.14324464,0.35391220781124666,36.721001978296975
1.54,1.54,0.806,0.14324464,0.4944964849444033,40.03542598281312
1.54,1.54,1.0050000000000001,0.14324464,0.6315484938078826,43.26657300229118
1.54,1.54,1.2040000000000002,0.14324464,0.8693750662277655,48.87358764585369
1.54,1.54,1.4030000000000002,0.14324464,1.1013725559902983,54.343175459917106
1.54,1.54,1.6020000000000003,0.14324464,1.3333700457528308,59.81276327398052
1.54,1.54,1.8010000000000004,0.14324464,1.5653675355153636,65.28235108804395
1.54,1.54,2.0,0.14324464,1.7973650252778957,70.75193890210736
1.54,2.31,0.01,0.14324464,0.013582439595037618,28.69736536522949
1.54,2.31,0.20900000000000002,0.14324464,0.28387298753628626,35.069752794029746
1.54,2.31,0.40800000000000003,0.14324464,0.5541635354775348,41.44214022283
1.54,2.31,0.607,0.14324464,0.8635675474204891,48.73666920707775
1.54,2.31,0.806,0.14324464,1.20660182747706,56.8240675661028
1.54,2.31,1.0050000000000001,0.14324464,1.541017155773415,64.70826496133324
1.54,2.31,1.2040000000000002,0.14324464,2.1213286152910684,78.38972544001348
1.54,2.31,1.4030000000000002,0.14324464,2.6874167547225043,91.73585600500058
1.54,2.31,1.6020000000000003,0.14324464,3.2535048941539406,105.08198656998768
1.54,2.31,1.8010000000000004,0.14324464,3.8195930335853765,118.42811713497477
1.54,2.31,2.0,0.14324464,4.3856811730168115,131.77424769996182
1.54,3.08,0.01,0.14324464,0.025576611268745282,28.98014073186577
1.54,3.08,0.20900000000000002,0.14324464,0.5345511755167764,40.97975795672794
1.54,3.08,0.40800000000000003,0.14324464,1.0435257397648077,52.9793751815901
1.54,3.08,0.607,0.14324464,1.626153483704592,66.71544453152218
1.54,3.08,0.806,0.14324464,2.272109195229809,81.94453813852374
1.54,3.08,1.0050000000000001,0.14324464,2.9018348637518803,96.79099120263581
1.54,3.08,1.2040000000000002,0.14324464,3.994598833805091,122.55406519265395
1.54,3.08,1.4030000000000002,0.14324464,5.060579373219743,147.6856912907599
1.54,3.08,1.6020000000000003,0.14324464,6.126559912634394,172.81731738886583
1.54,3.08,1.8010000000000004,0.14324464,7.1925404520490455,197.94894348697176
1.54,3.08,2.0,0.14324464,8.258520991463694,223.08056958507765
1.54,3.85,0.01,0.14324464,0.04178736931851833,29.362326611448026
1.54,3.85,0.20900000000000002,0.14324464,0.8733560187570332,48.967442839997105
1.54,3.85,0.40800000000000003,0.14324464,1.704924668195548,68.57255906854618
1.54,3.85,0.607,0.14324464,2.656828751790015,91.01471127077382
1.54,3.85,0.806,0.14324464,3.712198816154087,115.89618412326713
1.54,3.85,1.0050000000000001,0.14324464,4.741052044730116,140.1524943412757
1.54,3.85,1.2040000000000002,0.14324464,6.526422714627464,182.24450865424203
1.54,3.85,1.4030000000000002,0.14324464,8.268034299478309,223.3048559497337
1.54,3.85,1.6020000000000003,0.14324464,10.009645884329153,264.3652032452253
1.54,3.85,1.8010000000000004,0.14324464,11.751257469179997,305.425550540717
1.54,3.85,2.0,0.14324464,13.492869054030837,346.48589783620855
1.54,4.62,0.01,0.14324464,0.06240850407866523,29.848491817423778
1.54,4.62,0.20900000000000002,0.14324464,1.3043377352441035,59.12829564489032
1.54,4.62,0.40800000000000003,0.14324464,2.5462669664095414,88.40809947235687
1.54,4.62,0.607,0.14324464,3.96791448460296,121.92495325109122
1.54,4.62,0.806,0.14324464,5.54408613743726,159.0848780159624
1.54,4.62,1.0050000000000001,0.14324464,7.080655487436526,195.31113632945488
1.54,4.62,1.2040000000000002,0.14324464,9.747066763171954,258.1746209127227
1.54,4.62,1.4030000000000002,0.14324464,12.348124821364847,319.497333815028
1.54,4.62,1.6020000000000003,0.14324464,14.949182879557739,380.82004671733335
1.54,4.62,1.8010000000000004,0.14324464,17.55024093775063,442.14275961963864
1.54,4.62,2.0,0.14324464,20.151298995943513,503.46547252194375
1.54,5.390000000000001,0.01,0.14324464,0.08760455944279152,30.442515647264152
1.54,5.390000000000001,0.20900000000000002,0.14324464,1.8309352923543432,71.54339368855413
1.54,5.390000000000001,0.40800000000000003,0.14324464,3.5742660252658944,112.64427172984409
1.54,5.390000000000001,0.607,0.14324464,5.569872334900997,159.6928150740877
1.54,5.390000000000001,0.806,0.14324464,7.78238848620495,211.85523886573077
1.54,5.390000000000001,1.0050000000000001,0.14324464,9.939313779435937,262.7070489942672
1.54,5.390000000000001,1.2040000000000002,0.14324464,13.682229725789282,350.9502772731283
1.54,5.390000000000001,1.4030000000000002,0.14324464,17.33340753620259,437.0306813294682
1.54,5.390000000000001,1.6020000000000003,0.14324464,20.9845853466159,523.1110853858082
1.54,5.390000000000001,1.8010000000000004,0.14324464,24.635763157029213,609.1914894421482
1.54,5.390000000000001,2.0,0.14324464,28.286940967442515,695.271893498488
1.54,6.16,0.01,0.14324464,0.11751924516322533,31.14778621137888
1.54,6.16,0.20900000000000002,0.14324464,2.4561522239114097,86.2835484785519
1.54,6.16,0.40800000000000003,0.14324464,4.794785202659594,141.4193107457249
1.54,6.16,0.607,0.14324464,7.47183932681665,204.53371181129364
1.54,6.16,0.806,0.14324464,10.439872379736476,274.50825090912787
1.54,6.16,1.0050000000000001,0.14324464,13.33333173785932,342.7246357582727
1.54,6.16,1.2040000000000002,0.14324464,18.35435643705993,461.1006386062757
1.54,6.16,1.4030000000000002,0.14324464,23.25231680539778,576.5752688354551
1.54,6.16,1.6020000000000003,0.14324464,28.150277173735628,692.0498990646344
1.54,6.16,1.8010000000000004,0.14324464,33.04823754207347,807.5245292938137
1.54,6.16,2.0,0.14324464,37.946197910411314,922.9991595229927
1.54,6.93,0.01,0.14324464,0.15228058715097498,31.96732185692099
1.54,6.93,0.20900000000000002,0.14324464,3.1826642714553772,103.41184347038202
1.54,6.93,0.40800000000000003,0.14324464,6.213047955759779,174.85636508384306
1.54,6.93,0.607,0.14324464,9.681955310426343,256.63954909423927
1.54,6.93,0.806,0.14324464,13.527911054563184,347.31205030573875
1.54,6.93,1.0050000000000001,0.14324464,17.277234744827233,435.70634796921047
1.54,6.93,1.2040000000000002,0.14324464,23.78344220243844,589.0971155259806
1.54,6.93,1.4030000000000002,0.14324464,30.130183790990543,738.7283054465553
1.54,6.93,1.6020000000000003,0.14324464,36.47692537954265,888.3594953671299
1.54,6.93,1.8010000000000004,0.14324464,42.823666968094756,1037.9906852877045
1.54,6.93,2.0,0.14324464,49.17040855664685,1187.621875208279
2.31,0.0,0.01,0.32230044,0.0,32.598576005695975
2.31,0.0,0.20900000000000002,0.32230044,0.0,32.598576005695975
2.31,0.0,0.40800000000000003,0.32230044,0.0,32.598576005695975
2.31,0.0,0.607,0.32230044,0.0,32.598576005695975
2.31,0.0,0.806,0.32230044,0.0,32.598576005695975
2.31,0.0,1.0050000000000001,0.32230044,0.0,32.598576005695975
2.31,0.0,1.2040000000000002,0.32230044,0.0,32.598576005695975
2.31,0.0,1.4030000000000002,0.32230044,0.0,32.598576005695975
2.31,0.0,1.6020000000000003,0.32230044,0.0,32.598576005695975
2.31,0.0,1.8010000000000004,0.32230044,0.0,32.598576005695975
2.31,0.0,2.0,0.32230044,0.0,32.598576005695975
2.31,0.77,0.01,0.32230044,0.0012114654192260544,32.6271375927241
2.31,0.77,0.20900000000000002,0.32230044,0.02531962726182454,33.195513174583695
2.31,0.77,0.40800000000000003,0.32230044,0.04942778910442302,33.76388875644329
2.31,0.77,0.607,0.32230044,0.07702461796686393,34.41451337745666
2.31,0.77,0.806,0.32230044,0.10762104837907592,35.135856798490096
2.31,0.77,1.0050000000000001,0.32230044,0.13744872425831772,35.839076012964895
2.31,0.77,1.2040000000000002,0.32230044,0.1892087384050466,37.05937345205564
2.31,0.77,1.4030000000000002,0.32230044,0.2397001247540615,38.24976164018827
2.31,0.77,1.6020000000000003,0.32230044,0.2901915111030764,39.4401498283209
2.31,0.77,1.8010000000000004,0.32230044,0.3406828974520913,40.63053801645353
2.31,0.77,2.0,0.32230044,0.3911742838011061,41.82092620458616
2.31,1.54,0.01,0.32230044,0.005566433336803048,32.72981059783721
2.31,1.54,0.20900000000000002,0.32230044,0.11633845673918372,35.34137898144761
2.31,1.54,0.40800000000000003,0.32230044,0.2271104801415644,37.95294736505802
2.31,1.54,0.607,0.32230044,0.35391220781124666,40.942433092572514
2.31,1.54,0.806,0.32230044,0.4944964849444033,44.25685709708867
2.31,1.54,1.0050000000000001,0.32230044,0.6315484938078826,47.48800411656673
2.31,1.54,1.2040000000000002,0.32230044,0.8693750662277655,53.095018760129236
2.31,1.54,1.4030000000000002,0.32230044,1.1013725559902983,58.56460657419265
2.31,1.54,1.6020000000000003,0.32230044,1.3333700457528308,64.03419438825607
2.31,1.54,1.8010000000000004,0.32230044,1.5653675355153636,69.5037822023195
2.31,1.54,2.0,0.32230044,1.7973650252778957,74.9733700163829
2.31,2.31,0.01,0.32230044,0.013582439595037618,32.91879647950503
2.31,2.31,0.20900000000000002,0.32230044,0.28387298753628626,39.291183908305285
2.31,2.31,0.40800000000000003,0.32230044,0.5541635354775348,45.66357133710554
2.31,2.31,0.607,0.32230044,0.8635675474204891,52.9581003213533
2.31,2.31,0.806,0.32230044,1.20660182747706,61.045498680378344
2.31,2.31,1.0050000000000001,0.32230044,1.541017155773415,68.92969607560879
2.31,2.31,1.2040000000000002,0.32230044,2.1213286152910684,82.61115655428904
2.31,2.31,1.4030000000000002,0.32230044,2.6874167547225043,95.95728711927612
2.31,2.31,1.6020000000000003,0.32230044,3.2535048941539406,109.30341768426322
2.31,2.31,1.8010000000000004,0.32230044,3.8195930335853765,122.64954824925032
2.31,2.31,2.0,0.32230044,4.3856811730168115,135.99567881423735
2.31,3.08,0.01,0.32230044,0.025576611268745282,33.20157184614131
2.31,3.08,0.20900000000000002,0.32230044,0.5345511755167764,45.20118907100348
2.31,3.08,0.40800000000000003,0.32230044,1.0435257397648077,57.20080629586565
2.31,3.08,0.607,0.32230044,1.626153483704592,70.93687564579773
2.31,3.08,0.806,0.32230044,2.272109195229809,86.16596925279929
2.31,3.08,1.0050000000000001,0.32230044,2.9018348637518803,101.01242231691135
2.31,3.08,1.2040000000000002,0.32230044,3.994598833805091,126.7754963069295
2.31,3.08,1.4030000000000002,0.32230044,5.060579373219743,151.90712240503544
2.31,3.08,1.6020000000000003,0.32230044,6.126559912634394,177.03874850314136
2.31,3.08,1.8010000000000004,0.32230044,7.1925404520490455,202.1703746012473
2.31,3.08,2.0,0.32230044,8.258520991463694,227.3020006993532
2.31,3.85,0.01,0.32230044,0.04178736931851833,33.58375772572357
2.31,3.85,0.20900000000000002,0.32230044,0.8733560187570332,53.18887395427265
2.31,3.85,0.40800000000000003,0.32230044,1.704924668195548,72.79399018282172
2.31,3.85,0.607,0.32230044,2.656828751790015,95.23614238504936
2.31,3.85,0.806,0.32230044,3.712198816154087,120.11761523754268
2.31,3.85,1.0050000000000001,0.32230044,4.741052044730116,144.37392545555124
2.31,3.85,1.2040000000000002,0.32230044,6.526422714627464,186.46593976851756
2.31,3.85,1.4030000000000002,0.32230044,8.268034299478309,227.52628706400927
2.31,3.85,1.6020000000000003,0.32230044,10.009645884329153,268.58663435950086
2.31,3.85,1.8010000000000004,0.32230044,11.751257469179997,309.6469816549925
2.31,3.85,2.0,0.32230044,13.492869054030837,350.7073289504841
2.31,4.62,0.01,0.32230044,0.06240850407866523,34.069922931699324
2.31,4.62,0.20900000000000002,0.32230044,1.3043377352441035,63.34972675916586
2.31,4.62,0.40800000000000003,0.32230044,2.5462669664095414,92.6295305866324
2.31,4.62,0.607,0.32230044,3.96791448460296,126.14638436536677
2.31,4.62,0.806,0.32230044,5.54408613743726,163.30630913023793
2.31,4.62,1.0050000000000001,0.32230044,7.080655487436526,199.53256744373041
2.31,4.62,1.2040000000000002,0.32230044,9.747066763171954,262.39605202699823
2.31,4.62,1.4030000000000002,0.32230044,12.348124821364847,323.7187649293036
2.31,4.62,1.6020000000000003,0.32230044,14.949182879557739,385.04147783160886
2.31,4.62,1.8010000000000004,0.32230044,17.55024093775063,446.36419073391414
2.31,4.62,2.0,0.32230044,20.151298995943513,507.68690363621926
2.31,5.390000000000001,0.01,0.32230044,0.08760455944279152,34.66394676153969
2.31,5.390000000000001,0.20900000000000002,0.32230044,1.8309352923543432,75.76482480282968
2.31,5.390000000000001,0.40800000000000003,0.32230044,3.5742660252658944,116.86570284411964
2.31,5.390000000000001,0.607,0.32230044,5.569872334900997,163.91424618836325
2.31,5.390000000000001,0.806,0.32230044,7.78238848620495,216.0766699800063
2.31,5.390000000000001,1.0050000000000001,0.32230044,9.939313779435937,266.9284801085428
2.31,5.390000000000001,1.2040000000000002,0.32230044,13.682229725789282,355.17170838740384
2.31,5.390000000000001,1.4030000000000002,0.32230044,17.33340753620259,441.2521124437437
2.31,5.390000000000001,1.6020000000000003,0.32230044,20.9845853466159,527.3325165000838
2.31,5.390000000000001,1.8010000000000004,0.32230044,24.635763157029213,613.4129205564237
2.31,5.390000000000001,2.0,0.32230044,28.286940967442515,699.4933246127634
2.31,6.16,0.01,0.32230044,0.11751924516322533,35.36921732565442
2.31,6.16,0.20900000000000002,0.32230044,2.4561522239114097,90.50497959282744
2.31,6.16,0.40800000000000003,0.32230044,4.794785202659594,145.64074186000045
2.31,6.16,0.607,0.32230044,7.47183932681665,208.75514292556917
2.31,6.16,0.806,0.32230044,10.439872379736476,278.7296820234034
2.31,6.16,1.0050000000000001,0.32230044,13.33333173785932,346.9460668725483
2.31,6.16,1.2040000000000002,0.32230044,18.35435643705993,465.3220697205512
2.31,6.16,1.4030000000000002,0.32230044,23.25231680539778,580.7966999497306
2.31,6.16,1.6020000000000003,0.32230044,28.150277173735628,696.2713301789099
2.31,6.16,1.8010000000000004,0.32230044,33.04823754207347,811.7459604080892
2.31,6.16,2.0,0.32230044,37.946197910411314,927.2205906372683
2.31,6.93,0.01,0.32230044,0.15228058715097498,36.188752971196536
2.31,6.93,0.20900000000000002,0.32230044,3.1826642714553772,107.63327458465757
2.31,6.93,0.40800000000000003,0.32230044,6.213047955759779,179.0777961981186
2.31,6.93,0.607,0.32230044,9.681955310426343,260.86098020851483
2.31,6.93,0.806,0.32230044,13.527911054563184,351.53348142001425
2.31,6.93,1.0050000000000001,0.32230044,17.277234744827233,439.927779083486
2.31,6.93,1.2040000000000002,0.32230044,23.78344220243844,593.318546640256
2.31,6.93,1.4030000000000002,0.32230044,30.130183790990543,742.9497365608307
2.31,6.93,1.6020000000000003,0.32230044,36.47692537954265,892.5809264814054
2.31,6.93,1.8010000000000004,0.32230044,42.823666968094756,1042.21211640198
2.31,6.93,2.0,0.32230044,49.17040855664685,1191.8433063225548
3.08,0.0,0.01,0.57297856,0.0,38.508579565681735
3.08,0.0,0.20900000000000002,0.57297856,0.0,38.508579565681735
3.08,0.0,0.40800000000000003,0.57297856,0.0,38.508579565681735
3.08,0.0,0.607,0.57297856,0.0,38.508579565681735
3.08,0.0,0.806,0.57297856,0.0,38.508579565681735
3.08,0.0,1.0050000000000001,0.57297856,0.0,38.508579565681735
3.08,0.0,1.2040000000000002,0.57297856,0.0,38.508579565681735
3.08,0.0,1.4030000000000002,0.57297856,0.0,38.508579565681735
3.08,0.0,1.6020000000000003,0.57297856,0.0,38.508579565681735
3.08,0.0,1.8010000000000004,0.57297856,0.0,38.508579565681735
3.08,0.0,2.0,0.57297856,0.0,38.508579565681735
3.08,0.77,0.01,0.57297856,0.0012114654192260544,38.53714115270986
3.08,0.77,0.20900000000000002,0.57297856,0.02531962726182454,39.105516734569456
3.08,0.77,0.40800000000000003,0.57297856,0.04942778910442302,39.673892316429054
3.08,0.77,0.607,0.57297856,0.07702461796686393,40.32451693744242
3.08,0.77,0.806,0.57297856,0.10762104837907592,41.04586035847585
3.08,0.77,1.0050000000000001,0.57297856,0.13744872425831772,41.749079572950656
3.08,0.77,1.2040000000000002,0.57297856,0.1892087384050466,42.96937701204139
3.08,0.77,1.4030000000000002,0.57297856,0.2397001247540615,44.15976520017403
3.08,0.77,1.6020000000000003,0.57297856,0.2901915111030764,45.35015338830666
3.08,0.77,1.8010000000000004,0.57297856,0.3406828974520913,46.540541576439296
3.08,0.77,2.0,0.57297856,0.3911742838011061,47.73092976457192
3.08,1.54,0.01,0.57297856,0.005566433336803048,38.63981415782296
3.08,1.54,0.20900000000000002,0.57297856,0.11633845673918372,41.25138254143337
3.08,1.54,0.40800000000000003,0.57297856,0.2271104801415644,43.862950925043776
3.08,1.54,0.607,0.57297856,0.35391220781124666,46.852436652558275
3.08,1.54,0.806,0.57297856,0.4944964849444033,50.16686065707442
3.08,1.54,1.0050000000000001,0.57297856,0.6315484938078826,53.39800767655248
3.08,1.54,1.2040000000000002,0.57297856,0.8693750662277655,59.00502232011499
3.08,1.54,1.4030000000000002,0.57297856,1.1013725559902983,64.47461013417842
3.08,1.54,1.6020000000000003,0.57297856,1.3333700457528308,69.94419794824182
3.08,1.54,1.8010000000000004,0.57297856,1.5653675355153636,75.41378576230525
3.08,1.54,2.0,0.57297856,1.7973650252778957,80.88337357636865
3.08,2.31,0.01,0.57297856,0.013582439595037618,38.828800039490794
3.08,2.31,0.20900000000000002,0.57297856,0.28387298753628626,45.201187468291046
3.08,2.31,0.40800000000000003,0.57297856,0.5541635354775348,51.5735748970913
3.08,2.31,0.607,0.57297856,0.8635675474204891,58.86810388133905
3.08,2.31,0.806,0.57297856,1.20660182747706,66.9555022403641
3.08,2.31,1.0050000000000001,0.57297856,1.541017155773415,74.83969963559456
3.08,2.31,1.2040000000000002,0.57297856,2.1213286152910684,88.52116011427479
3.08,2.31,1.4030000000000002,0.57297856,2.6874167547225043,101.86729067926188
3.08,2.31,1.6020000000000003,0.57297856,3.2535048941539406,115.21342124424899
3.08,2.31,1.8010000000000004,0.57297856,3.8195930335853765,128.5595518092361
3.08,2.31,2.0,0.57297856,4.3856811730168115,141.90568237422315
3.08,3.08,0.01,0.57297856,0.025576611268745282,39.11157540612707
3.08,3.08,0.20900000000000002,0.57297856,0.5345511755167764,51.11119263098924
3.08,3.08,0.40800000000000003,0.57297856,1.0435257397648077,63.11080985585141
3.08,3.08,0.607,0.57297856,1.626153483704592,76.8468792057835
3.08,3.08,0.806,0.57297856,2.272109195229809,92.07597281278504
3.08,3.08,1.0050000000000001,0.57297856,2.9018348637518803,106.92242587689711
3.08,3.08,1.2040000000000002,0.57297856,3.994598833805091,132.68549986691528
3.08,3.08,1.4030000000000002,0.57297856,5.060579373219743,157.8171259650212
3.08,3.08,1.6020000000000003,0.57297856,6.126559912634394,182.94875206312713
3.08,3.08,1.8010000000000004,0.57297856,7.1925404520490455,208.08037816123306
3.08,3.08,2.0,0.57297856,8.258520991463694,233.21200425933893
3.08,3.85,0.01,0.57297856,0.04178736931851833,39.493761285709326
3.08,3.85,0.20900000000000002,0.57297856,0.8733560187570332,59.09887751425841
3.08,3.85,0.40800000000000003,0.57297856,1.704924668195548,78.70399374280748
3.08,3.85,0.607,0.57297856,2.656828751790015,101.14614594503512
3.08,3.85,0.806,0.57297856,3.712198816154087,126.02761879752843
3.08,3.85,1.0050000000000001,0.57297856,4.741052044730116,150.283929015537
3.08,3.85,1.2040000000000002,0.57297856,6.526422714627464,192.37594332850333
3.08,3.85,1.4030000000000002,0.57297856,8.268034299478309,233.43629062399498
3.08,3.85,1.6020000000000003,0.57297856,10.009645884329153,274.4966379194866
3.08,3.85,1.8010000000000004,0.57297856,11.751257469179997,315.5569852149782
3.08,3.85,2.0,0.57297856,13.492869054030837,356.61733251046985
3.08,4.62,0.01,0.57297856,0.06240850407866523,39.97992649168508
3.08,4.62,0.20900000000000002,0.57297856,1.3043377352441035,69.25973031915163
3.08,4.62,0.40800000000000003,0.57297856,2.5462669664095414,98.53953414661817
3.08,4.62,0.607,0.57297856,3.96791448460296,132.0563879253525
3.08,4.62,0.806,0.57297856,5.54408613743726,169.2163126902237
3.08,4.62,1.0050000000000001,0.57297856,7.080655487436526,205.44257100371618
3.08,4.62,1.2040000000000002,0.57297856,9.747066763171954,268.3060555869839
3.08,4.62,1.4030000000000002,0.57297856,12.348124821364847,329.6287684892893
3.08,4.62,1.6020000000000003,0.57297856,14.949182879557739,390.9514813915946
3.08,4.62,1.8010000000000004,0.57297856,17.55024093775063,452.2741942938999
3.08,4.62,2.0,0.57297856,20.151298995943513,513.596907196205
3.08,5.390000000000001,0.01,0.57297856,0.08760455944279152,40.57395032152545
3.08,5.390000000000001,0.20900000000000002,0.57297856,1.8309352923543432,81.67482836281545
3.08,5.390000000000001,0.40800000000000003,0.57297856,3.5742660252658944,122.7757064041054
3.08,5.390000000000001,0.607,0.57297856,5.569872334900997,169.82424974834902
3.08,5.390000000000001,0.806,0.57297856,7.78238848620495,221.98667353999207
3.08,5.390000000000001,1.0050000000000001,0.57297856,9.939313779435937,272.83848366852845
3.08,5.390000000000001,1.2040000000000002,0.57297856,13.682229725789282,361.0817119473896
3.08,5.390000000000001,1.4030000000000002,0.57297856,17.33340753620259,447.16211600372947
3.08,5.390000000000001,1.6020000000000003,0.57297856,20.9845853466159,533.2425200600694
3.08,5.390000000000001,1.8010000000000004,0.57297856,24.635763157029213,619.3229241164095
3.08,5.390000000000001,2.0,0.57297856,28.286940967442515,705.4033281727492
3.08,6.16,0.01,0.57297856,0.11751924516322533,41.279220885640186
3.08,6.16,0.20900000000000002,0.57297856,2.4561522239114097,96.4149831528132
3.08,6.16,0.40800000000000003,0.57297856,4.794785202659594,151.5507454199862
3.08,6.16,0.607,0.57297856,7.47183932681665,214.66514648555494
3.08,6.16,0.806,0.57297856,10.439872379736476,284.63968558338917
3.08,6.16,1.0050000000000001,0.57297856,13.33333173785932,352.856070432534
3.08,6.16,1.2040000000000002,0.57297856,18.35435643705993,471.232073280537
3.08,6.16,1.4030000000000002,0.57297856,23.25231680539778,586.7067035097164
3.08,6.16,1.6020000000000003,0.57297856,28.150277173735628,702.1813337388957
3.08,6.16,1.8010000000000004,0.57297856,33.04823754207347,817.6559639680751
3.08,6.16,2.0,0.57297856,37.946197910411314,933.1305941972541
3.08,6.93,0.01,0.57297856,0.15228058715097498,42.09875653118229
3.08,6.93,0.20900000000000002,0.57297856,3.1826642714553772,113.54327814464334
3.08,6.93,0.40800000000000003,0.57297856,6.213047955759779,184.98779975810436
3.08,6.93,0.607,0.57297856,9.681955310426343,266.7709837685005
3.08,6.93,0.806,0.57297856,13.527911054563184,357.44348498
3.08,6.93,1.0050000000000001,0.57297856,17.277234744827233,445.8377826434717
3.08,6.93,1.2040000000000002,0.57297856,23.78344220243844,599.2285502002419
3.08,6.93,1.4030000000000002,0.57297856,30.130183790990543,748.8597401208166
3.08,6.93,1.6020000000000003,0.57297856,36.47692537954265,898.4909300413914
3.08,6.93,1.8010000000000004,0.57297856,42.823666968094756,1048.122119961966
3.08,6.93,2.0,0.57297856,49.17040855664685,1197.7533098825406
3.85,0.0,0.01,0.8952790000000003,0.0,46.10715557137772
3.85,0.0,0.20900000000000002,0.8952790000000003,0.0,46.10715557137772
3.85,0.0,0.40800000000000003,0.8952790000000003,0.0,46.10715557137772
3.85,0.0,0.607,0.8952790000000003,0.0,46.10715557137772
3.85,0.0,0.806,0.8952790000000003,0.0,46.10715557137772
3.85,0.0,1.0050000000000001,0.8952790000000003,0.0,46.10715557137772
3.85,0.0,1.2040000000000002,0.8952790000000003,0.0,46.10715557137772
3.85,0.0,1.4030000000000002,0.8952790000000003,0.0,46.10715557137772
3.85,0.0,1.6020000000000003,0.8952790000000003,0.0,46.10715557137772
3.85,0.0,1.8010000000000004,0.8952790000000003,0.0,46.10715557137772
3.85,0.0,2.0,0.8952790000000003,0.0,46.10715557137772
3.85,0.77,0.01,0.8952790000000003,0.0012114654192260544,46.13571715840584
3.85,0.77,0.20900000000000002,0.8952790000000003,0.02531962726182454,46.70409274026544
3.85,0.77,0.40800000000000003,0.8952790000000003,0.04942778910442302,47.272468322125036
3.85,0.77,0.607,0.8952790000000003,0.07702461796686393,47.9230929431384
3.85,0.77,0.806,0.8952790000000003,0.10762104837907592,48.64443636417184
3.85,0.77,1.0050000000000001,0.8952790000000003,0.13744872425831772,49.34765557864664
3.85,0.77,1.2040000000000002,0.8952790000000003,0.1892087384050466,50.56795301773738
3.85,0.77,1.4030000000000002,0.8952790000000003,0.2397001247540615,51.75834120587001
3.85,0.77,1.6020000000000003,0.8952790000000003,0.2901915111030764,52.94872939400264
3.85,0.77,1.8010000000000004,0.8952790000000003,0.3406828974520913,54.13911758213527
3.85,0.77,2.0,0.8952790000000003,0.3911742838011061,55.3295057702679
3.85,1.54,0.01,0.8952790000000003,0.005566433336803048,46.23839016351894
3.85,1.54,0.20900000000000002,0.8952790000000003,0.11633845673918372,48.84995854712935
3.85,1.54,0.40800000000000003,0.8952790000000003,0.2271104801415644,51.461526930739765
3.85,1.54,0.607,0.8952790000000003,0.35391220781124666,54.45101265825426
3.85,1.54,0.806,0.8952790000000003,0.4944964849444033,57.76543666277041
3.85,1.54,1.0050000000000001,0.8952790000000003,0.6315484938078826,60.99658368224846
3.85,1.54,1.2040000000000002,0.8952790000000003,0.8693750662277655,66.60359832581096
3.85,1.54,1.4030000000000002,0.8952790000000003,1.1013725559902983,72.0731861398744
3.85,1.54,1.6020000000000003,0.8952790000000003,1.3333700457528308,77.5427739539378
3.85,1.54,1.8010000000000004,0.8952790000000003,1.5653675355153636,83.01236176800126
3.85,1.54,2.0,0.8952790000000003,1.7973650252778957,88.48194958206464
3.85,2.31,0.01,0.8952790000000003,0.013582439595037618,46.427376045186776
3.85,2.31,0.20900000000000002,0.8952790000000003,0.28387298753628626,52.79976347398703
3.85,2.31,0.40800000000000003,0.8952790000000003,0.5541635354775348,59.17215090278728
3.85,2.31,0.607,0.8952790000000003,0.8635675474204891,66.46667988703504
3.85,2.31,0.806,0.8952790000000003,1.20660182747706,74.55407824606007
3.85,2.31,1.0050000000000001,0.8952790000000003,1.541017155773415,82.43827564129053
3.85,2.31,1.2040000000000002,0.8952790000000003,2.1213286152910684,96.11973611997077
3.85,2.31,1.4030000000000002,0.8952790000000003,2.6874167547225043,109.46586668495787
3.85,2.31,1.6020000000000003,0.8952790000000003,3.2535048941539406,122.81199724994498
3.85,2.31,1.8010000000000004,0.8952790000000003,3.8195930335853765,136.15812781493207
3.85,2.31,2.0,0.8952790000000003,4.3856811730168115,149.50425837991912
3.85,3.08,0.01,0.8952790000000003,0.025576611268745282,46.710151411823055
3.85,3.08,0.20900000000000002,0.8952790000000003,0.5345511755167764,58.70976863668522
3.85,3.08,0.40800000000000003,0.8952790000000003,1.0435257397648077,70.70938586154739
3.85,3.08,0.607,0.8952790000000003,1.626153483704592,84.44545521147947
3.85,3.08,0.806,0.8952790000000003,2.272109195229809,99.67454881848103
3.85,3.08,1.0050000000000001,0.8952790000000003,2.9018348637518803,114.5210018825931
3.85,3.08,1.2040000000000002,0.8952790000000003,3.994598833805091,140.28407587261125
3.85,3.08,1.4030000000000002,0.8952790000000003,5.060579373219743,165.41570197071718
3.85,3.08,1.6020000000000003,0.8952790000000003,6.126559912634394,190.5473280688231
3.85,3.08,1.8010000000000004,0.8952790000000003,7.1925404520490455,215.67895416692906
3.85,3.08,2.0,0.8952790000000003,8.258520991463694,240.81058026503493
3.85,3.85,0.01,0.8952790000000003,0.04178736931851833,47.092337291405315
3.85,3.85,0.20900000000000002,0.8952790000000003,0.8733560187570332,66.6974535199544
3.85,3.85,0.40800000000000003,0.8952790000000003,1.704924668195548,86.30256974850346
3.85,3.85,0.607,0.8952790000000003,2.656828751790015,108.7447219507311
3.85,3.85,0.806,0.8952790000000003,3.712198816154087,133.62619480322442
3.85,3.85,1.0050000000000001,0.8952790000000003,4.741052044730116,157.882505021233
3.85,3.85,1.2040000000000002,0.8952790000000003,6.526422714627464,199.9745193341993
3.85,3.85,1.4030000000000002,0.8952790000000003,8.268034299478309,241.03486662969098
3.85,3.85,1.6020000000000003,0.8952790000000003,10.009645884329153,282.09521392518263
3.85,3.85,1.8010000000000004,0.8952790000000003,11.751257469179997,323.15556122067426
3.85,3.85,2.0,0.8952790000000003,13.492869054030837,364.2159085161658
3.85,4.62,0.01,0.8952790000000003,0.06240850407866523,47.578502497381066
3.85,4.62,0.20900000000000002,0.8952790000000003,1.3043377352441035,76.8583063248476
3.85,4.62,0.40800000000000003,0.8952790000000003,2.5462669664095414,106.13811015231414
3.85,4.62,0.607,0.8952790000000003,3.96791448460296,139.65496393104848
3.85,4.62,0.806,0.8952790000000003,5.54408613743726,176.81488869591968
3.85,4.62,1.0050000000000001,0.8952790000000003,7.080655487436526,213.04114700941219
3.85,4.62,1.2040000000000002,0.8952790000000003,9.747066763171954,275.90463159267995
3.85,4.62,1.4030000000000002,0.8952790000000003,12.348124821364847,337.2273444949853
3.85,4.62,1.6020000000000003,0.8952790000000003,14.949182879557739,398.5500573972906
3.85,4.62,1.8010000000000004,0.8952790000000003,17.55024093775063,459.87277029959586
3.85,4.62,2.0,0.8952790000000003,20.151298995943513,521.195483201901
3.85,5.390000000000001,0.01,0.8952790000000003,0.08760455944279152,48.17252632722143
3.85,5.390000000000001,0.20900000000000002,0.8952790000000003,1.8309352923543432,89.27340436851141
3.85,5.390000000000001,0.40800000000000003,0.8952790000000003,3.5742660252658944,130.37428240980137
3.85,5.390000000000001,0.607,0.8952790000000003,5.569872334900997,177.422825754045
3.85,5.390000000000001,0.806,0.8952790000000003,7.78238848620495,229.58524954568804
3.85,5.390000000000001,1.0050000000000001,0.8952790000000003,9.939313779435937,280.43705967422443
3.85,5.390000000000001,1.2040000000000002,0.8952790000000003,13.682229725789282,368.68028795308555
3.85,5.390000000000001,1.4030000000000002,0.8952790000000003,17.33340753620259,454.76069200942544
3.85,5.390000000000001,1.6020000000000003,0.8952790000000003,20.9845853466159,540.8410960657654
3.85,5.390000000000001,1.8010000000000004,0.8952790000000003,24.635763157029213,626.9215001221054
3.85,5.390000000000001,2.0,0.8952790000000003,28.286940967442515,713.0019041784452
3.85,6.16,0.01,0.8952790000000003,0.11751924516322533,48.87779689133616
3.85,6.16,0.20900000000000002,0.8952790000000003,2.4561522239114097,104.01355915850918
3.85,6.16,0.40800000000000003,0.8952790000000003,4.794785202659594,159.14932142568222
3.85,6.16,0.607,0.8952790000000003,7.47183932681665,222.26372249125092
3.85,6.16,0.806,0.8952790000000003,10.439872379736476,292.23826158908514
3.85,6.16,1.0050000000000001,0.8952790000000003,13.33333173785932,360.45464643823
3.85,6.16,1.2040000000000002,0.8952790000000003,18.35435643705993,478.830649286233
3.85,6.16,1.4030000000000002,0.8952790000000003,23.25231680539778,594.3052795154123
3.85,6.16,1.6020000000000003,0.8952790000000003,28.150277173735628,709.7799097445917
3.85,6.16,1.8010000000000004,0.8952790000000003,33.04823754207347,825.2545399737711
3.85,6.16,2.0,0.8952790000000003,37.946197910411314,940.7291702029502
3.85,6.93,0.01,0.8952790000000003,0.15228058715097498,49.69733253687828
3.85,6.93,0.20900000000000002,0.8952790000000003,3.1826642714553772,121.14185415033933
3.85,6.93,0.40800000000000003,0.8952790000000003,6.213047955759779,192.58637576380036
3.85,6.93,0.607,0.8952790000000003,9.681955310426343,274.36955977419655
3.85,6.93,0.806,0.8952790000000003,13.527911054563184,365.04206098569597
3.85,6.93,1.0050000000000001,0.8952790000000003,17.277234744827233,453.4363586491677
3.85,6.93,1.2040000000000002,0.8952790000000003,23.78344220243844,606.8271262059378
3.85,6.93,1.4030000000000002,0.8952790000000003,30.130183790990543,756.4583161265125
3.85,6.93,1.6020000000000003,0.8952790000000003,36.47692537954265,906.0895060470873
3.85,6.93,1.8010000000000004,0.8952790000000003,42.823666968094756,1055.7206959676619
3.85,6.93,2.0,0.8952790000000003,49.17040855664685,1205.3518858882364
4.62,0.0,0.01,1.28920176,0.0,55.39430402278391
4.62,0.0,0.20900000000000002,1.28920176,0.0,55.39430402278391
4.62,0.0,0.40800000000000003,1.28920176,0.0,55.39430402278391
4.62,0.0,0.607,1.28920176,0.0,55.39430402278391
4.62,0.0,0.806,1.28920176,0.0,55.39430402278391
4.62,0.0,1.0050000000000001,1.28920176,0.0,55.39430402278391
4.62,0.0,1.2040000000000002,1.28920176,0.0,55.39430402278391
4.62,0.0,1.4030000000000002,1.28920176,0.0,55.39430402278391
4.62,0.0,1.6020000000000003,1.28920176,0.0,55.39430402278391
4.62,0.0,1.8010000000000004,1.28920176,0.0,55.39430402278391
4.62,0.0,2.0,1.28920176,0.0,55.39430402278391
4.62,0.77,0.01,1.28920176,0.0012114654192260544,55.422865609812035
4.62,0.77,0.20900000000000002,1.28920176,0.02531962726182454,55.99124119167163
4.62,0.77,0.40800000000000003,1.28920176,0.04942778910442302,56.559616773531225
4.62,0.77,0.607,1.28920176,0.07702461796686393,57.21024139454459
4.62,0.77,0.806,1.28920176,0.10762104837907592,57.93158481557803
4.62,0.77,1.0050000000000001,1.28920176,0.13744872425831772,58.63480403005283
4.62,0.77,1.2040000000000002,1.28920176,0.1892087384050466,59.85510146914357
4.62,0.77,1.4030000000000002,1.28920176,0.2397001247540615,61.0454896572762
4.62,0.77,1.6020000000000003,1.28920176,0.2901915111030764,62.23587784540884
4.62,0.77,1.8010000000000004,1.28920176,0.3406828974520913,63.42626603354147
4.62,0.77,2.0,1.28920176,0.3911742838011061,64.6166542216741
4.62,1.54,0.01,1.28920176,0.005566433336803048,55.52553861492514
4.62,1.54,0.20900000000000002,1.28920176,0.11633845673918372,58.13710699853555
4.62,1.54,0.40800000000000003,1.28920176,0.2271104801415644,60.748675382145954
4.62,1.54,0.607,1.28920176,0.35391220781124666,63.73816110966045
4.62,1.54,0.806,1.28920176,0.4944964849444033,67.05258511417661
4.62,1.54,1.0050000000000001,1.28920176,0.6315484938078826,70.28373213365467
4.62,1.54,1.2040000000000002,1.28920176,0.8693750662277655,75.89074677721717
4.62,1.54,1.4030000000000002,1.28920176,1.1013725559902983,81.36033459128059
4.62,1.54,1.6020000000000003,1.28920176,1.3333700457528308,86.829922405344
4.62,1.54,1.8010000000000004,1.28920176,1.5653675355153636,92.29951021940742
4.62,1.54,2.0,1.28920176,1.7973650252778957,97.76909803347084
4.62,2.31,0.01,1.28920176,0.013582439595037618,55.71452449659297
4.62,2.31,0.20900000000000002,1.28920176,0.28387298753628626,62.086911925393224
4.62,2.31,0.40800000000000003,1.28920176,0.5541635354775348,68.45929935419348
4.62,2.31,0.607,1.28920176,0.8635675474204891,75.75382833844122
4.62,2.31,0.806,1.28920176,1.20660182747706,83.84122669746628
4.62,2.31,1.0050000000000001,1.28920176,1.541017155773415,91.72542409269673
4.62,2.31,1.2040000000000002,1.28920176,2.1213286152910684,105.40688457137698
4.62,2.31,1.4030000000000002,1.28920176,2.6874167547225043,118.75301513636406
4.62,2.31,1.6020000000000003,1.28920176,3.2535048941539406,132.09914570135118
4.62,2.31,1.8010000000000004,1.28920176,3.8195930335853765,145.44527626633823
4.62,2.31,2.0,1.28920176,4.3856811730168115,158.7914068313253
4.62,3.08,0.01,1.28920176,0.025576611268745282,55.997299863229244
4.62,3.08,0.20900000000000002,1.28920176,0.5345511755167764,67.99691708809141
4.62,3.08,0.40800000000000003,1.28920176,1.0435257397648077,79.99653431295357
4.62,3.08,0.607,1.28920176,1.626153483704592,93.73260366288565
4.62,3.08,0.806,1.28920176,2.272109195229809,108.96169726988721
4.62,3.08,1.0050000000000001,1.28920176,2.9018348637518803,123.80815033399928
4.62,3.08,1.2040000000000002,1.28920176,3.994598833805091,149.5712243240174
4.62,3.08,1.4030000000000002,1.28920176,5.060579373219743,174.70285042212336
4.62,3.08,1.6020000000000003,1.28920176,6.126559912634394,199.8344765202293
4.62,3.08,1.8010000000000004,1.28920176,7.1925404520490455,224.96610261833524
4.62,3.08,2.0,1.28920176,8.258520991463694,250.0977287164411
4.62,3.85,0.01,1.28920176,0.04178736931851833,56.379485742811504
4.62,3.85,0.20900000000000002,1.28920176,0.8733560187570332,75.98460197136058
4.62,3.85,0.40800000000000003,1.28920176,1.704924668195548,95.58971819990965
4.62,3.85,0.607,1.28920176,2.656828751790015,118.03187040213729
4.62,3.85,0.806,1.28920176,3.712198816154087,142.9133432546306
4.62,3.85,1.0050000000000001,1.28920176,4.741052044730116,167.16965347263917
4.62,3.85,1.2040000000000002,1.28920176,6.526422714627464,209.26166778560548
4.62,3.85,1.4030000000000002,1.28920176,8.268034299478309,250.32201508109716
4.62,3.85,1.6020000000000003,1.28920176,10.009645884329153,291.3823623765888
4.62,3.85,1.8010000000000004,1.28920176,11.751257469179997,332.4427096720804
4.62,3.85,2.0,1.28920176,13.492869054030837,373.503056967572
4.62,4.62,0.01,1.28920176,0.06240850407866523,56.86565094878725
4.62,4.62,0.20900000000000002,1.28920176,1.3043377352441035,86.14545477625381
4.62,4.62,0.40800000000000003,1.28920176,2.5462669664095414,115.42525860372034
4.62,4.62,0.607,1.28920176,3.96791448460296,148.9421123824547
4.62,4.62,0.806,1.28920176,5.54408613743726,186.10203714732586
4.62,4.62,1.0050000000000001,1.28920176,7.080655487436526,222.32829546081837
4.62,4.62,1.2040000000000002,1.28920176,9.747066763171954,285.19178004408616
4.62,4.62,1.4030000000000002,1.28920176,12.348124821364847,346.5144929463915
4.62,4.62,1.6020000000000003,1.28920176,14.949182879557739,407.8372058486968
4.62,4.62,1.8010000000000004,1.28920176,17.55024093775063,469.15991875100207
4.62,4.62,2.0,1.28920176,20.151298995943513,530.4826316533072
4.62,5.390000000000001,0.01,1.28920176,0.08760455944279152,57.45967477862763
4.62,5.390000000000001,0.20900000000000002,1.28920176,1.8309352923543432,98.5605528199176
4.62,5.390000000000001,0.40800000000000003,1.28920176,3.5742660252658944,139.66143086120758
4.62,5.390000000000001,0.607,1.28920176,5.569872334900997,186.70997420545118
4.62,5.390000000000001,0.806,1.28920176,7.78238848620495,238.87239799709425
4.62,5.390000000000001,1.0050000000000001,1.28920176,9.939313779435937,289.72420812563064
4.62,5.390000000000001,1.2040000000000002,1.28920176,13.682229725789282,377.96743640449176
4.62,5.390000000000001,1.4030000000000002,1.28920176,17.33340753620259,464.04784046083165
4.62,5.390000000000001,1.6020000000000003,1.28920176,20.9845853466159,550.1282445171717
4.62,5.390000000000001,1.8010000000000004,1.28920176,24.635763157029213,636.2086485735117
4.62,5.390000000000001,2.0,1.28920176,28.286940967442515,722.2890526298514
4.62,6.16,0.01,1.28920176,0.11751924516322533,58.16494534274236
4.62,6.16,0.20900000000000002,1.28920176,2.4561522239114097,113.30070760991538
4.62,6.16,0.40800000000000003,1.28920176,4.794785202659594,168.4364698770884
4.62,6.16,0.607,1.28920176,7.47183932681665,231.55087094265713
4.62,6.16,0.806,1.28920176,10.439872379736476,301.52541004049135
4.62,6.16,1.0050000000000001,1.28920176,13.33333173785932,369.7417948896362
4.62,6.16,1.2040000000000002,1.28920176,18.35435643705993,488.1177977376392
4.62,6.16,1.4030000000000002,1.28920176,23.25231680539778,603.5924279668185
4.62,6.16,1.6020000000000003,1.28920176,28.150277173735628,719.0670581959979
4.62,6.16,1.8010000000000004,1.28920176,33.04823754207347,834.5416884251773
4.62,6.16,2.0,1.28920176,37.946197910411314,950.0163186543564
4.62,6.93,0.01,1.28920176,0.15228058715097498,58.98448098828447
4.62,6.93,0.20900000000000002,1.28920176,3.1826642714553772,130.42900260174548
4.62,6.93,0.40800000000000003,1.28920176,6.213047955759779,201.87352421520654
4.62,6.93,0.607,1.28920176,9.681955310426343,283.6567082256027
4.62,6.93,0.806,1.28920176,13.527911054563184,374.3292094371022
4.62,6.93,1.0050000000000001,1.28920176,17.277234744827233,462.7235071005739
4.62,6.93,1.2040000000000002,1.28920176,23.78344220243844,616.114274657344
4.62,6.93,1.4030000000000002,1.28920176,30.130183790990543,765.7454645779187
4.62,6.93,1.6020000000000003,1.28920176,36.47692537954265,915.3766544984935
4.62,6.93,1.8010000000000004,1.28920176,42.823666968094756,1065.007844419068
4.62,6.93,2.0,1.28920176,49.17040855664685,1214.6390343396426
5.390000000000001,0.0,0.01,1.7547468400000006,0.0,66.37002491990033
5.390000000000001,0.0,0.20900000000000002,1.7547468400000006,0.0,66.37002491990033
5.390000000000001,0.0,0.40800000000000003,1.7547468400000006,0.0,66.37002491990033
5.390000000000001,0.0,0.607,1.7547468400000006,0.0,66.37002491990033
5.390000000000001,0.0,0.806,1.7547468400000006,0.0,66.37002491990033
5.390000000000001,0.0,1.0050000000000001,1.7547468400000006,0.0,66.37002491990033
5.390000000000001,0.0,1.2040000000000002,1.7547468400000006,0.0,66.37002491990033
5.390000000000001,0.0,1.4030000000000002,1.7547468400000006,0.0,66.37002491990033
5.390000000000001,0.0,1.6020000000000003,1.7547468400000006,0.0,66.37002491990033
5.390000000000001,0.0,1.8010000000000004,1.7547468400000006,0.0,66.37002491990033
5.390000000000001,0.0,2.0,1.7547468400000006,0.0,66.37002491990033
5.390000000000001,0.77,0.01,1.7547468400000006,0.0012114654192260544,66.39858650692844
5.390000000000001,0.77,0.20900000000000002,1.7547468400000006,0.02531962726182454,66.96696208878805
5.390000000000001,0.77,0.40800000000000003,1.7547468400000006,0.04942778910442302,67.53533767064764
5.390000000000001,0.77,0.607,1.7547468400000006,0.07702461796686393,68.18596229166101
5.390000000000001,0.77,0.806,1.7547468400000006,0.10762104837907592,68.90730571269444
5.390000000000001,0.77,1.0050000000000001,1.7547468400000006,0.13744872425831772,69.61052492716925
5.390000000000001,0.77,1.2040000000000002,1.7547468400000006,0.1892087384050466,70.83082236625998
5.390000000000001,0.77,1.4030000000000002,1.7547468400000006,0.2397001247540615,72.02121055439262
5.390000000000001,0.77,1.6020000000000003,1.7547468400000006,0.2901915111030764,73.21159874252525
5.390000000000001,0.77,1.8010000000000004,1.7547468400000006,0.3406828974520913,74.4019869306579
5.390000000000001,0.77,2.0,1.7547468400000006,0.3911742838011061,75.59237511879051
5.390000000000001,1.54,0.01,1.7547468400000006,0.005566433336803048,66.50125951204156
5.390000000000001,1.54,0.20900000000000002,1.7547468400000006,0.11633845673918372,69.11282789565198
5.390000000000001,1.54,0.40800000000000003,1.7547468400000006,0.2271104801415644,71.72439627926238
5.390000000000001,1.54,0.607,1.7547468400000006,0.35391220781124666,74.71388200677687
5.390000000000001,1.54,0.806,1.7547468400000006,0.4944964849444033,78.02830601129303
5.390000000000001,1.54,1.0050000000000001,1.7547468400000006,0.6315484938078826,81.25945303077108
5.390000000000001,1.54,1.2040000000000002,1.7547468400000006,0.8693750662277655,86.86646767433359
5.390000000000001,1.54,1.4030000000000002,1.7547468400000006,1.1013725559902983,92.33605548839701
5.390000000000001,1.54,1.6020000000000003,1.7547468400000006,1.3333700457528308,97.80564330246042
5.390000000000001,1.54,1.8010000000000004,1.7547468400000006,1.5653675355153636,103.27523111652386
5.390000000000001,1.54,2.0,1.7547468400000006,1.7973650252778957,108.74481893058726
5.390000000000001,2.31,0.01,1.7547468400000006,0.013582439595037618,66.69024539370939
5.390000000000001,2.31,0.20900000000000002,1.7547468400000006,0.28387298753628626,73.06263282250964
5.390000000000001,2.31,0.40800000000000003,1.7547468400000006,0.5541635354775348,79.43502025130988
5.390000000000001,2.31,0.607,1.7547468400000006,0.8635675474204891,86.72954923555764
5.390000000000001,2.31,0.806,1.7547468400000006,1.20660182747706,94.8169475945827
5.390000000000001,2.31,1.0050000000000001,1.7547468400000006,1.541017155773415,102.70114498981314
5.390000000000001,2.31,1.2040000000000002,1.7547468400000006,2.1213286152910684,116.38260546849338
5.390000000000001,2.31,1.4030000000000002,1.7547468400000006,2.6874167547225043,129.7287360334805
5.390000000000001,2.31,1.6020000000000003,1.7547468400000006,3.2535048941539406,143.07486659846757
5.390000000000001,2.31,1.8010000000000004,1.7547468400000006,3.8195930335853765,156.42099716345467
5.390000000000001,2.31,2.0,1.7547468400000006,4.3856811730168115,169.76712772844172
5.390000000000001,3.08,0.01,1.7547468400000006,0.025576611268745282,66.97302076034566
5.390000000000001,3.08,0.20900000000000002,1.7547468400000006,0.5345511755167764,78.97263798520783
5.390000000000001,3.08,0.40800000000000003,1.7547468400000006,1.0435257397648077,90.97225521007
5.390000000000001,3.08,0.607,1.7547468400000006,1.626153483704592,104.70832456000208
5.390000000000001,3.08,0.806,1.7547468400000006,2.272109195229809,119.93741816700364
5.390000000000001,3.08,1.0050000000000001,1.7547468400000006,2.9018348637518803,134.7838712311157
5.390000000000001,3.08,1.2040000000000002,1.7547468400000006,3.994598833805091,160.54694522113385
5.390000000000001,3.08,1.4030000000000002,1.7547468400000006,5.060579373219743,185.67857131923978
5.390000000000001,3.08,1.6020000000000003,1.7547468400000006,6.126559912634394,210.81019741734573
5.390000000000001,3.08,1.8010000000000004,1.7547468400000006,7.1925404520490455,235.94182351545166
5.390000000000001,3.08,2.0,1.7547468400000006,8.258520991463694,261.0734496135575
5.390000000000001,3.85,0.01,1.7547468400000006,0.04178736931851833,67.35520663992793
5.390000000000001,3.85,0.20900000000000002,1.7547468400000006,0.8733560187570332,86.960322868477
5.390000000000001,3.85,0.40800000000000003,1.7547468400000006,1.704924668195548,106.56543909702607
5.390000000000001,3.85,0.607,1.7547468400000006,2.656828751790015,129.0075912992537
5.390000000000001,3.85,0.806,1.7547468400000006,3.712198816154087,153.88906415174705
5.390000000000001,3.85,1.0050000000000001,1.7547468400000006,4.741052044730116,178.1453743697556
5.390000000000001,3.85,1.2040000000000002,1.7547468400000006,6.526422714627464,220.2373886827219
5.390000000000001,3.85,1.4030000000000002,1.7547468400000006,8.268034299478309,261.2977359782136
5.390000000000001,3.85,1.6020000000000003,1.7547468400000006,10.009645884329153,302.3580832737052
5.390000000000001,3.85,1.8010000000000004,1.7547468400000006,11.751257469179997,343.4184305691968
5.390000000000001,3.85,2.0,1.7547468400000006,13.492869054030837,384.4787778646884
5.390000000000001,4.62,0.01,1.7547468400000006,0.06240850407866523,67.84137184590367
5.390000000000001,4.62,0.20900000000000002,1.7547468400000006,1.3043377352441035,97.12117567337022
5.390000000000001,4.62,0.40800000000000003,1.7547468400000006,2.5462669664095414,126.40097950083675
5.390000000000001,4.62,0.607,1.7547468400000006,3.96791448460296,159.9178332795711
5.390000000000001,4.62,0.806,1.7547468400000006,5.54408613743726,197.0777580444423
5.390000000000001,4.62,1.0050000000000001,1.7547468400000006,7.080655487436526,233.30401635793478
5.390000000000001,4.62,1.2040000000000002,1.7547468400000006,9.747066763171954,296.16750094120255
5.390000000000001,4.62,1.4030000000000002,1.7547468400000006,12.348124821364847,357.4902138435079
5.390000000000001,4.62,1.6020000000000003,1.7547468400000006,14.949182879557739,418.8129267458132
5.390000000000001,4.62,1.8010000000000004,1.7547468400000006,17.55024093775063,480.1356396481185
5.390000000000001,4.62,2.0,1.7547468400000006,20.151298995943513,541.4583525504236
5.390000000000001,5.390000000000001,0.01,1.7547468400000006,0.08760455944279152,68.43539567574405
5.390000000000001,5.390000000000001,0.20900000000000002,1.7547468400000006,1.8309352923543432,109.53627371703402
5.390000000000001,5.390000000000001,0.40800000000000003,1.7547468400000006,3.5742660252658944,150.637151758324
5.390000000000001,5.390000000000001,0.607,1.7547468400000006,5.569872334900997,197.68569510256762
5.390000000000001,5.390000000000001,0.806,1.7547468400000006,7.78238848620495,249.84811889421067
5.390000000000001,5.390000000000001,1.0050000000000001,1.7547468400000006,9.939313779435937,300.699929022747
5.390000000000001,5.390000000000001,1.2040000000000002,1.7547468400000006,13.682229725789282,388.94315730160815
5.390000000000001,5.390000000000001,1.4030000000000002,1.7547468400000006,17.33340753620259,475.0235613579481
5.390000000000001,5.390000000000001,1.6020000000000003,1.7547468400000006,20.9845853466159,561.103965414288
5.390000000000001,5.390000000000001,1.8010000000000004,1.7547468400000006,24.635763157029213,647.1843694706281
5.390000000000001,5.390000000000001,2.0,1.7547468400000006,28.286940967442515,733.2647735269678
5.390000000000001,6.16,0.01,1.7547468400000006,0.11751924516322533,69.14066623985877
5.390000000000001,6.16,0.20900000000000002,1.7547468400000006,2.4561522239114097,124.2764285070318
5.390000000000001,6.16,0.40800000000000003,1.7547468400000006,4.794785202659594,179.41219077420482
5.390000000000001,6.16,0.607,1.7547468400000006,7.47183932681665,242.52659183977354
5.390000000000001,6.16,0.806,1.7547468400000006,10.439872379736476,312.50113093760774
5.390000000000001,6.16,1.0050000000000001,1.7547468400000006,13.33333173785932,380.7175157867526
5.390000000000001,6.16,1.2040000000000002,1.7547468400000006,18.35435643705993,499.0935186347556
5.390000000000001,6.16,1.4030000000000002,1.7547468400000006,23.25231680539778,614.5681488639349
5.390000000000001,6.16,1.6020000000000003,1.7547468400000006,28.150277173735628,730.0427790931143
5.390000000000001,6.16,1.8010000000000004,1.7547468400000006,33.04823754207347,845.5174093222936
5.390000000000001,6.16,2.0,1.7547468400000006,37.946197910411314,960.9920395514727
5.390000000000001,6.93,0.01,1.7547468400000006,0.15228058715097498,69.96020188540089
5.390000000000001,6.93,0.20900000000000002,1.7547468400000006,3.1826642714553772,141.40472349886193
5.390000000000001,6.93,0.40800000000000003,1.7547468400000006,6.213047955759779,212.84924511232296
5.390000000000001,6.93,0.607,1.7547468400000006,9.681955310426343,294.63242912271915
5.390000000000001,6.93,0.806,1.7547468400000006,13.527911054563184,385.30493033421857
5.390000000000001,6.93,1.0050000000000001,1.7547468400000006,17.277234744827233,473.69922799769034
5.390000000000001,6.93,1.2040000000000002,1.7547468400000006,23.78344220243844,627.0899955544604
5.390000000000001,6.93,1.4030000000000002,1.7547468400000006,30.130183790990543,776.7211854750351
5.390000000000001,6.93,1.6020000000000003,1.7547468400000006,36.47692537954265,926.3523753956098
5.390000000000001,6.93,1.8010000000000004,1.7547468400000006,42.823666968094756,1075.9835653161845
5.390000000000001,6.93,2.0,1.7547468400000006,49.17040855664685,1225.614755236759
6.16,0.0,0.01,2.29191424,0.0,79.03431826272694
6.16,0.0,0.20900000000000002,2.29191424,0.0,79.03431826272694
6.16,0.0,0.40800000000000003,2.29191424,0.0,79.03431826272694
6.16,0.0,0.607,2.29191424,0.0,79.03431826272694
6.16,0.0,0.806,2.29191424,0.0,79.03431826272694
6.16,0.0,1.0050000000000001,2.29191424,0.0,79.03431826272694
6.16,0.0,1.2040000000000002,2.29191424,0.0,79.03431826272694
6.16,0.0,1.4030000000000002,2.29191424,0.0,79.03431826272694
6.16,0.0,1.6020000000000003,2.29191424,0.0,79.03431826272694
6.16,0.0,1.8010000000000004,2.29191424,0.0,79.03431826272694
6.16,0.0,2.0,2.29191424,0.0,79.03431826272694
6.16,0.77,0.01,2.29191424,0.0012114654192260544,79.06287984975506
6.16,0.77,0.20900000000000002,2.29191424,0.02531962726182454,79.63125543161468
6.16,0.77,0.40800000000000003,2.29191424,0.04942778910442302,80.19963101347426
6.16,0.77,0.607,2.29191424,0.07702461796686393,80.85025563448764
6.16,0.77,0.806,2.29191424,0.10762104837907592,81.57159905552106
6.16,0.77,1.0050000000000001,2.29191424,0.13744872425831772,82.27481826999588
6.16,0.77,1.2040000000000002,2.29191424,0.1892087384050466,83.4951157090866
6.16,0.77,1.4030000000000002,2.29191424,0.2397001247540615,84.68550389721923
6.16,0.77,1.6020000000000003,2.29191424,0.2901915111030764,85.87589208535186
6.16,0.77,1.8010000000000004,2.29191424,0.3406828974520913,87.0662802734845
6.16,0.77,2.0,2.29191424,0.3911742838011061,88.25666846161712
6.16,1.54,0.01,2.29191424,0.005566433336803048,79.16555285486817
6.16,1.54,0.20900000000000002,2.29191424,0.11633845673918372,81.77712123847857
6.16,1.54,0.40800000000000003,2.29191424,0.2271104801415644,84.38868962208899
6.16,1.54,0.607,2.29191424,0.35391220781124666,87.3781753496035
6.16,1.54,0.806,2.29191424,0.4944964849444033,90.69259935411964
6.16,1.54,1.0050000000000001,2.29191424,0.6315484938078826,93.9237463735977
6.16,1.54,1.2040000000000002,2.29191424,0.8693750662277655,99.5307610171602
6.16,1.54,1.4030000000000002,2.29191424,1.1013725559902983,105.00034883122362
6.16,1.54,1.6020000000000003,2.29191424,1.3333700457528308,110.46993664528704
6.16,1.54,1.8010000000000004,2.29191424,1.5653675355153636,115.93952445935047
6.16,1.54,2.0,2.29191424,1.7973650252778957,121.40911227341388
6.16,2.31,0.01,2.29191424,0.013582439595037618,79.354538736536
6.16,2.31,0.20900000000000002,2.29191424,0.28387298753628626,85.72692616533625
6.16,2.31,0.40800000000000003,2.29191424,0.5541635354775348,92.0993135941365
6.16,2.31,0.607,2.29191424,0.8635675474204891,99.39384257838427
6.16,2.31,0.806,2.29191424,1.20660182747706,107.48124093740931
6.16,2.31,1.0050000000000001,2.29191424,1.541017155773415,115.36543833263976
6.16,2.31,1.2040000000000002,2.29191424,2.1213286152910684,129.04689881131998
6.16,2.31,1.4030000000000002,2.29191424,2.6874167547225043,142.39302937630708
6.16,2.31,1.6020000000000003,2.29191424,3.2535048941539406,155.7391599412942
6.16,2.31,1.8010000000000004,2.29191424,3.8195930335853765,169.08529050628127
6.16,2.31,2.0,2.29191424,4.3856811730168115,182.43142107126835
6.16,3.08,0.01,2.29191424,0.025576611268745282,79.63731410317229
6.16,3.08,0.20900000000000002,2.29191424,0.5345511755167764,91.63693132803445
6.16,3.08,0.40800000000000003,2.29191424,1.0435257397648077,103.63654855289661
6.16,3.08,0.607,2.29191424,1.626153483704592,117.3726179028287
6.16,3.08,0.806,2.29191424,2.272109195229809,132.60171150983024
6.16,3.08,1.0050000000000001,2.29191424,2.9018348637518803,147.44816457394234
6.16,3.08,1.2040000000000002,2.29191424,3.994598833805091,173.21123856396048
6.16,3.08,1.4030000000000002,2.29191424,5.060579373219743,198.3428646620664
6.16,3.08,1.6020000000000003,2.29191424,6.126559912634394,223.47449076017233
6.16,3.08,1.8010000000000004,2.29191424,7.1925404520490455,248.60611685827828
6.16,3.08,2.0,2.29191424,8.258520991463694,273.7377429563842
6.16,3.85,0.01,2.29191424,0.04178736931851833,80.01949998275454
6.16,3.85,0.20900000000000002,2.29191424,0.8733560187570332,99.62461621130362
6.16,3.85,0.40800000000000003,2.29191424,1.704924668195548,119.2297324398527
6.16,3.85,0.607,2.29191424,2.656828751790015,141.67188464208033
6.16,3.85,0.806,2.29191424,3.712198816154087,166.55335749457365
6.16,3.85,1.0050000000000001,2.29191424,4.741052044730116,190.8096677125822
6.16,3.85,1.2040000000000002,2.29191424,6.526422714627464,232.90168202554852
6.16,3.85,1.4030000000000002,2.29191424,8.268034299478309,273.9620293210402
6.16,3.85,1.6020000000000003,2.29191424,10.009645884329153,315.02237661653186
6.16,3.85,1.8010000000000004,2.29191424,11.751257469179997,356.0827239120235
6.16,3.85,2.0,2.29191424,13.492869054030837,397.14307120751505
6.16,4.62,0.01,2.29191424,0.06240850407866523,80.50566518873029
6.16,4.62,0.20900000000000002,2.29191424,1.3043377352441035,109.78546901619684
6.16,4.62,0.40800000000000003,2.29191424,2.5462669664095414,139.06527284366337
6.16,4.62,0.607,2.29191424,3.96791448460296,172.5821266223977
6.16,4.62,0.806,2.29191424,5.54408613743726,209.7420513872689
6.16,4.62,1.0050000000000001,2.29191424,7.080655487436526,245.9683097007614
6.16,4.62,1.2040000000000002,2.29191424,9.747066763171954,308.8317942840292
6.16,4.62,1.4030000000000002,2.29191424,12.348124821364847,370.1545071863345
6.16,4.62,1.6020000000000003,2.29191424,14.949182879557739,431.4772200886398
6.16,4.62,1.8010000000000004,2.29191424,17.55024093775063,492.7999329909452
6.16,4.62,2.0,2.29191424,20.151298995943513,554.1226458932503
6.16,5.390000000000001,0.01,2.29191424,0.08760455944279152,81.09968901857067
6.16,5.390000000000001,0.20900000000000002,2.29191424,1.8309352923543432,122.20056705986063
6.16,5.390000000000001,0.40800000000000003,2.29191424,3.5742660252658944,163.30144510115062
6.16,5.390000000000001,0.607,2.29191424,5.569872334900997,210.34998844539422
6.16,5.390000000000001,0.806,2.29191424,7.78238848620495,262.5124122370373
6.16,5.390000000000001,1.0050000000000001,2.29191424,9.939313779435937,313.3642223655737
6.16,5.390000000000001,1.2040000000000002,2.29191424,13.682229725789282,401.6074506444348
6.16,5.390000000000001,1.4030000000000002,2.29191424,17.33340753620259,487.68785470077466
6.16,5.390000000000001,1.6020000000000003,2.29191424,20.9845853466159,573.7682587571146
6.16,5.390000000000001,1.8010000000000004,2.29191424,24.635763157029213,659.8486628134547
6.16,5.390000000000001,2.0,2.29191424,28.286940967442515,745.9290668697945
6.16,6.16,0.01,2.29191424,0.11751924516322533,81.80495958268538
6.16,6.16,0.20900000000000002,2.29191424,2.4561522239114097,136.9407218498584
6.16,6.16,0.40800000000000003,2.29191424,4.794785202659594,192.07648411703144
6.16,6.16,0.607,2.29191424,7.47183932681665,255.19088518260014
6.16,6.16,0.806,2.29191424,10.439872379736476,325.16542428043437
6.16,6.16,1.0050000000000001,2.29191424,13.33333173785932,393.3818091295792
6.16,6.16,1.2040000000000002,2.29191424,18.35435643705993,511.75781197758226
6.16,6.16,1.4030000000000002,2.29191424,23.25231680539778,627.2324422067616
6.16,6.16,1.6020000000000003,2.29191424,28.150277173735628,742.707072435941
6.16,6.16,1.8010000000000004,2.29191424,33.04823754207347,858.1817026651202
6.16,6.16,2.0,2.29191424,37.946197910411314,973.6563328942993
6.16,6.93,0.01,2.29191424,0.15228058715097498,82.6244952282275
6.16,6.93,0.20900000000000002,2.29191424,3.1826642714553772,154.06901684168855
6.16,6.93,0.40800000000000003,2.29191424,6.213047955759779,225.5135384551496
6.16,6.93,0.607,2.29191424,9.681955310426343,307.29672246554577
6.16,6.93,0.806,2.29191424,13.527911054563184,397.9692236770452
6.16,6.93,1.0050000000000001,2.29191424,17.277234744827233,486.3635213405169
6.16,6.93,1.2040000000000002,2.29191424,23.78344220243844,639.7542888972871
6.16,6.93,1.4030000000000002,2.29191424,30.130183790990543,789.3854788178618
6.16,6.93,1.6020000000000003,2.29191424,36.47692537954265,939.0166687384365
6.16,6.93,1.8010000000000004,2.29191424,42.823666968094756,1088.647858659011
6.16,6.93,2.0,2.29191424,49.17040855664685,1238.2790485795856
6.93,0.0,0.01,2.90070396,0.0,93.38718405126379
6.93,0.0,0.20900000000000002,2.90070396,0.0,93.38718405126379
6.93,0.0,0.40800000000000003,2.90070396,0.0,93.38718405126379
6.93,0.0,0.607,2.90070396,0.0,93.38718405126379
6.93,0.0,0.806,2.90070396,0.0,93.38718405126379
6.93,0.0,1.0050000000000001,2.90070396,0.0,93.38718405126379
6.93,0.0,1.2040000000000002,2.90070396,0.0,93.38718405126379
6.93,0.0,1.4030000000000002,2.90070396,0.0,93.38718405126379
6.93,0.0,1.6020000000000003,2.90070396,0.0,93.38718405126379
6.93,0.0,1.8010000000000004,2.90070396,0.0,93.38718405126379
6.93,0.0,2.0,2.90070396,0.0,93.38718405126379
6.93,0.77,0.01,2.90070396,0.0012114654192260544,93.41574563829191
6.93,0.77,0.20900000000000002,2.90070396,0.02531962726182454,93.98412122015151
6.93,0.77,0.40800000000000003,2.90070396,0.04942778910442302,94.5524968020111
6.93,0.77,0.607,2.90070396,0.07702461796686393,95.20312142302447
6.93,0.77,0.806,2.90070396,0.10762104837907592,95.92446484405791
6.93,0.77,1.0050000000000001,2.90070396,0.13744872425831772,96.62768405853271
6.93,0.77,1.2040000000000002,2.90070396,0.1892087384050466,97.84798149762344
6.93,0.77,1.4030000000000002,2.90070396,0.2397001247540615,99.03836968575608
6.93,0.77,1.6020000000000003,2.90070396,0.2901915111030764,100.22875787388871
6.93,0.77,1.8010000000000004,2.90070396,0.3406828974520913,101.41914606202134
6.93,0.77,2.0,2.90070396,0.3911742838011061,102.60953425015397
6.93,1.54,0.01,2.90070396,0.005566433336803048,93.51841864340501
6.93,1.54,0.20900000000000002,2.90070396,0.11633845673918372,96.12998702701542
6.93,1.54,0.40800000000000003,2.90070396,0.2271104801415644,98.74155541062584
6.93,1.54,0.607,2.90070396,0.35391220781124666,101.73104113814033
6.93,1.54,0.806,2.90070396,0.4944964849444033,105.04546514265648
6.93,1.54,1.0050000000000001,2.90070396,0.6315484938078826,108.27661216213454
6.93,1.54,1.2040000000000002,2.90070396,0.8693750662277655,113.88362680569703
6.93,1.54,1.4030000000000002,2.90070396,1.1013725559902983,119.35321461976046
6.93,1.54,1.6020000000000003,2.90070396,1.3333700457528308,124.8228024338239
6.93,1.54,1.8010000000000004,2.90070396,1.5653675355153636,130.2923902478873
6.93,1.54,2.0,2.90070396,1.7973650252778957,135.76197806195074
6.93,2.31,0.01,2.90070396,0.013582439595037618,93.70740452507285
6.93,2.31,0.20900000000000002,2.90070396,0.28387298753628626,100.0797919538731
6.93,2.31,0.40800000000000003,2.90070396,0.5541635354775348,106.45217938267335
6.93,2.31,0.607,2.90070396,0.8635675474204891,113.7467083669211
6.93,2.31,0.806,2.90070396,1.20660182747706,121.83410672594617
6.93,2.31,1.0050000000000001,2.90070396,1.541017155773415,129.7183041211766
6.93,2.31,1.2040000000000002,2.90070396,2.1213286152910684,143.39976459985684
6.93,2.31,1.4030000000000002,2.90070396,2.6874167547225043,156.74589516484394
6.93,2.31,1.6020000000000003,2.90070396,3.2535048941539406,170.09202572983105
6.93,2.31,1.8010000000000004,2.90070396,3.8195930335853765,183.43815629481813
6.93,2.31,2.0,2.90070396,4.3856811730168115,196.78428685980518
6.93,3.08,0.01,2.90070396,0.025576611268745282,93.99017989170912
6.93,3.08,0.20900000000000002,2.90070396,0.5345511755167764,105.98979711657128
6.93,3.08,0.40800000000000003,2.90070396,1.0435257397648077,117.98941434143345
6.93,3.08,0.607,2.90070396,1.626153483704592,131.72548369136553
6.93,3.08,0.806,2.90070396,2.272109195229809,146.9545772983671
6.93,3.08,1.0050000000000001,2.90070396,2.9018348637518803,161.80103036247917
6.93,3.08,1.2040000000000002,2.90070396,3.994598833805091,187.5641043524973
6.93,3.08,1.4030000000000002,2.90070396,5.060579373219743,212.69573045060324
6.93,3.08,1.6020000000000003,2.90070396,6.126559912634394,237.8273565487092
6.93,3.08,1.8010000000000004,2.90070396,7.1925404520490455,262.9589826468151
6.93,3.08,2.0,2.90070396,8.258520991463694,288.090608744921
6.93,3.85,0.01,2.90070396,0.04178736931851833,94.37236577129138
6.93,3.85,0.20900000000000002,2.90070396,0.8733560187570332,113.97748199984046
6.93,3.85,0.40800000000000003,2.90070396,1.704924668195548,133.58259822838954
6.93,3.85,0.607,2.90070396,2.656828751790015,156.02475043061716
6.93,3.85,0.806,2.90070396,3.712198816154087,180.90622328311048
6.93,3.85,1.0050000000000001,2.90070396,4.741052044730116,205.16253350111904
6.93,3.85,1.2040000000000002,2.90070396,6.526422714627464,247.25454781408536
6.93,3.85,1.4030000000000002,2.90070396,8.268034299478309,288.31489510957704
6.93,3.85,1.6020000000000003,2.90070396,10.009645884329153,329.3752424050687
6.93,3.85,1.8010000000000004,2.90070396,11.751257469179997,370.4355897005603
6.93,3.85,2.0,2.90070396,13.492869054030837,411.49593699605185
6.93,4.62,0.01,2.90070396,0.06240850407866523,94.85853097726714
6.93,4.62,0.20900000000000002,2.90070396,1.3043377352441035,124.13833480473366
6.93,4.62,0.40800000000000003,2.90070396,2.5462669664095414,153.41813863220023
6.93,4.62,0.607,2.90070396,3.96791448460296,186.93499241093457
6.93,4.62,0.806,2.90070396,5.54408613743726,224.0949171758058
6.93,4.62,1.0050000000000001,2.90070396,7.080655487436526,260.32117548929824
6.93,4.62,1.2040000000000002,2.90070396,9.747066763171954,323.18466007256603
6.93,4.62,1.4030000000000002,2.90070396,12.348124821364847,384.5073729748713
6.93,4.62,1.6020000000000003,2.90070396,14.949182879557739,445.83008587717666
6.93,4.62,1.8010000000000004,2.90070396,17.55024093775063,507.15279877948194
6.93,4.62,2.0,2.90070396,20.151298995943513,568.4755116817871
6.93,5.390000000000001,0.01,2.90070396,0.08760455944279152,95.4525548071075
6.93,5.390000000000001,0.20900000000000002,2.90070396,1.8309352923543432,136.55343284839748
6.93,5.390000000000001,0.40800000000000003,2.90070396,3.5742660252658944,177.65431088968745
6.93,5.390000000000001,0.607,2.90070396,5.569872334900997,224.70285423393105
6.93,5.390000000000001,0.806,2.90070396,7.78238848620495,276.8652780255741
6.93,5.390000000000001,1.0050000000000001,2.90070396,9.939313779435937,327.71708815411057
6.93,5.390000000000001,1.2040000000000002,2.90070396,13.682229725789282,415.96031643297164
6.93,5.390000000000001,1.4030000000000002,2.90070396,17.33340753620259,502.0407204893115
6.93,5.390000000000001,1.6020000000000003,2.90070396,20.9845853466159,588.1211245456515
6.93,5.390000000000001,1.8010000000000004,2.90070396,24.635763157029213,674.2015286019915
6.93,5.390000000000001,2.0,2.90070396,28.286940967442515,760.2819326583312
6.93,6.16,0.01,2.90070396,0.11751924516322533,96.15782537122223
6.93,6.16,0.20900000000000002,2.90070396,2.4561522239114097,151.29358763839525
6.93,6.16,0.40800000000000003,2.90070396,4.794785202659594,206.42934990556827
6.93,6.16,0.607,2.90070396,7.47183932681665,269.543750971137
6.93,6.16,0.806,2.90070396,10.439872379736476,339.51829006897117
6.93,6.16,1.0050000000000001,2.90070396,13.33333173785932,407.73467491811607
6.93,6.16,1.2040000000000002,2.90070396,18.35435643705993,526.1106777661191
6.93,6.16,1.4030000000000002,2.90070396,23.25231680539778,641.5853079952984
6.93,6.16,1.6020000000000003,2.90070396,28.150277173735628,757.0599382244777
6.93,6.16,1.8010000000000004,2.90070396,33.04823754207347,872.534568453657
6.93,6.16,2.0,2.90070396,37.946197910411314,988.0091986828362
6.93,6.93,0.01,2.90070396,0.15228058715097498,96.97736101676435
6.93,6.93,0.20900000000000002,2.90070396,3.1826642714553772,168.42188263022538
6.93,6.93,0.40800000000000003,2.90070396,6.213047955759779,239.8664042436864
6.93,6.93,0.607,2.90070396,9.681955310426343,321.6495882540826
6.93,6.93,0.806,2.90070396,13.527911054563184,412.3220894655821
6.93,6.93,1.0050000000000001,2.90070396,17.277234744827233,500.71638712905377
6.93,6.93,1.2040000000000002,2.90070396,23.78344220243844,654.107154685824
6.93,6.93,1.4030000000000002,2.90070396,30.130183790990543,803.7383446063986
6.93,6.93,1.6020000000000003,2.90070396,36.47692537954265,953.3695345269733
6.93,6.93,1.8010000000000004,2.90070396,42.823666968094756,1103.000724447548
6.93,6.93,2.0,2.90070396,49.17040855664685,1252.6319143681226
