0.0,2.65,0.01,0.0,0.01456317575086187,25.316728485229707
0.0,2.65,0.20900000000000002,0.0,0.30437037319301313,31.61962534130085
0.0,2.65,0.40800000000000003,0.0,0.646107281742622,39.05192000310183
0.0,2.65,0.607,0.0,1.0917150635118713,48.74325931952743
0.0,2.65,0.806,0.0,1.5890107433408465,59.55873734973568
0.0,2.65,1.0050000000000001,0.0,2.07381155684246,70.10246970079297
0.0,2.65,1.2040000000000002,0.0,2.894924655071185,87.96051881407536
0.0,2.65,1.4030000000000002,0.0,3.6959124322648913,105.38087064516945
0.0,2.65,1.6020000000000003,0.0,4.496900209458597,122.80122247626355
0.0,2.65,1.8010000000000004,0.0,5.297887986652304,140.22157430735763
0.0,2.65,2.0,0.0,6.098875763846009,157.6419261384517
0.0,5.3,0.01,0.0,0.07391166701305182,26.607474271706216
0.0,5.3,0.20900000000000002,0.0,1.5447538405727832,58.59621227865993
0.0,5.3,0.40800000000000003,0.0,3.1423503107021533,93.34167704876367
0.0,5.3,0.607,0.0,5.134366818511344,136.66522006331763
0.0,5.3,0.806,0.0,7.373680857244581,185.36713478130886
0.0,5.3,1.0050000000000001,0.0,9.55673072415035,232.8453833003556
0.0,5.3,1.2040000000000002,0.0,13.195363680197097,311.98050631137664
0.0,5.3,1.4030000000000002,0.0,16.74481445594858,389.17604297408826
0.0,5.3,1.6020000000000003,0.0,20.294265231700056,466.3715796367999
0.0,5.3,1.8010000000000004,0.0,23.84371600745154,543.5671162995116
0.0,5.3,2.0,0.0,27.393166783203014,620.7626529622231
0.0,7.949999999999999,0.01,0.0,0.19115199451917522,29.157285657224342
0.0,7.949999999999999,0.20900000000000002,0.0,3.9950766854507624,111.88727023598875
0.0,7.949999999999999,0.40800000000000003,0.0,7.929873311475761,197.46353439486217
0.0,7.949999999999999,0.607,0.0,12.70160405805054,301.24193253698434
0.0,7.949999999999999,0.806,0.0,18.09812861880948,418.60871289276815
0.0,7.949999999999999,1.0050000000000001,0.0,23.35906211020261,533.0265791692609
0.0,7.949999999999999,1.2040000000000002,0.0,32.0492418853109,722.0257043347303
0.0,7.949999999999999,1.4030000000000002,0.0,40.526427058088096,906.3924980010461
0.0,7.949999999999999,1.6020000000000003,0.0,49.0036122308653,1090.759291667362
0.0,7.949999999999999,1.8010000000000004,0.0,57.48079740364249,1275.1260853336776
0.0,7.949999999999999,2.0,0.0,65.95798257641967,1459.492878999993
0.0,10.6,0.01,0.0,0.3751197275995896,33.1583237842451
0.0,10.6,0.20900000000000002,0.0,7.840002306831424,195.5089670907226
0.0,10.6,0.40800000000000003,0.0,15.295934825514522,357.6649592325907
0.0,10.6,0.607,0.0,24.15378350876022,550.3106461235368
0.0,10.6,0.806,0.0,34.22350212417055,769.3127908693031
0.0,10.6,1.0050000000000001,0.0,44.04021273416857,982.8123691641708
0.0,10.6,1.2040000000000002,0.0,60.1554974314946,1333.2970298280688
0.0,10.6,1.4030000000000002,0.0,75.87579966074891,1675.191380181577
0.0,10.6,1.6020000000000003,0.0,91.5961018900032,2017.0857305350848
0.0,10.6,1.8010000000000004,0.0,107.3164041192575,2358.980080888593
0.0,10.6,2.0,0.0,123.03670634851177,2700.8744312421004
0.0,13.25,0.01,0.0,0.6328143260058848,38.76281700752251
0.0,13.25,0.20900000000000002,0.0,13.225819413522995,312.64287545722044
0.0,13.25,0.40800000000000003,0.0,25.463872857179766,578.8032374332267
0.0,13.25,0.607,0.0,39.76553202481739,889.8441066728445
0.0,13.25,0.806,0.0,56.09865903194666,1245.0665296204147
0.0,13.25,1.0050000000000001,0.0,72.02140596351991,1591.3637660617642
0.0,13.25,1.2040000000000002,0.0,98.0378413674208,2157.1844577516486
0.0,13.25,1.4030000000000002,0.0,123.41661904083391,2709.1369952334476
0.0,13.25,1.6020000000000003,0.0,148.795396714247,3261.089532715246
0.0,13.25,1.8010000000000004,0.0,174.17417438766012,3813.0420701970447
0.0,13.25,2.0,0.0,199.55295206107314,4364.994607678842
0.0,15.899999999999999,0.01,0.0,0.9701429694650116,46.09923813538521
0.0,15.899999999999999,0.20900000000000002,0.0,20.275988061818744,465.9740770295508
0.0,15.899999999999999,0.40800000000000003,0.0,38.61967901467838,864.9234235467244
0.0,15.899999999999999,0.607,0.0,59.762264599774625,1324.7447716349418
0.0,15.899999999999999,0.806,0.0,84.00843044327226,1852.0646029419804
0.0,15.899999999999999,1.0050000000000001,0.0,107.64539613994832,2366.1351922563795
0.0,15.899999999999999,1.2040000000000002,0.0,146.1209384404815,3202.9238460304805
0.0,15.899999999999999,1.4030000000000002,0.0,183.65345274345256,4019.202973976785
0.0,15.899999999999999,1.6020000000000003,0.0,221.18596704642363,4835.482101923089
0.0,15.899999999999999,1.8010000000000004,0.0,258.7184813493947,5651.761229869394
0.0,15.899999999999999,2.0,0.0,296.25099565236576,6468.0403578156975
0.0,18.55,0.01,0.0,1.3922717476063309,55.279942314187274
0.0,18.55,0.20900000000000002,0.0,29.098479524972312,657.850794366514
0.0,18.55,0.40800000000000003,0.0,54.92433216230713,1219.5265803024606
0.0,18.55,0.607,0.0,84.33685946075691,1859.2074697859268
0.0,18.55,0.806,0.0,118.19552179425655,2595.5855109668673
0.0,18.55,1.0050000000000001,0.0,151.203463968623,3313.4615913141147
0.0,18.55,1.2040000000000002,0.0,204.76469668067892,4478.342685530208
0.0,18.55,1.4030000000000002,0.0,257.0131540811649,5614.672772535121
0.0,18.55,1.6020000000000003,0.0,309.2616114816508,6751.002859540035
0.0,18.55,1.8010000000000004,0.0,361.51006888213675,7887.332946544949
0.0,18.55,2.0,0.0,413.75852628262254,9023.66303354986
0.0,21.2,0.01,0.0,1.9038240608149446,66.40548196639723
0.0,21.2,0.20900000000000002,0.0,39.789922871032346,890.3745730977022
0.0,21.2,0.40800000000000003,0.0,74.52068052642026,1645.7194546850865
0.0,21.2,0.607,0.0,113.65885214902356,2496.919359482896
0.0,21.2,0.806,0.0,158.87253326477813,3480.2530070634652
0.0,21.2,1.0050000000000001,0.0,202.95019224194587,4438.879779076683
0.0,21.2,1.2040000000000002,0.0,274.28297661502194,5990.266999021791
0.0,21.2,1.4030000000000002,0.0,343.86740842993436,7503.630022399617
0.0,21.2,1.6020000000000003,0.0,413.4518402448468,9016.993045777443
0.0,21.2,1.8010000000000004,0.0,483.03627205975926,10530.356069155268
0.0,21.2,2.0,0.0,552.6207038746714,12043.71909253309
0.0,23.849999999999998,0.01,0.0,2.5090052907241986,79.56731819756848
0.0,23.849999999999998,0.20900000000000002,0.0,52.43821057613576,1165.4569503291814
0.0,23.849999999999998,0.40800000000000003,0.0,97.53772406052543,2146.3076133215623
0.0,23.849999999999998,0.607,0.0,147.88010190359358,3241.183164497468
0.0,23.849999999999998,0.806,0.0,206.2293410988524,4510.196631119017
0.0,23.849999999999998,1.0050000000000001,0.0,263.1125190077981,5747.325337272687
0.0,23.849999999999998,1.2040000000000002,0.0,354.955025943805,7744.77002922586
0.0,23.849999999999998,1.4030000000000002,0.0,444.54649104314495,9693.25774343508
0.0,23.849999999999998,1.6020000000000003,0.0,534.1379561424849,11641.745457644301
0.0,23.849999999999998,1.8010000000000004,0.0,623.729421241825,13590.233171853524
0.0,23.849999999999998,2.0,0.0,713.3208863411647,15538.72088606274
2.65,0.0,0.01,0.026685499999999997,0.0,25.580371900826446
2.65,0.0,0.20900000000000002,0.026685499999999997,0.0,25.580371900826446
2.65,0.0,0.40800000000000003,0.026685499999999997,0.0,25.580371900826446
2.65,0.0,0.607,0.026685499999999997,0.0,25.580371900826446
2.65,0.0,0.806,0.026685499999999997,0.0,25.580371900826446
2.65,0.0,1.0050000000000001,0.026685499999999997,0.0,25.580371900826446
2.65,0.0,1.2040000000000002,0.026685499999999997,0.0,25.580371900826446
2.65,0.0,1.4030000000000002,0.026685499999999997,0.0,25.580371900826446
2.65,0.0,1.6020000000000003,0.026685499999999997,0.0,25.580371900826446
2.65,0.0,1.8010000000000004,0.026685499999999997,0.0,25.580371900826446
2.65,0.0,2.0,0.026685499999999997,0.0,25.580371900826446
2.65,2.65,0.01,0.026685499999999997,0.01456317575086187,25.897100386056152
2.65,2.65,0.20900000000000002,0.026685499999999997,0.30437037319301313,32.199997242127296
2.65,2.65,0.40800000000000003,0.026685499999999997,0.646107281742622,39.63229190392828
2.65,2.65,0.607,0.026685499999999997,1.0917150635118713,49.323631220353874
2.65,2.65,0.806,0.026685499999999997,1.5890107433408465,60.13910925056213
2.65,2.65,1.0050000000000001,0.026685499999999997,2.07381155684246,70.6828416016194
2.65,2.65,1.2040000000000002,0.026685499999999997,2.894924655071185,88.54089071490182
2.65,2.65,1.4030000000000002,0.026685499999999997,3.6959124322648913,105.9612425459959
2.65,2.65,1.6020000000000003,0.026685499999999997,4.496900209458597,123.38159437708998
2.65,2.65,1.8010000000000004,0.026685499999999997,5.297887986652304,140.80194620818406
2.65,2.65,2.0,0.026685499999999997,6.098875763846009,158.22229803927814
2.65,5.3,0.01,0.026685499999999997,0.07391166701305182,27.187846172532662
2.65,5.3,0.20900000000000002,0.026685499999999997,1.5447538405727832,59.17658417948637
2.65,5.3,0.40800000000000003,0.026685499999999997,3.1423503107021533,93.92204894959012
2.65,5.3,0.607,0.026685499999999997,5.134366818511344,137.24559196414407
2.65,5.3,0.806,0.026685499999999997,7.373680857244581,185.94750668213533
2.65,5.3,1.0050000000000001,0.026685499999999997,9.55673072415035,233.42575520118203
2.65,5.3,1.2040000000000002,0.026685499999999997,13.195363680197097,312.5608782122031
2.65,5.3,1.4030000000000002,0.026685499999999997,16.74481445594858,389.7564148749147
2.65,5.3,1.6020000000000003,0.026685499999999997,20.294265231700056,466.9519515376263
2.65,5.3,1.8010000000000004,0.026685499999999997,23.84371600745154,544.147488200338
2.65,5.3,2.0,0.026685499999999997,27.393166783203014,621.3430248630495
2.65,7.949999999999999,0.01,0.026685499999999997,0.19115199451917522,29.73765755805079
2.65,7.949999999999999,0.20900000000000002,0.026685499999999997,3.9950766854507624,112.4676421368152
2.65,7.949999999999999,0.40800000000000003,0.026685499999999997,7.929873311475761,198.0439062956886
2.65,7.949999999999999,0.607,0.026685499999999997,12.70160405805054,301.82230443781077
2.65,7.949999999999999,0.806,0.026685499999999997,18.09812861880948,419.1890847935946
2.65,7.949999999999999,1.0050000000000001,0.026685499999999997,23.35906211020261,533.6069510700872
2.65,7.949999999999999,1.2040000000000002,0.026685499999999997,32.0492418853109,722.6060762355569
2.65,7.949999999999999,1.4030000000000002,0.026685499999999997,40.526427058088096,906.9728699018726
2.65,7.949999999999999,1.6020000000000003,0.026685499999999997,49.0036122308653,1091.3396635681884
2.65,7.949999999999999,1.8010000000000004,0.026685499999999997,57.48079740364249,1275.7064572345041
2.65,7.949999999999999,2.0,0.026685499999999997,65.95798257641967,1460.0732509008196
2.65,10.6,0.01,0.026685499999999997,0.3751197275995896,33.73869568507155
2.65,10.6,0.20900000000000002,0.026685499999999997,7.840002306831424,196.08933899154903
2.65,10.6,0.40800000000000003,0.026685499999999997,15.295934825514522,358.2453311334172
2.65,10.6,0.607,0.026685499999999997,24.15378350876022,550.8910180243632
2.65,10.6,0.806,0.026685499999999997,34.22350212417055,769.8931627701295
2.65,10.6,1.0050000000000001,0.026685499999999997,44.04021273416857,983.3927410649973
2.65,10.6,1.2040000000000002,0.026685499999999997,60.1554974314946,1333.8774017288954
2.65,10.6,1.4030000000000002,0.026685499999999997,75.87579966074891,1675.7717520824035
2.65,10.6,1.6020000000000003,0.026685499999999997,91.5961018900032,2017.6661024359114
2.65,10.6,1.8010000000000004,0.026685499999999997,107.3164041192575,2359.5604527894197
2.65,10.6,2.0,0.026685499999999997,123.03670634851177,2701.454803142927
2.65,13.25,0.01,0.026685499999999997,0.6328143260058848,39.34318890834896
2.65,13.25,0.20900000000000002,0.026685499999999997,13.225819413522995,313.2232473580469
2.65,13.25,0.40800000000000003,0.026685499999999997,25.463872857179766,579.3836093340532
2.65,13.25,0.607,0.026685499999999997,39.76553202481739,890.424478573671
2.65,13.25,0.806,0.026685499999999997,56.09865903194666,1245.646901521241
2.65,13.25,1.0050000000000001,0.026685499999999997,72.02140596351991,1591.9441379625907
2.65,13.25,1.2040000000000002,0.026685499999999997,98.0378413674208,2157.7648296524753
2.65,13.25,1.4030000000000002,0.026685499999999997,123.41661904083391,2709.717367134274
2.65,13.25,1.6020000000000003,0.026685499999999997,148.795396714247,3261.6699046160725
2.65,13.25,1.8010000000000004,0.026685499999999997,174.17417438766012,3813.622442097871
2.65,13.25,2.0,0.026685499999999997,199.55295206107314,4365.574979579668
2.65,15.899999999999999,0.01,0.026685499999999997,0.9701429694650116,46.67961003621165
2.65,15.899999999999999,0.20900000000000002,0.026685499999999997,20.275988061818744,466.55444893037725
2.65,15.899999999999999,0.40800000000000003,0.026685499999999997,38.61967901467838,865.5037954475508
2.65,15.899999999999999,0.607,0.026685499999999997,59.762264599774625,1325.3251435357683
2.65,15.899999999999999,0.806,0.026685499999999997,84.00843044327226,1852.6449748428072
2.65,15.899999999999999,1.0050000000000001,0.026685499999999997,107.64539613994832,2366.7155641572062
2.65,15.899999999999999,1.2040000000000002,0.026685499999999997,146.1209384404815,3203.504217931307
2.65,15.899999999999999,1.4030000000000002,0.026685499999999997,183.65345274345256,4019.7833458776113
2.65,15.899999999999999,1.6020000000000003,0.026685499999999997,221.18596704642363,4836.062473823916
2.65,15.899999999999999,1.8010000000000004,0.026685499999999997,258.7184813493947,5652.34160177022
2.65,15.899999999999999,2.0,0.026685499999999997,296.25099565236576,6468.620729716524
2.65,18.55,0.01,0.026685499999999997,1.3922717476063309,55.86031421501372
2.65,18.55,0.20900000000000002,0.026685499999999997,29.098479524972312,658.4311662673405
2.65,18.55,0.40800000000000003,0.026685499999999997,54.92433216230713,1220.106952203287
2.65,18.55,0.607,0.026685499999999997,84.33685946075691,1859.7878416867534
2.65,18.55,0.806,0.026685499999999997,118.19552179425655,2596.165882867694
2.65,18.55,1.0050000000000001,0.026685499999999997,151.203463968623,3314.041963214941
2.65,18.55,1.2040000000000002,0.026685499999999997,204.76469668067892,4478.923057431034
2.65,18.55,1.4030000000000002,0.026685499999999997,257.0131540811649,5615.253144435947
2.65,18.55,1.6020000000000003,0.026685499999999997,309.2616114816508,6751.583231440862
2.65,18.55,1.8010000000000004,0.026685499999999997,361.51006888213675,7887.913318445776
2.65,18.55,2.0,0.026685499999999997,413.75852628262254,9024.243405450687
2.65,21.2,0.01,0.026685499999999997,1.9038240608149446,66.98585386722368
2.65,21.2,0.20900000000000002,0.026685499999999997,39.789922871032346,890.9549449985286
2.65,21.2,0.40800000000000003,0.026685499999999997,74.52068052642026,1646.299826585913
2.65,21.2,0.607,0.026685499999999997,113.65885214902356,2497.499731383723
2.65,21.2,0.806,0.026685499999999997,158.87253326477813,3480.8333789642916
2.65,21.2,1.0050000000000001,0.026685499999999997,202.95019224194587,4439.460150977509
2.65,21.2,1.2040000000000002,0.026685499999999997,274.28297661502194,5990.847370922618
2.65,21.2,1.4030000000000002,0.026685499999999997,343.86740842993436,7504.210394300444
2.65,21.2,1.6020000000000003,0.026685499999999997,413.4518402448468,9017.57341767827
2.65,21.2,1.8010000000000004,0.026685499999999997,483.03627205975926,10530.936441056096
2.65,21.2,2.0,0.026685499999999997,552.6207038746714,12044.299464433918
2.65,23.849999999999998,0.01,0.026685499999999997,2.5090052907241986,80.14769009839493
2.65,23.849999999999998,0.20900000000000002,0.026685499999999997,52.43821057613576,1166.037322230008
2.65,23.849999999999998,0.40800000000000003,0.026685499999999997,97.53772406052543,2146.887985222389
2.65,23.849999999999998,0.607,0.026685499999999997,147.88010190359358,3241.7635363982945
2.65,23.849999999999998,0.806,0.026685499999999997,206.2293410988524,4510.7770030198435
2.65,23.849999999999998,1.0050000000000001,0.026685499999999997,263.1125190077981,5747.905709173513
2.65,23.849999999999998,1.2040000000000002,0.026685499999999997,354.955025943805,7745.350401126687
2.65,23.849999999999998,1.4030000000000002,0.026685499999999997,444.54649104314495,9693.838115335908
2.65,23.849999999999998,1.6020000000000003,0.026685499999999997,534.1379561424849,11642.325829545127
2.65,23.849999999999998,1.8010000000000004,0.026685499999999997,623.729421241825,13590.813543754351
2.65,23.849999999999998,2.0,0.026685499999999997,713.3208863411647,15539.301257963567
5.3,0.0,0.01,0.10674199999999999,0.0,27.321487603305783
5.3,0.0,0.20900000000000002,0.10674199999999999,0.0,27.321487603305783
5.3,0.0,0.40800000000000003,0.10674199999999999,0.0,27.321487603305783
5.3,0.0,0.607,0.10674199999999999,0.0,27.321487603305783
5.3,0.0,0.806,0.10674199999999999,0.0,27.321487603305783
5.3,0.0,1.0050000000000001,0.10674199999999999,0.0,27.321487603305783
5.3,0.0,1.2040000000000002,0.10674199999999999,0.0,27.321487603305783
5.3,0.0,1.4030000000000002,0.10674199999999999,0.0,27.321487603305783
5.3,0.0,1.6020000000000003,0.10674199999999999,0.0,27.321487603305783
5.3,0.0,1.8010000000000004,0.10674199999999999,0.0,27.321487603305783
5.3,0.0,2.0,0.10674199999999999,0.0,27.321487603305783
5.3,2.65,0.01,0.10674199999999999,0.01456317575086187,27.63821608853549
5.3,2.65,0.20900000000000002,0.10674199999999999,0.30437037319301313,33.94111294460664
5.3,2.65,0.40800000000000003,0.10674199999999999,0.646107281742622,41.37340760640761
5.3,2.65,0.607,0.10674199999999999,1.0917150635118713,51.064746922833216
5.3,2.65,0.806,0.10674199999999999,1.5890107433408465,61.88022495304146
5.3,2.65,1.0050000000000001,0.10674199999999999,2.07381155684246,72.42395730409875
5.3,2.65,1.2040000000000002,0.10674199999999999,2.894924655071185,90.28200641738115
5.3,2.65,1.4030000000000002,0.10674199999999999,3.6959124322648913,107.70235824847525
5.3,2.65,1.6020000000000003,0.10674199999999999,4.496900209458597,125.12271007956933
5.3,2.65,1.8010000000000004,0.10674199999999999,5.297887986652304,142.54306191066343
5.3,2.65,2.0,0.10674199999999999,6.098875763846009,159.9634137417575
5.3,5.3,0.01,0.10674199999999999,0.07391166701305182,28.928961875012
5.3,5.3,0.20900000000000002,0.10674199999999999,1.5447538405727832,60.91769988196571
5.3,5.3,0.40800000000000003,0.10674199999999999,3.1423503107021533,95.66316465206945
5.3,5.3,0.607,0.10674199999999999,5.134366818511344,138.9867076666234
5.3,5.3,0.806,0.10674199999999999,7.373680857244581,187.68862238461466
5.3,5.3,1.0050000000000001,0.10674199999999999,9.55673072415035,235.1668709036614
5.3,5.3,1.2040000000000002,0.10674199999999999,13.195363680197097,314.30199391468244
5.3,5.3,1.4030000000000002,0.10674199999999999,16.74481445594858,391.497530577394
5.3,5.3,1.6020000000000003,0.10674199999999999,20.294265231700056,468.6930672401056
5.3,5.3,1.8010000000000004,0.10674199999999999,23.84371600745154,545.8886039028173
5.3,5.3,2.0,0.10674199999999999,27.393166783203014,623.0841405655289
5.3,7.949999999999999,0.01,0.10674199999999999,0.19115199451917522,31.478773260530126
5.3,7.949999999999999,0.20900000000000002,0.10674199999999999,3.9950766854507624,114.20875783929453
5.3,7.949999999999999,0.40800000000000003,0.10674199999999999,7.929873311475761,199.78502199816793
5.3,7.949999999999999,0.607,0.10674199999999999,12.70160405805054,303.56342014029013
5.3,7.949999999999999,0.806,0.10674199999999999,18.09812861880948,420.9302004960739
5.3,7.949999999999999,1.0050000000000001,0.10674199999999999,23.35906211020261,535.3480667725667
5.3,7.949999999999999,1.2040000000000002,0.10674199999999999,32.0492418853109,724.3471919380362
5.3,7.949999999999999,1.4030000000000002,0.10674199999999999,40.526427058088096,908.7139856043519
5.3,7.949999999999999,1.6020000000000003,0.10674199999999999,49.0036122308653,1093.0807792706678
5.3,7.949999999999999,1.8010000000000004,0.10674199999999999,57.48079740364249,1277.4475729369833
5.3,7.949999999999999,2.0,0.10674199999999999,65.95798257641967,1461.8143666032988
5.3,10.6,0.01,0.10674199999999999,0.3751197275995896,35.47981138755088
5.3,10.6,0.20900000000000002,0.10674199999999999,7.840002306831424,197.8304546940284
5.3,10.6,0.40800000000000003,0.10674199999999999,15.295934825514522,359.9864468358965
5.3,10.6,0.607,0.10674199999999999,24.15378350876022,552.6321337268425
5.3,10.6,0.806,0.10674199999999999,34.22350212417055,771.6342784726089
5.3,10.6,1.0050000000000001,0.10674199999999999,44.04021273416857,985.1338567674766
5.3,10.6,1.2040000000000002,0.10674199999999999,60.1554974314946,1335.6185174313746
5.3,10.6,1.4030000000000002,0.10674199999999999,75.87579966074891,1677.5128677848827
5.3,10.6,1.6020000000000003,0.10674199999999999,91.5961018900032,2019.4072181383906
5.3,10.6,1.8010000000000004,0.10674199999999999,107.3164041192575,2361.3015684918987
5.3,10.6,2.0,0.10674199999999999,123.03670634851177,2703.195918845406
5.3,13.25,0.01,0.10674199999999999,0.6328143260058848,41.08430461082829
5.3,13.25,0.20900000000000002,0.10674199999999999,13.225819413522995,314.96436306052624
5.3,13.25,0.40800000000000003,0.10674199999999999,25.463872857179766,581.1247250365325
5.3,13.25,0.607,0.10674199999999999,39.76553202481739,892.1655942761503
5.3,13.25,0.806,0.10674199999999999,56.09865903194666,1247.3880172237205
5.3,13.25,1.0050000000000001,0.10674199999999999,72.02140596351991,1593.68525366507
5.3,13.25,1.2040000000000002,0.10674199999999999,98.0378413674208,2159.5059453549543
5.3,13.25,1.4030000000000002,0.10674199999999999,123.41661904083391,2711.4584828367533
5.3,13.25,1.6020000000000003,0.10674199999999999,148.795396714247,3263.411020318552
5.3,13.25,1.8010000000000004,0.10674199999999999,174.17417438766012,3815.3635578003505
5.3,13.25,2.0,0.10674199999999999,199.55295206107314,4367.316095282148
5.3,15.899999999999999,0.01,0.10674199999999999,0.9701429694650116,48.42072573869099
5.3,15.899999999999999,0.20900000000000002,0.10674199999999999,20.275988061818744,468.29556463285655
5.3,15.899999999999999,0.40800000000000003,0.10674199999999999,38.61967901467838,867.2449111500301
5.3,15.899999999999999,0.607,0.10674199999999999,59.762264599774625,1327.0662592382475
5.3,15.899999999999999,0.806,0.10674199999999999,84.00843044327226,1854.3860905452862
5.3,15.899999999999999,1.0050000000000001,0.10674199999999999,107.64539613994832,2368.456679859685
5.3,15.899999999999999,1.2040000000000002,0.10674199999999999,146.1209384404815,3205.2453336337862
5.3,15.899999999999999,1.4030000000000002,0.10674199999999999,183.65345274345256,4021.5244615800907
5.3,15.899999999999999,1.6020000000000003,0.10674199999999999,221.18596704642363,4837.803589526396
5.3,15.899999999999999,1.8010000000000004,0.10674199999999999,258.7184813493947,5654.0827174727
5.3,15.899999999999999,2.0,0.10674199999999999,296.25099565236576,6470.361845419004
5.3,18.55,0.01,0.10674199999999999,1.3922717476063309,57.60142991749306
5.3,18.55,0.20900000000000002,0.10674199999999999,29.098479524972312,660.1722819698198
5.3,18.55,0.40800000000000003,0.10674199999999999,54.92433216230713,1221.8480679057664
5.3,18.55,0.607,0.10674199999999999,84.33685946075691,1861.5289573892326
5.3,18.55,0.806,0.10674199999999999,118.19552179425655,2597.906998570173
5.3,18.55,1.0050000000000001,0.10674199999999999,151.203463968623,3315.783078917421
5.3,18.55,1.2040000000000002,0.10674199999999999,204.76469668067892,4480.664173133513
5.3,18.55,1.4030000000000002,0.10674199999999999,257.0131540811649,5616.994260138427
5.3,18.55,1.6020000000000003,0.10674199999999999,309.2616114816508,6753.324347143342
5.3,18.55,1.8010000000000004,0.10674199999999999,361.51006888213675,7889.654434148255
5.3,18.55,2.0,0.10674199999999999,413.75852628262254,9025.984521153166
5.3,21.2,0.01,0.10674199999999999,1.9038240608149446,68.72696956970302
5.3,21.2,0.20900000000000002,0.10674199999999999,39.789922871032346,892.6960607010079
5.3,21.2,0.40800000000000003,0.10674199999999999,74.52068052642026,1648.0409422883922
5.3,21.2,0.607,0.10674199999999999,113.65885214902356,2499.240847086202
5.3,21.2,0.806,0.10674199999999999,158.87253326477813,3482.574494666771
5.3,21.2,1.0050000000000001,0.10674199999999999,202.95019224194587,4441.201266679988
5.3,21.2,1.2040000000000002,0.10674199999999999,274.28297661502194,5992.588486625097
5.3,21.2,1.4030000000000002,0.10674199999999999,343.86740842993436,7505.951510002923
5.3,21.2,1.6020000000000003,0.10674199999999999,413.4518402448468,9019.314533380748
5.3,21.2,1.8010000000000004,0.10674199999999999,483.03627205975926,10532.677556758576
5.3,21.2,2.0,0.10674199999999999,552.6207038746714,12046.040580136396
5.3,23.849999999999998,0.01,0.10674199999999999,2.5090052907241986,81.88880580087428
5.3,23.849999999999998,0.20900000000000002,0.10674199999999999,52.43821057613576,1167.7784379324871
5.3,23.849999999999998,0.40800000000000003,0.10674199999999999,97.53772406052543,2148.629100924868
5.3,23.849999999999998,0.607,0.10674199999999999,147.88010190359358,3243.504652100774
5.3,23.849999999999998,0.806,0.10674199999999999,206.2293410988524,4512.518118722323
5.3,23.849999999999998,1.0050000000000001,0.10674199999999999,263.1125190077981,5749.646824875993
5.3,23.849999999999998,1.2040000000000002,0.10674199999999999,354.955025943805,7747.091516829166
5.3,23.849999999999998,1.4030000000000002,0.10674199999999999,444.54649104314495,9695.579231038386
5.3,23.849999999999998,1.6020000000000003,0.10674199999999999,534.1379561424849,11644.066945247605
5.3,23.849999999999998,1.8010000000000004,0.10674199999999999,623.729421241825,13592.55465945683
5.3,23.849999999999998,2.0,0.10674199999999999,713.3208863411647,15541.042373666045
7.949999999999999,0.0,0.01,0.24016949999999995,0.0,30.223347107438016
7.949999999999999,0.0,0.20900000000000002,0.24016949999999995,0.0,30.223347107438016
7.949999999999999,0.0,0.40800000000000003,0.24016949999999995,0.0,30.223347107438016
7.949999999999999,0.0,0.607,0.24016949999999995,0.0,30.223347107438016
7.949999999999999,0.0,0.806,0.24016949999999995,0.0,30.223347107438016
7.949999999999999,0.0,1.0050000000000001,0.24016949999999995,0.0,30.223347107438016
7.949999999999999,0.0,1.2040000000000002,0.24016949999999995,0.0,30.223347107438016
7.949999999999999,0.0,1.4030000000000002,0.24016949999999995,0.0,30.223347107438016
7.949999999999999,0.0,1.6020000000000003,0.24016949999999995,0.0,30.223347107438016
7.949999999999999,0.0,1.8010000000000004,0.24016949999999995,0.0,30.223347107438016
7.949999999999999,0.0,2.0,0.24016949999999995,0.0,30.223347107438016
7.949999999999999,2.65,0.01,0.24016949999999995,0.01456317575086187,30.54007559266772
7.949999999999999,2.65,0.20900000000000002,0.24016949999999995,0.30437037319301313,36.84297244873886
7.949999999999999,2.65,0.40800000000000003,0.24016949999999995,0.646107281742622,44.27526711053984
7.949999999999999,2.65,0.607,0.24016949999999995,1.0917150635118713,53.96660642696545
7.949999999999999,2.65,0.806,0.24016949999999995,1.5890107433408465,64.7820844571737
7.949999999999999,2.65,1.0050000000000001,0.24016949999999995,2.07381155684246,75.32581680823097
7.949999999999999,2.65,1.2040000000000002,0.24016949999999995,2.894924655071185,93.18386592151339
7.949999999999999,2.65,1.4030000000000002,0.24016949999999995,3.6959124322648913,110.60421775260747
7.949999999999999,2.65,1.6020000000000003,0.24016949999999995,4.496900209458597,128.02456958370158
7.949999999999999,2.65,1.8010000000000004,0.24016949999999995,5.297887986652304,145.44492141479566
7.949999999999999,2.65,2.0,0.24016949999999995,6.098875763846009,162.86527324588974
7.949999999999999,5.3,0.01,0.24016949999999995,0.07391166701305182,31.830821379144233
7.949999999999999,5.3,0.20900000000000002,0.24016949999999995,1.5447538405727832,63.81955938609794
7.949999999999999,5.3,0.40800000000000003,0.24016949999999995,3.1423503107021533,98.56502415620169
7.949999999999999,5.3,0.607,0.24016949999999995,5.134366818511344,141.88856717075564
7.949999999999999,5.3,0.806,0.24016949999999995,7.373680857244581,190.5904818887469
7.949999999999999,5.3,1.0050000000000001,0.24016949999999995,9.55673072415035,238.0687304077936
7.949999999999999,5.3,1.2040000000000002,0.24016949999999995,13.195363680197097,317.2038534188147
7.949999999999999,5.3,1.4030000000000002,0.24016949999999995,16.74481445594858,394.3993900815263
7.949999999999999,5.3,1.6020000000000003,0.24016949999999995,20.294265231700056,471.5949267442379
7.949999999999999,5.3,1.8010000000000004,0.24016949999999995,23.84371600745154,548.7904634069496
7.949999999999999,5.3,2.0,0.24016949999999995,27.393166783203014,625.986000069661
7.949999999999999,7.949999999999999,0.01,0.24016949999999995,0.19115199451917522,34.38063276466236
7.949999999999999,7.949999999999999,0.20900000000000002,0.24016949999999995,3.9950766854507624,117.11061734342675
7.949999999999999,7.949999999999999,0.40800000000000003,0.24016949999999995,7.929873311475761,202.68688150230017
7.949999999999999,7.949999999999999,0.607,0.24016949999999995,12.70160405805054,306.46527964442237
7.949999999999999,7.949999999999999,0.806,0.24016949999999995,18.09812861880948,423.8320600002062
7.949999999999999,7.949999999999999,1.0050000000000001,0.24016949999999995,23.35906211020261,538.2499262766988
7.949999999999999,7.949999999999999,1.2040000000000002,0.24016949999999995,32.0492418853109,727.2490514421684
7.949999999999999,7.949999999999999,1.4030000000000002,0.24016949999999995,40.526427058088096,911.6158451084841
7.949999999999999,7.949999999999999,1.6020000000000003,0.24016949999999995,49.0036122308653,1095.9826387747999
7.949999999999999,7.949999999999999,1.8010000000000004,0.24016949999999995,57.48079740364249,1280.3494324411156
7.949999999999999,7.949999999999999,2.0,0.24016949999999995,65.95798257641967,1464.716226107431
7.949999999999999,10.6,0.01,0.24016949999999995,0.3751197275995896,38.381670891683115
7.949999999999999,10.6,0.20900000000000002,0.24016949999999995,7.840002306831424,200.7323141981606
7.949999999999999,10.6,0.40800000000000003,0.24016949999999995,15.295934825514522,362.88830634002875
7.949999999999999,10.6,0.607,0.24016949999999995,24.15378350876022,555.5339932309748
7.949999999999999,10.6,0.806,0.24016949999999995,34.22350212417055,774.5361379767411
7.949999999999999,10.6,1.0050000000000001,0.24016949999999995,44.04021273416857,988.0357162716087
7.949999999999999,10.6,1.2040000000000002,0.24016949999999995,60.1554974314946,1338.5203769355069
7.949999999999999,10.6,1.4030000000000002,0.24016949999999995,75.87579966074891,1680.414727289015
7.949999999999999,10.6,1.6020000000000003,0.24016949999999995,91.5961018900032,2022.3090776425229
7.949999999999999,10.6,1.8010000000000004,0.24016949999999995,107.3164041192575,2364.203427996031
7.949999999999999,10.6,2.0,0.24016949999999995,123.03670634851177,2706.0977783495387
7.949999999999999,13.25,0.01,0.24016949999999995,0.6328143260058848,43.98616411496052
7.949999999999999,13.25,0.20900000000000002,0.24016949999999995,13.225819413522995,317.8662225646585
7.949999999999999,13.25,0.40800000000000003,0.24016949999999995,25.463872857179766,584.0265845406648
7.949999999999999,13.25,0.607,0.24016949999999995,39.76553202481739,895.0674537802824
7.949999999999999,13.25,0.806,0.24016949999999995,56.09865903194666,1250.2898767278525
7.949999999999999,13.25,1.0050000000000001,0.24016949999999995,72.02140596351991,1596.5871131692022
7.949999999999999,13.25,1.2040000000000002,0.24016949999999995,98.0378413674208,2162.407804859087
7.949999999999999,13.25,1.4030000000000002,0.24016949999999995,123.41661904083391,2714.3603423408854
7.949999999999999,13.25,1.6020000000000003,0.24016949999999995,148.795396714247,3266.312879822684
7.949999999999999,13.25,1.8010000000000004,0.24016949999999995,174.17417438766012,3818.2654173044825
7.949999999999999,13.25,2.0,0.24016949999999995,199.55295206107314,4370.21795478628
7.949999999999999,15.899999999999999,0.01,0.24016949999999995,0.9701429694650116,51.322585242823216
7.949999999999999,15.899999999999999,0.20900000000000002,0.24016949999999995,20.275988061818744,471.19742413698884
7.949999999999999,15.899999999999999,0.40800000000000003,0.24016949999999995,38.61967901467838,870.1467706541623
7.949999999999999,15.899999999999999,0.607,0.24016949999999995,59.762264599774625,1329.9681187423798
7.949999999999999,15.899999999999999,0.806,0.24016949999999995,84.00843044327226,1857.2879500494187
7.949999999999999,15.899999999999999,1.0050000000000001,0.24016949999999995,107.64539613994832,2371.3585393638177
7.949999999999999,15.899999999999999,1.2040000000000002,0.24016949999999995,146.1209384404815,3208.1471931379183
7.949999999999999,15.899999999999999,1.4030000000000002,0.24016949999999995,183.65345274345256,4024.4263210842228
7.949999999999999,15.899999999999999,1.6020000000000003,0.24016949999999995,221.18596704642363,4840.705449030527
7.949999999999999,15.899999999999999,1.8010000000000004,0.24016949999999995,258.7184813493947,5656.984576976832
7.949999999999999,15.899999999999999,2.0,0.24016949999999995,296.25099565236576,6473.263704923135
7.949999999999999,18.55,0.01,0.24016949999999995,1.3922717476063309,60.50328942162529
7.949999999999999,18.55,0.20900000000000002,0.24016949999999995,29.098479524972312,663.0741414739521
7.949999999999999,18.55,0.40800000000000003,0.24016949999999995,54.92433216230713,1224.7499274098984
7.949999999999999,18.55,0.607,0.24016949999999995,84.33685946075691,1864.4308168933649
7.949999999999999,18.55,0.806,0.24016949999999995,118.19552179425655,2600.8088580743056
7.949999999999999,18.55,1.0050000000000001,0.24016949999999995,151.203463968623,3318.6849384215525
7.949999999999999,18.55,1.2040000000000002,0.24016949999999995,204.76469668067892,4483.566032637646
7.949999999999999,18.55,1.4030000000000002,0.24016949999999995,257.0131540811649,5619.896119642559
7.949999999999999,18.55,1.6020000000000003,0.24016949999999995,309.2616114816508,6756.226206647473
7.949999999999999,18.55,1.8010000000000004,0.24016949999999995,361.51006888213675,7892.5562936523875
7.949999999999999,18.55,2.0,0.24016949999999995,413.75852628262254,9028.886380657299
7.949999999999999,21.2,0.01,0.24016949999999995,1.9038240608149446,71.62882907383525
7.949999999999999,21.2,0.20900000000000002,0.24016949999999995,39.789922871032346,895.5979202051401
7.949999999999999,21.2,0.40800000000000003,0.24016949999999995,74.52068052642026,1650.9428017925245
7.949999999999999,21.2,0.607,0.24016949999999995,113.65885214902356,2502.1427065903345
7.949999999999999,21.2,0.806,0.24016949999999995,158.87253326477813,3485.476354170903
7.949999999999999,21.2,1.0050000000000001,0.24016949999999995,202.95019224194587,4444.103126184121
7.949999999999999,21.2,1.2040000000000002,0.24016949999999995,274.28297661502194,5995.49034612923
7.949999999999999,21.2,1.4030000000000002,0.24016949999999995,343.86740842993436,7508.8533695070555
7.949999999999999,21.2,1.6020000000000003,0.24016949999999995,413.4518402448468,9022.21639288488
7.949999999999999,21.2,1.8010000000000004,0.24016949999999995,483.03627205975926,10535.579416262708
7.949999999999999,21.2,2.0,0.24016949999999995,552.6207038746714,12048.942439640528
7.949999999999999,23.849999999999998,0.01,0.24016949999999995,2.5090052907241986,84.79066530500651
7.949999999999999,23.849999999999998,0.20900000000000002,0.24016949999999995,52.43821057613576,1170.6802974366194
7.949999999999999,23.849999999999998,0.40800000000000003,0.24016949999999995,97.53772406052543,2151.5309604290005
7.949999999999999,23.849999999999998,0.607,0.24016949999999995,147.88010190359358,3246.406511604906
7.949999999999999,23.849999999999998,0.806,0.24016949999999995,206.2293410988524,4515.419978226455
7.949999999999999,23.849999999999998,1.0050000000000001,0.24016949999999995,263.1125190077981,5752.5486843801245
7.949999999999999,23.849999999999998,1.2040000000000002,0.24016949999999995,354.955025943805,7749.993376333298
7.949999999999999,23.849999999999998,1.4030000000000002,0.24016949999999995,444.54649104314495,9698.481090542518
7.949999999999999,23.849999999999998,1.6020000000000003,0.24016949999999995,534.1379561424849,11646.968804751737
7.949999999999999,23.849999999999998,1.8010000000000004,0.24016949999999995,623.729421241825,13595.45651896096
7.949999999999999,23.849999999999998,2.0,0.24016949999999995,713.3208863411647,15543.944233170176
10.6,0.0,0.01,0.42696799999999996,0.0,34.28595041322314
10.6,0.0,0.20900000000000002,0.42696799999999996,0.0,34.28595041322314
10.6,0.0,0.40800000000000003,0.42696799999999996,0.0,34.28595041322314
10.6,0.0,0.607,0.42696799999999996,0.0,34.28595041322314
10.6,0.0,0.806,0.42696799999999996,0.0,34.28595041322314
10.6,0.0,1.0050000000000001,0.42696799999999996,0.0,34.28595041322314
10.6,0.0,1.2040000000000002,0.42696799999999996,0.0,34.28595041322314
10.6,0.0,1.4030000000000002,0.42696799999999996,0.0,34.28595041322314
10.6,0.0,1.6020000000000003,0.42696799999999996,0.0,34.28595041322314
10.6,0.0,1.8010000000000004,0.42696799999999996,0.0,34.28595041322314
10.6,0.0,2.0,0.42696799999999996,0.0,34.28595041322314
10.6,2.65,0.01,0.42696799999999996,0.01456317575086187,34.60267889845285
10.6,2.65,0.20900000000000002,0.42696799999999996,0.30437037319301313,40.905575754523994
10.6,2.65,0.40800000000000003,0.42696799999999996,0.646107281742622,48.33787041632497
10.6,2.65,0.607,0.42696799999999996,1.0917150635118713,58.02920973275057
10.6,2.65,0.806,0.42696799999999996,1.5890107433408465,68.84468776295881
10.6,2.65,1.0050000000000001,0.42696799999999996,2.07381155684246,79.3884201140161
10.6,2.65,1.2040000000000002,0.42696799999999996,2.894924655071185,97.2464692272985
10.6,2.65,1.4030000000000002,0.42696799999999996,3.6959124322648913,114.6668210583926
10.6,2.65,1.6020000000000003,0.42696799999999996,4.496900209458597,132.08717288948668
10.6,2.65,1.8010000000000004,0.42696799999999996,5.297887986652304,149.50752472058076
10.6,2.65,2.0,0.42696799999999996,6.098875763846009,166.92787655167484
10.6,5.3,0.01,0.42696799999999996,0.07391166701305182,35.89342468492936
10.6,5.3,0.20900000000000002,0.42696799999999996,1.5447538405727832,67.88216269188305
10.6,5.3,0.40800000000000003,0.42696799999999996,3.1423503107021533,102.6276274619868
10.6,5.3,0.607,0.42696799999999996,5.134366818511344,145.95117047654077
10.6,5.3,0.806,0.42696799999999996,7.373680857244581,194.65308519453203
10.6,5.3,1.0050000000000001,0.42696799999999996,9.55673072415035,242.13133371357875
10.6,5.3,1.2040000000000002,0.42696799999999996,13.195363680197097,321.2664567245998
10.6,5.3,1.4030000000000002,0.42696799999999996,16.74481445594858,398.4619933873114
10.6,5.3,1.6020000000000003,0.42696799999999996,20.294265231700056,475.65753005002307
10.6,5.3,1.8010000000000004,0.42696799999999996,23.84371600745154,552.8530667127347
10.6,5.3,2.0,0.42696799999999996,27.393166783203014,630.0486033754462
10.6,7.949999999999999,0.01,0.42696799999999996,0.19115199451917522,38.44323607044748
10.6,7.949999999999999,0.20900000000000002,0.42696799999999996,3.9950766854507624,121.1732206492119
10.6,7.949999999999999,0.40800000000000003,0.42696799999999996,7.929873311475761,206.74948480808533
10.6,7.949999999999999,0.607,0.42696799999999996,12.70160405805054,310.5278829502075
10.6,7.949999999999999,0.806,0.42696799999999996,18.09812861880948,427.8946633059913
10.6,7.949999999999999,1.0050000000000001,0.42696799999999996,23.35906211020261,542.312529582484
10.6,7.949999999999999,1.2040000000000002,0.42696799999999996,32.0492418853109,731.3116547479535
10.6,7.949999999999999,1.4030000000000002,0.42696799999999996,40.526427058088096,915.6784484142693
10.6,7.949999999999999,1.6020000000000003,0.42696799999999996,49.0036122308653,1100.045242080585
10.6,7.949999999999999,1.8010000000000004,0.42696799999999996,57.48079740364249,1284.4120357469008
10.6,7.949999999999999,2.0,0.42696799999999996,65.95798257641967,1468.778829413216
10.6,10.6,0.01,0.42696799999999996,0.3751197275995896,42.44427419746824
10.6,10.6,0.20900000000000002,0.42696799999999996,7.840002306831424,204.79491750394575
10.6,10.6,0.40800000000000003,0.42696799999999996,15.295934825514522,366.9509096458139
10.6,10.6,0.607,0.42696799999999996,24.15378350876022,559.59659653676
10.6,10.6,0.806,0.42696799999999996,34.22350212417055,778.5987412825262
10.6,10.6,1.0050000000000001,0.42696799999999996,44.04021273416857,992.0983195773939
10.6,10.6,1.2040000000000002,0.42696799999999996,60.1554974314946,1342.582980241292
10.6,10.6,1.4030000000000002,0.42696799999999996,75.87579966074891,1684.4773305948
10.6,10.6,1.6020000000000003,0.42696799999999996,91.5961018900032,2026.3716809483078
10.6,10.6,1.8010000000000004,0.42696799999999996,107.3164041192575,2368.266031301816
10.6,10.6,2.0,0.42696799999999996,123.03670634851177,2710.1603816553234
10.6,13.25,0.01,0.42696799999999996,0.6328143260058848,48.04876742074565
10.6,13.25,0.20900000000000002,0.42696799999999996,13.225819413522995,321.9288258704436
10.6,13.25,0.40800000000000003,0.42696799999999996,25.463872857179766,588.0891878464499
10.6,13.25,0.607,0.42696799999999996,39.76553202481739,899.1300570860677
10.6,13.25,0.806,0.42696799999999996,56.09865903194666,1254.352480033638
10.6,13.25,1.0050000000000001,0.42696799999999996,72.02140596351991,1600.6497164749871
10.6,13.25,1.2040000000000002,0.42696799999999996,98.0378413674208,2166.4704081648715
10.6,13.25,1.4030000000000002,0.42696799999999996,123.41661904083391,2718.4229456466705
10.6,13.25,1.6020000000000003,0.42696799999999996,148.795396714247,3270.375483128469
10.6,13.25,1.8010000000000004,0.42696799999999996,174.17417438766012,3822.3280206102677
10.6,13.25,2.0,0.42696799999999996,199.55295206107314,4374.280558092065
10.6,15.899999999999999,0.01,0.42696799999999996,0.9701429694650116,55.38518854860834
10.6,15.899999999999999,0.20900000000000002,0.42696799999999996,20.275988061818744,475.260027442774
10.6,15.899999999999999,0.40800000000000003,0.42696799999999996,38.61967901467838,874.2093739599475
10.6,15.899999999999999,0.607,0.42696799999999996,59.762264599774625,1334.030722048165
10.6,15.899999999999999,0.806,0.42696799999999996,84.00843044327226,1861.3505533552034
10.6,15.899999999999999,1.0050000000000001,0.42696799999999996,107.64539613994832,2375.4211426696024
10.6,15.899999999999999,1.2040000000000002,0.42696799999999996,146.1209384404815,3212.209796443704
10.6,15.899999999999999,1.4030000000000002,0.42696799999999996,183.65345274345256,4028.488924390008
10.6,15.899999999999999,1.6020000000000003,0.42696799999999996,221.18596704642363,4844.768052336312
10.6,15.899999999999999,1.8010000000000004,0.42696799999999996,258.7184813493947,5661.047180282617
10.6,15.899999999999999,2.0,0.42696799999999996,296.25099565236576,6477.32630822892
10.6,18.55,0.01,0.42696799999999996,1.3922717476063309,64.56589272741041
10.6,18.55,0.20900000000000002,0.42696799999999996,29.098479524972312,667.1367447797372
10.6,18.55,0.40800000000000003,0.42696799999999996,54.92433216230713,1228.8125307156836
10.6,18.55,0.607,0.42696799999999996,84.33685946075691,1868.4934201991498
10.6,18.55,0.806,0.42696799999999996,118.19552179425655,2604.8714613800903
10.6,18.55,1.0050000000000001,0.42696799999999996,151.203463968623,3322.747541727338
10.6,18.55,1.2040000000000002,0.42696799999999996,204.76469668067892,4487.628635943431
10.6,18.55,1.4030000000000002,0.42696799999999996,257.0131540811649,5623.958722948344
10.6,18.55,1.6020000000000003,0.42696799999999996,309.2616114816508,6760.288809953258
10.6,18.55,1.8010000000000004,0.42696799999999996,361.51006888213675,7896.618896958172
10.6,18.55,2.0,0.42696799999999996,413.75852628262254,9032.948983963082
10.6,21.2,0.01,0.42696799999999996,1.9038240608149446,75.69143237962038
10.6,21.2,0.20900000000000002,0.42696799999999996,39.789922871032346,899.6605235109254
10.6,21.2,0.40800000000000003,0.42696799999999996,74.52068052642026,1655.0054050983094
10.6,21.2,0.607,0.42696799999999996,113.65885214902356,2506.205309896119
10.6,21.2,0.806,0.42696799999999996,158.87253326477813,3489.538957476688
10.6,21.2,1.0050000000000001,0.42696799999999996,202.95019224194587,4448.165729489906
10.6,21.2,1.2040000000000002,0.42696799999999996,274.28297661502194,5999.552949435014
10.6,21.2,1.4030000000000002,0.42696799999999996,343.86740842993436,7512.91597281284
10.6,21.2,1.6020000000000003,0.42696799999999996,413.4518402448468,9026.278996190666
10.6,21.2,1.8010000000000004,0.42696799999999996,483.03627205975926,10539.642019568491
10.6,21.2,2.0,0.42696799999999996,552.6207038746714,12053.005042946314
10.6,23.849999999999998,0.01,0.42696799999999996,2.5090052907241986,88.85326861079162
10.6,23.849999999999998,0.20900000000000002,0.42696799999999996,52.43821057613576,1174.7429007424046
10.6,23.849999999999998,0.40800000000000003,0.42696799999999996,97.53772406052543,2155.593563734785
10.6,23.849999999999998,0.607,0.42696799999999996,147.88010190359358,3250.469114910691
10.6,23.849999999999998,0.806,0.42696799999999996,206.2293410988524,4519.48258153224
10.6,23.849999999999998,1.0050000000000001,0.42696799999999996,263.1125190077981,5756.61128768591
10.6,23.849999999999998,1.2040000000000002,0.42696799999999996,354.955025943805,7754.055979639083
10.6,23.849999999999998,1.4030000000000002,0.42696799999999996,444.54649104314495,9702.543693848304
10.6,23.849999999999998,1.6020000000000003,0.42696799999999996,534.1379561424849,11651.031408057524
10.6,23.849999999999998,1.8010000000000004,0.42696799999999996,623.729421241825,13599.519122266747
10.6,23.849999999999998,2.0,0.42696799999999996,713.3208863411647,15548.006836475963
13.25,0.0,0.01,0.6671374999999999,0.0,39.50929752066116
13.25,0.0,0.20900000000000002,0.6671374999999999,0.0,39.50929752066116
13.25,0.0,0.40800000000000003,0.6671374999999999,0.0,39.50929752066116
13.25,0.0,0.607,0.6671374999999999,0.0,39.50929752066116
13.25,0.0,0.806,0.6671374999999999,0.0,39.50929752066116
13.25,0.0,1.0050000000000001,0.6671374999999999,0.0,39.50929752066116
13.25,0.0,1.2040000000000002,0.6671374999999999,0.0,39.50929752066116
13.25,0.0,1.4030000000000002,0.6671374999999999,0.0,39.50929752066116
13.25,0.0,1.6020000000000003,0.6671374999999999,0.0,39.50929752066116
13.25,0.0,1.8010000000000004,0.6671374999999999,0.0,39.50929752066116
13.25,0.0,2.0,0.6671374999999999,0.0,39.50929752066116
13.25,2.65,0.01,0.6671374999999999,0.01456317575086187,39.82602600589087
13.25,2.65,0.20900000000000002,0.6671374999999999,0.30437037319301313,46.12892286196201
13.25,2.65,0.40800000000000003,0.6671374999999999,0.646107281742622,53.561217523762984
13.25,2.65,0.607,0.6671374999999999,1.0917150635118713,63.25255684018859
13.25,2.65,0.806,0.6671374999999999,1.5890107433408465,74.06803487039684
13.25,2.65,1.0050000000000001,0.6671374999999999,2.07381155684246,84.6117672214541
13.25,2.65,1.2040000000000002,0.6671374999999999,2.894924655071185,102.46981633473652
13.25,2.65,1.4030000000000002,0.6671374999999999,3.6959124322648913,119.89016816583062
13.25,2.65,1.6020000000000003,0.6671374999999999,4.496900209458597,137.3105199969247
13.25,2.65,1.8010000000000004,0.6671374999999999,5.297887986652304,154.7308718280188
13.25,2.65,2.0,0.6671374999999999,6.098875763846009,172.15122365911287
13.25,5.3,0.01,0.6671374999999999,0.07391166701305182,41.11677179236737
13.25,5.3,0.20900000000000002,0.6671374999999999,1.5447538405727832,73.10550979932108
13.25,5.3,0.40800000000000003,0.6671374999999999,3.1423503107021533,107.85097456942482
13.25,5.3,0.607,0.6671374999999999,5.134366818511344,151.17451758397877
13.25,5.3,0.806,0.6671374999999999,7.373680857244581,199.87643230197003
13.25,5.3,1.0050000000000001,0.6671374999999999,9.55673072415035,247.35468082101676
13.25,5.3,1.2040000000000002,0.6671374999999999,13.195363680197097,326.4898038320378
13.25,5.3,1.4030000000000002,0.6671374999999999,16.74481445594858,403.6853404947494
13.25,5.3,1.6020000000000003,0.6671374999999999,20.294265231700056,480.88087715746104
13.25,5.3,1.8010000000000004,0.6671374999999999,23.84371600745154,558.0764138201728
13.25,5.3,2.0,0.6671374999999999,27.393166783203014,635.2719504828842
13.25,7.949999999999999,0.01,0.6671374999999999,0.19115199451917522,43.6665831778855
13.25,7.949999999999999,0.20900000000000002,0.6671374999999999,3.9950766854507624,126.39656775664992
13.25,7.949999999999999,0.40800000000000003,0.6671374999999999,7.929873311475761,211.97283191552333
13.25,7.949999999999999,0.607,0.6671374999999999,12.70160405805054,315.7512300576455
13.25,7.949999999999999,0.806,0.6671374999999999,18.09812861880948,433.1180104134293
13.25,7.949999999999999,1.0050000000000001,0.6671374999999999,23.35906211020261,547.535876689922
13.25,7.949999999999999,1.2040000000000002,0.6671374999999999,32.0492418853109,736.5350018553916
13.25,7.949999999999999,1.4030000000000002,0.6671374999999999,40.526427058088096,920.9017955217072
13.25,7.949999999999999,1.6020000000000003,0.6671374999999999,49.0036122308653,1105.268589188023
13.25,7.949999999999999,1.8010000000000004,0.6671374999999999,57.48079740364249,1289.6353828543388
13.25,7.949999999999999,2.0,0.6671374999999999,65.95798257641967,1474.002176520654
13.25,10.6,0.01,0.6671374999999999,0.3751197275995896,47.66762130490625
13.25,10.6,0.20900000000000002,0.6671374999999999,7.840002306831424,210.01826461138376
13.25,10.6,0.40800000000000003,0.6671374999999999,15.295934825514522,372.17425675325194
13.25,10.6,0.607,0.6671374999999999,24.15378350876022,564.819943644198
13.25,10.6,0.806,0.6671374999999999,34.22350212417055,783.8220883899642
13.25,10.6,1.0050000000000001,0.6671374999999999,44.04021273416857,997.3216666848319
13.25,10.6,1.2040000000000002,0.6671374999999999,60.1554974314946,1347.8063273487298
13.25,10.6,1.4030000000000002,0.6671374999999999,75.87579966074891,1689.7006777022382
13.25,10.6,1.6020000000000003,0.6671374999999999,91.5961018900032,2031.5950280557458
13.25,10.6,1.8010000000000004,0.6671374999999999,107.3164041192575,2373.489378409254
13.25,10.6,2.0,0.6671374999999999,123.03670634851177,2715.3837287627616
13.25,13.25,0.01,0.6671374999999999,0.6328143260058848,53.272114528183664
13.25,13.25,0.20900000000000002,0.6671374999999999,13.225819413522995,327.1521729778816
13.25,13.25,0.40800000000000003,0.6671374999999999,25.463872857179766,593.312534953888
13.25,13.25,0.607,0.6671374999999999,39.76553202481739,904.3534041935056
13.25,13.25,0.806,0.6671374999999999,56.09865903194666,1259.5758271410757
13.25,13.25,1.0050000000000001,0.6671374999999999,72.02140596351991,1605.8730635824252
13.25,13.25,1.2040000000000002,0.6671374999999999,98.0378413674208,2171.6937552723098
13.25,13.25,1.4030000000000002,0.6671374999999999,123.41661904083391,2723.6462927541083
13.25,13.25,1.6020000000000003,0.6671374999999999,148.795396714247,3275.5988302359074
13.25,13.25,1.8010000000000004,0.6671374999999999,174.17417438766012,3827.5513677177064
13.25,13.25,2.0,0.6671374999999999,199.55295206107314,4379.503905199504
13.25,15.899999999999999,0.01,0.6671374999999999,0.9701429694650116,60.60853565604636
13.25,15.899999999999999,0.20900000000000002,0.6671374999999999,20.275988061818744,480.483374550212
13.25,15.899999999999999,0.40800000000000003,0.6671374999999999,38.61967901467838,879.4327210673854
13.25,15.899999999999999,0.607,0.6671374999999999,59.762264599774625,1339.254069155603
13.25,15.899999999999999,0.806,0.6671374999999999,84.00843044327226,1866.5739004626416
13.25,15.899999999999999,1.0050000000000001,0.6671374999999999,107.64539613994832,2380.6444897770407
13.25,15.899999999999999,1.2040000000000002,0.6671374999999999,146.1209384404815,3217.433143551142
13.25,15.899999999999999,1.4030000000000002,0.6671374999999999,183.65345274345256,4033.7122714974466
13.25,15.899999999999999,1.6020000000000003,0.6671374999999999,221.18596704642363,4849.991399443751
13.25,15.899999999999999,1.8010000000000004,0.6671374999999999,258.7184813493947,5666.270527390056
13.25,15.899999999999999,2.0,0.6671374999999999,296.25099565236576,6482.549655336358
13.25,18.55,0.01,0.6671374999999999,1.3922717476063309,69.78923983484843
13.25,18.55,0.20900000000000002,0.6671374999999999,29.098479524972312,672.3600918871753
13.25,18.55,0.40800000000000003,0.6671374999999999,54.92433216230713,1234.0358778231216
13.25,18.55,0.607,0.6671374999999999,84.33685946075691,1873.7167673065878
13.25,18.55,0.806,0.6671374999999999,118.19552179425655,2610.0948084875286
13.25,18.55,1.0050000000000001,0.6671374999999999,151.203463968623,3327.9708888347764
13.25,18.55,1.2040000000000002,0.6671374999999999,204.76469668067892,4492.8519830508685
13.25,18.55,1.4030000000000002,0.6671374999999999,257.0131540811649,5629.182070055783
13.25,18.55,1.6020000000000003,0.6671374999999999,309.2616114816508,6765.512157060696
13.25,18.55,1.8010000000000004,0.6671374999999999,361.51006888213675,7901.84224406561
13.25,18.55,2.0,0.6671374999999999,413.75852628262254,9038.172331070522
13.25,21.2,0.01,0.6671374999999999,1.9038240608149446,80.9147794870584
13.25,21.2,0.20900000000000002,0.6671374999999999,39.789922871032346,904.8838706183633
13.25,21.2,0.40800000000000003,0.6671374999999999,74.52068052642026,1660.2287522057475
13.25,21.2,0.607,0.6671374999999999,113.65885214902356,2511.4286570035574
13.25,21.2,0.806,0.6671374999999999,158.87253326477813,3494.7623045841265
13.25,21.2,1.0050000000000001,0.6671374999999999,202.95019224194587,4453.389076597344
13.25,21.2,1.2040000000000002,0.6671374999999999,274.28297661502194,6004.776296542453
13.25,21.2,1.4030000000000002,0.6671374999999999,343.86740842993436,7518.1393199202785
13.25,21.2,1.6020000000000003,0.6671374999999999,413.4518402448468,9031.502343298103
13.25,21.2,1.8010000000000004,0.6671374999999999,483.03627205975926,10544.865366675931
13.25,21.2,2.0,0.6671374999999999,552.6207038746714,12058.228390053751
13.25,23.849999999999998,0.01,0.6671374999999999,2.5090052907241986,94.07661571822965
13.25,23.849999999999998,0.20900000000000002,0.6671374999999999,52.43821057613576,1179.9662478498426
13.25,23.849999999999998,0.40800000000000003,0.6671374999999999,97.53772406052543,2160.8169108422235
13.25,23.849999999999998,0.607,0.6671374999999999,147.88010190359358,3255.6924620181294
13.25,23.849999999999998,0.806,0.6671374999999999,206.2293410988524,4524.705928639679
13.25,23.849999999999998,1.0050000000000001,0.6671374999999999,263.1125190077981,5761.834634793348
13.25,23.849999999999998,1.2040000000000002,0.6671374999999999,354.955025943805,7759.279326746521
13.25,23.849999999999998,1.4030000000000002,0.6671374999999999,444.54649104314495,9707.767040955741
13.25,23.849999999999998,1.6020000000000003,0.6671374999999999,534.1379561424849,11656.25475516496
13.25,23.849999999999998,1.8010000000000004,0.6671374999999999,623.729421241825,13604.742469374183
13.25,23.849999999999998,2.0,0.6671374999999999,713.3208863411647,15553.230183583399
15.899999999999999,0.0,0.01,0.9606779999999998,0.0,45.893388429752065
15.899999999999999,0.0,0.20900000000000002,0.9606779999999998,0.0,45.893388429752065
15.899999999999999,0.0,0.40800000000000003,0.9606779999999998,0.0,45.893388429752065
15.899999999999999,0.0,0.607,0.9606779999999998,0.0,45.893388429752065
15.899999999999999,0.0,0.806,0.9606779999999998,0.0,45.893388429752065
15.899999999999999,0.0,1.0050000000000001,0.9606779999999998,0.0,45.893388429752065
15.899999999999999,0.0,1.2040000000000002,0.9606779999999998,0.0,45.893388429752065
15.899999999999999,0.0,1.4030000000000002,0.9606779999999998,0.0,45.893388429752065
15.899999999999999,0.0,1.6020000000000003,0.9606779999999998,0.0,45.893388429752065
15.899999999999999,0.0,1.8010000000000004,0.9606779999999998,0.0,45.893388429752065
15.899999999999999,0.0,2.0,0.9606779999999998,0.0,45.893388429752065
15.899999999999999,2.65,0.01,0.9606779999999998,0.01456317575086187,46.21011691498177
15.899999999999999,2.65,0.20900000000000002,0.9606779999999998,0.30437037319301313,52.51301377105291
15.899999999999999,2.65,0.40800000000000003,0.9606779999999998,0.646107281742622,59.94530843285389
15.899999999999999,2.65,0.607,0.9606779999999998,1.0917150635118713,69.63664774927949
15.899999999999999,2.65,0.806,0.9606779999999998,1.5890107433408465,80.45212577948774
15.899999999999999,2.65,1.0050000000000001,0.9606779999999998,2.07381155684246,90.99585813054502
15.899999999999999,2.65,1.2040000000000002,0.9606779999999998,2.894924655071185,108.85390724382744
15.899999999999999,2.65,1.4030000000000002,0.9606779999999998,3.6959124322648913,126.27425907492152
15.899999999999999,2.65,1.6020000000000003,0.9606779999999998,4.496900209458597,143.6946109060156
15.899999999999999,2.65,1.8010000000000004,0.9606779999999998,5.297887986652304,161.1149627371097
15.899999999999999,2.65,2.0,0.9606779999999998,6.098875763846009,178.53531456820377
15.899999999999999,5.3,0.01,0.9606779999999998,0.07391166701305182,47.50086270145828
15.899999999999999,5.3,0.20900000000000002,0.9606779999999998,1.5447538405727832,79.48960070841198
15.899999999999999,5.3,0.40800000000000003,0.9606779999999998,3.1423503107021533,114.23506547851574
15.899999999999999,5.3,0.607,0.9606779999999998,5.134366818511344,157.5586084930697
15.899999999999999,5.3,0.806,0.9606779999999998,7.373680857244581,206.26052321106093
15.899999999999999,5.3,1.0050000000000001,0.9606779999999998,9.55673072415035,253.73877173010766
15.899999999999999,5.3,1.2040000000000002,0.9606779999999998,13.195363680197097,332.8738947411287
15.899999999999999,5.3,1.4030000000000002,0.9606779999999998,16.74481445594858,410.0694314038403
15.899999999999999,5.3,1.6020000000000003,0.9606779999999998,20.294265231700056,487.26496806655194
15.899999999999999,5.3,1.8010000000000004,0.9606779999999998,23.84371600745154,564.4605047292637
15.899999999999999,5.3,2.0,0.9606779999999998,27.393166783203014,641.6560413919751
15.899999999999999,7.949999999999999,0.01,0.9606779999999998,0.19115199451917522,50.0506740869764
15.899999999999999,7.949999999999999,0.20900000000000002,0.9606779999999998,3.9950766854507624,132.78065866574082
15.899999999999999,7.949999999999999,0.40800000000000003,0.9606779999999998,7.929873311475761,218.35692282461423
15.899999999999999,7.949999999999999,0.607,0.9606779999999998,12.70160405805054,322.1353209667364
15.899999999999999,7.949999999999999,0.806,0.9606779999999998,18.09812861880948,439.5021013225202
15.899999999999999,7.949999999999999,1.0050000000000001,0.9606779999999998,23.35906211020261,553.9199675990129
15.899999999999999,7.949999999999999,1.2040000000000002,0.9606779999999998,32.0492418853109,742.9190927644823
15.899999999999999,7.949999999999999,1.4030000000000002,0.9606779999999998,40.526427058088096,927.2858864307982
15.899999999999999,7.949999999999999,1.6020000000000003,0.9606779999999998,49.0036122308653,1111.652680097114
15.899999999999999,7.949999999999999,1.8010000000000004,0.9606779999999998,57.48079740364249,1296.0194737634297
15.899999999999999,7.949999999999999,2.0,0.9606779999999998,65.95798257641967,1480.386267429745
15.899999999999999,10.6,0.01,0.9606779999999998,0.3751197275995896,54.05171221399716
15.899999999999999,10.6,0.20900000000000002,0.9606779999999998,7.840002306831424,216.40235552047466
15.899999999999999,10.6,0.40800000000000003,0.9606779999999998,15.295934825514522,378.5583476623428
15.899999999999999,10.6,0.607,0.9606779999999998,24.15378350876022,571.2040345532889
15.899999999999999,10.6,0.806,0.9606779999999998,34.22350212417055,790.2061792990552
15.899999999999999,10.6,1.0050000000000001,0.9606779999999998,44.04021273416857,1003.7057575939228
15.899999999999999,10.6,1.2040000000000002,0.9606779999999998,60.1554974314946,1354.190418257821
15.899999999999999,10.6,1.4030000000000002,0.9606779999999998,75.87579966074891,1696.084768611329
15.899999999999999,10.6,1.6020000000000003,0.9606779999999998,91.5961018900032,2037.9791189648367
15.899999999999999,10.6,1.8010000000000004,0.9606779999999998,107.3164041192575,2379.873469318345
15.899999999999999,10.6,2.0,0.9606779999999998,123.03670634851177,2721.7678196718525
15.899999999999999,13.25,0.01,0.9606779999999998,0.6328143260058848,59.656205437274565
15.899999999999999,13.25,0.20900000000000002,0.9606779999999998,13.225819413522995,333.5362638869725
15.899999999999999,13.25,0.40800000000000003,0.9606779999999998,25.463872857179766,599.6966258629789
15.899999999999999,13.25,0.607,0.9606779999999998,39.76553202481739,910.7374951025965
15.899999999999999,13.25,0.806,0.9606779999999998,56.09865903194666,1265.9599180501668
15.899999999999999,13.25,1.0050000000000001,0.9606779999999998,72.02140596351991,1612.257154491516
15.899999999999999,13.25,1.2040000000000002,0.9606779999999998,98.0378413674208,2178.0778461814007
15.899999999999999,13.25,1.4030000000000002,0.9606779999999998,123.41661904083391,2730.0303836631992
15.899999999999999,13.25,1.6020000000000003,0.9606779999999998,148.795396714247,3281.982921144998
15.899999999999999,13.25,1.8010000000000004,0.9606779999999998,174.17417438766012,3833.9354586267964
15.899999999999999,13.25,2.0,0.9606779999999998,199.55295206107314,4385.887996108594
15.899999999999999,15.899999999999999,0.01,0.9606779999999998,0.9701429694650116,66.99262656513727
15.899999999999999,15.899999999999999,0.20900000000000002,0.9606779999999998,20.275988061818744,486.8674654593029
15.899999999999999,15.899999999999999,0.40800000000000003,0.9606779999999998,38.61967901467838,885.8168119764764
15.899999999999999,15.899999999999999,0.607,0.9606779999999998,59.762264599774625,1345.638160064694
15.899999999999999,15.899999999999999,0.806,0.9606779999999998,84.00843044327226,1872.9579913717325
15.899999999999999,15.899999999999999,1.0050000000000001,0.9606779999999998,107.64539613994832,2387.0285806861316
15.899999999999999,15.899999999999999,1.2040000000000002,0.9606779999999998,146.1209384404815,3223.8172344602326
15.899999999999999,15.899999999999999,1.4030000000000002,0.9606779999999998,183.65345274345256,4040.0963624065366
15.899999999999999,15.899999999999999,1.6020000000000003,0.9606779999999998,221.18596704642363,4856.375490352842
15.899999999999999,15.899999999999999,1.8010000000000004,0.9606779999999998,258.7184813493947,5672.654618299146
15.899999999999999,15.899999999999999,2.0,0.9606779999999998,296.25099565236576,6488.93374624545
15.899999999999999,18.55,0.01,0.9606779999999998,1.3922717476063309,76.17333074393935
15.899999999999999,18.55,0.20900000000000002,0.9606779999999998,29.098479524972312,678.7441827962662
15.899999999999999,18.55,0.40800000000000003,0.9606779999999998,54.92433216230713,1240.4199687322125
15.899999999999999,18.55,0.607,0.9606779999999998,84.33685946075691,1880.100858215679
15.899999999999999,18.55,0.806,0.9606779999999998,118.19552179425655,2616.4788993966195
15.899999999999999,18.55,1.0050000000000001,0.9606779999999998,151.203463968623,3334.354979743867
15.899999999999999,18.55,1.2040000000000002,0.9606779999999998,204.76469668067892,4499.236073959959
15.899999999999999,18.55,1.4030000000000002,0.9606779999999998,257.0131540811649,5635.566160964873
15.899999999999999,18.55,1.6020000000000003,0.9606779999999998,309.2616114816508,6771.8962479697875
15.899999999999999,18.55,1.8010000000000004,0.9606779999999998,361.51006888213675,7908.226334974701
15.899999999999999,18.55,2.0,0.9606779999999998,413.75852628262254,9044.556421979612
15.899999999999999,21.2,0.01,0.9606779999999998,1.9038240608149446,87.2988703961493
15.899999999999999,21.2,0.20900000000000002,0.9606779999999998,39.789922871032346,911.2679615274543
15.899999999999999,21.2,0.40800000000000003,0.9606779999999998,74.52068052642026,1666.6128431148386
15.899999999999999,21.2,0.607,0.9606779999999998,113.65885214902356,2517.8127479126483
15.899999999999999,21.2,0.806,0.9606779999999998,158.87253326477813,3501.146395493217
15.899999999999999,21.2,1.0050000000000001,0.9606779999999998,202.95019224194587,4459.773167506434
15.899999999999999,21.2,1.2040000000000002,0.9606779999999998,274.28297661502194,6011.160387451543
15.899999999999999,21.2,1.4030000000000002,0.9606779999999998,343.86740842993436,7524.523410829369
15.899999999999999,21.2,1.6020000000000003,0.9606779999999998,413.4518402448468,9037.886434207194
15.899999999999999,21.2,1.8010000000000004,0.9606779999999998,483.03627205975926,10551.249457585021
15.899999999999999,21.2,2.0,0.9606779999999998,552.6207038746714,12064.612480962842
15.899999999999999,23.849999999999998,0.01,0.9606779999999998,2.5090052907241986,100.46070662732055
15.899999999999999,23.849999999999998,0.20900000000000002,0.9606779999999998,52.43821057613576,1186.3503387589335
15.899999999999999,23.849999999999998,0.40800000000000003,0.9606779999999998,97.53772406052543,2167.2010017513144
15.899999999999999,23.849999999999998,0.607,0.9606779999999998,147.88010190359358,3262.07655292722
15.899999999999999,23.849999999999998,0.806,0.9606779999999998,206.2293410988524,4531.090019548769
15.899999999999999,23.849999999999998,1.0050000000000001,0.9606779999999998,263.1125190077981,5768.218725702439
15.899999999999999,23.849999999999998,1.2040000000000002,0.9606779999999998,354.955025943805,7765.663417655612
15.899999999999999,23.849999999999998,1.4030000000000002,0.9606779999999998,444.54649104314495,9714.151131864832
15.899999999999999,23.849999999999998,1.6020000000000003,0.9606779999999998,534.1379561424849,11662.638846074053
15.899999999999999,23.849999999999998,1.8010000000000004,0.9606779999999998,623.729421241825,13611.126560283275
15.899999999999999,23.849999999999998,2.0,0.9606779999999998,713.3208863411647,15559.614274492491
18.55,0.0,0.01,1.3075895,0.0,53.43822314049587
18.55,0.0,0.20900000000000002,1.3075895,0.0,53.43822314049587
18.55,0.0,0.40800000000000003,1.3075895,0.0,53.43822314049587
18.55,0.0,0.607,1.3075895,0.0,53.43822314049587
18.55,0.0,0.806,1.3075895,0.0,53.43822314049587
18.55,0.0,1.0050000000000001,1.3075895,0.0,53.43822314049587
18.55,0.0,1.2040000000000002,1.3075895,0.0,53.43822314049587
18.55,0.0,1.4030000000000002,1.3075895,0.0,53.43822314049587
18.55,0.0,1.6020000000000003,1.3075895,0.0,53.43822314049587
18.55,0.0,1.8010000000000004,1.3075895,0.0,53.43822314049587
18.55,0.0,2.0,1.3075895,0.0,53.43822314049587
18.55,2.65,0.01,1.3075895,0.01456317575086187,53.754951625725575
18.55,2.65,0.20900000000000002,1.3075895,0.30437037319301313,60.057848481796725
18.55,2.65,0.40800000000000003,1.3075895,0.646107281742622,67.49014314359769
18.55,2.65,0.607,1.3075895,1.0917150635118713,77.1814824600233
18.55,2.65,0.806,1.3075895,1.5890107433408465,87.99696049023154
18.55,2.65,1.0050000000000001,1.3075895,2.07381155684246,98.54069284128883
18.55,2.65,1.2040000000000002,1.3075895,2.894924655071185,116.39874195457124
18.55,2.65,1.4030000000000002,1.3075895,3.6959124322648913,133.81909378566533
18.55,2.65,1.6020000000000003,1.3075895,4.496900209458597,151.2394456167594
18.55,2.65,1.8010000000000004,1.3075895,5.297887986652304,168.65979744785352
18.55,2.65,2.0,1.3075895,6.098875763846009,186.08014927894757
18.55,5.3,0.01,1.3075895,0.07391166701305182,55.04569741220209
18.55,5.3,0.20900000000000002,1.3075895,1.5447538405727832,87.0344354191558
18.55,5.3,0.40800000000000003,1.3075895,3.1423503107021533,121.77990018925954
18.55,5.3,0.607,1.3075895,5.134366818511344,165.1034432038135
18.55,5.3,0.806,1.3075895,7.373680857244581,213.80535792180476
18.55,5.3,1.0050000000000001,1.3075895,9.55673072415035,261.2836064408515
18.55,5.3,1.2040000000000002,1.3075895,13.195363680197097,340.41872945187254
18.55,5.3,1.4030000000000002,1.3075895,16.74481445594858,417.6142661145841
18.55,5.3,1.6020000000000003,1.3075895,20.294265231700056,494.8098027772957
18.55,5.3,1.8010000000000004,1.3075895,23.84371600745154,572.0053394400074
18.55,5.3,2.0,1.3075895,27.393166783203014,649.200876102719
18.55,7.949999999999999,0.01,1.3075895,0.19115199451917522,57.595508797720214
18.55,7.949999999999999,0.20900000000000002,1.3075895,3.9950766854507624,140.32549337648462
18.55,7.949999999999999,0.40800000000000003,1.3075895,7.929873311475761,225.90175753535803
18.55,7.949999999999999,0.607,1.3075895,12.70160405805054,329.68015567748023
18.55,7.949999999999999,0.806,1.3075895,18.09812861880948,447.046936033264
18.55,7.949999999999999,1.0050000000000001,1.3075895,23.35906211020261,561.4648023097568
18.55,7.949999999999999,1.2040000000000002,1.3075895,32.0492418853109,750.4639274752262
18.55,7.949999999999999,1.4030000000000002,1.3075895,40.526427058088096,934.8307211415421
18.55,7.949999999999999,1.6020000000000003,1.3075895,49.0036122308653,1119.197514807858
18.55,7.949999999999999,1.8010000000000004,1.3075895,57.48079740364249,1303.5643084741735
18.55,7.949999999999999,2.0,1.3075895,65.95798257641967,1487.931102140489
18.55,10.6,0.01,1.3075895,0.3751197275995896,61.59654692474097
18.55,10.6,0.20900000000000002,1.3075895,7.840002306831424,223.94719023121846
18.55,10.6,0.40800000000000003,1.3075895,15.295934825514522,386.1031823730866
18.55,10.6,0.607,1.3075895,24.15378350876022,578.7488692640327
18.55,10.6,0.806,1.3075895,34.22350212417055,797.7510140097991
18.55,10.6,1.0050000000000001,1.3075895,44.04021273416857,1011.2505923046667
18.55,10.6,1.2040000000000002,1.3075895,60.1554974314946,1361.7352529685647
18.55,10.6,1.4030000000000002,1.3075895,75.87579966074891,1703.6296033220729
18.55,10.6,1.6020000000000003,1.3075895,91.5961018900032,2045.5239536755807
18.55,10.6,1.8010000000000004,1.3075895,107.3164041192575,2387.4183040290886
18.55,10.6,2.0,1.3075895,123.03670634851177,2729.3126543825965
18.55,13.25,0.01,1.3075895,0.6328143260058848,67.20104014801838
18.55,13.25,0.20900000000000002,1.3075895,13.225819413522995,341.08109859771633
18.55,13.25,0.40800000000000003,1.3075895,25.463872857179766,607.2414605737226
18.55,13.25,0.607,1.3075895,39.76553202481739,918.2823298133404
18.55,13.25,0.806,1.3075895,56.09865903194666,1273.5047527609106
18.55,13.25,1.0050000000000001,1.3075895,72.02140596351991,1619.80198920226
18.55,13.25,1.2040000000000002,1.3075895,98.0378413674208,2185.6226808921447
18.55,13.25,1.4030000000000002,1.3075895,123.41661904083391,2737.5752183739432
18.55,13.25,1.6020000000000003,1.3075895,148.795396714247,3289.527755855742
18.55,13.25,1.8010000000000004,1.3075895,174.17417438766012,3841.480293337541
18.55,13.25,2.0,1.3075895,199.55295206107314,4393.432830819338
18.55,15.899999999999999,0.01,1.3075895,0.9701429694650116,74.53746127588107
18.55,15.899999999999999,0.20900000000000002,1.3075895,20.275988061818744,494.4123001700467
18.55,15.899999999999999,0.40800000000000003,1.3075895,38.61967901467838,893.3616466872203
18.55,15.899999999999999,0.607,1.3075895,59.762264599774625,1353.1829947754377
18.55,15.899999999999999,0.806,1.3075895,84.00843044327226,1880.5028260824763
18.55,15.899999999999999,1.0050000000000001,1.3075895,107.64539613994832,2394.5734153968756
18.55,15.899999999999999,1.2040000000000002,1.3075895,146.1209384404815,3231.3620691709766
18.55,15.899999999999999,1.4030000000000002,1.3075895,183.65345274345256,4047.641197117281
18.55,15.899999999999999,1.6020000000000003,1.3075895,221.18596704642363,4863.920325063586
18.55,15.899999999999999,1.8010000000000004,1.3075895,258.7184813493947,5680.19945300989
18.55,15.899999999999999,2.0,1.3075895,296.25099565236576,6496.478580956193
18.55,18.55,0.01,1.3075895,1.3922717476063309,83.71816545468315
18.55,18.55,0.20900000000000002,1.3075895,29.098479524972312,686.2890175070099
18.55,18.55,0.40800000000000003,1.3075895,54.92433216230713,1247.9648034429565
18.55,18.55,0.607,1.3075895,84.33685946075691,1887.6456929264227
18.55,18.55,0.806,1.3075895,118.19552179425655,2624.023734107363
18.55,18.55,1.0050000000000001,1.3075895,151.203463968623,3341.899814454611
18.55,18.55,1.2040000000000002,1.3075895,204.76469668067892,4506.780908670704
18.55,18.55,1.4030000000000002,1.3075895,257.0131540811649,5643.110995675617
18.55,18.55,1.6020000000000003,1.3075895,309.2616114816508,6779.441082680531
18.55,18.55,1.8010000000000004,1.3075895,361.51006888213675,7915.771169685445
18.55,18.55,2.0,1.3075895,413.75852628262254,9052.101256690356
18.55,21.2,0.01,1.3075895,1.9038240608149446,94.8437051068931
18.55,21.2,0.20900000000000002,1.3075895,39.789922871032346,918.8127962381981
18.55,21.2,0.40800000000000003,1.3075895,74.52068052642026,1674.1576778255824
18.55,21.2,0.607,1.3075895,113.65885214902356,2525.357582623392
18.55,21.2,0.806,1.3075895,158.87253326477813,3508.691230203961
18.55,21.2,1.0050000000000001,1.3075895,202.95019224194587,4467.318002217178
18.55,21.2,1.2040000000000002,1.3075895,274.28297661502194,6018.705222162287
18.55,21.2,1.4030000000000002,1.3075895,343.86740842993436,7532.068245540113
18.55,21.2,1.6020000000000003,1.3075895,413.4518402448468,9045.431268917939
18.55,21.2,1.8010000000000004,1.3075895,483.03627205975926,10558.794292295765
18.55,21.2,2.0,1.3075895,552.6207038746714,12072.157315673587
18.55,23.849999999999998,0.01,1.3075895,2.5090052907241986,108.00554133806436
18.55,23.849999999999998,0.20900000000000002,1.3075895,52.43821057613576,1193.8951734696773
18.55,23.849999999999998,0.40800000000000003,1.3075895,97.53772406052543,2174.7458364620584
18.55,23.849999999999998,0.607,1.3075895,147.88010190359358,3269.621387637964
18.55,23.849999999999998,0.806,1.3075895,206.2293410988524,4538.634854259513
18.55,23.849999999999998,1.0050000000000001,1.3075895,263.1125190077981,5775.763560413183
18.55,23.849999999999998,1.2040000000000002,1.3075895,354.955025943805,7773.208252366356
18.55,23.849999999999998,1.4030000000000002,1.3075895,444.54649104314495,9721.695966575577
18.55,23.849999999999998,1.6020000000000003,1.3075895,534.1379561424849,11670.183680784796
18.55,23.849999999999998,1.8010000000000004,1.3075895,623.729421241825,13618.67139499402
18.55,23.849999999999998,2.0,1.3075895,713.3208863411647,15567.159109203236
21.2,0.0,0.01,1.7078719999999998,0.0,62.14380165289256
21.2,0.0,0.20900000000000002,1.7078719999999998,0.0,62.14380165289256
21.2,0.0,0.40800000000000003,1.7078719999999998,0.0,62.14380165289256
21.2,0.0,0.607,1.7078719999999998,0.0,62.14380165289256
21.2,0.0,0.806,1.7078719999999998,0.0,62.14380165289256
21.2,0.0,1.0050000000000001,1.7078719999999998,0.0,62.14380165289256
21.2,0.0,1.2040000000000002,1.7078719999999998,0.0,62.14380165289256
21.2,0.0,1.4030000000000002,1.7078719999999998,0.0,62.14380165289256
21.2,0.0,1.6020000000000003,1.7078719999999998,0.0,62.14380165289256
21.2,0.0,1.8010000000000004,1.7078719999999998,0.0,62.14380165289256
21.2,0.0,2.0,1.7078719999999998,0.0,62.14380165289256
21.2,2.65,0.01,1.7078719999999998,0.01456317575086187,62.460530138122266
21.2,2.65,0.20900000000000002,1.7078719999999998,0.30437037319301313,68.76342699419342
21.2,2.65,0.40800000000000003,1.7078719999999998,0.646107281742622,76.19572165599439
21.2,2.65,0.607,1.7078719999999998,1.0917150635118713,85.88706097241999
21.2,2.65,0.806,1.7078719999999998,1.5890107433408465,96.70253900262823
21.2,2.65,1.0050000000000001,1.7078719999999998,2.07381155684246,107.24627135368551
21.2,2.65,1.2040000000000002,1.7078719999999998,2.894924655071185,125.10432046696792
21.2,2.65,1.4030000000000002,1.7078719999999998,3.6959124322648913,142.524672298062
21.2,2.65,1.6020000000000003,1.7078719999999998,4.496900209458597,159.9450241291561
21.2,2.65,1.8010000000000004,1.7078719999999998,5.297887986652304,177.3653759602502
21.2,2.65,2.0,1.7078719999999998,6.098875763846009,194.78572779134427
21.2,5.3,0.01,1.7078719999999998,0.07391166701305182,63.75127592459878
21.2,5.3,0.20900000000000002,1.7078719999999998,1.5447538405727832,95.74001393155248
21.2,5.3,0.40800000000000003,1.7078719999999998,3.1423503107021533,130.48547870165623
21.2,5.3,0.607,1.7078719999999998,5.134366818511344,173.80902171621017
21.2,5.3,0.806,1.7078719999999998,7.373680857244581,222.51093643420145
21.2,5.3,1.0050000000000001,1.7078719999999998,9.55673072415035,269.9891849532481
21.2,5.3,1.2040000000000002,1.7078719999999998,13.195363680197097,349.1243079642692
21.2,5.3,1.4030000000000002,1.7078719999999998,16.74481445594858,426.3198446269808
21.2,5.3,1.6020000000000003,1.7078719999999998,20.294265231700056,503.5153812896924
21.2,5.3,1.8010000000000004,1.7078719999999998,23.84371600745154,580.7109179524041
21.2,5.3,2.0,1.7078719999999998,27.393166783203014,657.9064546151156
21.2,7.949999999999999,0.01,1.7078719999999998,0.19115199451917522,66.30108731011691
21.2,7.949999999999999,0.20900000000000002,1.7078719999999998,3.9950766854507624,149.0310718888813
21.2,7.949999999999999,0.40800000000000003,1.7078719999999998,7.929873311475761,234.6073360477547
21.2,7.949999999999999,0.607,1.7078719999999998,12.70160405805054,338.3857341898769
21.2,7.949999999999999,0.806,1.7078719999999998,18.09812861880948,455.7525145456607
21.2,7.949999999999999,1.0050000000000001,1.7078719999999998,23.35906211020261,570.1703808221534
21.2,7.949999999999999,1.2040000000000002,1.7078719999999998,32.0492418853109,759.169505987623
21.2,7.949999999999999,1.4030000000000002,1.7078719999999998,40.526427058088096,943.5362996539387
21.2,7.949999999999999,1.6020000000000003,1.7078719999999998,49.0036122308653,1127.9030933202546
21.2,7.949999999999999,1.8010000000000004,1.7078719999999998,57.48079740364249,1312.2698869865703
21.2,7.949999999999999,2.0,1.7078719999999998,65.95798257641967,1496.6366806528856
21.2,10.6,0.01,1.7078719999999998,0.3751197275995896,70.30212543713766
21.2,10.6,0.20900000000000002,1.7078719999999998,7.840002306831424,232.65276874361513
21.2,10.6,0.40800000000000003,1.7078719999999998,15.295934825514522,394.8087608854833
21.2,10.6,0.607,1.7078719999999998,24.15378350876022,587.4544477764293
21.2,10.6,0.806,1.7078719999999998,34.22350212417055,806.4565925221957
21.2,10.6,1.0050000000000001,1.7078719999999998,44.04021273416857,1019.9561708170635
21.2,10.6,1.2040000000000002,1.7078719999999998,60.1554974314946,1370.4408314809614
21.2,10.6,1.4030000000000002,1.7078719999999998,75.87579966074891,1712.3351818344695
21.2,10.6,1.6020000000000003,1.7078719999999998,91.5961018900032,2054.2295321879774
21.2,10.6,1.8010000000000004,1.7078719999999998,107.3164041192575,2396.1238825414857
21.2,10.6,2.0,1.7078719999999998,123.03670634851177,2738.018232894993
21.2,13.25,0.01,1.7078719999999998,0.6328143260058848,75.90661866041506
21.2,13.25,0.20900000000000002,1.7078719999999998,13.225819413522995,349.786677110113
21.2,13.25,0.40800000000000003,1.7078719999999998,25.463872857179766,615.9470390861193
21.2,13.25,0.607,1.7078719999999998,39.76553202481739,926.9879083257372
21.2,13.25,0.806,1.7078719999999998,56.09865903194666,1282.2103312733072
21.2,13.25,1.0050000000000001,1.7078719999999998,72.02140596351991,1628.5075677146567
21.2,13.25,1.2040000000000002,1.7078719999999998,98.0378413674208,2194.3282594045413
21.2,13.25,1.4030000000000002,1.7078719999999998,123.41661904083391,2746.28079688634
21.2,13.25,1.6020000000000003,1.7078719999999998,148.795396714247,3298.233334368139
21.2,13.25,1.8010000000000004,1.7078719999999998,174.17417438766012,3850.1858718499375
21.2,13.25,2.0,1.7078719999999998,199.55295206107314,4402.138409331735
21.2,15.899999999999999,0.01,1.7078719999999998,0.9701429694650116,83.24303978827777
21.2,15.899999999999999,0.20900000000000002,1.7078719999999998,20.275988061818744,503.11787868244335
21.2,15.899999999999999,0.40800000000000003,1.7078719999999998,38.61967901467838,902.0672251996169
21.2,15.899999999999999,0.607,1.7078719999999998,59.762264599774625,1361.8885732878346
21.2,15.899999999999999,0.806,1.7078719999999998,84.00843044327226,1889.2084045948732
21.2,15.899999999999999,1.0050000000000001,1.7078719999999998,107.64539613994832,2403.2789939092722
21.2,15.899999999999999,1.2040000000000002,1.7078719999999998,146.1209384404815,3240.0676476833733
21.2,15.899999999999999,1.4030000000000002,1.7078719999999998,183.65345274345256,4056.3467756296777
21.2,15.899999999999999,1.6020000000000003,1.7078719999999998,221.18596704642363,4872.625903575982
21.2,15.899999999999999,1.8010000000000004,1.7078719999999998,258.7184813493947,5688.905031522287
21.2,15.899999999999999,2.0,1.7078719999999998,296.25099565236576,6505.184159468589
21.2,18.55,0.01,1.7078719999999998,1.3922717476063309,92.42374396707983
21.2,18.55,0.20900000000000002,1.7078719999999998,29.098479524972312,694.9945960194066
21.2,18.55,0.40800000000000003,1.7078719999999998,54.92433216230713,1256.6703819553532
21.2,18.55,0.607,1.7078719999999998,84.33685946075691,1896.3512714388194
21.2,18.55,0.806,1.7078719999999998,118.19552179425655,2632.72931261976
21.2,18.55,1.0050000000000001,1.7078719999999998,151.203463968623,3350.6053929670074
21.2,18.55,1.2040000000000002,1.7078719999999998,204.76469668067892,4515.4864871831005
21.2,18.55,1.4030000000000002,1.7078719999999998,257.0131540811649,5651.816574188014
21.2,18.55,1.6020000000000003,1.7078719999999998,309.2616114816508,6788.146661192927
21.2,18.55,1.8010000000000004,1.7078719999999998,361.51006888213675,7924.476748197841
21.2,18.55,2.0,1.7078719999999998,413.75852628262254,9060.806835202751
21.2,21.2,0.01,1.7078719999999998,1.9038240608149446,103.5492836192898
21.2,21.2,0.20900000000000002,1.7078719999999998,39.789922871032346,927.5183747505948
21.2,21.2,0.40800000000000003,1.7078719999999998,74.52068052642026,1682.863256337979
21.2,21.2,0.607,1.7078719999999998,113.65885214902356,2534.063161135789
21.2,21.2,0.806,1.7078719999999998,158.87253326477813,3517.396808716358
21.2,21.2,1.0050000000000001,1.7078719999999998,202.95019224194587,4476.023580729576
21.2,21.2,1.2040000000000002,1.7078719999999998,274.28297661502194,6027.410800674683
21.2,21.2,1.4030000000000002,1.7078719999999998,343.86740842993436,7540.773824052509
21.2,21.2,1.6020000000000003,1.7078719999999998,413.4518402448468,9054.136847430334
21.2,21.2,1.8010000000000004,1.7078719999999998,483.03627205975926,10567.49987080816
21.2,21.2,2.0,1.7078719999999998,552.6207038746714,12080.862894185982
21.2,23.849999999999998,0.01,1.7078719999999998,2.5090052907241986,116.71111985046103
21.2,23.849999999999998,0.20900000000000002,1.7078719999999998,52.43821057613576,1202.6007519820741
21.2,23.849999999999998,0.40800000000000003,1.7078719999999998,97.53772406052543,2183.451414974455
21.2,23.849999999999998,0.607,1.7078719999999998,147.88010190359358,3278.326966150361
21.2,23.849999999999998,0.806,1.7078719999999998,206.2293410988524,4547.34043277191
21.2,23.849999999999998,1.0050000000000001,1.7078719999999998,263.1125190077981,5784.469138925579
21.2,23.849999999999998,1.2040000000000002,1.7078719999999998,354.955025943805,7781.9138308787515
21.2,23.849999999999998,1.4030000000000002,1.7078719999999998,444.54649104314495,9730.401545087972
21.2,23.849999999999998,1.6020000000000003,1.7078719999999998,534.1379561424849,11678.889259297193
21.2,23.849999999999998,1.8010000000000004,1.7078719999999998,623.729421241825,13627.376973506416
21.2,23.849999999999998,2.0,1.7078719999999998,713.3208863411647,15575.864687715632
23.849999999999998,0.0,0.01,2.1615254999999993,0.0,72.01012396694213
23.849999999999998,0.0,0.20900000000000002,2.1615254999999993,0.0,72.01012396694213
23.849999999999998,0.0,0.40800000000000003,2.1615254999999993,0.0,72.01012396694213
23.849999999999998,0.0,0.607,2.1615254999999993,0.0,72.01012396694213
23.849999999999998,0.0,0.806,2.1615254999999993,0.0,72.01012396694213
23.849999999999998,0.0,1.0050000000000001,2.1615254999999993,0.0,72.01012396694213
23.849999999999998,0.0,1.2040000000000002,2.1615254999999993,0.0,72.01012396694213
23.849999999999998,0.0,1.4030000000000002,2.1615254999999993,0.0,72.01012396694213
23.849999999999998,0.0,1.6020000000000003,2.1615254999999993,0.0,72.01012396694213
23.849999999999998,0.0,1.8010000000000004,2.1615254999999993,0.0,72.01012396694213
23.849999999999998,0.0,2.0,2.1615254999999993,0.0,72.01012396694213
23.849999999999998,2.65,0.01,2.1615254999999993,0.01456317575086187,72.32685245217183
23.849999999999998,2.65,0.20900000000000002,2.1615254999999993,0.30437037319301313,78.62974930824299
23.849999999999998,2.65,0.40800000000000003,2.1615254999999993,0.646107281742622,86.06204397004396
23.849999999999998,2.65,0.607,2.1615254999999993,1.0917150635118713,95.75338328646956
23.849999999999998,2.65,0.806,2.1615254999999993,1.5890107433408465,106.56886131667781
23.849999999999998,2.65,1.0050000000000001,2.1615254999999993,2.07381155684246,117.1125936677351
23.849999999999998,2.65,1.2040000000000002,2.1615254999999993,2.894924655071185,134.97064278101752
23.849999999999998,2.65,1.4030000000000002,2.1615254999999993,3.6959124322648913,152.3909946121116
23.849999999999998,2.65,1.6020000000000003,2.1615254999999993,4.496900209458597,169.8113464432057
23.849999999999998,2.65,1.8010000000000004,2.1615254999999993,5.297887986652304,187.2316982742998
23.849999999999998,2.65,2.0,2.1615254999999993,6.098875763846009,204.65205010539384
23.849999999999998,5.3,0.01,2.1615254999999993,0.07391166701305182,73.61759823864836
23.849999999999998,5.3,0.20900000000000002,2.1615254999999993,1.5447538405727832,105.60633624560207
23.849999999999998,5.3,0.40800000000000003,2.1615254999999993,3.1423503107021533,140.3518010157058
23.849999999999998,5.3,0.607,2.1615254999999993,5.134366818511344,183.67534403025977
23.849999999999998,5.3,0.806,2.1615254999999993,7.373680857244581,232.377258748251
23.849999999999998,5.3,1.0050000000000001,2.1615254999999993,9.55673072415035,279.85550726729775
23.849999999999998,5.3,1.2040000000000002,2.1615254999999993,13.195363680197097,358.9906302783188
23.849999999999998,5.3,1.4030000000000002,2.1615254999999993,16.74481445594858,436.1861669410304
23.849999999999998,5.3,1.6020000000000003,2.1615254999999993,20.294265231700056,513.381703603742
23.849999999999998,5.3,1.8010000000000004,2.1615254999999993,23.84371600745154,590.5772402664537
23.849999999999998,5.3,2.0,2.1615254999999993,27.393166783203014,667.7727769291652
23.849999999999998,7.949999999999999,0.01,2.1615254999999993,0.19115199451917522,76.16740962416648
23.849999999999998,7.949999999999999,0.20900000000000002,2.1615254999999993,3.9950766854507624,158.89739420293088
23.849999999999998,7.949999999999999,0.40800000000000003,2.1615254999999993,7.929873311475761,244.4736583618043
23.849999999999998,7.949999999999999,0.607,2.1615254999999993,12.70160405805054,348.2520565039265
23.849999999999998,7.949999999999999,0.806,2.1615254999999993,18.09812861880948,465.6188368597103
23.849999999999998,7.949999999999999,1.0050000000000001,2.1615254999999993,23.35906211020261,580.036703136203
23.849999999999998,7.949999999999999,1.2040000000000002,2.1615254999999993,32.0492418853109,769.0358283016725
23.849999999999998,7.949999999999999,1.4030000000000002,2.1615254999999993,40.526427058088096,953.4026219679882
23.849999999999998,7.949999999999999,1.6020000000000003,2.1615254999999993,49.0036122308653,1137.769415634304
23.849999999999998,7.949999999999999,1.8010000000000004,2.1615254999999993,57.48079740364249,1322.1362093006196
23.849999999999998,7.949999999999999,2.0,2.1615254999999993,65.95798257641967,1506.5030029669351
23.849999999999998,10.6,0.01,2.1615254999999993,0.3751197275995896,80.16844775118724
23.849999999999998,10.6,0.20900000000000002,2.1615254999999993,7.840002306831424,242.51909105766472
23.849999999999998,10.6,0.40800000000000003,2.1615254999999993,15.295934825514522,404.6750831995329
23.849999999999998,10.6,0.607,2.1615254999999993,24.15378350876022,597.320770090479
23.849999999999998,10.6,0.806,2.1615254999999993,34.22350212417055,816.3229148362452
23.849999999999998,10.6,1.0050000000000001,2.1615254999999993,44.04021273416857,1029.8224931311129
23.849999999999998,10.6,1.2040000000000002,2.1615254999999993,60.1554974314946,1380.307153795011
23.849999999999998,10.6,1.4030000000000002,2.1615254999999993,75.87579966074891,1722.2015041485192
23.849999999999998,10.6,1.6020000000000003,2.1615254999999993,91.5961018900032,2064.095854502027
23.849999999999998,10.6,1.8010000000000004,2.1615254999999993,107.3164041192575,2405.990204855535
23.849999999999998,10.6,2.0,2.1615254999999993,123.03670634851177,2747.8845552090424
23.849999999999998,13.25,0.01,2.1615254999999993,0.6328143260058848,85.77294097446463
23.849999999999998,13.25,0.20900000000000002,2.1615254999999993,13.225819413522995,359.6529994241626
23.849999999999998,13.25,0.40800000000000003,2.1615254999999993,25.463872857179766,625.8133614001689
23.849999999999998,13.25,0.607,2.1615254999999993,39.76553202481739,936.8542306397866
23.849999999999998,13.25,0.806,2.1615254999999993,56.09865903194666,1292.0766535873568
23.849999999999998,13.25,1.0050000000000001,2.1615254999999993,72.02140596351991,1638.3738900287062
23.849999999999998,13.25,1.2040000000000002,2.1615254999999993,98.0378413674208,2204.194581718591
23.849999999999998,13.25,1.4030000000000002,2.1615254999999993,123.41661904083391,2756.1471192003896
23.849999999999998,13.25,1.6020000000000003,2.1615254999999993,148.795396714247,3308.099656682188
23.849999999999998,13.25,1.8010000000000004,2.1615254999999993,174.17417438766012,3860.0521941639868
23.849999999999998,13.25,2.0,2.1615254999999993,199.55295206107314,4412.004731645784
23.849999999999998,15.899999999999999,0.01,2.1615254999999993,0.9701429694650116,93.10936210232734
23.849999999999998,15.899999999999999,0.20900000000000002,2.1615254999999993,20.275988061818744,512.984200996493
23.849999999999998,15.899999999999999,0.40800000000000003,2.1615254999999993,38.61967901467838,911.9335475136664
23.849999999999998,15.899999999999999,0.607,2.1615254999999993,59.762264599774625,1371.7548956018838
23.849999999999998,15.899999999999999,0.806,2.1615254999999993,84.00843044327226,1899.0747269089227
23.849999999999998,15.899999999999999,1.0050000000000001,2.1615254999999993,107.64539613994832,2413.145316223322
23.849999999999998,15.899999999999999,1.2040000000000002,2.1615254999999993,146.1209384404815,3249.9339699974225
23.849999999999998,15.899999999999999,1.4030000000000002,2.1615254999999993,183.65345274345256,4066.213097943727
23.849999999999998,15.899999999999999,1.6020000000000003,2.1615254999999993,221.18596704642363,4882.4922258900315
23.849999999999998,15.899999999999999,1.8010000000000004,2.1615254999999993,258.7184813493947,5698.771353836336
23.849999999999998,15.899999999999999,2.0,2.1615254999999993,296.25099565236576,6515.050481782639
23.849999999999998,18.55,0.01,2.1615254999999993,1.3922717476063309,102.29006628112941
23.849999999999998,18.55,0.20900000000000002,2.1615254999999993,29.098479524972312,704.8609183334562
23.849999999999998,18.55,0.40800000000000003,2.1615254999999993,54.92433216230713,1266.5367042694027
23.849999999999998,18.55,0.607,2.1615254999999993,84.33685946075691,1906.217593752869
23.849999999999998,18.55,0.806,2.1615254999999993,118.19552179425655,2642.5956349338094
23.849999999999998,18.55,1.0050000000000001,2.1615254999999993,151.203463968623,3360.4717152810567
23.849999999999998,18.55,1.2040000000000002,2.1615254999999993,204.76469668067892,4525.35280949715
23.849999999999998,18.55,1.4030000000000002,2.1615254999999993,257.0131540811649,5661.682896502063
23.849999999999998,18.55,1.6020000000000003,2.1615254999999993,309.2616114816508,6798.0129835069765
23.849999999999998,18.55,1.8010000000000004,2.1615254999999993,361.51006888213675,7934.343070511891
23.849999999999998,18.55,2.0,2.1615254999999993,413.75852628262254,9070.673157516801
23.849999999999998,21.2,0.01,2.1615254999999993,1.9038240608149446,113.41560593333938
23.849999999999998,21.2,0.20900000000000002,2.1615254999999993,39.789922871032346,937.3846970646442
23.849999999999998,21.2,0.40800000000000003,2.1615254999999993,74.52068052642026,1692.7295786520287
23.849999999999998,21.2,0.607,2.1615254999999993,113.65885214902356,2543.9294834498382
23.849999999999998,21.2,0.806,2.1615254999999993,158.87253326477813,3527.2631310304073
23.849999999999998,21.2,1.0050000000000001,2.1615254999999993,202.95019224194587,4485.889903043625
23.849999999999998,21.2,1.2040000000000002,2.1615254999999993,274.28297661502194,6037.277122988733
23.849999999999998,21.2,1.4030000000000002,2.1615254999999993,343.86740842993436,7550.640146366559
23.849999999999998,21.2,1.6020000000000003,2.1615254999999993,413.4518402448468,9064.003169744385
23.849999999999998,21.2,1.8010000000000004,2.1615254999999993,483.03627205975926,10577.36619312221
23.849999999999998,21.2,2.0,2.1615254999999993,552.6207038746714,12090.729216500033
23.849999999999998,23.849999999999998,0.01,2.1615254999999993,2.5090052907241986,126.57744216451063
23.849999999999998,23.849999999999998,0.20900000000000002,2.1615254999999993,52.43821057613576,1212.4670742961234
23.849999999999998,23.849999999999998,0.40800000000000003,2.1615254999999993,97.53772406052543,2193.3177372885048
23.849999999999998,23.849999999999998,0.607,2.1615254999999993,147.88010190359358,3288.19328846441
23.849999999999998,23.849999999999998,0.806,2.1615254999999993,206.2293410988524,4557.206755085959
23.849999999999998,23.849999999999998,1.0050000000000001,2.1615254999999993,263.1125190077981,5794.335461239629
23.849999999999998,23.849999999999998,1.2040000000000002,2.1615254999999993,354.955025943805,7791.780153192802
23.849999999999998,23.849999999999998,1.4030000000000002,2.1615254999999993,444.54649104314495,9740.267867402023
23.849999999999998,23.849999999999998,1.6020000000000003,2.1615254999999993,534.1379561424849,11688.755581611242
23.849999999999998,23.849999999999998,1.8010000000000004,2.1615254999999993,623.729421241825,13637.243295820466
23.849999999999998,23.849999999999998,2.0,2.1615254999999993,713.3208863411647,15585.731010029682
