0.0,4.8,0.01,0.0,0.0082470067470336,25.121888190135277
0.0,4.8,0.20900000000000002,0.0,0.17236244101300224,27.547463173827275
0.0,4.8,0.40800000000000003,0.0,0.3364778752789709,29.973038157519273
0.0,4.8,0.607,0.0,0.5005933095449395,32.39861314121127
0.0,4.8,0.806,0.0,0.6647087438109082,34.82418812490327
0.0,4.8,1.0050000000000001,0.0,0.82470067470336,37.18881901352763
0.0,4.8,1.2040000000000002,0.0,1.0744424845567382,40.87992514910656
0.0,4.8,1.4030000000000002,0.0,1.3180631716195923,44.48056299704876
0.0,4.8,1.6020000000000003,0.0,1.5616838586824464,48.081200844990946
0.0,4.8,1.8010000000000004,0.0,1.8053045457453007,51.68183869293314
0.0,4.8,2.0,0.0,2.048925232808154,55.28247654087533
0.0,9.6,0.01,0.0,0.04037752532813056,25.596767243601125
0.0,9.6,0.20900000000000002,0.0,0.8438902793579287,37.47243539126349
0.0,9.6,0.40800000000000003,0.0,1.647403033387727,49.348103538925855
0.0,9.6,0.607,0.0,2.4509157874175247,61.223771686588215
0.0,9.6,0.806,0.0,3.2544285414473233,73.09943983425057
0.0,9.6,1.0050000000000001,0.0,4.037752532813056,84.67672436011239
0.0,9.6,1.2040000000000002,0.0,5.245991854297812,102.534125070864
0.0,9.6,1.4030000000000002,0.0,6.424617466922648,119.9538443916462
0.0,9.6,1.6020000000000003,0.0,7.603243079547483,137.3735637124284
0.0,9.6,1.8010000000000004,0.0,8.781868692172317,154.7932830332106
0.0,9.6,2.0,0.0,9.96049430479715,172.21300235399278
0.0,14.399999999999999,0.01,0.0,0.10225208877231522,26.511254012553355
0.0,14.399999999999999,0.20900000000000002,0.0,2.1370686553413885,56.58520886236509
0.0,14.399999999999999,0.40800000000000003,0.0,4.171885221910461,86.65916371217682
0.0,14.399999999999999,0.607,0.0,6.206701788479533,116.73311856198855
0.0,14.399999999999999,0.806,0.0,8.241518355048607,146.8070734118003
0.0,14.399999999999999,1.0050000000000001,0.0,10.225208877231521,176.12540125533536
0.0,14.399999999999999,1.2040000000000002,0.0,13.263593467544014,221.03177880635567
0.0,14.399999999999999,1.4030000000000002,0.0,16.22750784730963,264.8375098487725
0.0,14.399999999999999,1.6020000000000003,0.0,19.19142222707525,308.6432408911894
0.0,14.399999999999999,1.8010000000000004,0.0,22.155336606840866,352.44897193360623
0.0,14.399999999999999,2.0,0.0,25.119250986606474,396.254702976023
0.0,19.2,0.01,0.0,0.19768924673309507,27.921785471094736
0.0,19.2,0.20900000000000002,0.0,4.131705256721687,86.06531634588
0.0,19.2,0.40800000000000003,0.0,8.065721266710279,144.20884722066526
0.0,19.2,0.607,0.0,11.99973727669887,202.35237809545052
0.0,19.2,0.806,0.0,15.933753286687462,260.49590897023575
0.0,19.2,1.0050000000000001,0.0,19.768924673309506,317.17854710947364
0.0,19.2,1.2040000000000002,0.0,25.613991658925677,403.56681596259085
0.0,19.2,1.4030000000000002,0.0,31.315797198815954,487.8377252849943
0.0,19.2,1.6020000000000003,0.0,37.01760273870624,572.1086346073978
0.0,19.2,1.8010000000000004,0.0,42.71940827859652,656.3795439298012
0.0,19.2,2.0,0.0,48.421213818486784,740.6504532522046
0.0,24.0,0.01,0.0,0.32965753091536176,29.872235592894395
0.0,24.0,0.20900000000000002,0.0,6.88984239613106,126.82972389149286
0.0,24.0,0.40800000000000003,0.0,13.450027261346758,223.78721219009134
0.0,24.0,0.607,0.0,20.010212126562454,320.7447004886898
0.0,24.0,0.806,0.0,26.570396991778154,417.70218878728826
0.0,24.0,1.0050000000000001,0.0,32.96575309153617,512.2235592894395
0.0,24.0,1.2040000000000002,0.0,42.67505032729128,655.7239472304717
0.0,24.0,1.4030000000000002,0.0,52.1463745915818,795.7071688004
0.0,24.0,1.6020000000000003,0.0,61.61769885587233,935.6903903703285
0.0,24.0,1.8010000000000004,0.0,71.08902312016284,1075.6736119402567
0.0,24.0,2.0,0.0,80.56034738445334,1215.656833510185
0.0,28.799999999999997,0.01,0.0,0.5006284620469695,32.39913268423853
0.0,28.799999999999997,0.20900000000000002,0.0,10.463134856781664,179.64187310058526
0.0,28.799999999999997,0.40800000000000003,0.0,20.425641251516357,326.88461351693195
0.0,28.799999999999997,0.607,0.0,30.388147646251046,474.12735393327864
0.0,28.799999999999997,0.806,0.0,40.350654040985745,621.3700943496254
0.0,28.799999999999997,1.0050000000000001,0.0,50.06284620469695,764.9132684238527
0.0,28.799999999999997,1.2040000000000002,0.0,64.76105263198076,982.1481797813237
0.0,28.799999999999997,1.4030000000000002,0.0,79.0990089017331,1194.0587060565038
0.0,28.799999999999997,1.6020000000000003,0.0,93.43696517148544,1405.9692323316838
0.0,28.799999999999997,1.8010000000000004,0.0,107.77492144123778,1617.8797586068636
0.0,28.799999999999997,2.0,0.0,122.11287771099009,1829.7902848820431
0.0,33.6,0.01,0.0,0.7127405524576604,35.534083291047324
0.0,33.6,0.20900000000000002,0.0,14.896277546365104,245.16234078288906
0.0,33.6,0.40800000000000003,0.0,29.079814540272547,454.79059827473077
0.0,33.6,0.607,0.0,43.26335153417999,664.4188557665725
0.0,33.6,0.806,0.0,57.44688852808743,874.0471132584142
0.0,33.6,1.0050000000000001,0.0,71.27405524576604,1078.4083291047323
0.0,33.6,1.2040000000000002,0.0,92.14372115583186,1386.8554887267094
0.0,33.6,1.4030000000000002,0.0,112.50187564653329,1687.742668946187
0.0,33.6,1.6020000000000003,0.0,132.86003013723476,1988.6298491656646
0.0,33.6,1.8010000000000004,0.0,153.2181846279362,2289.517029385143
0.0,33.6,2.0,0.0,173.5763391186376,2590.4042096046196
0.0,38.4,0.01,0.0,0.9678908738538076,39.305125542055166
0.0,38.4,0.20900000000000002,0.0,20.22891926354458,323.9771238289529
0.0,38.4,0.40800000000000003,0.0,39.48994765323535,608.6491221158507
0.0,38.4,0.607,0.0,58.75097604292611,893.3211204027483
0.0,38.4,0.806,0.0,78.0120044326169,1177.9931186896463
0.0,38.4,1.0050000000000001,0.0,96.78908738538075,1455.5125542055164
0.0,38.4,1.2040000000000002,0.0,125.06394376853366,1873.4061217252727
0.0,38.4,1.4030000000000002,0.0,152.64578896582492,2281.0571998450346
0.0,38.4,1.6020000000000003,0.0,180.22763416311625,2688.7082779647967
0.0,38.4,1.8010000000000004,0.0,207.80947936040755,3096.359356084559
0.0,38.4,2.0,0.0,235.39132455769877,3504.0104342043196
0.0,43.199999999999996,0.01,0.0,1.2677920582594664,43.73757160495913
0.0,43.199999999999996,0.20900000000000002,0.0,26.496854017622848,416.61524654364575
0.0,43.199999999999996,0.40800000000000003,0.0,51.72591597698623,789.4929214823323
0.0,43.199999999999996,0.607,0.0,76.95497793634961,1162.370596421019
0.0,43.199999999999996,0.806,0.0,102.184039895713,1535.2482713597058
0.0,43.199999999999996,1.0050000000000001,0.0,126.77920582594663,1898.7571604959126
0.0,43.199999999999996,1.2040000000000002,0.0,163.73906784329753,2445.0124052324168
0.0,43.199999999999996,1.4030000000000002,0.0,199.7930508896349,2977.879041029301
0.0,43.199999999999996,1.6020000000000003,0.0,235.84703393597226,3510.7456768261845
0.0,43.199999999999996,1.8010000000000004,0.0,271.9010169823096,4043.6123126230686
0.0,43.199999999999996,2.0,0.0,307.95500002864696,4576.478948419952
4.8,0.0,0.01,0.039168,0.0,25.578890836112837
4.8,0.0,0.20900000000000002,0.039168,0.0,25.578890836112837
4.8,0.0,0.40800000000000003,0.039168,0.0,25.578890836112837
4.8,0.0,0.607,0.039168,0.0,25.578890836112837
4.8,0.0,0.806,0.039168,0.0,25.578890836112837
4.8,0.0,1.0050000000000001,0.039168,0.0,25.578890836112837
4.8,0.0,1.2040000000000002,0.039168,0.0,25.578890836112837
4.8,0.0,1.4030000000000002,0.039168,0.0,25.578890836112837
4.8,0.0,1.6020000000000003,0.039168,0.0,25.578890836112837
4.8,0.0,1.8010000000000004,0.039168,0.0,25.578890836112837
4.8,0.0,2.0,0.039168,0.0,25.578890836112837
4.8,4.8,0.01,0.039168,0.0082470067470336,25.700779026248114
4.8,4.8,0.20900000000000002,0.039168,0.17236244101300224,28.126354009940112
4.8,4.8,0.40800000000000003,0.039168,0.3364778752789709,30.55192899363211
4.8,4.8,0.607,0.039168,0.5005933095449395,32.977503977324105
4.8,4.8,0.806,0.039168,0.6647087438109082,35.40307896101611
4.8,4.8,1.0050000000000001,0.039168,0.82470067470336,37.76770984964047
4.8,4.8,1.2040000000000002,0.039168,1.0744424845567382,41.4588159852194
4.8,4.8,1.4030000000000002,0.039168,1.3180631716195923,45.0594538331616
4.8,4.8,1.6020000000000003,0.039168,1.5616838586824464,48.660091681103786
4.8,4.8,1.8010000000000004,0.039168,1.8053045457453007,52.26072952904598
4.8,4.8,2.0,0.039168,2.048925232808154,55.86136737698817
4.8,9.6,0.01,0.039168,0.04037752532813056,26.175658079713962
4.8,9.6,0.20900000000000002,0.039168,0.8438902793579287,38.05132622737633
4.8,9.6,0.40800000000000003,0.039168,1.647403033387727,49.92699437503869
4.8,9.6,0.607,0.039168,2.4509157874175247,61.802662522701056
4.8,9.6,0.806,0.039168,3.2544285414473233,73.67833067036342
4.8,9.6,1.0050000000000001,0.039168,4.037752532813056,85.25561519622522
4.8,9.6,1.2040000000000002,0.039168,5.245991854297812,103.11301590697683
4.8,9.6,1.4030000000000002,0.039168,6.424617466922648,120.53273522775903
4.8,9.6,1.6020000000000003,0.039168,7.603243079547483,137.95245454854125
4.8,9.6,1.8010000000000004,0.039168,8.781868692172317,155.37217386932343
4.8,9.6,2.0,0.039168,9.96049430479715,172.7918931901056
4.8,14.399999999999999,0.01,0.039168,0.10225208877231522,27.090144848666192
4.8,14.399999999999999,0.20900000000000002,0.039168,2.1370686553413885,57.16409969847793
4.8,14.399999999999999,0.40800000000000003,0.039168,4.171885221910461,87.23805454828965
4.8,14.399999999999999,0.607,0.039168,6.206701788479533,117.31200939810138
4.8,14.399999999999999,0.806,0.039168,8.241518355048607,147.38596424791314
4.8,14.399999999999999,1.0050000000000001,0.039168,10.225208877231521,176.7042920914482
4.8,14.399999999999999,1.2040000000000002,0.039168,13.263593467544014,221.6106696424685
4.8,14.399999999999999,1.4030000000000002,0.039168,16.22750784730963,265.4164006848854
4.8,14.399999999999999,1.6020000000000003,0.039168,19.19142222707525,309.22213172730227
4.8,14.399999999999999,1.8010000000000004,0.039168,22.155336606840866,353.0278627697191
4.8,14.399999999999999,2.0,0.039168,25.119250986606474,396.83359381213586
4.8,19.2,0.01,0.039168,0.19768924673309507,28.500676307207577
4.8,19.2,0.20900000000000002,0.039168,4.131705256721687,86.64420718199284
4.8,19.2,0.40800000000000003,0.039168,8.065721266710279,144.7877380567781
4.8,19.2,0.607,0.039168,11.99973727669887,202.93126893156335
4.8,19.2,0.806,0.039168,15.933753286687462,261.0747998063486
4.8,19.2,1.0050000000000001,0.039168,19.768924673309506,317.7574379455865
4.8,19.2,1.2040000000000002,0.039168,25.613991658925677,404.1457067987037
4.8,19.2,1.4030000000000002,0.039168,31.315797198815954,488.41661612110715
4.8,19.2,1.6020000000000003,0.039168,37.01760273870624,572.6875254435106
4.8,19.2,1.8010000000000004,0.039168,42.71940827859652,656.958434765914
4.8,19.2,2.0,0.039168,48.421213818486784,741.2293440883174
4.8,24.0,0.01,0.039168,0.32965753091536176,30.451126429007235
4.8,24.0,0.20900000000000002,0.039168,6.88984239613106,127.4086147276057
4.8,24.0,0.40800000000000003,0.039168,13.450027261346758,224.36610302620417
4.8,24.0,0.607,0.039168,20.010212126562454,321.32359132480263
4.8,24.0,0.806,0.039168,26.570396991778154,418.2810796234011
4.8,24.0,1.0050000000000001,0.039168,32.96575309153617,512.8024501255524
4.8,24.0,1.2040000000000002,0.039168,42.67505032729128,656.3028380665845
4.8,24.0,1.4030000000000002,0.039168,52.1463745915818,796.2860596365128
4.8,24.0,1.6020000000000003,0.039168,61.61769885587233,936.2692812064413
4.8,24.0,1.8010000000000004,0.039168,71.08902312016284,1076.2525027763697
4.8,24.0,2.0,0.039168,80.56034738445334,1216.235724346298
4.8,28.799999999999997,0.01,0.039168,0.5006284620469695,32.978023520351364
4.8,28.799999999999997,0.20900000000000002,0.039168,10.463134856781664,180.2207639366981
4.8,28.799999999999997,0.40800000000000003,0.039168,20.425641251516357,327.4635043530448
4.8,28.799999999999997,0.607,0.039168,30.388147646251046,474.70624476939145
4.8,28.799999999999997,0.806,0.039168,40.350654040985745,621.9489851857383
4.8,28.799999999999997,1.0050000000000001,0.039168,50.06284620469695,765.4921592599655
4.8,28.799999999999997,1.2040000000000002,0.039168,64.76105263198076,982.7270706174365
4.8,28.799999999999997,1.4030000000000002,0.039168,79.0990089017331,1194.6375968926168
4.8,28.799999999999997,1.6020000000000003,0.039168,93.43696517148544,1406.5481231677966
4.8,28.799999999999997,1.8010000000000004,0.039168,107.77492144123778,1618.4586494429764
4.8,28.799999999999997,2.0,0.039168,122.11287771099009,1830.369175718156
4.8,33.6,0.01,0.039168,0.7127405524576604,36.11297412716016
4.8,33.6,0.20900000000000002,0.039168,14.896277546365104,245.7412316190019
4.8,33.6,0.40800000000000003,0.039168,29.079814540272547,455.36948911084363
4.8,33.6,0.607,0.039168,43.26335153417999,664.9977466026853
4.8,33.6,0.806,0.039168,57.44688852808743,874.626004094527
4.8,33.6,1.0050000000000001,0.039168,71.27405524576604,1078.987219940845
4.8,33.6,1.2040000000000002,0.039168,92.14372115583186,1387.4343795628224
4.8,33.6,1.4030000000000002,0.039168,112.50187564653329,1688.3215597823
4.8,33.6,1.6020000000000003,0.039168,132.86003013723476,1989.2087400017776
4.8,33.6,1.8010000000000004,0.039168,153.2181846279362,2290.0959202212557
4.8,33.6,2.0,0.039168,173.5763391186376,2590.9831004407324
4.8,38.4,0.01,0.039168,0.9678908738538076,39.884016378168
4.8,38.4,0.20900000000000002,0.039168,20.22891926354458,324.5560146650658
4.8,38.4,0.40800000000000003,0.039168,39.48994765323535,609.2280129519635
4.8,38.4,0.607,0.039168,58.75097604292611,893.9000112388612
4.8,38.4,0.806,0.039168,78.0120044326169,1178.5720095257593
4.8,38.4,1.0050000000000001,0.039168,96.78908738538075,1456.0914450416292
4.8,38.4,1.2040000000000002,0.039168,125.06394376853366,1873.9850125613855
4.8,38.4,1.4030000000000002,0.039168,152.64578896582492,2281.6360906811474
4.8,38.4,1.6020000000000003,0.039168,180.22763416311625,2689.2871688009095
4.8,38.4,1.8010000000000004,0.039168,207.80947936040755,3096.9382469206716
4.8,38.4,2.0,0.039168,235.39132455769877,3504.589325040433
4.8,43.199999999999996,0.01,0.039168,1.2677920582594664,44.31646244107196
4.8,43.199999999999996,0.20900000000000002,0.039168,26.496854017622848,417.1941373797586
4.8,43.199999999999996,0.40800000000000003,0.039168,51.72591597698623,790.0718123184452
4.8,43.199999999999996,0.607,0.039168,76.95497793634961,1162.9494872571318
4.8,43.199999999999996,0.806,0.039168,102.184039895713,1535.8271621958186
4.8,43.199999999999996,1.0050000000000001,0.039168,126.77920582594663,1899.3360513320254
4.8,43.199999999999996,1.2040000000000002,0.039168,163.73906784329753,2445.59129606853
4.8,43.199999999999996,1.4030000000000002,0.039168,199.7930508896349,2978.4579318654137
4.8,43.199999999999996,1.6020000000000003,0.039168,235.84703393597226,3511.3245676622973
4.8,43.199999999999996,1.8010000000000004,0.039168,271.9010169823096,4044.1912034591815
4.8,43.199999999999996,2.0,0.039168,307.95500002864696,4577.057839256065
9.6,0.0,0.01,0.156672,0.0,27.315563344451355
9.6,0.0,0.20900000000000002,0.156672,0.0,27.315563344451355
9.6,0.0,0.40800000000000003,0.156672,0.0,27.315563344451355
9.6,0.0,0.607,0.156672,0.0,27.315563344451355
9.6,0.0,0.806,0.156672,0.0,27.315563344451355
9.6,0.0,1.0050000000000001,0.156672,0.0,27.315563344451355
9.6,0.0,1.2040000000000002,0.156672,0.0,27.315563344451355
9.6,0.0,1.4030000000000002,0.156672,0.0,27.315563344451355
9.6,0.0,1.6020000000000003,0.156672,0.0,27.315563344451355
9.6,0.0,1.8010000000000004,0.156672,0.0,27.315563344451355
9.6,0.0,2.0,0.156672,0.0,27.315563344451355
9.6,4.8,0.01,0.156672,0.0082470067470336,27.43745153458663
9.6,4.8,0.20900000000000002,0.156672,0.17236244101300224,29.86302651827863
9.6,4.8,0.40800000000000003,0.156672,0.3364778752789709,32.288601501970625
9.6,4.8,0.607,0.156672,0.5005933095449395,34.71417648566263
9.6,4.8,0.806,0.156672,0.6647087438109082,37.13975146935462
9.6,4.8,1.0050000000000001,0.156672,0.82470067470336,39.50438235797898
9.6,4.8,1.2040000000000002,0.156672,1.0744424845567382,43.19548849355792
9.6,4.8,1.4030000000000002,0.156672,1.3180631716195923,46.79612634150011
9.6,4.8,1.6020000000000003,0.156672,1.5616838586824464,50.39676418944231
9.6,4.8,1.8010000000000004,0.156672,1.8053045457453007,53.997402037384504
9.6,4.8,2.0,0.156672,2.048925232808154,57.598039885326685
9.6,9.6,0.01,0.156672,0.04037752532813056,27.912330588052477
9.6,9.6,0.20900000000000002,0.156672,0.8438902793579287,39.787998735714844
9.6,9.6,0.40800000000000003,0.156672,1.647403033387727,51.6636668833772
9.6,9.6,0.607,0.156672,2.4509157874175247,63.53933503103957
9.6,9.6,0.806,0.156672,3.2544285414473233,75.41500317870194
9.6,9.6,1.0050000000000001,0.156672,4.037752532813056,86.99228770456372
9.6,9.6,1.2040000000000002,0.156672,5.245991854297812,104.84968841531534
9.6,9.6,1.4030000000000002,0.156672,6.424617466922648,122.26940773609755
9.6,9.6,1.6020000000000003,0.156672,7.603243079547483,139.68912705687976
9.6,9.6,1.8010000000000004,0.156672,8.781868692172317,157.10884637766196
9.6,9.6,2.0,0.156672,9.96049430479715,174.52856569844414
9.6,14.399999999999999,0.01,0.156672,0.10225208877231522,28.826817357004707
9.6,14.399999999999999,0.20900000000000002,0.156672,2.1370686553413885,58.90077220681645
9.6,14.399999999999999,0.40800000000000003,0.156672,4.171885221910461,88.97472705662818
9.6,14.399999999999999,0.607,0.156672,6.206701788479533,119.0486819064399
9.6,14.399999999999999,0.806,0.156672,8.241518355048607,149.12263675625167
9.6,14.399999999999999,1.0050000000000001,0.156672,10.225208877231521,178.44096459978672
9.6,14.399999999999999,1.2040000000000002,0.156672,13.263593467544014,223.34734215080704
9.6,14.399999999999999,1.4030000000000002,0.156672,16.22750784730963,267.15307319322386
9.6,14.399999999999999,1.6020000000000003,0.156672,19.19142222707525,310.95880423564074
9.6,14.399999999999999,1.8010000000000004,0.156672,22.155336606840866,354.76453527805756
9.6,14.399999999999999,2.0,0.156672,25.119250986606474,398.57026632047433
9.6,19.2,0.01,0.156672,0.19768924673309507,30.237348815546092
9.6,19.2,0.20900000000000002,0.156672,4.131705256721687,88.38087969033134
9.6,19.2,0.40800000000000003,0.156672,8.065721266710279,146.52441056511663
9.6,19.2,0.607,0.156672,11.99973727669887,204.66794143990188
9.6,19.2,0.806,0.156672,15.933753286687462,262.81147231468714
9.6,19.2,1.0050000000000001,0.156672,19.768924673309506,319.494110453925
9.6,19.2,1.2040000000000002,0.156672,25.613991658925677,405.8823793070422
9.6,19.2,1.4030000000000002,0.156672,31.315797198815954,490.1532886294456
9.6,19.2,1.6020000000000003,0.156672,37.01760273870624,574.4241979518491
9.6,19.2,1.8010000000000004,0.156672,42.71940827859652,658.6951072742526
9.6,19.2,2.0,0.156672,48.421213818486784,742.9660165966559
9.6,24.0,0.01,0.156672,0.32965753091536176,32.18779893734575
9.6,24.0,0.20900000000000002,0.156672,6.88984239613106,129.1452872359442
9.6,24.0,0.40800000000000003,0.156672,13.450027261346758,226.1027755345427
9.6,24.0,0.607,0.156672,20.010212126562454,323.0602638331411
9.6,24.0,0.806,0.156672,26.570396991778154,420.0177521317396
9.6,24.0,1.0050000000000001,0.156672,32.96575309153617,514.5391226338909
9.6,24.0,1.2040000000000002,0.156672,42.67505032729128,658.039510574923
9.6,24.0,1.4030000000000002,0.156672,52.1463745915818,798.0227321448514
9.6,24.0,1.6020000000000003,0.156672,61.61769885587233,938.0059537147798
9.6,24.0,1.8010000000000004,0.156672,71.08902312016284,1077.9891752847082
9.6,24.0,2.0,0.156672,80.56034738445334,1217.9723968546364
9.6,28.799999999999997,0.01,0.156672,0.5006284620469695,34.714696028689886
9.6,28.799999999999997,0.20900000000000002,0.156672,10.463134856781664,181.95743644503662
9.6,28.799999999999997,0.40800000000000003,0.156672,20.425641251516357,329.2001768613833
9.6,28.799999999999997,0.607,0.156672,30.388147646251046,476.44291727773
9.6,28.799999999999997,0.806,0.156672,40.350654040985745,623.6856576940768
9.6,28.799999999999997,1.0050000000000001,0.156672,50.06284620469695,767.2288317683041
9.6,28.799999999999997,1.2040000000000002,0.156672,64.76105263198076,984.4637431257751
9.6,28.799999999999997,1.4030000000000002,0.156672,79.0990089017331,1196.3742694009552
9.6,28.799999999999997,1.6020000000000003,0.156672,93.43696517148544,1408.284795676135
9.6,28.799999999999997,1.8010000000000004,0.156672,107.77492144123778,1620.195321951315
9.6,28.799999999999997,2.0,0.156672,122.11287771099009,1832.1058482264943
9.6,33.6,0.01,0.156672,0.7127405524576604,37.84964663549868
9.6,33.6,0.20900000000000002,0.156672,14.896277546365104,247.47790412734042
9.6,33.6,0.40800000000000003,0.156672,29.079814540272547,457.1061616191821
9.6,33.6,0.607,0.156672,43.26335153417999,666.7344191110238
9.6,33.6,0.806,0.156672,57.44688852808743,876.3626766028656
9.6,33.6,1.0050000000000001,0.156672,71.27405524576604,1080.7238924491837
9.6,33.6,1.2040000000000002,0.156672,92.14372115583186,1389.1710520711608
9.6,33.6,1.4030000000000002,0.156672,112.50187564653329,1690.0582322906384
9.6,33.6,1.6020000000000003,0.156672,132.86003013723476,1990.9454125101158
9.6,33.6,1.8010000000000004,0.156672,153.2181846279362,2291.832592729594
9.6,33.6,2.0,0.156672,173.5763391186376,2592.719772949071
9.6,38.4,0.01,0.156672,0.9678908738538076,41.620688886506514
9.6,38.4,0.20900000000000002,0.156672,20.22891926354458,326.29268717340426
9.6,38.4,0.40800000000000003,0.156672,39.48994765323535,610.964685460302
9.6,38.4,0.607,0.156672,58.75097604292611,895.6366837471996
9.6,38.4,0.806,0.156672,78.0120044326169,1180.3086820340977
9.6,38.4,1.0050000000000001,0.156672,96.78908738538075,1457.8281175499678
9.6,38.4,1.2040000000000002,0.156672,125.06394376853366,1875.7216850697241
9.6,38.4,1.4030000000000002,0.156672,152.64578896582492,2283.372763189486
9.6,38.4,1.6020000000000003,0.156672,180.22763416311625,2691.023841309248
9.6,38.4,1.8010000000000004,0.156672,207.80947936040755,3098.67491942901
9.6,38.4,2.0,0.156672,235.39132455769877,3506.325997548771
9.6,43.199999999999996,0.01,0.156672,1.2677920582594664,46.05313494941048
9.6,43.199999999999996,0.20900000000000002,0.156672,26.496854017622848,418.9308098880971
9.6,43.199999999999996,0.40800000000000003,0.156672,51.72591597698623,791.8084848267837
9.6,43.199999999999996,0.607,0.156672,76.95497793634961,1164.6861597654704
9.6,43.199999999999996,0.806,0.156672,102.184039895713,1537.563834704157
9.6,43.199999999999996,1.0050000000000001,0.156672,126.77920582594663,1901.072723840364
9.6,43.199999999999996,1.2040000000000002,0.156672,163.73906784329753,2447.327968576868
9.6,43.199999999999996,1.4030000000000002,0.156672,199.7930508896349,2980.194604373752
9.6,43.199999999999996,1.6020000000000003,0.156672,235.84703393597226,3513.0612401706358
9.6,43.199999999999996,1.8010000000000004,0.156672,271.9010169823096,4045.9278759675203
9.6,43.199999999999996,2.0,0.156672,307.95500002864696,4578.794511764403
14.399999999999999,0.0,0.01,0.35251199999999994,0.0,30.210017525015544
14.399999999999999,0.0,0.20900000000000002,0.35251199999999994,0.0,30.210017525015544
14.399999999999999,0.0,0.40800000000000003,0.35251199999999994,0.0,30.210017525015544
14.399999999999999,0.0,0.607,0.35251199999999994,0.0,30.210017525015544
14.399999999999999,0.0,0.806,0.35251199999999994,0.0,30.210017525015544
14.399999999999999,0.0,1.0050000000000001,0.35251199999999994,0.0,30.210017525015544
14.399999999999999,0.0,1.2040000000000002,0.35251199999999994,0.0,30.210017525015544
14.399999999999999,0.0,1.4030000000000002,0.35251199999999994,0.0,30.210017525015544
14.399999999999999,0.0,1.6020000000000003,0.35251199999999994,0.0,30.210017525015544
14.399999999999999,0.0,1.8010000000000004,0.35251199999999994,0.0,30.210017525015544
14.399999999999999,0.0,2.0,0.35251199999999994,0.0,30.210017525015544
14.399999999999999,4.8,0.01,0.35251199999999994,0.0082470067470336,30.331905715150825
14.399999999999999,4.8,0.20900000000000002,0.35251199999999994,0.17236244101300224,32.75748069884282
14.399999999999999,4.8,0.40800000000000003,0.35251199999999994,0.3364778752789709,35.18305568253482
14.399999999999999,4.8,0.607,0.35251199999999994,0.5005933095449395,37.608630666226816
14.399999999999999,4.8,0.806,0.35251199999999994,0.6647087438109082,40.03420564991882
14.399999999999999,4.8,1.0050000000000001,0.35251199999999994,0.82470067470336,42.39883653854318
14.399999999999999,4.8,1.2040000000000002,0.35251199999999994,1.0744424845567382,46.08994267412211
14.399999999999999,4.8,1.4030000000000002,0.35251199999999994,1.3180631716195923,49.6905805220643
14.399999999999999,4.8,1.6020000000000003,0.35251199999999994,1.5616838586824464,53.2912183700065
14.399999999999999,4.8,1.8010000000000004,0.35251199999999994,1.8053045457453007,56.891856217948686
14.399999999999999,4.8,2.0,0.35251199999999994,2.048925232808154,60.49249406589088
14.399999999999999,9.6,0.01,0.35251199999999994,0.04037752532813056,30.80678476861667
14.399999999999999,9.6,0.20900000000000002,0.35251199999999994,0.8438902793579287,42.68245291627903
14.399999999999999,9.6,0.40800000000000003,0.35251199999999994,1.647403033387727,54.5581210639414
14.399999999999999,9.6,0.607,0.35251199999999994,2.4509157874175247,66.43378921160377
14.399999999999999,9.6,0.806,0.35251199999999994,3.2544285414473233,78.30945735926613
14.399999999999999,9.6,1.0050000000000001,0.35251199999999994,4.037752532813056,89.88674188512792
14.399999999999999,9.6,1.2040000000000002,0.35251199999999994,5.245991854297812,107.74414259587954
14.399999999999999,9.6,1.4030000000000002,0.35251199999999994,6.424617466922648,125.16386191666174
14.399999999999999,9.6,1.6020000000000003,0.35251199999999994,7.603243079547483,142.58358123744395
14.399999999999999,9.6,1.8010000000000004,0.35251199999999994,8.781868692172317,160.00330055822616
14.399999999999999,9.6,2.0,0.35251199999999994,9.96049430479715,177.42301987900834
14.399999999999999,14.399999999999999,0.01,0.35251199999999994,0.10225208877231522,31.7212715375689
14.399999999999999,14.399999999999999,0.20900000000000002,0.35251199999999994,2.1370686553413885,61.795226387380644
14.399999999999999,14.399999999999999,0.40800000000000003,0.35251199999999994,4.171885221910461,91.86918123719236
14.399999999999999,14.399999999999999,0.607,0.35251199999999994,6.206701788479533,121.94313608700409
14.399999999999999,14.399999999999999,0.806,0.35251199999999994,8.241518355048607,152.01709093681586
14.399999999999999,14.399999999999999,1.0050000000000001,0.35251199999999994,10.225208877231521,181.33541878035092
14.399999999999999,14.399999999999999,1.2040000000000002,0.35251199999999994,13.263593467544014,226.24179633137123
14.399999999999999,14.399999999999999,1.4030000000000002,0.35251199999999994,16.22750784730963,270.04752737378806
14.399999999999999,14.399999999999999,1.6020000000000003,0.35251199999999994,19.19142222707525,313.85325841620494
14.399999999999999,14.399999999999999,1.8010000000000004,0.35251199999999994,22.155336606840866,357.65898945862176
14.399999999999999,14.399999999999999,2.0,0.35251199999999994,25.119250986606474,401.4647205010385
14.399999999999999,19.2,0.01,0.35251199999999994,0.19768924673309507,33.13180299611028
14.399999999999999,19.2,0.20900000000000002,0.35251199999999994,4.131705256721687,91.27533387089554
14.399999999999999,19.2,0.40800000000000003,0.35251199999999994,8.065721266710279,149.41886474568082
14.399999999999999,19.2,0.607,0.35251199999999994,11.99973727669887,207.56239562046608
14.399999999999999,19.2,0.806,0.35251199999999994,15.933753286687462,265.70592649525133
14.399999999999999,19.2,1.0050000000000001,0.35251199999999994,19.768924673309506,322.38856463448917
14.399999999999999,19.2,1.2040000000000002,0.35251199999999994,25.613991658925677,408.7768334876064
14.399999999999999,19.2,1.4030000000000002,0.35251199999999994,31.315797198815954,493.0477428100098
14.399999999999999,19.2,1.6020000000000003,0.35251199999999994,37.01760273870624,577.3186521324134
14.399999999999999,19.2,1.8010000000000004,0.35251199999999994,42.71940827859652,661.5895614548168
14.399999999999999,19.2,2.0,0.35251199999999994,48.421213818486784,745.8604707772201
14.399999999999999,24.0,0.01,0.35251199999999994,0.32965753091536176,35.08225311790994
14.399999999999999,24.0,0.20900000000000002,0.35251199999999994,6.88984239613106,132.0397414165084
14.399999999999999,24.0,0.40800000000000003,0.35251199999999994,13.450027261346758,228.9972297151069
14.399999999999999,24.0,0.607,0.35251199999999994,20.010212126562454,325.9547180137053
14.399999999999999,24.0,0.806,0.35251199999999994,26.570396991778154,422.9122063123038
14.399999999999999,24.0,1.0050000000000001,0.35251199999999994,32.96575309153617,517.4335768144551
14.399999999999999,24.0,1.2040000000000002,0.35251199999999994,42.67505032729128,660.9339647554873
14.399999999999999,24.0,1.4030000000000002,0.35251199999999994,52.1463745915818,800.9171863254156
14.399999999999999,24.0,1.6020000000000003,0.35251199999999994,61.61769885587233,940.9004078953441
14.399999999999999,24.0,1.8010000000000004,0.35251199999999994,71.08902312016284,1080.8836294652724
14.399999999999999,24.0,2.0,0.35251199999999994,80.56034738445334,1220.8668510352006
14.399999999999999,28.799999999999997,0.01,0.35251199999999994,0.5006284620469695,37.609150209254075
14.399999999999999,28.799999999999997,0.20900000000000002,0.35251199999999994,10.463134856781664,184.85189062560082
14.399999999999999,28.799999999999997,0.40800000000000003,0.35251199999999994,20.425641251516357,332.0946310419475
14.399999999999999,28.799999999999997,0.607,0.35251199999999994,30.388147646251046,479.3373714582941
14.399999999999999,28.799999999999997,0.806,0.35251199999999994,40.350654040985745,626.580111874641
14.399999999999999,28.799999999999997,1.0050000000000001,0.35251199999999994,50.06284620469695,770.1232859488683
14.399999999999999,28.799999999999997,1.2040000000000002,0.35251199999999994,64.76105263198076,987.3581973063393
14.399999999999999,28.799999999999997,1.4030000000000002,0.35251199999999994,79.0990089017331,1199.2687235815195
14.399999999999999,28.799999999999997,1.6020000000000003,0.35251199999999994,93.43696517148544,1411.1792498566992
14.399999999999999,28.799999999999997,1.8010000000000004,0.35251199999999994,107.77492144123778,1623.089776131879
14.399999999999999,28.799999999999997,2.0,0.35251199999999994,122.11287771099009,1835.0003024070586
14.399999999999999,33.6,0.01,0.35251199999999994,0.7127405524576604,40.74410081606287
14.399999999999999,33.6,0.20900000000000002,0.35251199999999994,14.896277546365104,250.37235830790462
14.399999999999999,33.6,0.40800000000000003,0.35251199999999994,29.079814540272547,460.0006157997463
14.399999999999999,33.6,0.607,0.35251199999999994,43.26335153417999,669.6288732915881
14.399999999999999,33.6,0.806,0.35251199999999994,57.44688852808743,879.2571307834298
14.399999999999999,33.6,1.0050000000000001,0.35251199999999994,71.27405524576604,1083.6183466297477
14.399999999999999,33.6,1.2040000000000002,0.35251199999999994,92.14372115583186,1392.065506251725
14.399999999999999,33.6,1.4030000000000002,0.35251199999999994,112.50187564653329,1692.9526864712027
14.399999999999999,33.6,1.6020000000000003,0.35251199999999994,132.86003013723476,1993.83986669068
14.399999999999999,33.6,1.8010000000000004,0.35251199999999994,153.2181846279362,2294.727046910158
14.399999999999999,33.6,2.0,0.35251199999999994,173.5763391186376,2595.614227129635
14.399999999999999,38.4,0.01,0.35251199999999994,0.9678908738538076,44.51514306707071
14.399999999999999,38.4,0.20900000000000002,0.35251199999999994,20.22891926354458,329.18714135396846
14.399999999999999,38.4,0.40800000000000003,0.35251199999999994,39.48994765323535,613.8591396408663
14.399999999999999,38.4,0.607,0.35251199999999994,58.75097604292611,898.5311379277639
14.399999999999999,38.4,0.806,0.35251199999999994,78.0120044326169,1183.203136214662
14.399999999999999,38.4,1.0050000000000001,0.35251199999999994,96.78908738538075,1460.7225717305319
14.399999999999999,38.4,1.2040000000000002,0.35251199999999994,125.06394376853366,1878.6161392502881
14.399999999999999,38.4,1.4030000000000002,0.35251199999999994,152.64578896582492,2286.26721737005
14.399999999999999,38.4,1.6020000000000003,0.35251199999999994,180.22763416311625,2693.918295489812
14.399999999999999,38.4,1.8010000000000004,0.35251199999999994,207.80947936040755,3101.569373609574
14.399999999999999,38.4,2.0,0.35251199999999994,235.39132455769877,3509.2204517293353
14.399999999999999,43.199999999999996,0.01,0.35251199999999994,1.2677920582594664,48.94758912997467
14.399999999999999,43.199999999999996,0.20900000000000002,0.35251199999999994,26.496854017622848,421.8252640686613
14.399999999999999,43.199999999999996,0.40800000000000003,0.35251199999999994,51.72591597698623,794.7029390073479
14.399999999999999,43.199999999999996,0.607,0.35251199999999994,76.95497793634961,1167.5806139460344
14.399999999999999,43.199999999999996,0.806,0.35251199999999994,102.184039895713,1540.4582888847212
14.399999999999999,43.199999999999996,1.0050000000000001,0.35251199999999994,126.77920582594663,1903.967178020928
14.399999999999999,43.199999999999996,1.2040000000000002,0.35251199999999994,163.73906784329753,2450.2224227574325
14.399999999999999,43.199999999999996,1.4030000000000002,0.35251199999999994,199.7930508896349,2983.089058554316
14.399999999999999,43.199999999999996,1.6020000000000003,0.35251199999999994,235.84703393597226,3515.9556943512
14.399999999999999,43.199999999999996,1.8010000000000004,0.35251199999999994,271.9010169823096,4048.822330148084
14.399999999999999,43.199999999999996,2.0,0.35251199999999994,307.95500002864696,4581.688965944967
19.2,0.0,0.01,0.626688,0.0,34.262253377805415
19.2,0.0,0.20900000000000002,0.626688,0.0,34.262253377805415
19.2,0.0,0.40800000000000003,0.626688,0.0,34.262253377805415
19.2,0.0,0.607,0.626688,0.0,34.262253377805415
19.2,0.0,0.806,0.626688,0.0,34.262253377805415
19.2,0.0,1.0050000000000001,0.626688,0.0,34.262253377805415
19.2,0.0,1.2040000000000002,0.626688,0.0,34.262253377805415
19.2,0.0,1.4030000000000002,0.626688,0.0,34.262253377805415
19.2,0.0,1.6020000000000003,0.626688,0.0,34.262253377805415
19.2,0.0,1.8010000000000004,0.626688,0.0,34.262253377805415
19.2,0.0,2.0,0.626688,0.0,34.262253377805415
19.2,4.8,0.01,0.626688,0.0082470067470336,34.384141567940695
19.2,4.8,0.20900000000000002,0.626688,0.17236244101300224,36.80971655163269
19.2,4.8,0.40800000000000003,0.626688,0.3364778752789709,39.23529153532469
19.2,4.8,0.607,0.626688,0.5005933095449395,41.660866519016686
19.2,4.8,0.806,0.626688,0.6647087438109082,44.08644150270868
19.2,4.8,1.0050000000000001,0.626688,0.82470067470336,46.45107239133304
19.2,4.8,1.2040000000000002,0.626688,1.0744424845567382,50.14217852691198
19.2,4.8,1.4030000000000002,0.626688,1.3180631716195923,53.74281637485417
19.2,4.8,1.6020000000000003,0.626688,1.5616838586824464,57.34345422279637
19.2,4.8,1.8010000000000004,0.626688,1.8053045457453007,60.94409207073856
19.2,4.8,2.0,0.626688,2.048925232808154,64.54472991868076
19.2,9.6,0.01,0.626688,0.04037752532813056,34.85902062140654
19.2,9.6,0.20900000000000002,0.626688,0.8438902793579287,46.73468876906891
19.2,9.6,0.40800000000000003,0.626688,1.647403033387727,58.61035691673127
19.2,9.6,0.607,0.626688,2.4509157874175247,70.48602506439363
19.2,9.6,0.806,0.626688,3.2544285414473233,82.361693212056
19.2,9.6,1.0050000000000001,0.626688,4.037752532813056,93.9389777379178
19.2,9.6,1.2040000000000002,0.626688,5.245991854297812,111.79637844866942
19.2,9.6,1.4030000000000002,0.626688,6.424617466922648,129.2160977694516
19.2,9.6,1.6020000000000003,0.626688,7.603243079547483,146.63581709023384
19.2,9.6,1.8010000000000004,0.626688,8.781868692172317,164.05553641101602
19.2,9.6,2.0,0.626688,9.96049430479715,181.4752557317982
19.2,14.399999999999999,0.01,0.626688,0.10225208877231522,35.77350739035877
19.2,14.399999999999999,0.20900000000000002,0.626688,2.1370686553413885,65.84746224017051
19.2,14.399999999999999,0.40800000000000003,0.626688,4.171885221910461,95.92141708998224
19.2,14.399999999999999,0.607,0.626688,6.206701788479533,125.99537193979397
19.2,14.399999999999999,0.806,0.626688,8.241518355048607,156.06932678960573
19.2,14.399999999999999,1.0050000000000001,0.626688,10.225208877231521,185.38765463314078
19.2,14.399999999999999,1.2040000000000002,0.626688,13.263593467544014,230.2940321841611
19.2,14.399999999999999,1.4030000000000002,0.626688,16.22750784730963,274.0997632265779
19.2,14.399999999999999,1.6020000000000003,0.626688,19.19142222707525,317.9054942689948
19.2,14.399999999999999,1.8010000000000004,0.626688,22.155336606840866,361.7112253114116
19.2,14.399999999999999,2.0,0.626688,25.119250986606474,405.5169563538284
19.2,19.2,0.01,0.626688,0.19768924673309507,37.18403884890015
19.2,19.2,0.20900000000000002,0.626688,4.131705256721687,95.32756972368541
19.2,19.2,0.40800000000000003,0.626688,8.065721266710279,153.47110059847068
19.2,19.2,0.607,0.626688,11.99973727669887,211.61463147325594
19.2,19.2,0.806,0.626688,15.933753286687462,269.7581623480412
19.2,19.2,1.0050000000000001,0.626688,19.768924673309506,326.44080048727903
19.2,19.2,1.2040000000000002,0.626688,25.613991658925677,412.82906934039625
19.2,19.2,1.4030000000000002,0.626688,31.315797198815954,497.0999786627997
19.2,19.2,1.6020000000000003,0.626688,37.01760273870624,581.3708879852032
19.2,19.2,1.8010000000000004,0.626688,42.71940827859652,665.6417973076067
19.2,19.2,2.0,0.626688,48.421213818486784,749.91270663001
19.2,24.0,0.01,0.626688,0.32965753091536176,39.13448897069981
19.2,24.0,0.20900000000000002,0.626688,6.88984239613106,136.0919772692983
19.2,24.0,0.40800000000000003,0.626688,13.450027261346758,233.04946556789676
19.2,24.0,0.607,0.626688,20.010212126562454,330.00695386649517
19.2,24.0,0.806,0.626688,26.570396991778154,426.96444216509366
19.2,24.0,1.0050000000000001,0.626688,32.96575309153617,521.485812667245
19.2,24.0,1.2040000000000002,0.626688,42.67505032729128,664.9862006082772
19.2,24.0,1.4030000000000002,0.626688,52.1463745915818,804.9694221782055
19.2,24.0,1.6020000000000003,0.626688,61.61769885587233,944.9526437481339
19.2,24.0,1.8010000000000004,0.626688,71.08902312016284,1084.935865318062
19.2,24.0,2.0,0.626688,80.56034738445334,1224.9190868879903
19.2,28.799999999999997,0.01,0.626688,0.5006284620469695,41.661386062043945
19.2,28.799999999999997,0.20900000000000002,0.626688,10.463134856781664,188.90412647839068
19.2,28.799999999999997,0.40800000000000003,0.626688,20.425641251516357,336.14686689473734
19.2,28.799999999999997,0.607,0.626688,30.388147646251046,483.389607311084
19.2,28.799999999999997,0.806,0.626688,40.350654040985745,630.6323477274309
19.2,28.799999999999997,1.0050000000000001,0.626688,50.06284620469695,774.1755218016582
19.2,28.799999999999997,1.2040000000000002,0.626688,64.76105263198076,991.4104331591292
19.2,28.799999999999997,1.4030000000000002,0.626688,79.0990089017331,1203.320959434309
19.2,28.799999999999997,1.6020000000000003,0.626688,93.43696517148544,1415.231485709489
19.2,28.799999999999997,1.8010000000000004,0.626688,107.77492144123778,1627.142011984669
19.2,28.799999999999997,2.0,0.626688,122.11287771099009,1839.0525382598485
19.2,33.6,0.01,0.626688,0.7127405524576604,44.79633666885274
19.2,33.6,0.20900000000000002,0.626688,14.896277546365104,254.42459416069448
19.2,33.6,0.40800000000000003,0.626688,29.079814540272547,464.05285165253616
19.2,33.6,0.607,0.626688,43.26335153417999,673.681109144378
19.2,33.6,0.806,0.626688,57.44688852808743,883.3093666362197
19.2,33.6,1.0050000000000001,0.626688,71.27405524576604,1087.6705824825376
19.2,33.6,1.2040000000000002,0.626688,92.14372115583186,1396.1177421045147
19.2,33.6,1.4030000000000002,0.626688,112.50187564653329,1697.0049223239923
19.2,33.6,1.6020000000000003,0.626688,132.86003013723476,1997.89210254347
19.2,33.6,1.8010000000000004,0.626688,153.2181846279362,2298.7792827629482
19.2,33.6,2.0,0.626688,173.5763391186376,2599.666462982425
19.2,38.4,0.01,0.626688,0.9678908738538076,48.56737891986058
19.2,38.4,0.20900000000000002,0.626688,20.22891926354458,333.2393772067583
19.2,38.4,0.40800000000000003,0.626688,39.48994765323535,617.9113754936561
19.2,38.4,0.607,0.626688,58.75097604292611,902.5833737805538
19.2,38.4,0.806,0.626688,78.0120044326169,1187.2553720674516
19.2,38.4,1.0050000000000001,0.626688,96.78908738538075,1464.7748075833217
19.2,38.4,1.2040000000000002,0.626688,125.06394376853366,1882.668375103078
19.2,38.4,1.4030000000000002,0.626688,152.64578896582492,2290.31945322284
19.2,38.4,1.6020000000000003,0.626688,180.22763416311625,2697.970531342602
19.2,38.4,1.8010000000000004,0.626688,207.80947936040755,3105.621609462364
19.2,38.4,2.0,0.626688,235.39132455769877,3513.272687582125
19.2,43.199999999999996,0.01,0.626688,1.2677920582594664,52.99982498276454
19.2,43.199999999999996,0.20900000000000002,0.626688,26.496854017622848,425.87749992145115
19.2,43.199999999999996,0.40800000000000003,0.626688,51.72591597698623,798.7551748601378
19.2,43.199999999999996,0.607,0.626688,76.95497793634961,1171.6328497988243
19.2,43.199999999999996,0.806,0.626688,102.184039895713,1544.510524737511
19.2,43.199999999999996,1.0050000000000001,0.626688,126.77920582594663,1908.019413873718
19.2,43.199999999999996,1.2040000000000002,0.626688,163.73906784329753,2454.274658610222
19.2,43.199999999999996,1.4030000000000002,0.626688,199.7930508896349,2987.141294407106
19.2,43.199999999999996,1.6020000000000003,0.626688,235.84703393597226,3520.00793020399
19.2,43.199999999999996,1.8010000000000004,0.626688,271.9010169823096,4052.8745660008744
19.2,43.199999999999996,2.0,0.626688,307.95500002864696,4585.741201797758
24.0,0.0,0.01,0.9792,0.0,39.472270902820966
24.0,0.0,0.20900000000000002,0.9792,0.0,39.472270902820966
24.0,0.0,0.40800000000000003,0.9792,0.0,39.472270902820966
24.0,0.0,0.607,0.9792,0.0,39.472270902820966
24.0,0.0,0.806,0.9792,0.0,39.472270902820966
24.0,0.0,1.0050000000000001,0.9792,0.0,39.472270902820966
24.0,0.0,1.2040000000000002,0.9792,0.0,39.472270902820966
24.0,0.0,1.4030000000000002,0.9792,0.0,39.472270902820966
24.0,0.0,1.6020000000000003,0.9792,0.0,39.472270902820966
24.0,0.0,1.8010000000000004,0.9792,0.0,39.472270902820966
24.0,0.0,2.0,0.9792,0.0,39.472270902820966
24.0,4.8,0.01,0.9792,0.0082470067470336,39.59415909295624
24.0,4.8,0.20900000000000002,0.9792,0.17236244101300224,42.019734076648234
24.0,4.8,0.40800000000000003,0.9792,0.3364778752789709,44.445309060340236
24.0,4.8,0.607,0.9792,0.5005933095449395,46.87088404403224
24.0,4.8,0.806,0.9792,0.6647087438109082,49.29645902772423
24.0,4.8,1.0050000000000001,0.9792,0.82470067470336,51.661089916348594
24.0,4.8,1.2040000000000002,0.9792,1.0744424845567382,55.35219605192752
24.0,4.8,1.4030000000000002,0.9792,1.3180631716195923,58.952833899869724
24.0,4.8,1.6020000000000003,0.9792,1.5616838586824464,62.55347174781191
24.0,4.8,1.8010000000000004,0.9792,1.8053045457453007,66.15410959575411
24.0,4.8,2.0,0.9792,2.048925232808154,69.75474744369629
24.0,9.6,0.01,0.9792,0.04037752532813056,40.06903814642209
24.0,9.6,0.20900000000000002,0.9792,0.8438902793579287,51.944706294084455
24.0,9.6,0.40800000000000003,0.9792,1.647403033387727,63.82037444174682
24.0,9.6,0.607,0.9792,2.4509157874175247,75.69604258940917
24.0,9.6,0.806,0.9792,3.2544285414473233,87.57171073707154
24.0,9.6,1.0050000000000001,0.9792,4.037752532813056,99.14899526293334
24.0,9.6,1.2040000000000002,0.9792,5.245991854297812,117.00639597368496
24.0,9.6,1.4030000000000002,0.9792,6.424617466922648,134.42611529446717
24.0,9.6,1.6020000000000003,0.9792,7.603243079547483,151.84583461524937
24.0,9.6,1.8010000000000004,0.9792,8.781868692172317,169.26555393603158
24.0,9.6,2.0,0.9792,9.96049430479715,186.68527325681376
24.0,14.399999999999999,0.01,0.9792,0.10225208877231522,40.98352491537432
24.0,14.399999999999999,0.20900000000000002,0.9792,2.1370686553413885,71.05747976518606
24.0,14.399999999999999,0.40800000000000003,0.9792,4.171885221910461,101.13143461499779
24.0,14.399999999999999,0.607,0.9792,6.206701788479533,131.2053894648095
24.0,14.399999999999999,0.806,0.9792,8.241518355048607,161.27934431462128
24.0,14.399999999999999,1.0050000000000001,0.9792,10.225208877231521,190.59767215815634
24.0,14.399999999999999,1.2040000000000002,0.9792,13.263593467544014,235.50404970917666
24.0,14.399999999999999,1.4030000000000002,0.9792,16.22750784730963,279.3097807515935
24.0,14.399999999999999,1.6020000000000003,0.9792,19.19142222707525,323.1155117940104
24.0,14.399999999999999,1.8010000000000004,0.9792,22.155336606840866,366.9212428364272
24.0,14.399999999999999,2.0,0.9792,25.119250986606474,410.726973878844
24.0,19.2,0.01,0.9792,0.19768924673309507,42.3940563739157
24.0,19.2,0.20900000000000002,0.9792,4.131705256721687,100.53758724870096
24.0,19.2,0.40800000000000003,0.9792,8.065721266710279,158.68111812348624
24.0,19.2,0.607,0.9792,11.99973727669887,216.8246489982715
24.0,19.2,0.806,0.9792,15.933753286687462,274.9681798730567
24.0,19.2,1.0050000000000001,0.9792,19.768924673309506,331.6508180122946
24.0,19.2,1.2040000000000002,0.9792,25.613991658925677,418.03908686541183
24.0,19.2,1.4030000000000002,0.9792,31.315797198815954,502.3099961878153
24.0,19.2,1.6020000000000003,0.9792,37.01760273870624,586.5809055102187
24.0,19.2,1.8010000000000004,0.9792,42.71940827859652,670.8518148326222
24.0,19.2,2.0,0.9792,48.421213818486784,755.1227241550255
24.0,24.0,0.01,0.9792,0.32965753091536176,44.34450649571536
24.0,24.0,0.20900000000000002,0.9792,6.88984239613106,141.30199479431383
24.0,24.0,0.40800000000000003,0.9792,13.450027261346758,238.25948309291232
24.0,24.0,0.607,0.9792,20.010212126562454,335.21697139151075
24.0,24.0,0.806,0.9792,26.570396991778154,432.17445969010925
24.0,24.0,1.0050000000000001,0.9792,32.96575309153617,526.6958301922605
24.0,24.0,1.2040000000000002,0.9792,42.67505032729128,670.1962181332926
24.0,24.0,1.4030000000000002,0.9792,52.1463745915818,810.179439703221
24.0,24.0,1.6020000000000003,0.9792,61.61769885587233,950.1626612731494
24.0,24.0,1.8010000000000004,0.9792,71.08902312016284,1090.1458828430777
24.0,24.0,2.0,0.9792,80.56034738445334,1230.129104413006
24.0,28.799999999999997,0.01,0.9792,0.5006284620469695,46.87140358705949
24.0,28.799999999999997,0.20900000000000002,0.9792,10.463134856781664,194.11414400340624
24.0,28.799999999999997,0.40800000000000003,0.9792,20.425641251516357,341.35688441975293
24.0,28.799999999999997,0.607,0.9792,30.388147646251046,488.59962483609957
24.0,28.799999999999997,0.806,0.9792,40.350654040985745,635.8423652524464
24.0,28.799999999999997,1.0050000000000001,0.9792,50.06284620469695,779.3855393266737
24.0,28.799999999999997,1.2040000000000002,0.9792,64.76105263198076,996.6204506841448
24.0,28.799999999999997,1.4030000000000002,0.9792,79.0990089017331,1208.5309769593248
24.0,28.799999999999997,1.6020000000000003,0.9792,93.43696517148544,1420.4415032345046
24.0,28.799999999999997,1.8010000000000004,0.9792,107.77492144123778,1632.3520295096844
24.0,28.799999999999997,2.0,0.9792,122.11287771099009,1844.262555784864
24.0,33.6,0.01,0.9792,0.7127405524576604,50.00635419386829
24.0,33.6,0.20900000000000002,0.9792,14.896277546365104,259.63461168571
24.0,33.6,0.40800000000000003,0.9792,29.079814540272547,469.26286917755175
24.0,33.6,0.607,0.9792,43.26335153417999,678.8911266693934
24.0,33.6,0.806,0.9792,57.44688852808743,888.5193841612352
24.0,33.6,1.0050000000000001,0.9792,71.27405524576604,1092.880600007553
24.0,33.6,1.2040000000000002,0.9792,92.14372115583186,1401.3277596295304
24.0,33.6,1.4030000000000002,0.9792,112.50187564653329,1702.214939849008
24.0,33.6,1.6020000000000003,0.9792,132.86003013723476,2003.1021200684859
24.0,33.6,1.8010000000000004,0.9792,153.2181846279362,2303.989300287964
24.0,33.6,2.0,0.9792,173.5763391186376,2604.8764805074406
24.0,38.4,0.01,0.9792,0.9678908738538076,53.777396444876125
24.0,38.4,0.20900000000000002,0.9792,20.22891926354458,338.4493947317739
24.0,38.4,0.40800000000000003,0.9792,39.48994765323535,623.1213930186716
24.0,38.4,0.607,0.9792,58.75097604292611,907.7933913055692
24.0,38.4,0.806,0.9792,78.0120044326169,1192.4653895924673
24.0,38.4,1.0050000000000001,0.9792,96.78908738538075,1469.9848251083372
24.0,38.4,1.2040000000000002,0.9792,125.06394376853366,1887.8783926280935
24.0,38.4,1.4030000000000002,0.9792,152.64578896582492,2295.5294707478556
24.0,38.4,1.6020000000000003,0.9792,180.22763416311625,2703.1805488676177
24.0,38.4,1.8010000000000004,0.9792,207.80947936040755,3110.83162698738
24.0,38.4,2.0,0.9792,235.39132455769877,3518.4827051071406
24.0,43.199999999999996,0.01,0.9792,1.2677920582594664,58.20984250778009
24.0,43.199999999999996,0.20900000000000002,0.9792,26.496854017622848,431.08751744646673
24.0,43.199999999999996,0.40800000000000003,0.9792,51.72591597698623,803.9651923851533
24.0,43.199999999999996,0.607,0.9792,76.95497793634961,1176.8428673238398
24.0,43.199999999999996,0.806,0.9792,102.184039895713,1549.7205422625266
24.0,43.199999999999996,1.0050000000000001,0.9792,126.77920582594663,1913.2294313987334
24.0,43.199999999999996,1.2040000000000002,0.9792,163.73906784329753,2459.4846761352383
24.0,43.199999999999996,1.4030000000000002,0.9792,199.7930508896349,2992.351311932122
24.0,43.199999999999996,1.6020000000000003,0.9792,235.84703393597226,3525.2179477290056
24.0,43.199999999999996,1.8010000000000004,0.9792,271.9010169823096,4058.0845835258897
24.0,43.199999999999996,2.0,0.9792,307.95500002864696,4590.951219322773
28.799999999999997,0.0,0.01,1.4100479999999997,0.0,45.840070100062185
28.799999999999997,0.0,0.20900000000000002,1.4100479999999997,0.0,45.840070100062185
28.799999999999997,0.0,0.40800000000000003,1.4100479999999997,0.0,45.840070100062185
28.799999999999997,0.0,0.607,1.4100479999999997,0.0,45.840070100062185
28.799999999999997,0.0,0.806,1.4100479999999997,0.0,45.840070100062185
28.799999999999997,0.0,1.0050000000000001,1.4100479999999997,0.0,45.840070100062185
28.799999999999997,0.0,1.2040000000000002,1.4100479999999997,0.0,45.840070100062185
28.799999999999997,0.0,1.4030000000000002,1.4100479999999997,0.0,45.840070100062185
28.799999999999997,0.0,1.6020000000000003,1.4100479999999997,0.0,45.840070100062185
28.799999999999997,0.0,1.8010000000000004,1.4100479999999997,0.0,45.840070100062185
28.799999999999997,0.0,2.0,1.4100479999999997,0.0,45.840070100062185
28.799999999999997,4.8,0.01,1.4100479999999997,0.0082470067470336,45.96195829019746
28.799999999999997,4.8,0.20900000000000002,1.4100479999999997,0.17236244101300224,48.38753327388946
28.799999999999997,4.8,0.40800000000000003,1.4100479999999997,0.3364778752789709,50.81310825758146
28.799999999999997,4.8,0.607,1.4100479999999997,0.5005933095449395,53.238683241273456
28.799999999999997,4.8,0.806,1.4100479999999997,0.6647087438109082,55.66425822496546
28.799999999999997,4.8,1.0050000000000001,1.4100479999999997,0.82470067470336,58.02888911358982
28.799999999999997,4.8,1.2040000000000002,1.4100479999999997,1.0744424845567382,61.71999524916875
28.799999999999997,4.8,1.4030000000000002,1.4100479999999997,1.3180631716195923,65.32063309711094
28.799999999999997,4.8,1.6020000000000003,1.4100479999999997,1.5616838586824464,68.92127094505314
28.799999999999997,4.8,1.8010000000000004,1.4100479999999997,1.8053045457453007,72.52190879299533
28.799999999999997,4.8,2.0,1.4100479999999997,2.048925232808154,76.12254664093751
28.799999999999997,9.6,0.01,1.4100479999999997,0.04037752532813056,46.43683734366331
28.799999999999997,9.6,0.20900000000000002,1.4100479999999997,0.8438902793579287,58.31250549132567
28.799999999999997,9.6,0.40800000000000003,1.4100479999999997,1.647403033387727,70.18817363898805
28.799999999999997,9.6,0.607,1.4100479999999997,2.4509157874175247,82.0638417866504
28.799999999999997,9.6,0.806,1.4100479999999997,3.2544285414473233,93.93950993431277
28.799999999999997,9.6,1.0050000000000001,1.4100479999999997,4.037752532813056,105.51679446017457
28.799999999999997,9.6,1.2040000000000002,1.4100479999999997,5.245991854297812,123.37419517092619
28.799999999999997,9.6,1.4030000000000002,1.4100479999999997,6.424617466922648,140.7939144917084
28.799999999999997,9.6,1.6020000000000003,1.4100479999999997,7.603243079547483,158.2136338124906
28.799999999999997,9.6,1.8010000000000004,1.4100479999999997,8.781868692172317,175.63335313327278
28.799999999999997,9.6,2.0,1.4100479999999997,9.96049430479715,193.05307245405496
28.799999999999997,14.399999999999999,0.01,1.4100479999999997,0.10225208877231522,47.351324112615536
28.799999999999997,14.399999999999999,0.20900000000000002,1.4100479999999997,2.1370686553413885,77.42527896242729
28.799999999999997,14.399999999999999,0.40800000000000003,1.4100479999999997,4.171885221910461,107.49923381223901
28.799999999999997,14.399999999999999,0.607,1.4100479999999997,6.206701788479533,137.57318866205074
28.799999999999997,14.399999999999999,0.806,1.4100479999999997,8.241518355048607,167.64714351186248
28.799999999999997,14.399999999999999,1.0050000000000001,1.4100479999999997,10.225208877231521,196.96547135539754
28.799999999999997,14.399999999999999,1.2040000000000002,1.4100479999999997,13.263593467544014,241.87184890641785
28.799999999999997,14.399999999999999,1.4030000000000002,1.4100479999999997,16.22750784730963,285.6775799488347
28.799999999999997,14.399999999999999,1.6020000000000003,1.4100479999999997,19.19142222707525,329.4833109912516
28.799999999999997,14.399999999999999,1.8010000000000004,1.4100479999999997,22.155336606840866,373.2890420336684
28.799999999999997,14.399999999999999,2.0,1.4100479999999997,25.119250986606474,417.0947730760852
28.799999999999997,19.2,0.01,1.4100479999999997,0.19768924673309507,48.76185557115693
28.799999999999997,19.2,0.20900000000000002,1.4100479999999997,4.131705256721687,106.90538644594218
28.799999999999997,19.2,0.40800000000000003,1.4100479999999997,8.065721266710279,165.04891732072744
28.799999999999997,19.2,0.607,1.4100479999999997,11.99973727669887,223.1924481955127
28.799999999999997,19.2,0.806,1.4100479999999997,15.933753286687462,281.335979070298
28.799999999999997,19.2,1.0050000000000001,1.4100479999999997,19.768924673309506,338.0186172095358
28.799999999999997,19.2,1.2040000000000002,1.4100479999999997,25.613991658925677,424.40688606265303
28.799999999999997,19.2,1.4030000000000002,1.4100479999999997,31.315797198815954,508.67779538505647
28.799999999999997,19.2,1.6020000000000003,1.4100479999999997,37.01760273870624,592.94870470746
28.799999999999997,19.2,1.8010000000000004,1.4100479999999997,42.71940827859652,677.2196140298635
28.799999999999997,19.2,2.0,1.4100479999999997,48.421213818486784,761.4905233522668
28.799999999999997,24.0,0.01,1.4100479999999997,0.32965753091536176,50.71230569295658
28.799999999999997,24.0,0.20900000000000002,1.4100479999999997,6.88984239613106,147.66979399155508
28.799999999999997,24.0,0.40800000000000003,1.4100479999999997,13.450027261346758,244.62728229015354
28.799999999999997,24.0,0.607,1.4100479999999997,20.010212126562454,341.58477058875195
28.799999999999997,24.0,0.806,1.4100479999999997,26.570396991778154,438.54225888735044
28.799999999999997,24.0,1.0050000000000001,1.4100479999999997,32.96575309153617,533.0636293895018
28.799999999999997,24.0,1.2040000000000002,1.4100479999999997,42.67505032729128,676.5640173305339
28.799999999999997,24.0,1.4030000000000002,1.4100479999999997,52.1463745915818,816.5472389004623
28.799999999999997,24.0,1.6020000000000003,1.4100479999999997,61.61769885587233,956.5304604703907
28.799999999999997,24.0,1.8010000000000004,1.4100479999999997,71.08902312016284,1096.5136820403188
28.799999999999997,24.0,2.0,1.4100479999999997,80.56034738445334,1236.496903610247
28.799999999999997,28.799999999999997,0.01,1.4100479999999997,0.5006284620469695,53.239202784300716
28.799999999999997,28.799999999999997,0.20900000000000002,1.4100479999999997,10.463134856781664,200.48194320064744
28.799999999999997,28.799999999999997,0.40800000000000003,1.4100479999999997,20.425641251516357,347.7246836169941
28.799999999999997,28.799999999999997,0.607,1.4100479999999997,30.388147646251046,494.96742403334076
28.799999999999997,28.799999999999997,0.806,1.4100479999999997,40.350654040985745,642.2101644496877
28.799999999999997,28.799999999999997,1.0050000000000001,1.4100479999999997,50.06284620469695,785.753338523915
28.799999999999997,28.799999999999997,1.2040000000000002,1.4100479999999997,64.76105263198076,1002.988249881386
28.799999999999997,28.799999999999997,1.4030000000000002,1.4100479999999997,79.0990089017331,1214.8987761565659
28.799999999999997,28.799999999999997,1.6020000000000003,1.4100479999999997,93.43696517148544,1426.8093024317457
28.799999999999997,28.799999999999997,1.8010000000000004,1.4100479999999997,107.77492144123778,1638.7198287069257
28.799999999999997,28.799999999999997,2.0,1.4100479999999997,122.11287771099009,1850.6303549821052
28.799999999999997,33.6,0.01,1.4100479999999997,0.7127405524576604,56.374153391109516
28.799999999999997,33.6,0.20900000000000002,1.4100479999999997,14.896277546365104,266.00241088295127
28.799999999999997,33.6,0.40800000000000003,1.4100479999999997,29.079814540272547,475.63066837479295
28.799999999999997,33.6,0.607,1.4100479999999997,43.26335153417999,685.2589258666347
28.799999999999997,33.6,0.806,1.4100479999999997,57.44688852808743,894.8871833584765
28.799999999999997,33.6,1.0050000000000001,1.4100479999999997,71.27405524576604,1099.2483992047944
28.799999999999997,33.6,1.2040000000000002,1.4100479999999997,92.14372115583186,1407.6955588267715
28.799999999999997,33.6,1.4030000000000002,1.4100479999999997,112.50187564653329,1708.5827390462491
28.799999999999997,33.6,1.6020000000000003,1.4100479999999997,132.86003013723476,2009.469919265727
28.799999999999997,33.6,1.8010000000000004,1.4100479999999997,153.2181846279362,2310.3570994852053
28.799999999999997,33.6,2.0,1.4100479999999997,173.5763391186376,2611.244279704682
28.799999999999997,38.4,0.01,1.4100479999999997,0.9678908738538076,60.14519564211735
28.799999999999997,38.4,0.20900000000000002,1.4100479999999997,20.22891926354458,344.8171939290151
28.799999999999997,38.4,0.40800000000000003,1.4100479999999997,39.48994765323535,629.4891922159129
28.799999999999997,38.4,0.607,1.4100479999999997,58.75097604292611,914.1611905028105
28.799999999999997,38.4,0.806,1.4100479999999997,78.0120044326169,1198.8331887897084
28.799999999999997,38.4,1.0050000000000001,1.4100479999999997,96.78908738538075,1476.3526243055785
28.799999999999997,38.4,1.2040000000000002,1.4100479999999997,125.06394376853366,1894.2461918253348
28.799999999999997,38.4,1.4030000000000002,1.4100479999999997,152.64578896582492,2301.897269945097
28.799999999999997,38.4,1.6020000000000003,1.4100479999999997,180.22763416311625,2709.548348064859
28.799999999999997,38.4,1.8010000000000004,1.4100479999999997,207.80947936040755,3117.199426184621
28.799999999999997,38.4,2.0,1.4100479999999997,235.39132455769877,3524.850504304382
28.799999999999997,43.199999999999996,0.01,1.4100479999999997,1.2677920582594664,64.5776417050213
28.799999999999997,43.199999999999996,0.20900000000000002,1.4100479999999997,26.496854017622848,437.45531664370793
28.799999999999997,43.199999999999996,0.40800000000000003,1.4100479999999997,51.72591597698623,810.3329915823946
28.799999999999997,43.199999999999996,0.607,1.4100479999999997,76.95497793634961,1183.210666521081
28.799999999999997,43.199999999999996,0.806,1.4100479999999997,102.184039895713,1556.0883414597677
28.799999999999997,43.199999999999996,1.0050000000000001,1.4100479999999997,126.77920582594663,1919.5972305959747
28.799999999999997,43.199999999999996,1.2040000000000002,1.4100479999999997,163.73906784329753,2465.852475332479
28.799999999999997,43.199999999999996,1.4030000000000002,1.4100479999999997,199.7930508896349,2998.7191111293632
28.799999999999997,43.199999999999996,1.6020000000000003,1.4100479999999997,235.84703393597226,3531.585746926247
28.799999999999997,43.199999999999996,1.8010000000000004,1.4100479999999997,271.9010169823096,4064.452382723131
28.799999999999997,43.199999999999996,2.0,1.4100479999999997,307.95500002864696,4597.319018520014
33.6,0.0,0.01,1.919232,0.0,53.36565096952909
33.6,0.0,0.20900000000000002,1.919232,0.0,53.36565096952909
33.6,0.0,0.40800000000000003,1.919232,0.0,53.36565096952909
33.6,0.0,0.607,1.919232,0.0,53.36565096952909
33.6,0.0,0.806,1.919232,0.0,53.36565096952909
33.6,0.0,1.0050000000000001,1.919232,0.0,53.36565096952909
33.6,0.0,1.2040000000000002,1.919232,0.0,53.36565096952909
33.6,0.0,1.4030000000000002,1.919232,0.0,53.36565096952909
33.6,0.0,1.6020000000000003,1.919232,0.0,53.36565096952909
33.6,0.0,1.8010000000000004,1.919232,0.0,53.36565096952909
33.6,0.0,2.0,1.919232,0.0,53.36565096952909
33.6,4.8,0.01,1.919232,0.0082470067470336,53.487539159664365
33.6,4.8,0.20900000000000002,1.919232,0.17236244101300224,55.91311414335637
33.6,4.8,0.40800000000000003,1.919232,0.3364778752789709,58.33868912704836
33.6,4.8,0.607,1.919232,0.5005933095449395,60.76426411074036
33.6,4.8,0.806,1.919232,0.6647087438109082,63.189839094432365
33.6,4.8,1.0050000000000001,1.919232,0.82470067470336,65.55446998305672
33.6,4.8,1.2040000000000002,1.919232,1.0744424845567382,69.24557611863565
33.6,4.8,1.4030000000000002,1.919232,1.3180631716195923,72.84621396657784
33.6,4.8,1.6020000000000003,1.919232,1.5616838586824464,76.44685181452004
33.6,4.8,1.8010000000000004,1.919232,1.8053045457453007,80.04748966246223
33.6,4.8,2.0,1.919232,2.048925232808154,83.64812751040442
33.6,9.6,0.01,1.919232,0.04037752532813056,53.96241821313021
33.6,9.6,0.20900000000000002,1.919232,0.8438902793579287,65.83808636079257
33.6,9.6,0.40800000000000003,1.919232,1.647403033387727,77.71375450845494
33.6,9.6,0.607,1.919232,2.4509157874175247,89.5894226561173
33.6,9.6,0.806,1.919232,3.2544285414473233,101.46509080377967
33.6,9.6,1.0050000000000001,1.919232,4.037752532813056,113.04237532964147
33.6,9.6,1.2040000000000002,1.919232,5.245991854297812,130.89977604039308
33.6,9.6,1.4030000000000002,1.919232,6.424617466922648,148.3194953611753
33.6,9.6,1.6020000000000003,1.919232,7.603243079547483,165.7392146819575
33.6,9.6,1.8010000000000004,1.919232,8.781868692172317,183.1589340027397
33.6,9.6,2.0,1.919232,9.96049430479715,200.57865332352188
33.6,14.399999999999999,0.01,1.919232,0.10225208877231522,54.87690498208244
33.6,14.399999999999999,0.20900000000000002,1.919232,2.1370686553413885,84.95085983189418
33.6,14.399999999999999,0.40800000000000003,1.919232,4.171885221910461,115.02481468170592
33.6,14.399999999999999,0.607,1.919232,6.206701788479533,145.09876953151763
33.6,14.399999999999999,0.806,1.919232,8.241518355048607,175.1727243813294
33.6,14.399999999999999,1.0050000000000001,1.919232,10.225208877231521,204.49105222486443
33.6,14.399999999999999,1.2040000000000002,1.919232,13.263593467544014,249.39742977588475
33.6,14.399999999999999,1.4030000000000002,1.919232,16.22750784730963,293.2031608183016
33.6,14.399999999999999,1.6020000000000003,1.919232,19.19142222707525,337.0088918607185
33.6,14.399999999999999,1.8010000000000004,1.919232,22.155336606840866,380.81462290313533
33.6,14.399999999999999,2.0,1.919232,25.119250986606474,424.6203539455521
33.6,19.2,0.01,1.919232,0.19768924673309507,56.28743644062382
33.6,19.2,0.20900000000000002,1.919232,4.131705256721687,114.43096731540909
33.6,19.2,0.40800000000000003,1.919232,8.065721266710279,172.57449819019436
33.6,19.2,0.607,1.919232,11.99973727669887,230.7180290649796
33.6,19.2,0.806,1.919232,15.933753286687462,288.8615599397649
33.6,19.2,1.0050000000000001,1.919232,19.768924673309506,345.54419807900274
33.6,19.2,1.2040000000000002,1.919232,25.613991658925677,431.93246693211995
33.6,19.2,1.4030000000000002,1.919232,31.315797198815954,516.2033762545234
33.6,19.2,1.6020000000000003,1.919232,37.01760273870624,600.474285576927
33.6,19.2,1.8010000000000004,1.919232,42.71940827859652,684.7451948993304
33.6,19.2,2.0,1.919232,48.421213818486784,769.0161042217336
33.6,24.0,0.01,1.919232,0.32965753091536176,58.23788656242349
33.6,24.0,0.20900000000000002,1.919232,6.88984239613106,155.19537486102195
33.6,24.0,0.40800000000000003,1.919232,13.450027261346758,252.15286315962044
33.6,24.0,0.607,1.919232,20.010212126562454,349.1103514582189
33.6,24.0,0.806,1.919232,26.570396991778154,446.06783975681736
33.6,24.0,1.0050000000000001,1.919232,32.96575309153617,540.5892102589687
33.6,24.0,1.2040000000000002,1.919232,42.67505032729128,684.0895982000008
33.6,24.0,1.4030000000000002,1.919232,52.1463745915818,824.0728197699292
33.6,24.0,1.6020000000000003,1.919232,61.61769885587233,964.0560413398576
33.6,24.0,1.8010000000000004,1.919232,71.08902312016284,1104.039262909786
33.6,24.0,2.0,1.919232,80.56034738445334,1244.0224844797142
33.6,28.799999999999997,0.01,1.919232,0.5006284620469695,60.76478365376762
33.6,28.799999999999997,0.20900000000000002,1.919232,10.463134856781664,208.00752407011433
33.6,28.799999999999997,0.40800000000000003,1.919232,20.425641251516357,355.25026448646105
33.6,28.799999999999997,0.607,1.919232,30.388147646251046,502.4930049028077
33.6,28.799999999999997,0.806,1.919232,40.350654040985745,649.7357453191545
33.6,28.799999999999997,1.0050000000000001,1.919232,50.06284620469695,793.2789193933819
33.6,28.799999999999997,1.2040000000000002,1.919232,64.76105263198076,1010.5138307508528
33.6,28.799999999999997,1.4030000000000002,1.919232,79.0990089017331,1222.4243570260328
33.6,28.799999999999997,1.6020000000000003,1.919232,93.43696517148544,1434.3348833012128
33.6,28.799999999999997,1.8010000000000004,1.919232,107.77492144123778,1646.2454095763926
33.6,28.799999999999997,2.0,1.919232,122.11287771099009,1858.1559358515722
33.6,33.6,0.01,1.919232,0.7127405524576604,63.899734260576416
33.6,33.6,0.20900000000000002,1.919232,14.896277546365104,273.5279917524181
33.6,33.6,0.40800000000000003,1.919232,29.079814540272547,483.15624924425987
33.6,33.6,0.607,1.919232,43.26335153417999,692.7845067361015
33.6,33.6,0.806,1.919232,57.44688852808743,902.4127642279433
33.6,33.6,1.0050000000000001,1.919232,71.27405524576604,1106.7739800742613
33.6,33.6,1.2040000000000002,1.919232,92.14372115583186,1415.2211396962387
33.6,33.6,1.4030000000000002,1.919232,112.50187564653329,1716.1083199157163
33.6,33.6,1.6020000000000003,1.919232,132.86003013723476,2016.9955001351937
33.6,33.6,1.8010000000000004,1.919232,153.2181846279362,2317.8826803546717
33.6,33.6,2.0,1.919232,173.5763391186376,2618.7698605741484
33.6,38.4,0.01,1.919232,0.9678908738538076,67.67077651158425
33.6,38.4,0.20900000000000002,1.919232,20.22891926354458,352.342774798482
33.6,38.4,0.40800000000000003,1.919232,39.48994765323535,637.0147730853797
33.6,38.4,0.607,1.919232,58.75097604292611,921.6867713722773
33.6,38.4,0.806,1.919232,78.0120044326169,1206.3587696591756
33.6,38.4,1.0050000000000001,1.919232,96.78908738538075,1483.8782051750454
33.6,38.4,1.2040000000000002,1.919232,125.06394376853366,1901.7717726948017
33.6,38.4,1.4030000000000002,1.919232,152.64578896582492,2309.4228508145634
33.6,38.4,1.6020000000000003,1.919232,180.22763416311625,2717.0739289343255
33.6,38.4,1.8010000000000004,1.919232,207.80947936040755,3124.7250070540877
33.6,38.4,2.0,1.919232,235.39132455769877,3532.376085173849
33.6,43.199999999999996,0.01,1.919232,1.2677920582594664,72.10322257448821
33.6,43.199999999999996,0.20900000000000002,1.919232,26.496854017622848,444.98089751317485
33.6,43.199999999999996,0.40800000000000003,1.919232,51.72591597698623,817.8585724518615
33.6,43.199999999999996,0.607,1.919232,76.95497793634961,1190.736247390548
33.6,43.199999999999996,0.806,1.919232,102.184039895713,1563.6139223292348
33.6,43.199999999999996,1.0050000000000001,1.919232,126.77920582594663,1927.1228114654416
33.6,43.199999999999996,1.2040000000000002,1.919232,163.73906784329753,2473.378056201946
33.6,43.199999999999996,1.4030000000000002,1.919232,199.7930508896349,3006.2446919988297
33.6,43.199999999999996,1.6020000000000003,1.919232,235.84703393597226,3539.1113277957134
33.6,43.199999999999996,1.8010000000000004,1.919232,271.9010169823096,4071.977963592598
33.6,43.199999999999996,2.0,1.919232,307.95500002864696,4604.844599389481
38.4,0.0,0.01,2.506752,0.0,62.049013511221666
38.4,0.0,0.20900000000000002,2.506752,0.0,62.049013511221666
38.4,0.0,0.40800000000000003,2.506752,0.0,62.049013511221666
38.4,0.0,0.607,2.506752,0.0,62.049013511221666
38.4,0.0,0.806,2.506752,0.0,62.049013511221666
38.4,0.0,1.0050000000000001,2.506752,0.0,62.049013511221666
38.4,0.0,1.2040000000000002,2.506752,0.0,62.049013511221666
38.4,0.0,1.4030000000000002,2.506752,0.0,62.049013511221666
38.4,0.0,1.6020000000000003,2.506752,0.0,62.049013511221666
38.4,0.0,1.8010000000000004,2.506752,0.0,62.049013511221666
38.4,0.0,2.0,2.506752,0.0,62.049013511221666
38.4,4.8,0.01,2.506752,0.0082470067470336,62.17090170135695
38.4,4.8,0.20900000000000002,2.506752,0.17236244101300224,64.59647668504894
38.4,4.8,0.40800000000000003,2.506752,0.3364778752789709,67.02205166874094
38.4,4.8,0.607,2.506752,0.5005933095449395,69.44762665243294
38.4,4.8,0.806,2.506752,0.6647087438109082,71.87320163612493
38.4,4.8,1.0050000000000001,2.506752,0.82470067470336,74.2378325247493
38.4,4.8,1.2040000000000002,2.506752,1.0744424845567382,77.92893866032824
38.4,4.8,1.4030000000000002,2.506752,1.3180631716195923,81.52957650827042
38.4,4.8,1.6020000000000003,2.506752,1.5616838586824464,85.13021435621262
38.4,4.8,1.8010000000000004,2.506752,1.8053045457453007,88.73085220415481
38.4,4.8,2.0,2.506752,2.048925232808154,92.331490052097
38.4,9.6,0.01,2.506752,0.04037752532813056,62.645780754822795
38.4,9.6,0.20900000000000002,2.506752,0.8438902793579287,74.52144890248516
38.4,9.6,0.40800000000000003,2.506752,1.647403033387727,86.39711705014753
38.4,9.6,0.607,2.506752,2.4509157874175247,98.27278519780988
38.4,9.6,0.806,2.506752,3.2544285414473233,110.14845334547226
38.4,9.6,1.0050000000000001,2.506752,4.037752532813056,121.72573787133406
38.4,9.6,1.2040000000000002,2.506752,5.245991854297812,139.58313858208567
38.4,9.6,1.4030000000000002,2.506752,6.424617466922648,157.00285790286787
38.4,9.6,1.6020000000000003,2.506752,7.603243079547483,174.42257722365008
38.4,9.6,1.8010000000000004,2.506752,8.781868692172317,191.84229654443226
38.4,9.6,2.0,2.506752,9.96049430479715,209.26201586521447
38.4,14.399999999999999,0.01,2.506752,0.10225208877231522,63.560267523775025
38.4,14.399999999999999,0.20900000000000002,2.506752,2.1370686553413885,93.63422237358677
38.4,14.399999999999999,0.40800000000000003,2.506752,4.171885221910461,123.70817722339851
38.4,14.399999999999999,0.607,2.506752,6.206701788479533,153.78213207321022
38.4,14.399999999999999,0.806,2.506752,8.241518355048607,183.856086923022
38.4,14.399999999999999,1.0050000000000001,2.506752,10.225208877231521,213.17441476655702
38.4,14.399999999999999,1.2040000000000002,2.506752,13.263593467544014,258.08079231757733
38.4,14.399999999999999,1.4030000000000002,2.506752,16.22750784730963,301.8865233599942
38.4,14.399999999999999,1.6020000000000003,2.506752,19.19142222707525,345.6922544024111
38.4,14.399999999999999,1.8010000000000004,2.506752,22.155336606840866,389.4979854448279
38.4,14.399999999999999,2.0,2.506752,25.119250986606474,433.3037164872447
38.4,19.2,0.01,2.506752,0.19768924673309507,64.97079898231641
38.4,19.2,0.20900000000000002,2.506752,4.131705256721687,123.11432985710168
38.4,19.2,0.40800000000000003,2.506752,8.065721266710279,181.25786073188695
38.4,19.2,0.607,2.506752,11.99973727669887,239.40139160667218
38.4,19.2,0.806,2.506752,15.933753286687462,297.54492248145743
38.4,19.2,1.0050000000000001,2.506752,19.768924673309506,354.22756062069533
38.4,19.2,1.2040000000000002,2.506752,25.613991658925677,440.6158294738125
38.4,19.2,1.4030000000000002,2.506752,31.315797198815954,524.8867387962159
38.4,19.2,1.6020000000000003,2.506752,37.01760273870624,609.1576481186195
38.4,19.2,1.8010000000000004,2.506752,42.71940827859652,693.4285574410229
38.4,19.2,2.0,2.506752,48.421213818486784,777.6994667634262
38.4,24.0,0.01,2.506752,0.32965753091536176,66.92124910411607
38.4,24.0,0.20900000000000002,2.506752,6.88984239613106,163.87873740271453
38.4,24.0,0.40800000000000003,2.506752,13.450027261346758,260.836225701313
38.4,24.0,0.607,2.506752,20.010212126562454,357.79371399991146
38.4,24.0,0.806,2.506752,26.570396991778154,454.75120229850995
38.4,24.0,1.0050000000000001,2.506752,32.96575309153617,549.2725728006612
38.4,24.0,1.2040000000000002,2.506752,42.67505032729128,692.7729607416934
38.4,24.0,1.4030000000000002,2.506752,52.1463745915818,832.7561823116217
38.4,24.0,1.6020000000000003,2.506752,61.61769885587233,972.7394038815502
38.4,24.0,1.8010000000000004,2.506752,71.08902312016284,1112.7226254514783
38.4,24.0,2.0,2.506752,80.56034738445334,1252.7058470214065
38.4,28.799999999999997,0.01,2.506752,0.5006284620469695,69.4481461954602
38.4,28.799999999999997,0.20900000000000002,2.506752,10.463134856781664,216.69088661180692
38.4,28.799999999999997,0.40800000000000003,2.506752,20.425641251516357,363.93362702815364
38.4,28.799999999999997,0.607,2.506752,30.388147646251046,511.1763674445003
38.4,28.799999999999997,0.806,2.506752,40.350654040985745,658.4191078608471
38.4,28.799999999999997,1.0050000000000001,2.506752,50.06284620469695,801.9622819350744
38.4,28.799999999999997,1.2040000000000002,2.506752,64.76105263198076,1019.1971932925454
38.4,28.799999999999997,1.4030000000000002,2.506752,79.0990089017331,1231.1077195677253
38.4,28.799999999999997,1.6020000000000003,2.506752,93.43696517148544,1443.0182458429051
38.4,28.799999999999997,1.8010000000000004,2.506752,107.77492144123778,1654.9287721180851
38.4,28.799999999999997,2.0,2.506752,122.11287771099009,1866.8392983932645
38.4,33.6,0.01,2.506752,0.7127405524576604,72.58309680226898
38.4,33.6,0.20900000000000002,2.506752,14.896277546365104,282.2113542941107
38.4,33.6,0.40800000000000003,2.506752,29.079814540272547,491.83961178595246
38.4,33.6,0.607,2.506752,43.26335153417999,701.4678692777942
38.4,33.6,0.806,2.506752,57.44688852808743,911.0961267696359
38.4,33.6,1.0050000000000001,2.506752,71.27405524576604,1115.4573426159538
38.4,33.6,1.2040000000000002,2.506752,92.14372115583186,1423.904502237931
38.4,33.6,1.4030000000000002,2.506752,112.50187564653329,1724.7916824574086
38.4,33.6,1.6020000000000003,2.506752,132.86003013723476,2025.6788626768864
38.4,33.6,1.8010000000000004,2.506752,153.2181846279362,2326.5660428963647
38.4,33.6,2.0,2.506752,173.5763391186376,2627.4532231158414
38.4,38.4,0.01,2.506752,0.9678908738538076,76.35413905327684
38.4,38.4,0.20900000000000002,2.506752,20.22891926354458,361.0261373401746
38.4,38.4,0.40800000000000003,2.506752,39.48994765323535,645.6981356270724
38.4,38.4,0.607,2.506752,58.75097604292611,930.37013391397
38.4,38.4,0.806,2.506752,78.0120044326169,1215.0421322008679
38.4,38.4,1.0050000000000001,2.506752,96.78908738538075,1492.561567716738
38.4,38.4,1.2040000000000002,2.506752,125.06394376853366,1910.4551352364942
38.4,38.4,1.4030000000000002,2.506752,152.64578896582492,2318.1062133562564
38.4,38.4,1.6020000000000003,2.506752,180.22763416311625,2725.7572914760185
38.4,38.4,1.8010000000000004,2.506752,207.80947936040755,3133.4083695957806
38.4,38.4,2.0,2.506752,235.39132455769877,3541.0594477155414
38.4,43.199999999999996,0.01,2.506752,1.2677920582594664,80.78658511618079
38.4,43.199999999999996,0.20900000000000002,2.506752,26.496854017622848,453.66426005486744
38.4,43.199999999999996,0.40800000000000003,2.506752,51.72591597698623,826.541934993554
38.4,43.199999999999996,0.607,2.506752,76.95497793634961,1199.4196099322405
38.4,43.199999999999996,0.806,2.506752,102.184039895713,1572.2972848709271
38.4,43.199999999999996,1.0050000000000001,2.506752,126.77920582594663,1935.8061740071341
38.4,43.199999999999996,1.2040000000000002,2.506752,163.73906784329753,2482.0614187436386
38.4,43.199999999999996,1.4030000000000002,2.506752,199.7930508896349,3014.9280545405227
38.4,43.199999999999996,1.6020000000000003,2.506752,235.84703393597226,3547.7946903374063
38.4,43.199999999999996,1.8010000000000004,2.506752,271.9010169823096,4080.66132613429
38.4,43.199999999999996,2.0,2.506752,307.95500002864696,4613.527961931173
43.199999999999996,0.0,0.01,3.1726079999999994,0.0,71.89015772513991
43.199999999999996,0.0,0.20900000000000002,3.1726079999999994,0.0,71.89015772513991
43.199999999999996,0.0,0.40800000000000003,3.1726079999999994,0.0,71.89015772513991
43.199999999999996,0.0,0.607,3.1726079999999994,0.0,71.89015772513991
43.199999999999996,0.0,0.806,3.1726079999999994,0.0,71.89015772513991
43.199999999999996,0.0,1.0050000000000001,3.1726079999999994,0.0,71.89015772513991
43.199999999999996,0.0,1.2040000000000002,3.1726079999999994,0.0,71.89015772513991
43.199999999999996,0.0,1.4030000000000002,3.1726079999999994,0.0,71.89015772513991
43.199999999999996,0.0,1.6020000000000003,3.1726079999999994,0.0,71.89015772513991
43.199999999999996,0.0,1.8010000000000004,3.1726079999999994,0.0,71.89015772513991
43.199999999999996,0.0,2.0,3.1726079999999994,0.0,71.89015772513991
43.199999999999996,4.8,0.01,3.1726079999999994,0.0082470067470336,72.0120459152752
43.199999999999996,4.8,0.20900000000000002,3.1726079999999994,0.17236244101300224,74.4376208989672
43.199999999999996,4.8,0.40800000000000003,3.1726079999999994,0.3364778752789709,76.86319588265918
43.199999999999996,4.8,0.607,3.1726079999999994,0.5005933095449395,79.28877086635119
43.199999999999996,4.8,0.806,3.1726079999999994,0.6647087438109082,81.71434585004319
43.199999999999996,4.8,1.0050000000000001,3.1726079999999994,0.82470067470336,84.07897673866755
43.199999999999996,4.8,1.2040000000000002,3.1726079999999994,1.0744424845567382,87.77008287424647
43.199999999999996,4.8,1.4030000000000002,3.1726079999999994,1.3180631716195923,91.37072072218866
43.199999999999996,4.8,1.6020000000000003,3.1726079999999994,1.5616838586824464,94.97135857013086
43.199999999999996,4.8,1.8010000000000004,3.1726079999999994,1.8053045457453007,98.57199641807306
43.199999999999996,4.8,2.0,3.1726079999999994,2.048925232808154,102.17263426601524
43.199999999999996,9.6,0.01,3.1726079999999994,0.04037752532813056,72.48692496874104
43.199999999999996,9.6,0.20900000000000002,3.1726079999999994,0.8438902793579287,84.3625931164034
43.199999999999996,9.6,0.40800000000000003,3.1726079999999994,1.647403033387727,96.23826126406577
43.199999999999996,9.6,0.607,3.1726079999999994,2.4509157874175247,108.11392941172812
43.199999999999996,9.6,0.806,3.1726079999999994,3.2544285414473233,119.9895975593905
43.199999999999996,9.6,1.0050000000000001,3.1726079999999994,4.037752532813056,131.5668820852523
43.199999999999996,9.6,1.2040000000000002,3.1726079999999994,5.245991854297812,149.42428279600392
43.199999999999996,9.6,1.4030000000000002,3.1726079999999994,6.424617466922648,166.8440021167861
43.199999999999996,9.6,1.6020000000000003,3.1726079999999994,7.603243079547483,184.26372143756834
43.199999999999996,9.6,1.8010000000000004,3.1726079999999994,8.781868692172317,201.6834407583505
43.199999999999996,9.6,2.0,3.1726079999999994,9.96049430479715,219.10316007913272
43.199999999999996,14.399999999999999,0.01,3.1726079999999994,0.10225208877231522,73.40141173769328
43.199999999999996,14.399999999999999,0.20900000000000002,3.1726079999999994,2.1370686553413885,103.47536658750501
43.199999999999996,14.399999999999999,0.40800000000000003,3.1726079999999994,4.171885221910461,133.54932143731673
43.199999999999996,14.399999999999999,0.607,3.1726079999999994,6.206701788479533,163.62327628712845
43.199999999999996,14.399999999999999,0.806,3.1726079999999994,8.241518355048607,193.69723113694025
43.199999999999996,14.399999999999999,1.0050000000000001,3.1726079999999994,10.225208877231521,223.01555898047528
43.199999999999996,14.399999999999999,1.2040000000000002,3.1726079999999994,13.263593467544014,267.9219365314956
43.199999999999996,14.399999999999999,1.4030000000000002,3.1726079999999994,16.22750784730963,311.72766757391247
43.199999999999996,14.399999999999999,1.6020000000000003,3.1726079999999994,19.19142222707525,355.53339861632935
43.199999999999996,14.399999999999999,1.8010000000000004,3.1726079999999994,22.155336606840866,399.3391296587462
43.199999999999996,14.399999999999999,2.0,3.1726079999999994,25.119250986606474,443.14486070116294
43.199999999999996,19.2,0.01,3.1726079999999994,0.19768924673309507,74.81194319623465
43.199999999999996,19.2,0.20900000000000002,3.1726079999999994,4.131705256721687,132.95547407101992
43.199999999999996,19.2,0.40800000000000003,3.1726079999999994,8.065721266710279,191.0990049458052
43.199999999999996,19.2,0.607,3.1726079999999994,11.99973727669887,249.24253582059043
43.199999999999996,19.2,0.806,3.1726079999999994,15.933753286687462,307.3860666953757
43.199999999999996,19.2,1.0050000000000001,3.1726079999999994,19.768924673309506,364.0687048346136
43.199999999999996,19.2,1.2040000000000002,3.1726079999999994,25.613991658925677,450.45697368773074
43.199999999999996,19.2,1.4030000000000002,3.1726079999999994,31.315797198815954,534.7278830101343
43.199999999999996,19.2,1.6020000000000003,3.1726079999999994,37.01760273870624,618.9987923325377
43.199999999999996,19.2,1.8010000000000004,3.1726079999999994,42.71940827859652,703.2697016549412
43.199999999999996,19.2,2.0,3.1726079999999994,48.421213818486784,787.5406109773445
43.199999999999996,24.0,0.01,3.1726079999999994,0.32965753091536176,76.76239331803431
43.199999999999996,24.0,0.20900000000000002,3.1726079999999994,6.88984239613106,173.71988161663276
43.199999999999996,24.0,0.40800000000000003,3.1726079999999994,13.450027261346758,270.6773699152312
43.199999999999996,24.0,0.607,3.1726079999999994,20.010212126562454,367.6348582138297
43.199999999999996,24.0,0.806,3.1726079999999994,26.570396991778154,464.5923465124282
43.199999999999996,24.0,1.0050000000000001,3.1726079999999994,32.96575309153617,559.1137170145795
43.199999999999996,24.0,1.2040000000000002,3.1726079999999994,42.67505032729128,702.6141049556117
43.199999999999996,24.0,1.4030000000000002,3.1726079999999994,52.1463745915818,842.59732652554
43.199999999999996,24.0,1.6020000000000003,3.1726079999999994,61.61769885587233,982.5805480954684
43.199999999999996,24.0,1.8010000000000004,3.1726079999999994,71.08902312016284,1122.5637696653966
43.199999999999996,24.0,2.0,3.1726079999999994,80.56034738445334,1262.5469912353249
43.199999999999996,28.799999999999997,0.01,3.1726079999999994,0.5006284620469695,79.28929040937845
43.199999999999996,28.799999999999997,0.20900000000000002,3.1726079999999994,10.463134856781664,226.53203082572517
43.199999999999996,28.799999999999997,0.40800000000000003,3.1726079999999994,20.425641251516357,373.7747712420719
43.199999999999996,28.799999999999997,0.607,3.1726079999999994,30.388147646251046,521.0175116584185
43.199999999999996,28.799999999999997,0.806,3.1726079999999994,40.350654040985745,668.2602520747654
43.199999999999996,28.799999999999997,1.0050000000000001,3.1726079999999994,50.06284620469695,811.8034261489927
43.199999999999996,28.799999999999997,1.2040000000000002,3.1726079999999994,64.76105263198076,1029.0383375064637
43.199999999999996,28.799999999999997,1.4030000000000002,3.1726079999999994,79.0990089017331,1240.9488637816437
43.199999999999996,28.799999999999997,1.6020000000000003,3.1726079999999994,93.43696517148544,1452.8593900568235
43.199999999999996,28.799999999999997,1.8010000000000004,3.1726079999999994,107.77492144123778,1664.7699163320033
43.199999999999996,28.799999999999997,2.0,3.1726079999999994,122.11287771099009,1876.6804426071828
43.199999999999996,33.6,0.01,3.1726079999999994,0.7127405524576604,82.42424101618724
43.199999999999996,33.6,0.20900000000000002,3.1726079999999994,14.896277546365104,292.052498508029
43.199999999999996,33.6,0.40800000000000003,3.1726079999999994,29.079814540272547,501.6807559998707
43.199999999999996,33.6,0.607,3.1726079999999994,43.26335153417999,711.3090134917124
43.199999999999996,33.6,0.806,3.1726079999999994,57.44688852808743,920.9372709835542
43.199999999999996,33.6,1.0050000000000001,3.1726079999999994,71.27405524576604,1125.298486829872
43.199999999999996,33.6,1.2040000000000002,3.1726079999999994,92.14372115583186,1433.7456464518493
43.199999999999996,33.6,1.4030000000000002,3.1726079999999994,112.50187564653329,1734.632826671327
43.199999999999996,33.6,1.6020000000000003,3.1726079999999994,132.86003013723476,2035.5200068908048
43.199999999999996,33.6,1.8010000000000004,3.1726079999999994,153.2181846279362,2336.407187110283
43.199999999999996,33.6,2.0,3.1726079999999994,173.5763391186376,2637.2943673297596
43.199999999999996,38.4,0.01,3.1726079999999994,0.9678908738538076,86.19528326719508
43.199999999999996,38.4,0.20900000000000002,3.1726079999999994,20.22891926354458,370.86728155409287
43.199999999999996,38.4,0.40800000000000003,3.1726079999999994,39.48994765323535,655.5392798409906
43.199999999999996,38.4,0.607,3.1726079999999994,58.75097604292611,940.2112781278882
43.199999999999996,38.4,0.806,3.1726079999999994,78.0120044326169,1224.8832764147862
43.199999999999996,38.4,1.0050000000000001,3.1726079999999994,96.78908738538075,1502.402711930656
43.199999999999996,38.4,1.2040000000000002,3.1726079999999994,125.06394376853366,1920.2962794504124
43.199999999999996,38.4,1.4030000000000002,3.1726079999999994,152.64578896582492,2327.9473575701745
43.199999999999996,38.4,1.6020000000000003,3.1726079999999994,180.22763416311625,2735.5984356899367
43.199999999999996,38.4,1.8010000000000004,3.1726079999999994,207.80947936040755,3143.249513809699
43.199999999999996,38.4,2.0,3.1726079999999994,235.39132455769877,3550.9005919294596
43.199999999999996,43.199999999999996,0.01,3.1726079999999994,1.2677920582594664,90.62772933009904
43.199999999999996,43.199999999999996,0.20900000000000002,3.1726079999999994,26.496854017622848,463.5054042687857
43.199999999999996,43.199999999999996,0.40800000000000003,3.1726079999999994,51.72591597698623,836.3830792074723
43.199999999999996,43.199999999999996,0.607,3.1726079999999994,76.95497793634961,1209.2607541461587
43.199999999999996,43.199999999999996,0.806,3.1726079999999994,102.184039895713,1582.1384290848455
43.199999999999996,43.199999999999996,1.0050000000000001,3.1726079999999994,126.77920582594663,1945.6473182210523
43.199999999999996,43.199999999999996,1.2040000000000002,3.1726079999999994,163.73906784329753,2491.902562957557
43.199999999999996,43.199999999999996,1.4030000000000002,3.1726079999999994,199.7930508896349,3024.769198754441
43.199999999999996,43.199999999999996,1.6020000000000003,3.1726079999999994,235.84703393597226,3557.6358345513245
43.199999999999996,43.199999999999996,1.8010000000000004,3.1726079999999994,271.9010169823096,4090.5024703482086
43.199999999999996,43.199999999999996,2.0,3.1726079999999994,307.95500002864696,4623.369106145092
