0.0,2.5,0.01,0.0,0.016204335484256642,25.350534540787553
0.0,2.5,0.20900000000000002,0.0,0.33867061162096385,32.326171902459876
0.0,2.5,0.40800000000000003,0.0,0.7065318254117218,40.283799154436686
0.0,2.5,0.607,0.0,1.1927808849920576,50.802409496340005
0.0,2.5,0.806,0.0,1.7479339880122176,62.81156212237775
0.0,2.5,1.0050000000000001,0.0,2.2891385206047348,74.51897724524872
0.0,2.5,1.2040000000000002,0.0,3.1687025620394396,93.54583445004467
0.0,2.5,1.4030000000000002,0.0,4.026708661282116,112.10634711550736
0.0,2.5,1.6020000000000003,0.0,4.884714760524794,130.66685978097007
0.0,2.5,1.8010000000000004,0.0,5.742720859767471,149.22737244643275
0.0,2.5,2.0,0.0,6.600726959010147,167.78788511189543
0.0,5.0,0.01,0.0,0.08081820931436581,26.748271252271177
0.0,5.0,0.20900000000000002,0.0,1.6891005746702457,61.53886917246759
0.0,5.0,0.40800000000000003,0.0,3.4290605059333665,99.17793534007608
0.0,5.0,0.607,0.0,5.65023702316366,147.2267486488272
0.0,5.0,0.806,0.0,8.18977310687872,202.16236237907566
0.0,5.0,1.0050000000000001,0.0,10.665501751304454,255.71768430705652
0.0,5.0,1.2040000000000002,0.0,14.48286617230491,338.2954663848339
0.0,5.0,1.4030000000000002,0.0,18.20666773984947,418.8492832156069
0.0,5.0,1.6020000000000003,0.0,21.930469307394027,499.4031000463799
0.0,5.0,1.8010000000000004,0.0,25.654270874938586,579.9569168771529
0.0,5.0,2.0,0.0,29.378072442483138,660.5107337079257
0.0,7.5,0.01,0.0,0.20689103977227197,29.47549704769395
0.0,7.5,0.20900000000000002,0.0,4.324022731240485,118.53788829680352
0.0,7.5,0.40800000000000003,0.0,8.640837088770136,211.91984400562728
0.0,7.5,0.607,0.0,14.03622319649978,328.63362060461367
0.0,7.5,0.806,0.0,20.214314844745033,462.278997236386
0.0,7.5,1.0050000000000001,0.0,26.237178059617285,592.566449832184
0.0,7.5,1.2040000000000002,0.0,35.2384186639019,787.2825950765648
0.0,7.5,1.4030000000000002,0.0,44.01904062592464,977.2262857806421
0.0,7.5,1.6020000000000003,0.0,52.79966258794737,1167.1699764847194
0.0,7.5,1.8010000000000004,0.0,61.580284549970095,1357.1136671887964
0.0,7.5,2.0,0.0,70.36090651199281,1547.0573578928736
0.0,10.0,0.01,0.0,0.4030762608640398,33.7194042694076
0.0,10.0,0.20900000000000002,0.0,8.424293852058431,207.23554923061883
0.0,10.0,0.40800000000000003,0.0,16.648381180169885,385.1402018315913
0.0,10.0,0.607,0.0,26.77037198222812,604.1005782754447
0.0,10.0,0.806,0.0,38.37723151652093,855.1818509874194
0.0,10.0,1.0050000000000001,0.0,49.69246141427371,1099.9545490081382
0.0,10.0,1.2040000000000002,0.0,66.22900563198041,1457.6754774102085
0.0,10.0,1.4030000000000002,0.0,82.36024239337078,1806.6287359985024
0.0,10.0,1.6020000000000003,0.0,98.49147915476112,2155.581994586796
0.0,10.0,1.8010000000000004,0.0,114.62271591615148,2504.53525317509
0.0,10.0,2.0,0.0,130.7539526775418,2853.488511763383
0.0,12.5,0.01,0.0,0.6761666636916042,39.62693556198376
0.0,12.5,0.20900000000000002,0.0,14.131883271154527,330.70295324546055
0.0,12.5,0.40800000000000003,0.0,27.68924153778884,623.9776980755793
0.0,12.5,0.607,0.0,44.17355985124824,980.5688681249957
0.0,12.5,0.806,0.0,63.10088014197245,1390.0074120809572
0.0,12.5,1.0050000000000001,0.0,81.55263962137192,1789.15855543501
0.0,12.5,1.2040000000000002,0.0,108.05125058075927,2362.380359759002
0.0,12.5,1.4030000000000002,0.0,133.9003857813381,2921.552610055445
0.0,12.5,1.6020000000000003,0.0,159.74952098191687,3480.724860351887
0.0,12.5,1.8010000000000004,0.0,185.59865618249572,4039.8971106483305
0.0,12.5,2.0,0.0,211.44779138307445,4599.069360944772
0.0,15.0,0.01,0.0,1.0318573923520136,47.32128911042158
0.0,15.0,0.20900000000000002,0.0,21.56581950015709,491.51494240781113
0.0,15.0,0.40800000000000003,0.0,41.96076742606908,932.7014207142736
0.0,15.0,0.607,0.0,66.50979565428477,1463.7495679905849
0.0,15.0,0.806,0.0,94.7312684044303,2074.24056902126
0.0,15.0,1.0050000000000001,0.0,122.24365892467266,2669.3926001767923
0.0,15.0,1.2040000000000002,0.0,161.19010277699215,3511.887735157474
0.0,15.0,1.4030000000000002,0.0,199.18197692704888,4333.733479574904
0.0,15.0,1.6020000000000003,0.0,237.17385107710555,5155.579223992332
0.0,15.0,1.8010000000000004,0.0,275.1657252271623,5977.424968409762
0.0,15.0,2.0,0.0,313.1575993772189,6799.2707128271895
0.0,17.5,0.01,0.0,1.4751033779697724,56.909650705094855
0.0,17.5,0.20900000000000002,0.0,30.829660599568246,691.9116997364825
0.0,17.5,0.40800000000000003,0.0,59.63343417120128,1314.999116785491
0.0,17.5,0.607,0.0,94.00540465287098,2058.5385788301546
0.0,17.5,0.806,0.0,133.56401119621157,2914.2761061318815
0.0,17.5,1.0050000000000001,0.0,172.12868290177974,3748.5126905365796
0.0,17.5,1.2040000000000002,0.0,226.05734891235724,4915.105433180623
0.0,17.5,1.4030000000000002,0.0,278.6642338932637,6053.105216446135
0.0,17.5,1.6020000000000003,0.0,331.27111887417016,7191.104999711647
0.0,17.5,1.8010000000000004,0.0,383.8780038550766,8329.10478297716
0.0,17.5,2.0,0.0,436.484888835983,9467.10456624267
0.0,20.0,0.01,0.0,2.010320117835815,68.48753702527316
0.0,20.0,0.20900000000000002,0.0,42.015690462768546,933.8895238282092
0.0,20.0,0.40800000000000003,0.0,80.85826686753526,1774.137783084425
0.0,20.0,0.607,0.0,126.85962860883184,2769.2459273988825
0.0,20.0,0.806,0.0,179.85861966136295,3915.727806205461
0.0,20.0,1.0050000000000001,0.0,231.52597777287565,5033.403607655089
0.0,20.0,1.2040000000000002,0.0,303.0126649808296,6579.814017215501
0.0,20.0,1.4030000000000002,0.0,372.74722750231405,8088.322210855314
0.0,20.0,1.6020000000000003,0.0,442.48179002379845,9596.830404495126
0.0,20.0,1.8010000000000004,0.0,512.2163525452829,11105.338598134938
0.0,20.0,2.0,0.0,581.9509150667673,12613.84679177475
0.0,22.5,0.01,0.0,2.6415092664329283,82.14151244244071
0.0,22.5,0.20900000000000002,0.0,55.20754366844821,1219.2576100470112
0.0,22.5,0.40800000000000003,0.0,105.77145365577132,2313.063461268105
0.0,22.5,0.607,0.0,165.25116982506867,3599.737327890729
0.0,22.5,0.806,0.0,233.84729650577384,5083.618711930644
0.0,22.5,1.0050000000000001,0.0,300.71990241560695,6530.216644110258
0.0,22.5,1.2040000000000002,0.0,392.3765020887286,8512.945532177353
0.0,22.5,1.4030000000000002,0.0,481.78661647574427,10447.078123968293
0.0,22.5,1.6020000000000003,0.0,571.19673086276,12381.210715759233
0.0,22.5,1.8010000000000004,0.0,660.6068452497757,14315.343307550174
0.0,22.5,2.0,0.0,750.0169596367912,16249.475899341109
2.5,0.0,0.01,0.027500000000000004,0.0,25.594883997620464
2.5,0.0,0.20900000000000002,0.027500000000000004,0.0,25.594883997620464
2.5,0.0,0.40800000000000003,0.027500000000000004,0.0,25.594883997620464
2.5,0.0,0.607,0.027500000000000004,0.0,25.594883997620464
2.5,0.0,0.806,0.027500000000000004,0.0,25.594883997620464
2.5,0.0,1.0050000000000001,0.027500000000000004,0.0,25.594883997620464
2.5,0.0,1.2040000000000002,0.027500000000000004,0.0,25.594883997620464
2.5,0.0,1.4030000000000002,0.027500000000000004,0.0,25.594883997620464
2.5,0.0,1.6020000000000003,0.027500000000000004,0.0,25.594883997620464
2.5,0.0,1.8010000000000004,0.027500000000000004,0.0,25.594883997620464
2.5,0.0,2.0,0.027500000000000004,0.0,25.594883997620464
2.5,2.5,0.01,0.027500000000000004,0.016204335484256642,25.945418538408017
2.5,2.5,0.20900000000000002,0.027500000000000004,0.33867061162096385,32.92105590008034
2.5,2.5,0.40800000000000003,0.027500000000000004,0.7065318254117218,40.87868315205715
2.5,2.5,0.607,0.027500000000000004,1.1927808849920576,51.39729349396046
2.5,2.5,0.806,0.027500000000000004,1.7479339880122176,63.406446119998215
2.5,2.5,1.0050000000000001,0.027500000000000004,2.2891385206047348,75.11386124286918
2.5,2.5,1.2040000000000002,0.027500000000000004,3.1687025620394396,94.14071844766512
2.5,2.5,1.4030000000000002,0.027500000000000004,4.026708661282116,112.70123111312783
2.5,2.5,1.6020000000000003,0.027500000000000004,4.884714760524794,131.26174377859053
2.5,2.5,1.8010000000000004,0.027500000000000004,5.742720859767471,149.8222564440532
2.5,2.5,2.0,0.027500000000000004,6.600726959010147,168.38276910951592
2.5,5.0,0.01,0.027500000000000004,0.08081820931436581,27.34315524989164
2.5,5.0,0.20900000000000002,0.027500000000000004,1.6891005746702457,62.133753170088056
2.5,5.0,0.40800000000000003,0.027500000000000004,3.4290605059333665,99.77281933769653
2.5,5.0,0.607,0.027500000000000004,5.65023702316366,147.82163264644765
2.5,5.0,0.806,0.027500000000000004,8.18977310687872,202.75724637669612
2.5,5.0,1.0050000000000001,0.027500000000000004,10.665501751304454,256.312568304677
2.5,5.0,1.2040000000000002,0.027500000000000004,14.48286617230491,338.89035038245436
2.5,5.0,1.4030000000000002,0.027500000000000004,18.20666773984947,419.4441672132274
2.5,5.0,1.6020000000000003,0.027500000000000004,21.930469307394027,499.9979840440004
2.5,5.0,1.8010000000000004,0.027500000000000004,25.654270874938586,580.5518008747733
2.5,5.0,2.0,0.027500000000000004,29.378072442483138,661.1056177055463
2.5,7.5,0.01,0.027500000000000004,0.20689103977227197,30.070381045314413
2.5,7.5,0.20900000000000002,0.027500000000000004,4.324022731240485,119.13277229442399
2.5,7.5,0.40800000000000003,0.027500000000000004,8.640837088770136,212.51472800324774
2.5,7.5,0.607,0.027500000000000004,14.03622319649978,329.2285046022341
2.5,7.5,0.806,0.027500000000000004,20.214314844745033,462.87388123400643
2.5,7.5,1.0050000000000001,0.027500000000000004,26.237178059617285,593.1613338298044
2.5,7.5,1.2040000000000002,0.027500000000000004,35.2384186639019,787.8774790741853
2.5,7.5,1.4030000000000002,0.027500000000000004,44.01904062592464,977.8211697782626
2.5,7.5,1.6020000000000003,0.027500000000000004,52.79966258794737,1167.7648604823398
2.5,7.5,1.8010000000000004,0.027500000000000004,61.580284549970095,1357.708551186417
2.5,7.5,2.0,0.027500000000000004,70.36090651199281,1547.652241890494
2.5,10.0,0.01,0.027500000000000004,0.4030762608640398,34.31428826702806
2.5,10.0,0.20900000000000002,0.027500000000000004,8.424293852058431,207.8304332282393
2.5,10.0,0.40800000000000003,0.027500000000000004,16.648381180169885,385.73508582921176
2.5,10.0,0.607,0.027500000000000004,26.77037198222812,604.6954622730651
2.5,10.0,0.806,0.027500000000000004,38.37723151652093,855.7767349850399
2.5,10.0,1.0050000000000001,0.027500000000000004,49.69246141427371,1100.5494330057586
2.5,10.0,1.2040000000000002,0.027500000000000004,66.22900563198041,1458.270361407829
2.5,10.0,1.4030000000000002,0.027500000000000004,82.36024239337078,1807.223619996123
2.5,10.0,1.6020000000000003,0.027500000000000004,98.49147915476112,2156.1768785844165
2.5,10.0,1.8010000000000004,0.027500000000000004,114.62271591615148,2505.1301371727104
2.5,10.0,2.0,0.027500000000000004,130.7539526775418,2854.0833957610034
2.5,12.5,0.01,0.027500000000000004,0.6761666636916042,40.22181955960422
2.5,12.5,0.20900000000000002,0.027500000000000004,14.131883271154527,331.297837243081
2.5,12.5,0.40800000000000003,0.027500000000000004,27.68924153778884,624.5725820731997
2.5,12.5,0.607,0.027500000000000004,44.17355985124824,981.1637521226162
2.5,12.5,0.806,0.027500000000000004,63.10088014197245,1390.6022960785776
2.5,12.5,1.0050000000000001,0.027500000000000004,81.55263962137192,1789.7534394326306
2.5,12.5,1.2040000000000002,0.027500000000000004,108.05125058075927,2362.9752437566226
2.5,12.5,1.4030000000000002,0.027500000000000004,133.9003857813381,2922.1474940530657
2.5,12.5,1.6020000000000003,0.027500000000000004,159.74952098191687,3481.319744349508
2.5,12.5,1.8010000000000004,0.027500000000000004,185.59865618249572,4040.491994645951
2.5,12.5,2.0,0.027500000000000004,211.44779138307445,4599.6642449423925
2.5,15.0,0.01,0.027500000000000004,1.0318573923520136,47.916173108042045
2.5,15.0,0.20900000000000002,0.027500000000000004,21.56581950015709,492.1098264054316
2.5,15.0,0.40800000000000003,0.027500000000000004,41.96076742606908,933.2963047118941
2.5,15.0,0.607,0.027500000000000004,66.50979565428477,1464.3444519882055
2.5,15.0,0.806,0.027500000000000004,94.7312684044303,2074.8354530188803
2.5,15.0,1.0050000000000001,0.027500000000000004,122.24365892467266,2669.9874841744127
2.5,15.0,1.2040000000000002,0.027500000000000004,161.19010277699215,3512.4826191550947
2.5,15.0,1.4030000000000002,0.027500000000000004,199.18197692704888,4334.328363572525
2.5,15.0,1.6020000000000003,0.027500000000000004,237.17385107710555,5156.174107989953
2.5,15.0,1.8010000000000004,0.027500000000000004,275.1657252271623,5978.019852407383
2.5,15.0,2.0,0.027500000000000004,313.1575993772189,6799.86559682481
2.5,17.5,0.01,0.027500000000000004,1.4751033779697724,57.50453470271532
2.5,17.5,0.20900000000000002,0.027500000000000004,30.829660599568246,692.506583734103
2.5,17.5,0.40800000000000003,0.027500000000000004,59.63343417120128,1315.5940007831114
2.5,17.5,0.607,0.027500000000000004,94.00540465287098,2059.133462827775
2.5,17.5,0.806,0.027500000000000004,133.56401119621157,2914.870990129502
2.5,17.5,1.0050000000000001,0.027500000000000004,172.12868290177974,3749.1075745342
2.5,17.5,1.2040000000000002,0.027500000000000004,226.05734891235724,4915.700317178243
2.5,17.5,1.4030000000000002,0.027500000000000004,278.6642338932637,6053.700100443756
2.5,17.5,1.6020000000000003,0.027500000000000004,331.27111887417016,7191.699883709268
2.5,17.5,1.8010000000000004,0.027500000000000004,383.8780038550766,8329.699666974779
2.5,17.5,2.0,0.027500000000000004,436.484888835983,9467.69945024029
2.5,20.0,0.01,0.027500000000000004,2.010320117835815,69.08242102289363
2.5,20.0,0.20900000000000002,0.027500000000000004,42.015690462768546,934.4844078258297
2.5,20.0,0.40800000000000003,0.027500000000000004,80.85826686753526,1774.7326670820455
2.5,20.0,0.607,0.027500000000000004,126.85962860883184,2769.840811396503
2.5,20.0,0.806,0.027500000000000004,179.85861966136295,3916.3226902030815
2.5,20.0,1.0050000000000001,0.027500000000000004,231.52597777287565,5033.99849165271
2.5,20.0,1.2040000000000002,0.027500000000000004,303.0126649808296,6580.408901213122
2.5,20.0,1.4030000000000002,0.027500000000000004,372.74722750231405,8088.9170948529345
2.5,20.0,1.6020000000000003,0.027500000000000004,442.48179002379845,9597.425288492746
2.5,20.0,1.8010000000000004,0.027500000000000004,512.2163525452829,11105.93348213256
2.5,20.0,2.0,0.027500000000000004,581.9509150667673,12614.44167577237
2.5,22.5,0.01,0.027500000000000004,2.6415092664329283,82.73639644006118
2.5,22.5,0.20900000000000002,0.027500000000000004,55.20754366844821,1219.8524940446316
2.5,22.5,0.40800000000000003,0.027500000000000004,105.77145365577132,2313.6583452657255
2.5,22.5,0.607,0.027500000000000004,165.25116982506867,3600.3322118883493
2.5,22.5,0.806,0.027500000000000004,233.84729650577384,5084.213595928264
2.5,22.5,1.0050000000000001,0.027500000000000004,300.71990241560695,6530.811528107878
2.5,22.5,1.2040000000000002,0.027500000000000004,392.3765020887286,8513.540416174974
2.5,22.5,1.4030000000000002,0.027500000000000004,481.78661647574427,10447.673007965914
2.5,22.5,1.6020000000000003,0.027500000000000004,571.19673086276,12381.805599756854
2.5,22.5,1.8010000000000004,0.027500000000000004,660.6068452497757,14315.938191547793
2.5,22.5,2.0,0.027500000000000004,750.0169596367912,16250.07078333873
5.0,0.0,0.01,0.11000000000000001,0.0,27.379535990481855
5.0,0.0,0.20900000000000002,0.11000000000000001,0.0,27.379535990481855
5.0,0.0,0.40800000000000003,0.11000000000000001,0.0,27.379535990481855
5.0,0.0,0.607,0.11000000000000001,0.0,27.379535990481855
5.0,0.0,0.806,0.11000000000000001,0.0,27.379535990481855
5.0,0.0,1.0050000000000001,0.11000000000000001,0.0,27.379535990481855
5.0,0.0,1.2040000000000002,0.11000000000000001,0.0,27.379535990481855
5.0,0.0,1.4030000000000002,0.11000000000000001,0.0,27.379535990481855
5.0,0.0,1.6020000000000003,0.11000000000000001,0.0,27.379535990481855
5.0,0.0,1.8010000000000004,0.11000000000000001,0.0,27.379535990481855
5.0,0.0,2.0,0.11000000000000001,0.0,27.379535990481855
5.0,2.5,0.01,0.11000000000000001,0.016204335484256642,27.730070531269412
5.0,2.5,0.20900000000000002,0.11000000000000001,0.33867061162096385,34.70570789294173
5.0,2.5,0.40800000000000003,0.11000000000000001,0.7065318254117218,42.663335144918534
5.0,2.5,0.607,0.11000000000000001,1.1927808849920576,53.18194548682186
5.0,2.5,0.806,0.11000000000000001,1.7479339880122176,65.1910981128596
5.0,2.5,1.0050000000000001,0.11000000000000001,2.2891385206047348,76.89851323573058
5.0,2.5,1.2040000000000002,0.11000000000000001,3.1687025620394396,95.92537044052652
5.0,2.5,1.4030000000000002,0.11000000000000001,4.026708661282116,114.48588310598922
5.0,2.5,1.6020000000000003,0.11000000000000001,4.884714760524794,133.0463957714519
5.0,2.5,1.8010000000000004,0.11000000000000001,5.742720859767471,151.60690843691464
5.0,2.5,2.0,0.11000000000000001,6.600726959010147,170.1674211023773
5.0,5.0,0.01,0.11000000000000001,0.08081820931436581,29.127807242753033
5.0,5.0,0.20900000000000002,0.11000000000000001,1.6891005746702457,63.91840516294945
5.0,5.0,0.40800000000000003,0.11000000000000001,3.4290605059333665,101.55747133055793
5.0,5.0,0.607,0.11000000000000001,5.65023702316366,149.60628463930905
5.0,5.0,0.806,0.11000000000000001,8.18977310687872,204.54189836955752
5.0,5.0,1.0050000000000001,0.11000000000000001,10.665501751304454,258.09722029753834
5.0,5.0,1.2040000000000002,0.11000000000000001,14.48286617230491,340.6750023753158
5.0,5.0,1.4030000000000002,0.11000000000000001,18.20666773984947,421.22881920608876
5.0,5.0,1.6020000000000003,0.11000000000000001,21.930469307394027,501.7826360368618
5.0,5.0,1.8010000000000004,0.11000000000000001,25.654270874938586,582.3364528676348
5.0,5.0,2.0,0.11000000000000001,29.378072442483138,662.8902696984076
5.0,7.5,0.01,0.11000000000000001,0.20689103977227197,31.855033038175804
5.0,7.5,0.20900000000000002,0.11000000000000001,4.324022731240485,120.91742428728539
5.0,7.5,0.40800000000000003,0.11000000000000001,8.640837088770136,214.29937999610914
5.0,7.5,0.607,0.11000000000000001,14.03622319649978,331.01315659509555
5.0,7.5,0.806,0.11000000000000001,20.214314844745033,464.6585332268678
5.0,7.5,1.0050000000000001,0.11000000000000001,26.237178059617285,594.9459858226659
5.0,7.5,1.2040000000000002,0.11000000000000001,35.2384186639019,789.6621310670467
5.0,7.5,1.4030000000000002,0.11000000000000001,44.01904062592464,979.605821771124
5.0,7.5,1.6020000000000003,0.11000000000000001,52.79966258794737,1169.5495124752013
5.0,7.5,1.8010000000000004,0.11000000000000001,61.580284549970095,1359.4932031792785
5.0,7.5,2.0,0.11000000000000001,70.36090651199281,1549.4368938833554
5.0,10.0,0.01,0.11000000000000001,0.4030762608640398,36.09894025988945
5.0,10.0,0.20900000000000002,0.11000000000000001,8.424293852058431,209.61508522110068
5.0,10.0,0.40800000000000003,0.11000000000000001,16.648381180169885,387.5197378220731
5.0,10.0,0.607,0.11000000000000001,26.77037198222812,606.4801142659265
5.0,10.0,0.806,0.11000000000000001,38.37723151652093,857.5613869779012
5.0,10.0,1.0050000000000001,0.11000000000000001,49.69246141427371,1102.33408499862
5.0,10.0,1.2040000000000002,0.11000000000000001,66.22900563198041,1460.0550134006903
5.0,10.0,1.4030000000000002,0.11000000000000001,82.36024239337078,1809.0082719889842
5.0,10.0,1.6020000000000003,0.11000000000000001,98.49147915476112,2157.961530577278
5.0,10.0,1.8010000000000004,0.11000000000000001,114.62271591615148,2506.9147891655716
5.0,10.0,2.0,0.11000000000000001,130.7539526775418,2855.8680477538646
5.0,12.5,0.01,0.11000000000000001,0.6761666636916042,42.00647155246561
5.0,12.5,0.20900000000000002,0.11000000000000001,14.131883271154527,333.0824892359424
5.0,12.5,0.40800000000000003,0.11000000000000001,27.68924153778884,626.3572340660611
5.0,12.5,0.607,0.11000000000000001,44.17355985124824,982.9484041154775
5.0,12.5,0.806,0.11000000000000001,63.10088014197245,1392.386948071439
5.0,12.5,1.0050000000000001,0.11000000000000001,81.55263962137192,1791.5380914254918
5.0,12.5,1.2040000000000002,0.11000000000000001,108.05125058075927,2364.759895749484
5.0,12.5,1.4030000000000002,0.11000000000000001,133.9003857813381,2923.932146045927
5.0,12.5,1.6020000000000003,0.11000000000000001,159.74952098191687,3483.104396342369
5.0,12.5,1.8010000000000004,0.11000000000000001,185.59865618249572,4042.2766466388125
5.0,12.5,2.0,0.11000000000000001,211.44779138307445,4601.448896935254
5.0,15.0,0.01,0.11000000000000001,1.0318573923520136,49.70082510090344
5.0,15.0,0.20900000000000002,0.11000000000000001,21.56581950015709,493.89447839829296
5.0,15.0,0.40800000000000003,0.11000000000000001,41.96076742606908,935.0809567047554
5.0,15.0,0.607,0.11000000000000001,66.50979565428477,1466.1291039810667
5.0,15.0,0.806,0.11000000000000001,94.7312684044303,2076.620105011742
5.0,15.0,1.0050000000000001,0.11000000000000001,122.24365892467266,2671.772136167274
5.0,15.0,1.2040000000000002,0.11000000000000001,161.19010277699215,3514.267271147956
5.0,15.0,1.4030000000000002,0.11000000000000001,199.18197692704888,4336.1130155653855
5.0,15.0,1.6020000000000003,0.11000000000000001,237.17385107710555,5157.958759982815
5.0,15.0,1.8010000000000004,0.11000000000000001,275.1657252271623,5979.804504400245
5.0,15.0,2.0,0.11000000000000001,313.1575993772189,6801.650248817672
5.0,17.5,0.01,0.11000000000000001,1.4751033779697724,59.28918669557671
5.0,17.5,0.20900000000000002,0.11000000000000001,30.829660599568246,694.2912357269644
5.0,17.5,0.40800000000000003,0.11000000000000001,59.63343417120128,1317.3786527759728
5.0,17.5,0.607,0.11000000000000001,94.00540465287098,2060.918114820636
5.0,17.5,0.806,0.11000000000000001,133.56401119621157,2916.6556421223636
5.0,17.5,1.0050000000000001,0.11000000000000001,172.12868290177974,3750.8922265270617
5.0,17.5,1.2040000000000002,0.11000000000000001,226.05734891235724,4917.484969171104
5.0,17.5,1.4030000000000002,0.11000000000000001,278.6642338932637,6055.484752436617
5.0,17.5,1.6020000000000003,0.11000000000000001,331.27111887417016,7193.484535702129
5.0,17.5,1.8010000000000004,0.11000000000000001,383.8780038550766,8331.484318967641
5.0,17.5,2.0,0.11000000000000001,436.484888835983,9469.484102233151
5.0,20.0,0.01,0.11000000000000001,2.010320117835815,70.86707301575503
5.0,20.0,0.20900000000000002,0.11000000000000001,42.015690462768546,936.2690598186911
5.0,20.0,0.40800000000000003,0.11000000000000001,80.85826686753526,1776.517319074907
5.0,20.0,0.607,0.11000000000000001,126.85962860883184,2771.6254633893645
5.0,20.0,0.806,0.11000000000000001,179.85861966136295,3918.107342195943
5.0,20.0,1.0050000000000001,0.11000000000000001,231.52597777287565,5035.783143645572
5.0,20.0,1.2040000000000002,0.11000000000000001,303.0126649808296,6582.193553205982
5.0,20.0,1.4030000000000002,0.11000000000000001,372.74722750231405,8090.701746845795
5.0,20.0,1.6020000000000003,0.11000000000000001,442.48179002379845,9599.209940485609
5.0,20.0,1.8010000000000004,0.11000000000000001,512.2163525452829,11107.718134125422
5.0,20.0,2.0,0.11000000000000001,581.9509150667673,12616.226327765231
5.0,22.5,0.01,0.11000000000000001,2.6415092664329283,84.52104843292257
5.0,22.5,0.20900000000000002,0.11000000000000001,55.20754366844821,1221.637146037493
5.0,22.5,0.40800000000000003,0.11000000000000001,105.77145365577132,2315.4429972585867
5.0,22.5,0.607,0.11000000000000001,165.25116982506867,3602.1168638812105
5.0,22.5,0.806,0.11000000000000001,233.84729650577384,5085.998247921126
5.0,22.5,1.0050000000000001,0.11000000000000001,300.71990241560695,6532.59618010074
5.0,22.5,1.2040000000000002,0.11000000000000001,392.3765020887286,8515.325068167835
5.0,22.5,1.4030000000000002,0.11000000000000001,481.78661647574427,10449.457659958774
5.0,22.5,1.6020000000000003,0.11000000000000001,571.19673086276,12383.590251749716
5.0,22.5,1.8010000000000004,0.11000000000000001,660.6068452497757,14317.722843540656
5.0,22.5,2.0,0.11000000000000001,750.0169596367912,16251.85543533159
7.5,0.0,0.01,0.24750000000000003,0.0,30.353955978584175
7.5,0.0,0.20900000000000002,0.24750000000000003,0.0,30.353955978584175
7.5,0.0,0.40800000000000003,0.24750000000000003,0.0,30.353955978584175
7.5,0.0,0.607,0.24750000000000003,0.0,30.353955978584175
7.5,0.0,0.806,0.24750000000000003,0.0,30.353955978584175
7.5,0.0,1.0050000000000001,0.24750000000000003,0.0,30.353955978584175
7.5,0.0,1.2040000000000002,0.24750000000000003,0.0,30.353955978584175
7.5,0.0,1.4030000000000002,0.24750000000000003,0.0,30.353955978584175
7.5,0.0,1.6020000000000003,0.24750000000000003,0.0,30.353955978584175
7.5,0.0,1.8010000000000004,0.24750000000000003,0.0,30.353955978584175
7.5,0.0,2.0,0.24750000000000003,0.0,30.353955978584175
7.5,2.5,0.01,0.24750000000000003,0.016204335484256642,30.70449051937173
7.5,2.5,0.20900000000000002,0.24750000000000003,0.33867061162096385,37.68012788104405
7.5,2.5,0.40800000000000003,0.24750000000000003,0.7065318254117218,45.63775513302086
7.5,2.5,0.607,0.24750000000000003,1.1927808849920576,56.15636547492418
7.5,2.5,0.806,0.24750000000000003,1.7479339880122176,68.16551810096192
7.5,2.5,1.0050000000000001,0.24750000000000003,2.2891385206047348,79.87293322383289
7.5,2.5,1.2040000000000002,0.24750000000000003,3.1687025620394396,98.89979042862883
7.5,2.5,1.4030000000000002,0.24750000000000003,4.026708661282116,117.46030309409154
7.5,2.5,1.6020000000000003,0.24750000000000003,4.884714760524794,136.02081575955424
7.5,2.5,1.8010000000000004,0.24750000000000003,5.742720859767471,154.58132842501695
7.5,2.5,2.0,0.24750000000000003,6.600726959010147,173.14184109047963
7.5,5.0,0.01,0.24750000000000003,0.08081820931436581,32.102227230855355
7.5,5.0,0.20900000000000002,0.24750000000000003,1.6891005746702457,66.89282515105177
7.5,5.0,0.40800000000000003,0.24750000000000003,3.4290605059333665,104.53189131866024
7.5,5.0,0.607,0.24750000000000003,5.65023702316366,152.58070462741136
7.5,5.0,0.806,0.24750000000000003,8.18977310687872,207.51631835765983
7.5,5.0,1.0050000000000001,0.24750000000000003,10.665501751304454,261.0716402856407
7.5,5.0,1.2040000000000002,0.24750000000000003,14.48286617230491,343.64942236341807
7.5,5.0,1.4030000000000002,0.24750000000000003,18.20666773984947,424.2032391941911
7.5,5.0,1.6020000000000003,0.24750000000000003,21.930469307394027,504.75705602496413
7.5,5.0,1.8010000000000004,0.24750000000000003,25.654270874938586,585.3108728557371
7.5,5.0,2.0,0.24750000000000003,29.378072442483138,665.8646896865099
7.5,7.5,0.01,0.24750000000000003,0.20689103977227197,34.829453026278124
7.5,7.5,0.20900000000000002,0.24750000000000003,4.324022731240485,123.8918442753877
7.5,7.5,0.40800000000000003,0.24750000000000003,8.640837088770136,217.27379998421145
7.5,7.5,0.607,0.24750000000000003,14.03622319649978,333.98757658319784
7.5,7.5,0.806,0.24750000000000003,20.214314844745033,467.63295321497014
7.5,7.5,1.0050000000000001,0.24750000000000003,26.237178059617285,597.9204058107682
7.5,7.5,1.2040000000000002,0.24750000000000003,35.2384186639019,792.636551055149
7.5,7.5,1.4030000000000002,0.24750000000000003,44.01904062592464,982.5802417592264
7.5,7.5,1.6020000000000003,0.24750000000000003,52.79966258794737,1172.5239324633035
7.5,7.5,1.8010000000000004,0.24750000000000003,61.580284549970095,1362.4676231673807
7.5,7.5,2.0,0.24750000000000003,70.36090651199281,1552.4113138714577
7.5,10.0,0.01,0.24750000000000003,0.4030762608640398,39.07336024799177
7.5,10.0,0.20900000000000002,0.24750000000000003,8.424293852058431,212.589505209203
7.5,10.0,0.40800000000000003,0.24750000000000003,16.648381180169885,390.49415781017547
7.5,10.0,0.607,0.24750000000000003,26.77037198222812,609.4545342540289
7.5,10.0,0.806,0.24750000000000003,38.37723151652093,860.5358069660035
7.5,10.0,1.0050000000000001,0.24750000000000003,49.69246141427371,1105.3085049867225
7.5,10.0,1.2040000000000002,0.24750000000000003,66.22900563198041,1463.0294333887925
7.5,10.0,1.4030000000000002,0.24750000000000003,82.36024239337078,1811.9826919770867
7.5,10.0,1.6020000000000003,0.24750000000000003,98.49147915476112,2160.93595056538
7.5,10.0,1.8010000000000004,0.24750000000000003,114.62271591615148,2509.889209153674
7.5,10.0,2.0,0.24750000000000003,130.7539526775418,2858.842467741967
7.5,12.5,0.01,0.24750000000000003,0.6761666636916042,44.98089154056794
7.5,12.5,0.20900000000000002,0.24750000000000003,14.131883271154527,336.0569092240447
7.5,12.5,0.40800000000000003,0.24750000000000003,27.68924153778884,629.3316540541634
7.5,12.5,0.607,0.24750000000000003,44.17355985124824,985.9228241035798
7.5,12.5,0.806,0.24750000000000003,63.10088014197245,1395.3613680595415
7.5,12.5,1.0050000000000001,0.24750000000000003,81.55263962137192,1794.5125114135942
7.5,12.5,1.2040000000000002,0.24750000000000003,108.05125058075927,2367.7343157375863
7.5,12.5,1.4030000000000002,0.24750000000000003,133.9003857813381,2926.9065660340293
7.5,12.5,1.6020000000000003,0.24750000000000003,159.74952098191687,3486.0788163304715
7.5,12.5,1.8010000000000004,0.24750000000000003,185.59865618249572,4045.2510666269145
7.5,12.5,2.0,0.24750000000000003,211.44779138307445,4604.423316923356
7.5,15.0,0.01,0.24750000000000003,1.0318573923520136,52.675245089005756
7.5,15.0,0.20900000000000002,0.24750000000000003,21.56581950015709,496.8688983863953
7.5,15.0,0.40800000000000003,0.24750000000000003,41.96076742606908,938.0553766928577
7.5,15.0,0.607,0.24750000000000003,66.50979565428477,1469.1035239691691
7.5,15.0,0.806,0.24750000000000003,94.7312684044303,2079.5945249998445
7.5,15.0,1.0050000000000001,0.24750000000000003,122.24365892467266,2674.7465561553763
7.5,15.0,1.2040000000000002,0.24750000000000003,161.19010277699215,3517.2416911360583
7.5,15.0,1.4030000000000002,0.24750000000000003,199.18197692704888,4339.087435553488
7.5,15.0,1.6020000000000003,0.24750000000000003,237.17385107710555,5160.933179970917
7.5,15.0,1.8010000000000004,0.24750000000000003,275.1657252271623,5982.778924388346
7.5,15.0,2.0,0.24750000000000003,313.1575993772189,6804.624668805774
7.5,17.5,0.01,0.24750000000000003,1.4751033779697724,62.26360668367903
7.5,17.5,0.20900000000000002,0.24750000000000003,30.829660599568246,697.2656557150667
7.5,17.5,0.40800000000000003,0.24750000000000003,59.63343417120128,1320.353072764075
7.5,17.5,0.607,0.24750000000000003,94.00540465287098,2063.8925348087387
7.5,17.5,0.806,0.24750000000000003,133.56401119621157,2919.6300621104656
7.5,17.5,1.0050000000000001,0.24750000000000003,172.12868290177974,3753.8666465151637
7.5,17.5,1.2040000000000002,0.24750000000000003,226.05734891235724,4920.459389159207
7.5,17.5,1.4030000000000002,0.24750000000000003,278.6642338932637,6058.459172424719
7.5,17.5,1.6020000000000003,0.24750000000000003,331.27111887417016,7196.458955690231
7.5,17.5,1.8010000000000004,0.24750000000000003,383.8780038550766,8334.458738955744
7.5,17.5,2.0,0.24750000000000003,436.484888835983,9472.458522221254
7.5,20.0,0.01,0.24750000000000003,2.010320117835815,73.84149300385735
7.5,20.0,0.20900000000000002,0.24750000000000003,42.015690462768546,939.2434798067934
7.5,20.0,0.40800000000000003,0.24750000000000003,80.85826686753526,1779.4917390630092
7.5,20.0,0.607,0.24750000000000003,126.85962860883184,2774.5998833774665
7.5,20.0,0.806,0.24750000000000003,179.85861966136295,3921.081762184045
7.5,20.0,1.0050000000000001,0.24750000000000003,231.52597777287565,5038.757563633674
7.5,20.0,1.2040000000000002,0.24750000000000003,303.0126649808296,6585.167973194085
7.5,20.0,1.4030000000000002,0.24750000000000003,372.74722750231405,8093.676166833898
7.5,20.0,1.6020000000000003,0.24750000000000003,442.48179002379845,9602.184360473711
7.5,20.0,1.8010000000000004,0.24750000000000003,512.2163525452829,11110.692554113524
7.5,20.0,2.0,0.24750000000000003,581.9509150667673,12619.200747753333
7.5,22.5,0.01,0.24750000000000003,2.6415092664329283,87.4954684210249
7.5,22.5,0.20900000000000002,0.24750000000000003,55.20754366844821,1224.6115660255953
7.5,22.5,0.40800000000000003,0.24750000000000003,105.77145365577132,2318.417417246689
7.5,22.5,0.607,0.24750000000000003,165.25116982506867,3605.091283869313
7.5,22.5,0.806,0.24750000000000003,233.84729650577384,5088.972667909228
7.5,22.5,1.0050000000000001,0.24750000000000003,300.71990241560695,6535.570600088842
7.5,22.5,1.2040000000000002,0.24750000000000003,392.3765020887286,8518.299488155937
7.5,22.5,1.4030000000000002,0.24750000000000003,481.78661647574427,10452.432079946877
7.5,22.5,1.6020000000000003,0.24750000000000003,571.19673086276,12386.564671737819
7.5,22.5,1.8010000000000004,0.24750000000000003,660.6068452497757,14320.697263528758
7.5,22.5,2.0,0.24750000000000003,750.0169596367912,16254.829855319693
10.0,0.0,0.01,0.44000000000000006,0.0,34.51814396192742
10.0,0.0,0.20900000000000002,0.44000000000000006,0.0,34.51814396192742
10.0,0.0,0.40800000000000003,0.44000000000000006,0.0,34.51814396192742
10.0,0.0,0.607,0.44000000000000006,0.0,34.51814396192742
10.0,0.0,0.806,0.44000000000000006,0.0,34.51814396192742
10.0,0.0,1.0050000000000001,0.44000000000000006,0.0,34.51814396192742
10.0,0.0,1.2040000000000002,0.44000000000000006,0.0,34.51814396192742
10.0,0.0,1.4030000000000002,0.44000000000000006,0.0,34.51814396192742
10.0,0.0,1.6020000000000003,0.44000000000000006,0.0,34.51814396192742
10.0,0.0,1.8010000000000004,0.44000000000000006,0.0,34.51814396192742
10.0,0.0,2.0,0.44000000000000006,0.0,34.51814396192742
10.0,2.5,0.01,0.44000000000000006,0.016204335484256642,34.86867850271498
10.0,2.5,0.20900000000000002,0.44000000000000006,0.33867061162096385,41.8443158643873
10.0,2.5,0.40800000000000003,0.44000000000000006,0.7065318254117218,49.801943116364114
10.0,2.5,0.607,0.44000000000000006,1.1927808849920576,60.320553458267426
10.0,2.5,0.806,0.44000000000000006,1.7479339880122176,72.32970608430517
10.0,2.5,1.0050000000000001,0.44000000000000006,2.2891385206047348,84.03712120717614
10.0,2.5,1.2040000000000002,0.44000000000000006,3.1687025620394396,103.06397841197209
10.0,2.5,1.4030000000000002,0.44000000000000006,4.026708661282116,121.62449107743478
10.0,2.5,1.6020000000000003,0.44000000000000006,4.884714760524794,140.1850037428975
10.0,2.5,1.8010000000000004,0.44000000000000006,5.742720859767471,158.74551640836017
10.0,2.5,2.0,0.44000000000000006,6.600726959010147,177.30602907382286
10.0,5.0,0.01,0.44000000000000006,0.08081820931436581,36.2664152141986
10.0,5.0,0.20900000000000002,0.44000000000000006,1.6891005746702457,71.05701313439502
10.0,5.0,0.40800000000000003,0.44000000000000006,3.4290605059333665,108.6960793020035
10.0,5.0,0.607,0.44000000000000006,5.65023702316366,156.74489261075462
10.0,5.0,0.806,0.44000000000000006,8.18977310687872,211.68050634100308
10.0,5.0,1.0050000000000001,0.44000000000000006,10.665501751304454,265.23582826898394
10.0,5.0,1.2040000000000002,0.44000000000000006,14.48286617230491,347.8136103467613
10.0,5.0,1.4030000000000002,0.44000000000000006,18.20666773984947,428.3674271775343
10.0,5.0,1.6020000000000003,0.44000000000000006,21.930469307394027,508.9212440083073
10.0,5.0,1.8010000000000004,0.44000000000000006,25.654270874938586,589.4750608390804
10.0,5.0,2.0,0.44000000000000006,29.378072442483138,670.0288776698532
10.0,7.5,0.01,0.44000000000000006,0.20689103977227197,38.99364100962137
10.0,7.5,0.20900000000000002,0.44000000000000006,4.324022731240485,128.05603225873097
10.0,7.5,0.40800000000000003,0.44000000000000006,8.640837088770136,221.4379879675547
10.0,7.5,0.607,0.44000000000000006,14.03622319649978,338.1517645665411
10.0,7.5,0.806,0.44000000000000006,20.214314844745033,471.7971411983134
10.0,7.5,1.0050000000000001,0.44000000000000006,26.237178059617285,602.0845937941115
10.0,7.5,1.2040000000000002,0.44000000000000006,35.2384186639019,796.8007390384922
10.0,7.5,1.4030000000000002,0.44000000000000006,44.01904062592464,986.7444297425697
10.0,7.5,1.6020000000000003,0.44000000000000006,52.79966258794737,1176.6881204466467
10.0,7.5,1.8010000000000004,0.44000000000000006,61.580284549970095,1366.631811150724
10.0,7.5,2.0,0.44000000000000006,70.36090651199281,1556.575501854801
10.0,10.0,0.01,0.44000000000000006,0.4030762608640398,43.237548231335026
10.0,10.0,0.20900000000000002,0.44000000000000006,8.424293852058431,216.75369319254625
10.0,10.0,0.40800000000000003,0.44000000000000006,16.648381180169885,394.6583457935187
10.0,10.0,0.607,0.44000000000000006,26.77037198222812,613.6187222373721
10.0,10.0,0.806,0.44000000000000006,38.37723151652093,864.6999949493468
10.0,10.0,1.0050000000000001,0.44000000000000006,49.69246141427371,1109.4726929700657
10.0,10.0,1.2040000000000002,0.44000000000000006,66.22900563198041,1467.1936213721358
10.0,10.0,1.4030000000000002,0.44000000000000006,82.36024239337078,1816.14687996043
10.0,10.0,1.6020000000000003,0.44000000000000006,98.49147915476112,2165.1001385487234
10.0,10.0,1.8010000000000004,0.44000000000000006,114.62271591615148,2514.0533971370173
10.0,10.0,2.0,0.44000000000000006,130.7539526775418,2863.0066557253103
10.0,12.5,0.01,0.44000000000000006,0.6761666636916042,49.145079523911186
10.0,12.5,0.20900000000000002,0.44000000000000006,14.131883271154527,340.22109720738797
10.0,12.5,0.40800000000000003,0.44000000000000006,27.68924153778884,633.4958420375067
10.0,12.5,0.607,0.44000000000000006,44.17355985124824,990.0870120869231
10.0,12.5,0.806,0.44000000000000006,63.10088014197245,1399.5255560428848
10.0,12.5,1.0050000000000001,0.44000000000000006,81.55263962137192,1798.6766993969375
10.0,12.5,1.2040000000000002,0.44000000000000006,108.05125058075927,2371.8985037209295
10.0,12.5,1.4030000000000002,0.44000000000000006,133.9003857813381,2931.0707540173726
10.0,12.5,1.6020000000000003,0.44000000000000006,159.74952098191687,3490.2430043138147
10.0,12.5,1.8010000000000004,0.44000000000000006,185.59865618249572,4049.4152546102578
10.0,12.5,2.0,0.44000000000000006,211.44779138307445,4608.587504906699
10.0,15.0,0.01,0.44000000000000006,1.0318573923520136,56.83943307234901
10.0,15.0,0.20900000000000002,0.44000000000000006,21.56581950015709,501.03308636973856
10.0,15.0,0.40800000000000003,0.44000000000000006,41.96076742606908,942.219564676201
10.0,15.0,0.607,0.44000000000000006,66.50979565428477,1473.2677119525124
10.0,15.0,0.806,0.44000000000000006,94.7312684044303,2083.7587129831877
10.0,15.0,1.0050000000000001,0.44000000000000006,122.24365892467266,2678.9107441387196
10.0,15.0,1.2040000000000002,0.44000000000000006,161.19010277699215,3521.4058791194016
10.0,15.0,1.4030000000000002,0.44000000000000006,199.18197692704888,4343.251623536831
10.0,15.0,1.6020000000000003,0.44000000000000006,237.17385107710555,5165.09736795426
10.0,15.0,1.8010000000000004,0.44000000000000006,275.1657252271623,5986.9431123716895
10.0,15.0,2.0,0.44000000000000006,313.1575993772189,6808.788856789117
10.0,17.5,0.01,0.44000000000000006,1.4751033779697724,66.42779466702228
10.0,17.5,0.20900000000000002,0.44000000000000006,30.829660599568246,701.42984369841
10.0,17.5,0.40800000000000003,0.44000000000000006,59.63343417120128,1324.5172607474183
10.0,17.5,0.607,0.44000000000000006,94.00540465287098,2068.056722792082
10.0,17.5,0.806,0.44000000000000006,133.56401119621157,2923.794250093809
10.0,17.5,1.0050000000000001,0.44000000000000006,172.12868290177974,3758.030834498507
10.0,17.5,1.2040000000000002,0.44000000000000006,226.05734891235724,4924.62357714255
10.0,17.5,1.4030000000000002,0.44000000000000006,278.6642338932637,6062.623360408063
10.0,17.5,1.6020000000000003,0.44000000000000006,331.27111887417016,7200.623143673574
10.0,17.5,1.8010000000000004,0.44000000000000006,383.8780038550766,8338.622926939086
10.0,17.5,2.0,0.44000000000000006,436.484888835983,9476.622710204596
10.0,20.0,0.01,0.44000000000000006,2.010320117835815,78.00568098720059
10.0,20.0,0.20900000000000002,0.44000000000000006,42.015690462768546,943.4076677901367
10.0,20.0,0.40800000000000003,0.44000000000000006,80.85826686753526,1783.6559270463524
10.0,20.0,0.607,0.44000000000000006,126.85962860883184,2778.76407136081
10.0,20.0,0.806,0.44000000000000006,179.85861966136295,3925.2459501673884
10.0,20.0,1.0050000000000001,0.44000000000000006,231.52597777287565,5042.9217516170165
10.0,20.0,1.2040000000000002,0.44000000000000006,303.0126649808296,6589.332161177428
10.0,20.0,1.4030000000000002,0.44000000000000006,372.74722750231405,8097.840354817241
10.0,20.0,1.6020000000000003,0.44000000000000006,442.48179002379845,9606.348548457054
10.0,20.0,1.8010000000000004,0.44000000000000006,512.2163525452829,11114.856742096867
10.0,20.0,2.0,0.44000000000000006,581.9509150667673,12623.364935736678
10.0,22.5,0.01,0.44000000000000006,2.6415092664329283,91.65965640436814
10.0,22.5,0.20900000000000002,0.44000000000000006,55.20754366844821,1228.7757540089385
10.0,22.5,0.40800000000000003,0.44000000000000006,105.77145365577132,2322.5816052300324
10.0,22.5,0.607,0.44000000000000006,165.25116982506867,3609.2554718526562
10.0,22.5,0.806,0.44000000000000006,233.84729650577384,5093.1368558925715
10.0,22.5,1.0050000000000001,0.44000000000000006,300.71990241560695,6539.734788072185
10.0,22.5,1.2040000000000002,0.44000000000000006,392.3765020887286,8522.46367613928
10.0,22.5,1.4030000000000002,0.44000000000000006,481.78661647574427,10456.596267930221
10.0,22.5,1.6020000000000003,0.44000000000000006,571.19673086276,12390.728859721161
10.0,22.5,1.8010000000000004,0.44000000000000006,660.6068452497757,14324.8614515121
10.0,22.5,2.0,0.44000000000000006,750.0169596367912,16258.994043303037
12.5,0.0,0.01,0.6875,0.0,39.8720999405116
12.5,0.0,0.20900000000000002,0.6875,0.0,39.8720999405116
12.5,0.0,0.40800000000000003,0.6875,0.0,39.8720999405116
12.5,0.0,0.607,0.6875,0.0,39.8720999405116
12.5,0.0,0.806,0.6875,0.0,39.8720999405116
12.5,0.0,1.0050000000000001,0.6875,0.0,39.8720999405116
12.5,0.0,1.2040000000000002,0.6875,0.0,39.8720999405116
12.5,0.0,1.4030000000000002,0.6875,0.0,39.8720999405116
12.5,0.0,1.6020000000000003,0.6875,0.0,39.8720999405116
12.5,0.0,1.8010000000000004,0.6875,0.0,39.8720999405116
12.5,0.0,2.0,0.6875,0.0,39.8720999405116
12.5,2.5,0.01,0.6875,0.016204335484256642,40.22263448129915
12.5,2.5,0.20900000000000002,0.6875,0.33867061162096385,47.19827184297148
12.5,2.5,0.40800000000000003,0.6875,0.7065318254117218,55.15589909494828
12.5,2.5,0.607,0.6875,1.1927808849920576,65.6745094368516
12.5,2.5,0.806,0.6875,1.7479339880122176,77.68366206288934
12.5,2.5,1.0050000000000001,0.6875,2.2891385206047348,89.39107718576031
12.5,2.5,1.2040000000000002,0.6875,3.1687025620394396,108.41793439055627
12.5,2.5,1.4030000000000002,0.6875,4.026708661282116,126.97844705601896
12.5,2.5,1.6020000000000003,0.6875,4.884714760524794,145.53895972148166
12.5,2.5,1.8010000000000004,0.6875,5.742720859767471,164.09947238694437
12.5,2.5,2.0,0.6875,6.600726959010147,182.65998505240705
12.5,5.0,0.01,0.6875,0.08081820931436581,41.62037119278278
12.5,5.0,0.20900000000000002,0.6875,1.6891005746702457,76.41096911297919
12.5,5.0,0.40800000000000003,0.6875,3.4290605059333665,114.05003528058766
12.5,5.0,0.607,0.6875,5.65023702316366,162.09884858933881
12.5,5.0,0.806,0.6875,8.18977310687872,217.03446231958725
12.5,5.0,1.0050000000000001,0.6875,10.665501751304454,270.5897842475681
12.5,5.0,1.2040000000000002,0.6875,14.48286617230491,353.1675663253455
12.5,5.0,1.4030000000000002,0.6875,18.20666773984947,433.7213831561185
12.5,5.0,1.6020000000000003,0.6875,21.930469307394027,514.2751999868915
12.5,5.0,1.8010000000000004,0.6875,25.654270874938586,594.8290168176645
12.5,5.0,2.0,0.6875,29.378072442483138,675.3828336484373
12.5,7.5,0.01,0.6875,0.20689103977227197,44.347596988205545
12.5,7.5,0.20900000000000002,0.6875,4.324022731240485,133.40998823731513
12.5,7.5,0.40800000000000003,0.6875,8.640837088770136,226.79194394613887
12.5,7.5,0.607,0.6875,14.03622319649978,343.50572054512526
12.5,7.5,0.806,0.6875,20.214314844745033,477.15109717689757
12.5,7.5,1.0050000000000001,0.6875,26.237178059617285,607.4385497726956
12.5,7.5,1.2040000000000002,0.6875,35.2384186639019,802.1546950170764
12.5,7.5,1.4030000000000002,0.6875,44.01904062592464,992.0983857211538
12.5,7.5,1.6020000000000003,0.6875,52.79966258794737,1182.042076425231
12.5,7.5,1.8010000000000004,0.6875,61.580284549970095,1371.9857671293082
12.5,7.5,2.0,0.6875,70.36090651199281,1561.9294578333852
12.5,10.0,0.01,0.6875,0.4030762608640398,48.591504209919194
12.5,10.0,0.20900000000000002,0.6875,8.424293852058431,222.10764917113042
12.5,10.0,0.40800000000000003,0.6875,16.648381180169885,400.0123017721029
12.5,10.0,0.607,0.6875,26.77037198222812,618.9726782159563
12.5,10.0,0.806,0.6875,38.37723151652093,870.0539509279309
12.5,10.0,1.0050000000000001,0.6875,49.69246141427371,1114.8266489486498
12.5,10.0,1.2040000000000002,0.6875,66.22900563198041,1472.54757735072
12.5,10.0,1.4030000000000002,0.6875,82.36024239337078,1821.500835939014
12.5,10.0,1.6020000000000003,0.6875,98.49147915476112,2170.454094527308
12.5,10.0,1.8010000000000004,0.6875,114.62271591615148,2519.4073531156014
12.5,10.0,2.0,0.6875,130.7539526775418,2868.3606117038944
12.5,12.5,0.01,0.6875,0.6761666636916042,54.49903550249536
12.5,12.5,0.20900000000000002,0.6875,14.131883271154527,345.57505318597214
12.5,12.5,0.40800000000000003,0.6875,27.68924153778884,638.8497980160909
12.5,12.5,0.607,0.6875,44.17355985124824,995.4409680655073
12.5,12.5,0.806,0.6875,63.10088014197245,1404.8795120214688
12.5,12.5,1.0050000000000001,0.6875,81.55263962137192,1804.0306553755215
12.5,12.5,1.2040000000000002,0.6875,108.05125058075927,2377.2524596995136
12.5,12.5,1.4030000000000002,0.6875,133.9003857813381,2936.4247099959566
12.5,12.5,1.6020000000000003,0.6875,159.74952098191687,3495.5969602923988
12.5,12.5,1.8010000000000004,0.6875,185.59865618249572,4054.7692105888423
12.5,12.5,2.0,0.6875,211.44779138307445,4613.941460885284
12.5,15.0,0.01,0.6875,1.0318573923520136,62.19338905093318
12.5,15.0,0.20900000000000002,0.6875,21.56581950015709,506.3870423483227
12.5,15.0,0.40800000000000003,0.6875,41.96076742606908,947.5735206547852
12.5,15.0,0.607,0.6875,66.50979565428477,1478.6216679310965
12.5,15.0,0.806,0.6875,94.7312684044303,2089.1126689617718
12.5,15.0,1.0050000000000001,0.6875,122.24365892467266,2684.2647001173036
12.5,15.0,1.2040000000000002,0.6875,161.19010277699215,3526.7598350979856
12.5,15.0,1.4030000000000002,0.6875,199.18197692704888,4348.605579515415
12.5,15.0,1.6020000000000003,0.6875,237.17385107710555,5170.451323932844
12.5,15.0,1.8010000000000004,0.6875,275.1657252271623,5992.297068350274
12.5,15.0,2.0,0.6875,313.1575993772189,6814.142812767702
12.5,17.5,0.01,0.6875,1.4751033779697724,71.78175064560645
12.5,17.5,0.20900000000000002,0.6875,30.829660599568246,706.7837996769941
12.5,17.5,0.40800000000000003,0.6875,59.63343417120128,1329.8712167260026
12.5,17.5,0.607,0.6875,94.00540465287098,2073.410678770666
12.5,17.5,0.806,0.6875,133.56401119621157,2929.1482060723934
12.5,17.5,1.0050000000000001,0.6875,172.12868290177974,3763.3847904770914
12.5,17.5,1.2040000000000002,0.6875,226.05734891235724,4929.977533121134
12.5,17.5,1.4030000000000002,0.6875,278.6642338932637,6067.977316386647
12.5,17.5,1.6020000000000003,0.6875,331.27111887417016,7205.977099652158
12.5,17.5,1.8010000000000004,0.6875,383.8780038550766,8343.97688291767
12.5,17.5,2.0,0.6875,436.484888835983,9481.97666618318
12.5,20.0,0.01,0.6875,2.010320117835815,83.35963696578476
12.5,20.0,0.20900000000000002,0.6875,42.015690462768546,948.7616237687208
12.5,20.0,0.40800000000000003,0.6875,80.85826686753526,1789.0098830249367
12.5,20.0,0.607,0.6875,126.85962860883184,2784.1180273393943
12.5,20.0,0.806,0.6875,179.85861966136295,3930.599906145973
12.5,20.0,1.0050000000000001,0.6875,231.52597777287565,5048.2757075956015
12.5,20.0,1.2040000000000002,0.6875,303.0126649808296,6594.686117156012
12.5,20.0,1.4030000000000002,0.6875,372.74722750231405,8103.194310795825
12.5,20.0,1.6020000000000003,0.6875,442.48179002379845,9611.702504435638
12.5,20.0,1.8010000000000004,0.6875,512.2163525452829,11120.21069807545
12.5,20.0,2.0,0.6875,581.9509150667673,12628.718891715262
12.5,22.5,0.01,0.6875,2.6415092664329283,97.01361238295232
12.5,22.5,0.20900000000000002,0.6875,55.20754366844821,1234.1297099875228
12.5,22.5,0.40800000000000003,0.6875,105.77145365577132,2327.9355612086165
12.5,22.5,0.607,0.6875,165.25116982506867,3614.6094278312403
12.5,22.5,0.806,0.6875,233.84729650577384,5098.4908118711555
12.5,22.5,1.0050000000000001,0.6875,300.71990241560695,6545.0887440507695
12.5,22.5,1.2040000000000002,0.6875,392.3765020887286,8527.817632117865
12.5,22.5,1.4030000000000002,0.6875,481.78661647574427,10461.950223908805
12.5,22.5,1.6020000000000003,0.6875,571.19673086276,12396.082815699745
12.5,22.5,1.8010000000000004,0.6875,660.6068452497757,14330.215407490685
12.5,22.5,2.0,0.6875,750.0169596367912,16264.347999281621
15.0,0.0,0.01,0.9900000000000001,0.0,46.415823914336706
15.0,0.0,0.20900000000000002,0.9900000000000001,0.0,46.415823914336706
15.0,0.0,0.40800000000000003,0.9900000000000001,0.0,46.415823914336706
15.0,0.0,0.607,0.9900000000000001,0.0,46.415823914336706
15.0,0.0,0.806,0.9900000000000001,0.0,46.415823914336706
15.0,0.0,1.0050000000000001,0.9900000000000001,0.0,46.415823914336706
15.0,0.0,1.2040000000000002,0.9900000000000001,0.0,46.415823914336706
15.0,0.0,1.4030000000000002,0.9900000000000001,0.0,46.415823914336706
15.0,0.0,1.6020000000000003,0.9900000000000001,0.0,46.415823914336706
15.0,0.0,1.8010000000000004,0.9900000000000001,0.0,46.415823914336706
15.0,0.0,2.0,0.9900000000000001,0.0,46.415823914336706
15.0,2.5,0.01,0.9900000000000001,0.016204335484256642,46.76635845512426
15.0,2.5,0.20900000000000002,0.9900000000000001,0.33867061162096385,53.741995816796575
15.0,2.5,0.40800000000000003,0.9900000000000001,0.7065318254117218,61.69962306877339
15.0,2.5,0.607,0.9900000000000001,1.1927808849920576,72.2182334106767
15.0,2.5,0.806,0.9900000000000001,1.7479339880122176,84.22738603671445
15.0,2.5,1.0050000000000001,0.9900000000000001,2.2891385206047348,95.93480115958542
15.0,2.5,1.2040000000000002,0.9900000000000001,3.1687025620394396,114.96165836438136
15.0,2.5,1.4030000000000002,0.9900000000000001,4.026708661282116,133.52217102984406
15.0,2.5,1.6020000000000003,0.9900000000000001,4.884714760524794,152.08268369530677
15.0,2.5,1.8010000000000004,0.9900000000000001,5.742720859767471,170.64319636076948
15.0,2.5,2.0,0.9900000000000001,6.600726959010147,189.20370902623216
15.0,5.0,0.01,0.9900000000000001,0.08081820931436581,48.16409516660788
15.0,5.0,0.20900000000000002,0.9900000000000001,1.6891005746702457,82.9546930868043
15.0,5.0,0.40800000000000003,0.9900000000000001,3.4290605059333665,120.59375925441277
15.0,5.0,0.607,0.9900000000000001,5.65023702316366,168.6425725631639
15.0,5.0,0.806,0.9900000000000001,8.18977310687872,223.57818629341236
15.0,5.0,1.0050000000000001,0.9900000000000001,10.665501751304454,277.1335082213932
15.0,5.0,1.2040000000000002,0.9900000000000001,14.48286617230491,359.7112902991706
15.0,5.0,1.4030000000000002,0.9900000000000001,18.20666773984947,440.2651071299436
15.0,5.0,1.6020000000000003,0.9900000000000001,21.930469307394027,520.8189239607166
15.0,5.0,1.8010000000000004,0.9900000000000001,25.654270874938586,601.3727407914896
15.0,5.0,2.0,0.9900000000000001,29.378072442483138,681.9265576222624
15.0,7.5,0.01,0.9900000000000001,0.20689103977227197,50.891320962030655
15.0,7.5,0.20900000000000002,0.9900000000000001,4.324022731240485,139.9537122111402
15.0,7.5,0.40800000000000003,0.9900000000000001,8.640837088770136,233.33566791996398
15.0,7.5,0.607,0.9900000000000001,14.03622319649978,350.0494445189504
15.0,7.5,0.806,0.9900000000000001,20.214314844745033,483.69482115072265
15.0,7.5,1.0050000000000001,0.9900000000000001,26.237178059617285,613.9822737465207
15.0,7.5,1.2040000000000002,0.9900000000000001,35.2384186639019,808.6984189909016
15.0,7.5,1.4030000000000002,0.9900000000000001,44.01904062592464,998.6421096949789
15.0,7.5,1.6020000000000003,0.9900000000000001,52.79966258794737,1188.585800399056
15.0,7.5,1.8010000000000004,0.9900000000000001,61.580284549970095,1378.5294911031333
15.0,7.5,2.0,0.9900000000000001,70.36090651199281,1568.4731818072103
15.0,10.0,0.01,0.9900000000000001,0.4030762608640398,55.1352281837443
15.0,10.0,0.20900000000000002,0.9900000000000001,8.424293852058431,228.65137314495553
15.0,10.0,0.40800000000000003,0.9900000000000001,16.648381180169885,406.55602574592797
15.0,10.0,0.607,0.9900000000000001,26.77037198222812,625.5164021897814
15.0,10.0,0.806,0.9900000000000001,38.37723151652093,876.597674901756
15.0,10.0,1.0050000000000001,0.9900000000000001,49.69246141427371,1121.3703729224749
15.0,10.0,1.2040000000000002,0.9900000000000001,66.22900563198041,1479.0913013245452
15.0,10.0,1.4030000000000002,0.9900000000000001,82.36024239337078,1828.044559912839
15.0,10.0,1.6020000000000003,0.9900000000000001,98.49147915476112,2176.9978185011328
15.0,10.0,1.8010000000000004,0.9900000000000001,114.62271591615148,2525.9510770894267
15.0,10.0,2.0,0.9900000000000001,130.7539526775418,2874.9043356777197
15.0,12.5,0.01,0.9900000000000001,0.6761666636916042,61.04275947632046
15.0,12.5,0.20900000000000002,0.9900000000000001,14.131883271154527,352.1187771597972
15.0,12.5,0.40800000000000003,0.9900000000000001,27.68924153778884,645.3935219899159
15.0,12.5,0.607,0.9900000000000001,44.17355985124824,1001.9846920393323
15.0,12.5,0.806,0.9900000000000001,63.10088014197245,1411.423235995294
15.0,12.5,1.0050000000000001,0.9900000000000001,81.55263962137192,1810.5743793493466
15.0,12.5,1.2040000000000002,0.9900000000000001,108.05125058075927,2383.796183673339
15.0,12.5,1.4030000000000002,0.9900000000000001,133.9003857813381,2942.968433969782
15.0,12.5,1.6020000000000003,0.9900000000000001,159.74952098191687,3502.1406842662236
15.0,12.5,1.8010000000000004,0.9900000000000001,185.59865618249572,4061.312934562667
15.0,12.5,2.0,0.9900000000000001,211.44779138307445,4620.485184859109
15.0,15.0,0.01,0.9900000000000001,1.0318573923520136,68.73711302475829
15.0,15.0,0.20900000000000002,0.9900000000000001,21.56581950015709,512.9307663221477
15.0,15.0,0.40800000000000003,0.9900000000000001,41.96076742606908,954.1172446286103
15.0,15.0,0.607,0.9900000000000001,66.50979565428477,1485.1653919049218
15.0,15.0,0.806,0.9900000000000001,94.7312684044303,2095.6563929355966
15.0,15.0,1.0050000000000001,0.9900000000000001,122.24365892467266,2690.808424091129
15.0,15.0,1.2040000000000002,0.9900000000000001,161.19010277699215,3533.303559071811
15.0,15.0,1.4030000000000002,0.9900000000000001,199.18197692704888,4355.149303489241
15.0,15.0,1.6020000000000003,0.9900000000000001,237.17385107710555,5176.995047906669
15.0,15.0,1.8010000000000004,0.9900000000000001,275.1657252271623,5998.840792324099
15.0,15.0,2.0,0.9900000000000001,313.1575993772189,6820.686536741527
15.0,17.5,0.01,0.9900000000000001,1.4751033779697724,78.32547461943156
15.0,17.5,0.20900000000000002,0.9900000000000001,30.829660599568246,713.3275236508192
15.0,17.5,0.40800000000000003,0.9900000000000001,59.63343417120128,1336.4149406998276
15.0,17.5,0.607,0.9900000000000001,94.00540465287098,2079.9544027444913
15.0,17.5,0.806,0.9900000000000001,133.56401119621157,2935.691930046218
15.0,17.5,1.0050000000000001,0.9900000000000001,172.12868290177974,3769.9285144509163
15.0,17.5,1.2040000000000002,0.9900000000000001,226.05734891235724,4936.521257094959
15.0,17.5,1.4030000000000002,0.9900000000000001,278.6642338932637,6074.521040360472
15.0,17.5,1.6020000000000003,0.9900000000000001,331.27111887417016,7212.520823625984
15.0,17.5,1.8010000000000004,0.9900000000000001,383.8780038550766,8350.520606891496
15.0,17.5,2.0,0.9900000000000001,436.484888835983,9488.520390157006
15.0,20.0,0.01,0.9900000000000001,2.010320117835815,89.90336093960987
15.0,20.0,0.20900000000000002,0.9900000000000001,42.015690462768546,955.3053477425459
15.0,20.0,0.40800000000000003,0.9900000000000001,80.85826686753526,1795.5536069987618
15.0,20.0,0.607,0.9900000000000001,126.85962860883184,2790.661751313219
15.0,20.0,0.806,0.9900000000000001,179.85861966136295,3937.1436301197978
15.0,20.0,1.0050000000000001,0.9900000000000001,231.52597777287565,5054.819431569426
15.0,20.0,1.2040000000000002,0.9900000000000001,303.0126649808296,6601.229841129838
15.0,20.0,1.4030000000000002,0.9900000000000001,372.74722750231405,8109.738034769651
15.0,20.0,1.6020000000000003,0.9900000000000001,442.48179002379845,9618.246228409464
15.0,20.0,1.8010000000000004,0.9900000000000001,512.2163525452829,11126.754422049276
15.0,20.0,2.0,0.9900000000000001,581.9509150667673,12635.262615689086
15.0,22.5,0.01,0.9900000000000001,2.6415092664329283,103.55733635677741
15.0,22.5,0.20900000000000002,0.9900000000000001,55.20754366844821,1240.6734339613479
15.0,22.5,0.40800000000000003,0.9900000000000001,105.77145365577132,2334.479285182442
15.0,22.5,0.607,0.9900000000000001,165.25116982506867,3621.1531518050656
15.0,22.5,0.806,0.9900000000000001,233.84729650577384,5105.03453584498
15.0,22.5,1.0050000000000001,0.9900000000000001,300.71990241560695,6551.632468024594
15.0,22.5,1.2040000000000002,0.9900000000000001,392.3765020887286,8534.36135609169
15.0,22.5,1.4030000000000002,0.9900000000000001,481.78661647574427,10468.493947882629
15.0,22.5,1.6020000000000003,0.9900000000000001,571.19673086276,12402.62653967357
15.0,22.5,1.8010000000000004,0.9900000000000001,660.6068452497757,14336.75913146451
15.0,22.5,2.0,0.9900000000000001,750.0169596367912,16270.891723255445
17.5,0.0,0.01,1.3475,0.0,54.149315883402735
17.5,0.0,0.20900000000000002,1.3475,0.0,54.149315883402735
17.5,0.0,0.40800000000000003,1.3475,0.0,54.149315883402735
17.5,0.0,0.607,1.3475,0.0,54.149315883402735
17.5,0.0,0.806,1.3475,0.0,54.149315883402735
17.5,0.0,1.0050000000000001,1.3475,0.0,54.149315883402735
17.5,0.0,1.2040000000000002,1.3475,0.0,54.149315883402735
17.5,0.0,1.4030000000000002,1.3475,0.0,54.149315883402735
17.5,0.0,1.6020000000000003,1.3475,0.0,54.149315883402735
17.5,0.0,1.8010000000000004,1.3475,0.0,54.149315883402735
17.5,0.0,2.0,1.3475,0.0,54.149315883402735
17.5,2.5,0.01,1.3475,0.016204335484256642,54.49985042419029
17.5,2.5,0.20900000000000002,1.3475,0.33867061162096385,61.47548778586261
17.5,2.5,0.40800000000000003,1.3475,0.7065318254117218,69.43311503783943
17.5,2.5,0.607,1.3475,1.1927808849920576,79.95172537974274
17.5,2.5,0.806,1.3475,1.7479339880122176,91.96087800578049
17.5,2.5,1.0050000000000001,1.3475,2.2891385206047348,103.66829312865144
17.5,2.5,1.2040000000000002,1.3475,3.1687025620394396,122.6951503334474
17.5,2.5,1.4030000000000002,1.3475,4.026708661282116,141.2556629989101
17.5,2.5,1.6020000000000003,1.3475,4.884714760524794,159.8161756643728
17.5,2.5,1.8010000000000004,1.3475,5.742720859767471,178.3766883298355
17.5,2.5,2.0,1.3475,6.600726959010147,196.93720099529818
17.5,5.0,0.01,1.3475,0.08081820931436581,55.89758713567391
17.5,5.0,0.20900000000000002,1.3475,1.6891005746702457,90.68818505587033
17.5,5.0,0.40800000000000003,1.3475,3.4290605059333665,128.3272512234788
17.5,5.0,0.607,1.3475,5.65023702316366,176.37606453222995
17.5,5.0,0.806,1.3475,8.18977310687872,231.31167826247838
17.5,5.0,1.0050000000000001,1.3475,10.665501751304454,284.86700019045924
17.5,5.0,1.2040000000000002,1.3475,14.48286617230491,367.4447822682366
17.5,5.0,1.4030000000000002,1.3475,18.20666773984947,447.99859909900965
17.5,5.0,1.6020000000000003,1.3475,21.930469307394027,528.5524159297827
17.5,5.0,1.8010000000000004,1.3475,25.654270874938586,609.1062327605556
17.5,5.0,2.0,1.3475,29.378072442483138,689.6600495913285
17.5,7.5,0.01,1.3475,0.20689103977227197,58.624812931096685
17.5,7.5,0.20900000000000002,1.3475,4.324022731240485,147.68720418020627
17.5,7.5,0.40800000000000003,1.3475,8.640837088770136,241.06915988903
17.5,7.5,0.607,1.3475,14.03622319649978,357.7829364880164
17.5,7.5,0.806,1.3475,20.214314844745033,491.4283131197887
17.5,7.5,1.0050000000000001,1.3475,26.237178059617285,621.7157657155867
17.5,7.5,1.2040000000000002,1.3475,35.2384186639019,816.4319109599676
17.5,7.5,1.4030000000000002,1.3475,44.01904062592464,1006.3756016640449
17.5,7.5,1.6020000000000003,1.3475,52.79966258794737,1196.319292368122
17.5,7.5,1.8010000000000004,1.3475,61.580284549970095,1386.2629830721992
17.5,7.5,2.0,1.3475,70.36090651199281,1576.2066737762761
17.5,10.0,0.01,1.3475,0.4030762608640398,62.86872015281033
17.5,10.0,0.20900000000000002,1.3475,8.424293852058431,236.38486511402155
17.5,10.0,0.40800000000000003,1.3475,16.648381180169885,414.289517714994
17.5,10.0,0.607,1.3475,26.77037198222812,633.2498941588474
17.5,10.0,0.806,1.3475,38.37723151652093,884.3311668708221
17.5,10.0,1.0050000000000001,1.3475,49.69246141427371,1129.103864891541
17.5,10.0,1.2040000000000002,1.3475,66.22900563198041,1486.8247932936113
17.5,10.0,1.4030000000000002,1.3475,82.36024239337078,1835.7780518819052
17.5,10.0,1.6020000000000003,1.3475,98.49147915476112,2184.731310470199
17.5,10.0,1.8010000000000004,1.3475,114.62271591615148,2533.684569058493
17.5,10.0,2.0,1.3475,130.7539526775418,2882.637827646786
17.5,12.5,0.01,1.3475,0.6761666636916042,68.77625144538649
17.5,12.5,0.20900000000000002,1.3475,14.131883271154527,359.85226912886327
17.5,12.5,0.40800000000000003,1.3475,27.68924153778884,653.1270139589819
17.5,12.5,0.607,1.3475,44.17355985124824,1009.7181840083985
17.5,12.5,0.806,1.3475,63.10088014197245,1419.15672796436
17.5,12.5,1.0050000000000001,1.3475,81.55263962137192,1818.3078713184127
17.5,12.5,1.2040000000000002,1.3475,108.05125058075927,2391.5296756424045
17.5,12.5,1.4030000000000002,1.3475,133.9003857813381,2950.7019259388476
17.5,12.5,1.6020000000000003,1.3475,159.74952098191687,3509.8741762352897
17.5,12.5,1.8010000000000004,1.3475,185.59865618249572,4069.0464265317332
17.5,12.5,2.0,1.3475,211.44779138307445,4628.2186768281745
17.5,15.0,0.01,1.3475,1.0318573923520136,76.47060499382431
17.5,15.0,0.20900000000000002,1.3475,21.56581950015709,520.6642582912139
17.5,15.0,0.40800000000000003,1.3475,41.96076742606908,961.8507365976764
17.5,15.0,0.607,1.3475,66.50979565428477,1492.8988838739876
17.5,15.0,0.806,1.3475,94.7312684044303,2103.3898849046627
17.5,15.0,1.0050000000000001,1.3475,122.24365892467266,2698.541916060195
17.5,15.0,1.2040000000000002,1.3475,161.19010277699215,3541.0370510408766
17.5,15.0,1.4030000000000002,1.3475,199.18197692704888,4362.882795458307
17.5,15.0,1.6020000000000003,1.3475,237.17385107710555,5184.728539875735
17.5,15.0,1.8010000000000004,1.3475,275.1657252271623,6006.574284293165
17.5,15.0,2.0,1.3475,313.1575993772189,6828.420028710592
17.5,17.5,0.01,1.3475,1.4751033779697724,86.0589665884976
17.5,17.5,0.20900000000000002,1.3475,30.829660599568246,721.0610156198853
17.5,17.5,0.40800000000000003,1.3475,59.63343417120128,1344.1484326688937
17.5,17.5,0.607,1.3475,94.00540465287098,2087.6878947135574
17.5,17.5,0.806,1.3475,133.56401119621157,2943.4254220152843
17.5,17.5,1.0050000000000001,1.3475,172.12868290177974,3777.6620064199824
17.5,17.5,1.2040000000000002,1.3475,226.05734891235724,4944.254749064025
17.5,17.5,1.4030000000000002,1.3475,278.6642338932637,6082.254532329538
17.5,17.5,1.6020000000000003,1.3475,331.27111887417016,7220.25431559505
17.5,17.5,1.8010000000000004,1.3475,383.8780038550766,8358.254098860561
17.5,17.5,2.0,1.3475,436.484888835983,9496.253882126071
17.5,20.0,0.01,1.3475,2.010320117835815,97.63685290867589
17.5,20.0,0.20900000000000002,1.3475,42.015690462768546,963.038839711612
17.5,20.0,0.40800000000000003,1.3475,80.85826686753526,1803.287098967828
17.5,20.0,0.607,1.3475,126.85962860883184,2798.3952432822853
17.5,20.0,0.806,1.3475,179.85861966136295,3944.877122088864
17.5,20.0,1.0050000000000001,1.3475,231.52597777287565,5062.552923538492
17.5,20.0,1.2040000000000002,1.3475,303.0126649808296,6608.963333098904
17.5,20.0,1.4030000000000002,1.3475,372.74722750231405,8117.471526738716
17.5,20.0,1.6020000000000003,1.3475,442.48179002379845,9625.97972037853
17.5,20.0,1.8010000000000004,1.3475,512.2163525452829,11134.487914018342
17.5,20.0,2.0,1.3475,581.9509150667673,12642.996107658153
17.5,22.5,0.01,1.3475,2.6415092664329283,111.29082832584345
17.5,22.5,0.20900000000000002,1.3475,55.20754366844821,1248.406925930414
17.5,22.5,0.40800000000000003,1.3475,105.77145365577132,2342.212777151508
17.5,22.5,0.607,1.3475,165.25116982506867,3628.8866437741317
17.5,22.5,0.806,1.3475,233.84729650577384,5112.768027814047
17.5,22.5,1.0050000000000001,1.3475,300.71990241560695,6559.365959993661
17.5,22.5,1.2040000000000002,1.3475,392.3765020887286,8542.094848060755
17.5,22.5,1.4030000000000002,1.3475,481.78661647574427,10476.227439851697
17.5,22.5,1.6020000000000003,1.3475,571.19673086276,12410.360031642636
17.5,22.5,1.8010000000000004,1.3475,660.6068452497757,14344.492623433576
17.5,22.5,2.0,1.3475,750.0169596367912,16278.625215224512
20.0,0.0,0.01,1.7600000000000002,0.0,63.0725758477097
20.0,0.0,0.20900000000000002,1.7600000000000002,0.0,63.0725758477097
20.0,0.0,0.40800000000000003,1.7600000000000002,0.0,63.0725758477097
20.0,0.0,0.607,1.7600000000000002,0.0,63.0725758477097
20.0,0.0,0.806,1.7600000000000002,0.0,63.0725758477097
20.0,0.0,1.0050000000000001,1.7600000000000002,0.0,63.0725758477097
20.0,0.0,1.2040000000000002,1.7600000000000002,0.0,63.0725758477097
20.0,0.0,1.4030000000000002,1.7600000000000002,0.0,63.0725758477097
20.0,0.0,1.6020000000000003,1.7600000000000002,0.0,63.0725758477097
20.0,0.0,1.8010000000000004,1.7600000000000002,0.0,63.0725758477097
20.0,0.0,2.0,1.7600000000000002,0.0,63.0725758477097
20.0,2.5,0.01,1.7600000000000002,0.016204335484256642,63.42311038849726
20.0,2.5,0.20900000000000002,1.7600000000000002,0.33867061162096385,70.39874775016958
20.0,2.5,0.40800000000000003,1.7600000000000002,0.7065318254117218,78.35637500214638
20.0,2.5,0.607,1.7600000000000002,1.1927808849920576,88.87498534404969
20.0,2.5,0.806,1.7600000000000002,1.7479339880122176,100.88413797008745
20.0,2.5,1.0050000000000001,1.7600000000000002,2.2891385206047348,112.59155309295842
20.0,2.5,1.2040000000000002,1.7600000000000002,3.1687025620394396,131.61841029775434
20.0,2.5,1.4030000000000002,1.7600000000000002,4.026708661282116,150.17892296321708
20.0,2.5,1.6020000000000003,1.7600000000000002,4.884714760524794,168.73943562867976
20.0,2.5,1.8010000000000004,1.7600000000000002,5.742720859767471,187.29994829414247
20.0,2.5,2.0,1.7600000000000002,6.600726959010147,205.86046095960515
20.0,5.0,0.01,1.7600000000000002,0.08081820931436581,64.82084709998088
20.0,5.0,0.20900000000000002,1.7600000000000002,1.6891005746702457,99.61144502017729
20.0,5.0,0.40800000000000003,1.7600000000000002,3.4290605059333665,137.25051118778578
20.0,5.0,0.607,1.7600000000000002,5.65023702316366,185.29932449653688
20.0,5.0,0.806,1.7600000000000002,8.18977310687872,240.23493822678535
20.0,5.0,1.0050000000000001,1.7600000000000002,10.665501751304454,293.7902601547662
20.0,5.0,1.2040000000000002,1.7600000000000002,14.48286617230491,376.3680422325436
20.0,5.0,1.4030000000000002,1.7600000000000002,18.20666773984947,456.9218590633166
20.0,5.0,1.6020000000000003,1.7600000000000002,21.930469307394027,537.4756758940896
20.0,5.0,1.8010000000000004,1.7600000000000002,25.654270874938586,618.0294927248626
20.0,5.0,2.0,1.7600000000000002,29.378072442483138,698.5833095556354
20.0,7.5,0.01,1.7600000000000002,0.20689103977227197,67.54807289540365
20.0,7.5,0.20900000000000002,1.7600000000000002,4.324022731240485,156.61046414451323
20.0,7.5,0.40800000000000003,1.7600000000000002,8.640837088770136,249.99241985333697
20.0,7.5,0.607,1.7600000000000002,14.03622319649978,366.70619645232335
20.0,7.5,0.806,1.7600000000000002,20.214314844745033,500.35157308409566
20.0,7.5,1.0050000000000001,1.7600000000000002,26.237178059617285,630.6390256798937
20.0,7.5,1.2040000000000002,1.7600000000000002,35.2384186639019,825.3551709242745
20.0,7.5,1.4030000000000002,1.7600000000000002,44.01904062592464,1015.2988616283519
20.0,7.5,1.6020000000000003,1.7600000000000002,52.79966258794737,1205.242552332429
20.0,7.5,1.8010000000000004,1.7600000000000002,61.580284549970095,1395.1862430365063
20.0,7.5,2.0,1.7600000000000002,70.36090651199281,1585.1299337405833
20.0,10.0,0.01,1.7600000000000002,0.4030762608640398,71.7919801171173
20.0,10.0,0.20900000000000002,1.7600000000000002,8.424293852058431,245.30812507832852
20.0,10.0,0.40800000000000003,1.7600000000000002,16.648381180169885,423.212777679301
20.0,10.0,0.607,1.7600000000000002,26.77037198222812,642.1731541231544
20.0,10.0,0.806,1.7600000000000002,38.37723151652093,893.254426835129
20.0,10.0,1.0050000000000001,1.7600000000000002,49.69246141427371,1138.027124855848
20.0,10.0,1.2040000000000002,1.7600000000000002,66.22900563198041,1495.7480532579182
20.0,10.0,1.4030000000000002,1.7600000000000002,82.36024239337078,1844.701311846212
20.0,10.0,1.6020000000000003,1.7600000000000002,98.49147915476112,2193.654570434506
20.0,10.0,1.8010000000000004,1.7600000000000002,114.62271591615148,2542.6078290227997
20.0,10.0,2.0,1.7600000000000002,130.7539526775418,2891.5610876110927
20.0,12.5,0.01,1.7600000000000002,0.6761666636916042,77.69951140969346
20.0,12.5,0.20900000000000002,1.7600000000000002,14.131883271154527,368.77552909317023
20.0,12.5,0.40800000000000003,1.7600000000000002,27.68924153778884,662.050273923289
20.0,12.5,0.607,1.7600000000000002,44.17355985124824,1018.6414439727054
20.0,12.5,0.806,1.7600000000000002,63.10088014197245,1428.079987928667
20.0,12.5,1.0050000000000001,1.7600000000000002,81.55263962137192,1827.2311312827196
20.0,12.5,1.2040000000000002,1.7600000000000002,108.05125058075927,2400.452935606712
20.0,12.5,1.4030000000000002,1.7600000000000002,133.9003857813381,2959.625185903155
20.0,12.5,1.6020000000000003,1.7600000000000002,159.74952098191687,3518.7974361995966
20.0,12.5,1.8010000000000004,1.7600000000000002,185.59865618249572,4077.96968649604
20.0,12.5,2.0,1.7600000000000002,211.44779138307445,4637.141936792482
20.0,15.0,0.01,1.7600000000000002,1.0318573923520136,85.39386495813127
20.0,15.0,0.20900000000000002,1.7600000000000002,21.56581950015709,529.5875182555208
20.0,15.0,0.40800000000000003,1.7600000000000002,41.96076742606908,970.7739965619833
20.0,15.0,0.607,1.7600000000000002,66.50979565428477,1501.8221438382946
20.0,15.0,0.806,1.7600000000000002,94.7312684044303,2112.3131448689696
20.0,15.0,1.0050000000000001,1.7600000000000002,122.24365892467266,2707.465176024502
20.0,15.0,1.2040000000000002,1.7600000000000002,161.19010277699215,3549.9603110051835
20.0,15.0,1.4030000000000002,1.7600000000000002,199.18197692704888,4371.806055422614
20.0,15.0,1.6020000000000003,1.7600000000000002,237.17385107710555,5193.651799840042
20.0,15.0,1.8010000000000004,1.7600000000000002,275.1657252271623,6015.497544257472
20.0,15.0,2.0,1.7600000000000002,313.1575993772189,6837.3432886749
20.0,17.5,0.01,1.7600000000000002,1.4751033779697724,94.98222655280456
20.0,17.5,0.20900000000000002,1.7600000000000002,30.829660599568246,729.9842755841922
20.0,17.5,0.40800000000000003,1.7600000000000002,59.63343417120128,1353.0716926332007
20.0,17.5,0.607,1.7600000000000002,94.00540465287098,2096.6111546778643
20.0,17.5,0.806,1.7600000000000002,133.56401119621157,2952.348681979591
20.0,17.5,1.0050000000000001,1.7600000000000002,172.12868290177974,3786.5852663842893
20.0,17.5,1.2040000000000002,1.7600000000000002,226.05734891235724,4953.178009028332
20.0,17.5,1.4030000000000002,1.7600000000000002,278.6642338932637,6091.177792293845
20.0,17.5,1.6020000000000003,1.7600000000000002,331.27111887417016,7229.177575559357
20.0,17.5,1.8010000000000004,1.7600000000000002,383.8780038550766,8367.177358824869
20.0,17.5,2.0,1.7600000000000002,436.484888835983,9505.177142090379
20.0,20.0,0.01,1.7600000000000002,2.010320117835815,106.56011287298286
20.0,20.0,0.20900000000000002,1.7600000000000002,42.015690462768546,971.9620996759189
20.0,20.0,0.40800000000000003,1.7600000000000002,80.85826686753526,1812.2103589321348
20.0,20.0,0.607,1.7600000000000002,126.85962860883184,2807.318503246592
20.0,20.0,0.806,1.7600000000000002,179.85861966136295,3953.800382053171
20.0,20.0,1.0050000000000001,1.7600000000000002,231.52597777287565,5071.476183502799
20.0,20.0,1.2040000000000002,1.7600000000000002,303.0126649808296,6617.886593063211
20.0,20.0,1.4030000000000002,1.7600000000000002,372.74722750231405,8126.394786703024
20.0,20.0,1.6020000000000003,1.7600000000000002,442.48179002379845,9634.902980342837
20.0,20.0,1.8010000000000004,1.7600000000000002,512.2163525452829,11143.41117398265
20.0,20.0,2.0,1.7600000000000002,581.9509150667673,12651.919367622459
20.0,22.5,0.01,1.7600000000000002,2.6415092664329283,120.21408829015041
20.0,22.5,0.20900000000000002,1.7600000000000002,55.20754366844821,1257.330185894721
20.0,22.5,0.40800000000000003,1.7600000000000002,105.77145365577132,2351.136037115815
20.0,22.5,0.607,1.7600000000000002,165.25116982506867,3637.8099037384386
20.0,22.5,0.806,1.7600000000000002,233.84729650577384,5121.691287778353
20.0,22.5,1.0050000000000001,1.7600000000000002,300.71990241560695,6568.289219957967
20.0,22.5,1.2040000000000002,1.7600000000000002,392.3765020887286,8551.018108025062
20.0,22.5,1.4030000000000002,1.7600000000000002,481.78661647574427,10485.150699816002
20.0,22.5,1.6020000000000003,1.7600000000000002,571.19673086276,12419.283291606944
20.0,22.5,1.8010000000000004,1.7600000000000002,660.6068452497757,14353.415883397884
20.0,22.5,2.0,1.7600000000000002,750.0169596367912,16287.548475188818
22.5,0.0,0.01,2.2275,0.0,73.18560380725759
22.5,0.0,0.20900000000000002,2.2275,0.0,73.18560380725759
22.5,0.0,0.40800000000000003,2.2275,0.0,73.18560380725759
22.5,0.0,0.607,2.2275,0.0,73.18560380725759
22.5,0.0,0.806,2.2275,0.0,73.18560380725759
22.5,0.0,1.0050000000000001,2.2275,0.0,73.18560380725759
22.5,0.0,1.2040000000000002,2.2275,0.0,73.18560380725759
22.5,0.0,1.4030000000000002,2.2275,0.0,73.18560380725759
22.5,0.0,1.6020000000000003,2.2275,0.0,73.18560380725759
22.5,0.0,1.8010000000000004,2.2275,0.0,73.18560380725759
22.5,0.0,2.0,2.2275,0.0,73.18560380725759
22.5,2.5,0.01,2.2275,0.016204335484256642,73.53613834804514
22.5,2.5,0.20900000000000002,2.2275,0.33867061162096385,80.51177570971745
22.5,2.5,0.40800000000000003,2.2275,0.7065318254117218,88.46940296169427
22.5,2.5,0.607,2.2275,1.1927808849920576,98.98801330359758
22.5,2.5,0.806,2.2275,1.7479339880122176,110.99716592963533
22.5,2.5,1.0050000000000001,2.2275,2.2891385206047348,122.70458105250628
22.5,2.5,1.2040000000000002,2.2275,3.1687025620394396,141.73143825730224
22.5,2.5,1.4030000000000002,2.2275,4.026708661282116,160.29195092276495
22.5,2.5,1.6020000000000003,2.2275,4.884714760524794,178.85246358822764
22.5,2.5,1.8010000000000004,2.2275,5.742720859767471,197.41297625369035
22.5,2.5,2.0,2.2275,6.600726959010147,215.973488919153
22.5,5.0,0.01,2.2275,0.08081820931436581,74.93387505952876
22.5,5.0,0.20900000000000002,2.2275,1.6891005746702457,109.72447297972518
22.5,5.0,0.40800000000000003,2.2275,3.4290605059333665,147.36353914733365
22.5,5.0,0.607,2.2275,5.65023702316366,195.4123524560848
22.5,5.0,0.806,2.2275,8.18977310687872,250.34796618633322
22.5,5.0,1.0050000000000001,2.2275,10.665501751304454,303.9032881143141
22.5,5.0,1.2040000000000002,2.2275,14.48286617230491,386.48107019209147
22.5,5.0,1.4030000000000002,2.2275,18.20666773984947,467.0348870228645
22.5,5.0,1.6020000000000003,2.2275,21.930469307394027,547.5887038536375
22.5,5.0,1.8010000000000004,2.2275,25.654270874938586,628.1425206844104
22.5,5.0,2.0,2.2275,29.378072442483138,708.6963375151834
22.5,7.5,0.01,2.2275,0.20689103977227197,77.66110085495154
22.5,7.5,0.20900000000000002,2.2275,4.324022731240485,166.7234921040611
22.5,7.5,0.40800000000000003,2.2275,8.640837088770136,260.10544781288485
22.5,7.5,0.607,2.2275,14.03622319649978,376.81922441187123
22.5,7.5,0.806,2.2275,20.214314844745033,510.46460104364354
22.5,7.5,1.0050000000000001,2.2275,26.237178059617285,640.7520536394416
22.5,7.5,1.2040000000000002,2.2275,35.2384186639019,835.4681988838224
22.5,7.5,1.4030000000000002,2.2275,44.01904062592464,1025.4118895878996
22.5,7.5,1.6020000000000003,2.2275,52.79966258794737,1215.3555802919768
22.5,7.5,1.8010000000000004,2.2275,61.580284549970095,1405.299270996054
22.5,7.5,2.0,2.2275,70.36090651199281,1595.242961700131
22.5,10.0,0.01,2.2275,0.4030762608640398,81.90500807666518
22.5,10.0,0.20900000000000002,2.2275,8.424293852058431,255.42115303787642
22.5,10.0,0.40800000000000003,2.2275,16.648381180169885,433.32580563884886
22.5,10.0,0.607,2.2275,26.77037198222812,652.2861820827022
22.5,10.0,0.806,2.2275,38.37723151652093,903.367454794677
22.5,10.0,1.0050000000000001,2.2275,49.69246141427371,1148.1401528153958
22.5,10.0,1.2040000000000002,2.2275,66.22900563198041,1505.861081217466
22.5,10.0,1.4030000000000002,2.2275,82.36024239337078,1854.81433980576
22.5,10.0,1.6020000000000003,2.2275,98.49147915476112,2203.767598394054
22.5,10.0,1.8010000000000004,2.2275,114.62271591615148,2552.7208569823474
22.5,10.0,2.0,2.2275,130.7539526775418,2901.6741155706404
22.5,12.5,0.01,2.2275,0.6761666636916042,87.81253936924134
22.5,12.5,0.20900000000000002,2.2275,14.131883271154527,378.8885570527181
22.5,12.5,0.40800000000000003,2.2275,27.68924153778884,672.1633018828368
22.5,12.5,0.607,2.2275,44.17355985124824,1028.7544719322532
22.5,12.5,0.806,2.2275,63.10088014197245,1438.1930158882149
22.5,12.5,1.0050000000000001,2.2275,81.55263962137192,1837.3441592422676
22.5,12.5,1.2040000000000002,2.2275,108.05125058075927,2410.5659635662596
22.5,12.5,1.4030000000000002,2.2275,133.9003857813381,2969.7382138627027
22.5,12.5,1.6020000000000003,2.2275,159.74952098191687,3528.910464159145
22.5,12.5,1.8010000000000004,2.2275,185.59865618249572,4088.082714455588
22.5,12.5,2.0,2.2275,211.44779138307445,4647.254964752029
22.5,15.0,0.01,2.2275,1.0318573923520136,95.50689291767915
22.5,15.0,0.20900000000000002,2.2275,21.56581950015709,539.7005462150687
22.5,15.0,0.40800000000000003,2.2275,41.96076742606908,980.8870245215312
22.5,15.0,0.607,2.2275,66.50979565428477,1511.9351717978425
22.5,15.0,0.806,2.2275,94.7312684044303,2122.426172828518
22.5,15.0,1.0050000000000001,2.2275,122.24365892467266,2717.5782039840497
22.5,15.0,1.2040000000000002,2.2275,161.19010277699215,3560.0733389647316
22.5,15.0,1.4030000000000002,2.2275,199.18197692704888,4381.919083382161
22.5,15.0,1.6020000000000003,2.2275,237.17385107710555,5203.76482779959
22.5,15.0,1.8010000000000004,2.2275,275.1657252271623,6025.61057221702
22.5,15.0,2.0,2.2275,313.1575993772189,6847.456316634447
22.5,17.5,0.01,2.2275,1.4751033779697724,105.09525451235244
22.5,17.5,0.20900000000000002,2.2275,30.829660599568246,740.0973035437402
22.5,17.5,0.40800000000000003,2.2275,59.63343417120128,1363.1847205927486
22.5,17.5,0.607,2.2275,94.00540465287098,2106.724182637412
22.5,17.5,0.806,2.2275,133.56401119621157,2962.4617099391394
22.5,17.5,1.0050000000000001,2.2275,172.12868290177974,3796.6982943438375
22.5,17.5,1.2040000000000002,2.2275,226.05734891235724,4963.29103698788
22.5,17.5,1.4030000000000002,2.2275,278.6642338932637,6101.290820253393
22.5,17.5,1.6020000000000003,2.2275,331.27111887417016,7239.290603518904
22.5,17.5,1.8010000000000004,2.2275,383.8780038550766,8377.290386784416
22.5,17.5,2.0,2.2275,436.484888835983,9515.290170049926
22.5,20.0,0.01,2.2275,2.010320117835815,116.67314083253073
22.5,20.0,0.20900000000000002,2.2275,42.015690462768546,982.0751276354669
22.5,20.0,0.40800000000000003,2.2275,80.85826686753526,1822.3233868916827
22.5,20.0,0.607,2.2275,126.85962860883184,2817.43153120614
22.5,20.0,0.806,2.2275,179.85861966136295,3963.9134100127185
22.5,20.0,1.0050000000000001,2.2275,231.52597777287565,5081.5892114623475
22.5,20.0,1.2040000000000002,2.2275,303.0126649808296,6627.999621022758
22.5,20.0,1.4030000000000002,2.2275,372.74722750231405,8136.507814662571
22.5,20.0,1.6020000000000003,2.2275,442.48179002379845,9645.016008302384
22.5,20.0,1.8010000000000004,2.2275,512.2163525452829,11153.524201942197
22.5,20.0,2.0,2.2275,581.9509150667673,12662.032395582008
22.5,22.5,0.01,2.2275,2.6415092664329283,130.3271162496983
22.5,22.5,0.20900000000000002,2.2275,55.20754366844821,1267.4432138542688
22.5,22.5,0.40800000000000003,2.2275,105.77145365577132,2361.2490650753625
22.5,22.5,0.607,2.2275,165.25116982506867,3647.9229316979863
22.5,22.5,0.806,2.2275,233.84729650577384,5131.804315737902
22.5,22.5,1.0050000000000001,2.2275,300.71990241560695,6578.4022479175155
22.5,22.5,1.2040000000000002,2.2275,392.3765020887286,8561.131135984611
22.5,22.5,1.4030000000000002,2.2275,481.78661647574427,10495.263727775551
22.5,22.5,1.6020000000000003,2.2275,571.19673086276,12429.396319566491
22.5,22.5,1.8010000000000004,2.2275,660.6068452497757,14363.52891135743
22.5,22.5,2.0,2.2275,750.0169596367912,16297.661503148367
