0.0,6.4,0.01,0.0,0.0119243036758538,25.235249046635374
0.0,6.4,0.20900000000000002,0.0,0.24921794682534446,29.916705074679303
0.0,6.4,0.40800000000000003,0.0,0.48651158997483507,34.59816110272323
0.0,6.4,0.607,0.0,0.7238052331243257,39.27961713076716
0.0,6.4,0.806,0.0,0.9610988762738164,43.96107315881109
0.0,6.4,1.0050000000000001,0.0,1.19243036758538,48.52490466353733
0.0,6.4,1.2040000000000002,0.0,1.5540187128597855,55.658513116709784
0.0,6.4,1.4030000000000002,0.0,1.9067445986911908,62.61727822544174
0.0,6.4,1.6020000000000003,0.0,2.259470484522596,69.5760433341737
0.0,6.4,1.8010000000000004,0.0,2.612196370354001,76.53480844290564
0.0,6.4,2.0,0.0,2.964922256185406,83.49357355163758
0.0,12.8,0.01,0.0,0.057908156988726124,26.14244312241016
0.0,12.8,0.20900000000000002,0.0,1.2102804810643761,48.87706125837232
0.0,12.8,0.40800000000000003,0.0,2.362652805140026,71.61167939433449
0.0,12.8,0.607,0.0,3.5150251292156756,94.34629753029664
0.0,12.8,0.806,0.0,4.6673974532913265,117.08091566625882
0.0,12.8,1.0050000000000001,0.0,5.7908156988726125,139.24431224101588
0.0,12.8,1.2040000000000002,0.0,7.516720980958363,173.29389561549803
0.0,12.8,1.4030000000000002,0.0,9.20032466299299,206.50893037786048
0.0,12.8,1.6020000000000003,0.0,10.88392834502762,239.72396514022296
0.0,12.8,1.8010000000000004,0.0,12.567532027062247,272.93899990258535
0.0,12.8,2.0,0.0,14.25113570909687,306.15403466494774
0.0,19.200000000000003,0.01,0.0,0.1459497769552306,27.879375334501866
0.0,19.200000000000003,0.20900000000000002,0.0,3.0503503383643196,85.17894449108901
0.0,19.200000000000003,0.40800000000000003,0.0,5.954750899773408,142.47851364767615
0.0,19.200000000000003,0.607,0.0,8.859151461182497,199.7780828042633
0.0,19.200000000000003,0.806,0.0,11.763552022591586,257.07765196085046
0.0,19.200000000000003,1.0050000000000001,0.0,14.59497769552306,312.93753345018666
0.0,19.200000000000003,1.2040000000000002,0.0,18.90090279465339,397.8871289980546
0.0,19.200000000000003,1.4030000000000002,0.0,23.10129051390307,480.75462661582765
0.0,19.200000000000003,1.6020000000000003,0.0,27.301678233152753,563.6221242336007
0.0,19.200000000000003,1.8010000000000004,0.0,31.502065952402436,646.489621851374
0.0,19.200000000000003,2.0,0.0,35.70245367165211,729.3571194691468
0.0,25.6,0.01,0.0,0.28122016488236107,30.548061965008703
0.0,25.6,0.20900000000000002,0.0,5.877501446041347,140.95449506868187
0.0,25.6,0.40800000000000003,0.0,11.473782727200332,251.36092817235507
0.0,25.6,0.607,0.0,17.070064008359317,361.7673612760282
0.0,25.6,0.806,0.0,22.666345289518304,472.1737943797014
0.0,25.6,1.0050000000000001,0.0,28.122016488236106,579.8061965008702
0.0,25.6,1.2040000000000002,0.0,36.35896649244304,742.30915586417
0.0,25.6,1.4030000000000002,0.0,44.3940304671351,900.8291995568006
0.0,25.6,1.6020000000000003,0.0,52.429094441827154,1059.349243249431
0.0,25.6,1.8010000000000004,0.0,60.46415841651922,1217.8692869420618
0.0,25.6,2.0,0.0,68.49922239121125,1376.3893306346918
0.0,32.0,0.01,0.0,0.4677220795535528,34.227471582101344
0.0,32.0,0.20900000000000002,0.0,9.775391462669255,217.8541560659181
0.0,32.0,0.40800000000000003,0.0,19.083060845784956,401.4808405497348
0.0,32.0,0.607,0.0,28.390730228900654,585.1075250335515
0.0,32.0,0.806,0.0,37.69839961201636,768.7342095173683
0.0,32.0,1.0050000000000001,0.0,46.772207955355285,947.7471582101343
0.0,32.0,1.2040000000000002,0.0,60.394915969789174,1216.5032348837829
0.0,32.0,1.4030000000000002,0.0,73.68373408190851,1478.67215281543
0.0,32.0,1.6020000000000003,0.0,86.97255219402784,1740.8410707470773
0.0,32.0,1.8010000000000004,0.0,100.26137030614717,2003.0099886787245
0.0,32.0,2.0,0.0,113.55018841826649,2265.178906610371
0.0,38.400000000000006,0.01,0.0,0.7087778730012845,38.983149325309434
0.0,38.400000000000006,0.20900000000000002,0.0,14.813457545726848,317.2478208989672
0.0,38.400000000000006,0.40800000000000003,0.0,28.918137218452408,595.5124924726249
0.0,38.400000000000006,0.607,0.0,43.02281689117797,873.7771640462826
0.0,38.400000000000006,0.806,0.0,57.12749656390353,1152.0418356199402
0.0,38.400000000000006,1.0050000000000001,0.0,70.87778730012845,1423.3149325309432
0.0,38.400000000000006,1.2040000000000002,0.0,91.42648468464601,1828.7106353504976
0.0,38.400000000000006,1.4030000000000002,0.0,111.47153752542539,2224.170168983298
0.0,38.400000000000006,1.6020000000000003,0.0,131.51659036620475,2619.6297026160983
0.0,38.400000000000006,1.8010000000000004,0.0,151.56164320698414,3015.0892362488985
0.0,38.400000000000006,2.0,0.0,171.60669604776348,3410.548769881698
0.0,44.800000000000004,0.01,0.0,1.0072553047214183,44.87167188923253
0.0,44.800000000000004,0.20900000000000002,0.0,21.051635868677643,440.3179424849599
0.0,44.800000000000004,0.40800000000000003,0.0,41.09601643263387,835.7642130806871
0.0,44.800000000000004,0.607,0.0,61.140396996590084,1231.2104836764142
0.0,44.800000000000004,0.806,0.0,81.18477756054631,1626.6567542721418
0.0,44.800000000000004,1.0050000000000001,0.0,100.72553047214183,2012.1671889232528
0.0,44.800000000000004,1.2040000000000002,0.0,129.8138442448878,2586.037015563601
0.0,44.800000000000004,1.4030000000000002,0.0,158.18920915065468,3145.8414052764892
0.0,44.800000000000004,1.6020000000000003,0.0,186.56457405642158,3705.6457949893784
0.0,44.800000000000004,1.8010000000000004,0.0,214.93993896218848,4265.4501847022675
0.0,44.800000000000004,2.0,0.0,243.3153038679553,4825.254574415154
0.0,51.2,0.01,0.0,1.3656932848313406,51.943128251880935
0.0,51.2,0.20900000000000002,0.0,28.542989652975024,588.1113804643115
0.0,51.2,0.40800000000000003,0.0,55.72028602111871,1124.2796326767423
0.0,51.2,0.607,0.0,82.89758238926237,1660.4478848891727
0.0,51.2,0.806,0.0,110.07487875740607,2196.6161371016037
0.0,51.2,1.0050000000000001,0.0,136.56932848313406,2719.3128251880935
0.0,51.2,1.2040000000000002,0.0,175.87557045773224,3494.767409598569
0.0,51.2,1.4030000000000002,0.0,214.2184241486393,4251.215754195062
0.0,51.2,1.6020000000000003,0.0,252.56127783954634,5007.664098791555
0.0,51.2,1.8010000000000004,0.0,290.90413153045336,5764.112443388048
0.0,51.2,2.0,0.0,329.24698522136026,6520.560787984539
0.0,57.6,0.01,0.0,1.786379982624548,60.242660642056265
0.0,57.6,0.20900000000000002,0.0,37.33534163685305,761.571607418976
0.0,57.6,0.40800000000000003,0.0,72.88430329108155,1462.9005541958957
0.0,57.6,0.607,0.0,108.43326494531004,2164.229500972815
0.0,57.6,0.806,0.0,143.98222659953856,2865.558447749735
0.0,57.6,1.0050000000000001,0.0,178.63799826245477,3549.2660642056267
0.0,57.6,1.2040000000000002,0.0,229.89855109273026,4560.5616929594835
0.0,57.6,1.4030000000000002,0.0,279.9027178242244,5547.070664145842
0.0,57.6,1.6020000000000003,0.0,329.9068845557186,6533.579635332201
0.0,57.6,1.8010000000000004,0.0,379.9110512872128,7520.0886065185605
0.0,57.6,2.0,0.0,429.91521801870675,8506.597577704917
6.4,0.0,0.01,0.03604480000000001,0.0,25.711111111111112
6.4,0.0,0.20900000000000002,0.03604480000000001,0.0,25.711111111111112
6.4,0.0,0.40800000000000003,0.03604480000000001,0.0,25.711111111111112
6.4,0.0,0.607,0.03604480000000001,0.0,25.711111111111112
6.4,0.0,0.806,0.03604480000000001,0.0,25.711111111111112
6.4,0.0,1.0050000000000001,0.03604480000000001,0.0,25.711111111111112
6.4,0.0,1.2040000000000002,0.03604480000000001,0.0,25.711111111111112
6.4,0.0,1.4030000000000002,0.03604480000000001,0.0,25.711111111111112
6.4,0.0,1.6020000000000003,0.03604480000000001,0.0,25.711111111111112
6.4,0.0,1.8010000000000004,0.03604480000000001,0.0,25.711111111111112
6.4,0.0,2.0,0.03604480000000001,0.0,25.711111111111112
6.4,6.4,0.01,0.03604480000000001,0.0119243036758538,25.946360157746483
6.4,6.4,0.20900000000000002,0.03604480000000001,0.24921794682534446,30.627816185790415
6.4,6.4,0.40800000000000003,0.03604480000000001,0.48651158997483507,35.30927221383435
6.4,6.4,0.607,0.03604480000000001,0.7238052331243257,39.99072824187827
6.4,6.4,0.806,0.03604480000000001,0.9610988762738164,44.6721842699222
6.4,6.4,1.0050000000000001,0.03604480000000001,1.19243036758538,49.236015774648436
6.4,6.4,1.2040000000000002,0.03604480000000001,1.5540187128597855,56.3696242278209
6.4,6.4,1.4030000000000002,0.03604480000000001,1.9067445986911908,63.32838933655285
6.4,6.4,1.6020000000000003,0.03604480000000001,2.259470484522596,70.28715444528481
6.4,6.4,1.8010000000000004,0.03604480000000001,2.612196370354001,77.24591955401677
6.4,6.4,2.0,0.03604480000000001,2.964922256185406,84.2046846627487
6.4,12.8,0.01,0.03604480000000001,0.057908156988726124,26.85355423352127
6.4,12.8,0.20900000000000002,0.03604480000000001,1.2102804810643761,49.58817236948343
6.4,12.8,0.40800000000000003,0.03604480000000001,2.362652805140026,72.3227905054456
6.4,12.8,0.607,0.03604480000000001,3.5150251292156756,95.05740864140775
6.4,12.8,0.806,0.03604480000000001,4.6673974532913265,117.79202677736991
6.4,12.8,1.0050000000000001,0.03604480000000001,5.7908156988726125,139.95542335212699
6.4,12.8,1.2040000000000002,0.03604480000000001,7.516720980958363,174.0050067266091
6.4,12.8,1.4030000000000002,0.03604480000000001,9.20032466299299,207.2200414889716
6.4,12.8,1.6020000000000003,0.03604480000000001,10.88392834502762,240.43507625133407
6.4,12.8,1.8010000000000004,0.03604480000000001,12.567532027062247,273.65011101369646
6.4,12.8,2.0,0.03604480000000001,14.25113570909687,306.86514577605885
6.4,19.200000000000003,0.01,0.03604480000000001,0.1459497769552306,28.590486445612978
6.4,19.200000000000003,0.20900000000000002,0.03604480000000001,3.0503503383643196,85.89005560220014
6.4,19.200000000000003,0.40800000000000003,0.03604480000000001,5.954750899773408,143.18962475878726
6.4,19.200000000000003,0.607,0.03604480000000001,8.859151461182497,200.4891939153744
6.4,19.200000000000003,0.806,0.03604480000000001,11.763552022591586,257.7887630719615
6.4,19.200000000000003,1.0050000000000001,0.03604480000000001,14.59497769552306,313.6486445612978
6.4,19.200000000000003,1.2040000000000002,0.03604480000000001,18.90090279465339,398.5982401091657
6.4,19.200000000000003,1.4030000000000002,0.03604480000000001,23.10129051390307,481.46573772693876
6.4,19.200000000000003,1.6020000000000003,0.03604480000000001,27.301678233152753,564.3332353447119
6.4,19.200000000000003,1.8010000000000004,0.03604480000000001,31.502065952402436,647.2007329624851
6.4,19.200000000000003,2.0,0.03604480000000001,35.70245367165211,730.068230580258
6.4,25.6,0.01,0.03604480000000001,0.28122016488236107,31.259173076119815
6.4,25.6,0.20900000000000002,0.03604480000000001,5.877501446041347,141.66560617979297
6.4,25.6,0.40800000000000003,0.03604480000000001,11.473782727200332,252.07203928346618
6.4,25.6,0.607,0.03604480000000001,17.070064008359317,362.47847238713933
6.4,25.6,0.806,0.03604480000000001,22.666345289518304,472.8849054908125
6.4,25.6,1.0050000000000001,0.03604480000000001,28.122016488236106,580.5173076119813
6.4,25.6,1.2040000000000002,0.03604480000000001,36.35896649244304,743.0202669752811
6.4,25.6,1.4030000000000002,0.03604480000000001,44.3940304671351,901.5403106679117
6.4,25.6,1.6020000000000003,0.03604480000000001,52.429094441827154,1060.0603543605423
6.4,25.6,1.8010000000000004,0.03604480000000001,60.46415841651922,1218.580398053173
6.4,25.6,2.0,0.03604480000000001,68.49922239121125,1377.100441745803
6.4,32.0,0.01,0.03604480000000001,0.4677220795535528,34.93858269321245
6.4,32.0,0.20900000000000002,0.03604480000000001,9.775391462669255,218.5652671770292
6.4,32.0,0.40800000000000003,0.03604480000000001,19.083060845784956,402.1919516608459
6.4,32.0,0.607,0.03604480000000001,28.390730228900654,585.8186361446626
6.4,32.0,0.806,0.03604480000000001,37.69839961201636,769.4453206284794
6.4,32.0,1.0050000000000001,0.03604480000000001,46.772207955355285,948.4582693212454
6.4,32.0,1.2040000000000002,0.03604480000000001,60.394915969789174,1217.2143459948938
6.4,32.0,1.4030000000000002,0.03604480000000001,73.68373408190851,1479.383263926541
6.4,32.0,1.6020000000000003,0.03604480000000001,86.97255219402784,1741.5521818581883
6.4,32.0,1.8010000000000004,0.03604480000000001,100.26137030614717,2003.7210997898355
6.4,32.0,2.0,0.03604480000000001,113.55018841826649,2265.8900177214823
6.4,38.400000000000006,0.01,0.03604480000000001,0.7087778730012845,39.69426043642054
6.4,38.400000000000006,0.20900000000000002,0.03604480000000001,14.813457545726848,317.9589320100783
6.4,38.400000000000006,0.40800000000000003,0.03604480000000001,28.918137218452408,596.223603583736
6.4,38.400000000000006,0.607,0.03604480000000001,43.02281689117797,874.4882751573937
6.4,38.400000000000006,0.806,0.03604480000000001,57.12749656390353,1152.7529467310515
6.4,38.400000000000006,1.0050000000000001,0.03604480000000001,70.87778730012845,1424.0260436420544
6.4,38.400000000000006,1.2040000000000002,0.03604480000000001,91.42648468464601,1829.4217464616088
6.4,38.400000000000006,1.4030000000000002,0.03604480000000001,111.47153752542539,2224.881280094409
6.4,38.400000000000006,1.6020000000000003,0.03604480000000001,131.51659036620475,2620.340813727209
6.4,38.400000000000006,1.8010000000000004,0.03604480000000001,151.56164320698414,3015.8003473600097
6.4,38.400000000000006,2.0,0.03604480000000001,171.60669604776348,3411.259880992809
6.4,44.800000000000004,0.01,0.03604480000000001,1.0072553047214183,45.58278300034364
6.4,44.800000000000004,0.20900000000000002,0.03604480000000001,21.051635868677643,441.029053596071
6.4,44.800000000000004,0.40800000000000003,0.03604480000000001,41.09601643263387,836.4753241917983
6.4,44.800000000000004,0.607,0.03604480000000001,61.140396996590084,1231.9215947875255
6.4,44.800000000000004,0.806,0.03604480000000001,81.18477756054631,1627.3678653832528
6.4,44.800000000000004,1.0050000000000001,0.03604480000000001,100.72553047214183,2012.878300034364
6.4,44.800000000000004,1.2040000000000002,0.03604480000000001,129.8138442448878,2586.7481266747122
6.4,44.800000000000004,1.4030000000000002,0.03604480000000001,158.18920915065468,3146.5525163876005
6.4,44.800000000000004,1.6020000000000003,0.03604480000000001,186.56457405642158,3706.356906100489
6.4,44.800000000000004,1.8010000000000004,0.03604480000000001,214.93993896218848,4266.161295813378
6.4,44.800000000000004,2.0,0.03604480000000001,243.3153038679553,4825.965685526265
6.4,51.2,0.01,0.03604480000000001,1.3656932848313406,52.654239362992044
6.4,51.2,0.20900000000000002,0.03604480000000001,28.542989652975024,588.8224915754226
6.4,51.2,0.40800000000000003,0.03604480000000001,55.72028602111871,1124.9907437878535
6.4,51.2,0.607,0.03604480000000001,82.89758238926237,1661.1589960002839
6.4,51.2,0.806,0.03604480000000001,110.07487875740607,2197.327248212715
6.4,51.2,1.0050000000000001,0.03604480000000001,136.56932848313406,2720.0239362992047
6.4,51.2,1.2040000000000002,0.03604480000000001,175.87557045773224,3495.47852070968
6.4,51.2,1.4030000000000002,0.03604480000000001,214.2184241486393,4251.926865306174
6.4,51.2,1.6020000000000003,0.03604480000000001,252.56127783954634,5008.375209902666
6.4,51.2,1.8010000000000004,0.03604480000000001,290.90413153045336,5764.8235544991585
6.4,51.2,2.0,0.03604480000000001,329.24698522136026,6521.27189909565
6.4,57.6,0.01,0.03604480000000001,1.786379982624548,60.95377175316737
6.4,57.6,0.20900000000000002,0.03604480000000001,37.33534163685305,762.2827185300872
6.4,57.6,0.40800000000000003,0.03604480000000001,72.88430329108155,1463.611665307007
6.4,57.6,0.607,0.03604480000000001,108.43326494531004,2164.940612083926
6.4,57.6,0.806,0.03604480000000001,143.98222659953856,2866.2695588608462
6.4,57.6,1.0050000000000001,0.03604480000000001,178.63799826245477,3549.977175316738
6.4,57.6,1.2040000000000002,0.03604480000000001,229.89855109273026,4561.272804070594
6.4,57.6,1.4030000000000002,0.03604480000000001,279.9027178242244,5547.781775256952
6.4,57.6,1.6020000000000003,0.03604480000000001,329.9068845557186,6534.290746443312
6.4,57.6,1.8010000000000004,0.03604480000000001,379.9110512872128,7520.799717629671
6.4,57.6,2.0,0.03604480000000001,429.91521801870675,8507.308688816027
12.8,0.0,0.01,0.14417920000000004,0.0,27.844444444444445
12.8,0.0,0.20900000000000002,0.14417920000000004,0.0,27.844444444444445
12.8,0.0,0.40800000000000003,0.14417920000000004,0.0,27.844444444444445
12.8,0.0,0.607,0.14417920000000004,0.0,27.844444444444445
12.8,0.0,0.806,0.14417920000000004,0.0,27.844444444444445
12.8,0.0,1.0050000000000001,0.14417920000000004,0.0,27.844444444444445
12.8,0.0,1.2040000000000002,0.14417920000000004,0.0,27.844444444444445
12.8,0.0,1.4030000000000002,0.14417920000000004,0.0,27.844444444444445
12.8,0.0,1.6020000000000003,0.14417920000000004,0.0,27.844444444444445
12.8,0.0,1.8010000000000004,0.14417920000000004,0.0,27.844444444444445
12.8,0.0,2.0,0.14417920000000004,0.0,27.844444444444445
12.8,6.4,0.01,0.14417920000000004,0.0119243036758538,28.07969349107982
12.8,6.4,0.20900000000000002,0.14417920000000004,0.24921794682534446,32.76114951912375
12.8,6.4,0.40800000000000003,0.14417920000000004,0.48651158997483507,37.44260554716767
12.8,6.4,0.607,0.14417920000000004,0.7238052331243257,42.124061575211606
12.8,6.4,0.806,0.14417920000000004,0.9610988762738164,46.80551760325554
12.8,6.4,1.0050000000000001,0.14417920000000004,1.19243036758538,51.369349107981776
12.8,6.4,1.2040000000000002,0.14417920000000004,1.5540187128597855,58.50295756115423
12.8,6.4,1.4030000000000002,0.14417920000000004,1.9067445986911908,65.46172266988619
12.8,6.4,1.6020000000000003,0.14417920000000004,2.259470484522596,72.42048777861814
12.8,6.4,1.8010000000000004,0.14417920000000004,2.612196370354001,79.3792528873501
12.8,6.4,2.0,0.14417920000000004,2.964922256185406,86.33801799608204
12.8,12.8,0.01,0.14417920000000004,0.057908156988726124,28.986887566854605
12.8,12.8,0.20900000000000002,0.14417920000000004,1.2102804810643761,51.72150570281677
12.8,12.8,0.40800000000000003,0.14417920000000004,2.362652805140026,74.45612383877892
12.8,12.8,0.607,0.14417920000000004,3.5150251292156756,97.19074197474107
12.8,12.8,0.806,0.14417920000000004,4.6673974532913265,119.92536011070325
12.8,12.8,1.0050000000000001,0.14417920000000004,5.7908156988726125,142.0887566854603
12.8,12.8,1.2040000000000002,0.14417920000000004,7.516720980958363,176.13834005994246
12.8,12.8,1.4030000000000002,0.14417920000000004,9.20032466299299,209.35337482230494
12.8,12.8,1.6020000000000003,0.14417920000000004,10.88392834502762,242.5684095846674
12.8,12.8,1.8010000000000004,0.14417920000000004,12.567532027062247,275.78344434702984
12.8,12.8,2.0,0.14417920000000004,14.25113570909687,308.99847910939224
12.8,19.200000000000003,0.01,0.14417920000000004,0.1459497769552306,30.723819778946314
12.8,19.200000000000003,0.20900000000000002,0.14417920000000004,3.0503503383643196,88.02338893553346
12.8,19.200000000000003,0.40800000000000003,0.14417920000000004,5.954750899773408,145.3229580921206
12.8,19.200000000000003,0.607,0.14417920000000004,8.859151461182497,202.62252724870774
12.8,19.200000000000003,0.806,0.14417920000000004,11.763552022591586,259.9220964052949
12.8,19.200000000000003,1.0050000000000001,0.14417920000000004,14.59497769552306,315.7819778946311
12.8,19.200000000000003,1.2040000000000002,0.14417920000000004,18.90090279465339,400.73157344249904
12.8,19.200000000000003,1.4030000000000002,0.14417920000000004,23.10129051390307,483.5990710602721
12.8,19.200000000000003,1.6020000000000003,0.14417920000000004,27.301678233152753,566.4665686780452
12.8,19.200000000000003,1.8010000000000004,0.14417920000000004,31.502065952402436,649.3340662958184
12.8,19.200000000000003,2.0,0.14417920000000004,35.70245367165211,732.2015639135913
12.8,25.6,0.01,0.14417920000000004,0.28122016488236107,33.39250640945315
12.8,25.6,0.20900000000000002,0.14417920000000004,5.877501446041347,143.79893951312633
12.8,25.6,0.40800000000000003,0.14417920000000004,11.473782727200332,254.2053726167995
12.8,25.6,0.607,0.14417920000000004,17.070064008359317,364.61180572047266
12.8,25.6,0.806,0.14417920000000004,22.666345289518304,475.01823882414584
12.8,25.6,1.0050000000000001,0.14417920000000004,28.122016488236106,582.6506409453146
12.8,25.6,1.2040000000000002,0.14417920000000004,36.35896649244304,745.1536003086143
12.8,25.6,1.4030000000000002,0.14417920000000004,44.3940304671351,903.6736440012451
12.8,25.6,1.6020000000000003,0.14417920000000004,52.429094441827154,1062.1936876938755
12.8,25.6,1.8010000000000004,0.14417920000000004,60.46415841651922,1220.7137313865062
12.8,25.6,2.0,0.14417920000000004,68.49922239121125,1379.2337750791362
12.8,32.0,0.01,0.14417920000000004,0.4677220795535528,37.071916026545786
12.8,32.0,0.20900000000000002,0.14417920000000004,9.775391462669255,220.69860051036255
12.8,32.0,0.40800000000000003,0.14417920000000004,19.083060845784956,404.32528499417924
12.8,32.0,0.607,0.14417920000000004,28.390730228900654,587.9519694779959
12.8,32.0,0.806,0.14417920000000004,37.69839961201636,771.5786539618126
12.8,32.0,1.0050000000000001,0.14417920000000004,46.772207955355285,950.5916026545788
12.8,32.0,1.2040000000000002,0.14417920000000004,60.394915969789174,1219.347679328227
12.8,32.0,1.4030000000000002,0.14417920000000004,73.68373408190851,1481.5165972598745
12.8,32.0,1.6020000000000003,0.14417920000000004,86.97255219402784,1743.6855151915217
12.8,32.0,1.8010000000000004,0.14417920000000004,100.26137030614717,2005.854433123169
12.8,32.0,2.0,0.14417920000000004,113.55018841826649,2268.0233510548155
12.8,38.400000000000006,0.01,0.14417920000000004,0.7087778730012845,41.827593769753875
12.8,38.400000000000006,0.20900000000000002,0.14417920000000004,14.813457545726848,320.09226534341167
12.8,38.400000000000006,0.40800000000000003,0.14417920000000004,28.918137218452408,598.3569369170693
12.8,38.400000000000006,0.607,0.14417920000000004,43.02281689117797,876.621608490727
12.8,38.400000000000006,0.806,0.14417920000000004,57.12749656390353,1154.8862800643847
12.8,38.400000000000006,1.0050000000000001,0.14417920000000004,70.87778730012845,1426.1593769753877
12.8,38.400000000000006,1.2040000000000002,0.14417920000000004,91.42648468464601,1831.555079794942
12.8,38.400000000000006,1.4030000000000002,0.14417920000000004,111.47153752542539,2227.0146134277425
12.8,38.400000000000006,1.6020000000000003,0.14417920000000004,131.51659036620475,2622.4741470605427
12.8,38.400000000000006,1.8010000000000004,0.14417920000000004,151.56164320698414,3017.9336806933434
12.8,38.400000000000006,2.0,0.14417920000000004,171.60669604776348,3413.3932143261427
12.8,44.800000000000004,0.01,0.14417920000000004,1.0072553047214183,47.71611633367697
12.8,44.800000000000004,0.20900000000000002,0.14417920000000004,21.051635868677643,443.1623869294043
12.8,44.800000000000004,0.40800000000000003,0.14417920000000004,41.09601643263387,838.6086575251315
12.8,44.800000000000004,0.607,0.14417920000000004,61.140396996590084,1234.0549281208587
12.8,44.800000000000004,0.806,0.14417920000000004,81.18477756054631,1629.501198716586
12.8,44.800000000000004,1.0050000000000001,0.14417920000000004,100.72553047214183,2015.0116333676972
12.8,44.800000000000004,1.2040000000000002,0.14417920000000004,129.8138442448878,2588.8814600080455
12.8,44.800000000000004,1.4030000000000002,0.14417920000000004,158.18920915065468,3148.685849720934
12.8,44.800000000000004,1.6020000000000003,0.14417920000000004,186.56457405642158,3708.490239433823
12.8,44.800000000000004,1.8010000000000004,0.14417920000000004,214.93993896218848,4268.2946291467115
12.8,44.800000000000004,2.0,0.14417920000000004,243.3153038679553,4828.099018859599
12.8,51.2,0.01,0.14417920000000004,1.3656932848313406,54.787572696325384
12.8,51.2,0.20900000000000002,0.14417920000000004,28.542989652975024,590.955824908756
12.8,51.2,0.40800000000000003,0.14417920000000004,55.72028602111871,1127.1240771211867
12.8,51.2,0.607,0.14417920000000004,82.89758238926237,1663.292329333617
12.8,51.2,0.806,0.14417920000000004,110.07487875740607,2199.460581546048
12.8,51.2,1.0050000000000001,0.14417920000000004,136.56932848313406,2722.1572696325384
12.8,51.2,1.2040000000000002,0.14417920000000004,175.87557045773224,3497.611854043014
12.8,51.2,1.4030000000000002,0.14417920000000004,214.2184241486393,4254.060198639507
12.8,51.2,1.6020000000000003,0.14417920000000004,252.56127783954634,5010.508543236
12.8,51.2,1.8010000000000004,0.14417920000000004,290.90413153045336,5766.956887832493
12.8,51.2,2.0,0.14417920000000004,329.24698522136026,6523.405232428984
12.8,57.6,0.01,0.14417920000000004,1.786379982624548,63.08710508650071
12.8,57.6,0.20900000000000002,0.14417920000000004,37.33534163685305,764.4160518634204
12.8,57.6,0.40800000000000003,0.14417920000000004,72.88430329108155,1465.74499864034
12.8,57.6,0.607,0.14417920000000004,108.43326494531004,2167.0739454172594
12.8,57.6,0.806,0.14417920000000004,143.98222659953856,2868.40289219418
12.8,57.6,1.0050000000000001,0.14417920000000004,178.63799826245477,3552.1105086500716
12.8,57.6,1.2040000000000002,0.14417920000000004,229.89855109273026,4563.4061374039275
12.8,57.6,1.4030000000000002,0.14417920000000004,279.9027178242244,5549.915108590286
12.8,57.6,1.6020000000000003,0.14417920000000004,329.9068845557186,6536.424079776646
12.8,57.6,1.8010000000000004,0.14417920000000004,379.9110512872128,7522.933050963005
12.8,57.6,2.0,0.14417920000000004,429.91521801870675,8509.442022149362
19.200000000000003,0.0,0.01,0.32440320000000006,0.0,31.400000000000002
19.200000000000003,0.0,0.20900000000000002,0.32440320000000006,0.0,31.400000000000002
19.200000000000003,0.0,0.40800000000000003,0.32440320000000006,0.0,31.400000000000002
19.200000000000003,0.0,0.607,0.32440320000000006,0.0,31.400000000000002
19.200000000000003,0.0,0.806,0.32440320000000006,0.0,31.400000000000002
19.200000000000003,0.0,1.0050000000000001,0.32440320000000006,0.0,31.400000000000002
19.200000000000003,0.0,1.2040000000000002,0.32440320000000006,0.0,31.400000000000002
19.200000000000003,0.0,1.4030000000000002,0.32440320000000006,0.0,31.400000000000002
19.200000000000003,0.0,1.6020000000000003,0.32440320000000006,0.0,31.400000000000002
19.200000000000003,0.0,1.8010000000000004,0.32440320000000006,0.0,31.400000000000002
19.200000000000003,0.0,2.0,0.32440320000000006,0.0,31.400000000000002
19.200000000000003,6.4,0.01,0.32440320000000006,0.0119243036758538,31.635249046635376
19.200000000000003,6.4,0.20900000000000002,0.32440320000000006,0.24921794682534446,36.316705074679305
19.200000000000003,6.4,0.40800000000000003,0.32440320000000006,0.48651158997483507,40.99816110272323
19.200000000000003,6.4,0.607,0.32440320000000006,0.7238052331243257,45.67961713076716
19.200000000000003,6.4,0.806,0.32440320000000006,0.9610988762738164,50.36107315881109
19.200000000000003,6.4,1.0050000000000001,0.32440320000000006,1.19243036758538,54.92490466353733
19.200000000000003,6.4,1.2040000000000002,0.32440320000000006,1.5540187128597855,62.05851311670979
19.200000000000003,6.4,1.4030000000000002,0.32440320000000006,1.9067445986911908,69.01727822544174
19.200000000000003,6.4,1.6020000000000003,0.32440320000000006,2.259470484522596,75.97604333417371
19.200000000000003,6.4,1.8010000000000004,0.32440320000000006,2.612196370354001,82.93480844290565
19.200000000000003,6.4,2.0,0.32440320000000006,2.964922256185406,89.89357355163759
19.200000000000003,12.8,0.01,0.32440320000000006,0.057908156988726124,32.54244312241016
19.200000000000003,12.8,0.20900000000000002,0.32440320000000006,1.2102804810643761,55.27706125837233
19.200000000000003,12.8,0.40800000000000003,0.32440320000000006,2.362652805140026,78.0116793943345
19.200000000000003,12.8,0.607,0.32440320000000006,3.5150251292156756,100.74629753029664
19.200000000000003,12.8,0.806,0.32440320000000006,4.6673974532913265,123.48091566625881
19.200000000000003,12.8,1.0050000000000001,0.32440320000000006,5.7908156988726125,145.64431224101588
19.200000000000003,12.8,1.2040000000000002,0.32440320000000006,7.516720980958363,179.693895615498
19.200000000000003,12.8,1.4030000000000002,0.32440320000000006,9.20032466299299,212.9089303778605
19.200000000000003,12.8,1.6020000000000003,0.32440320000000006,10.88392834502762,246.12396514022296
19.200000000000003,12.8,1.8010000000000004,0.32440320000000006,12.567532027062247,279.33899990258544
19.200000000000003,12.8,2.0,0.32440320000000006,14.25113570909687,312.5540346649478
19.200000000000003,19.200000000000003,0.01,0.32440320000000006,0.1459497769552306,34.27937533450187
19.200000000000003,19.200000000000003,0.20900000000000002,0.32440320000000006,3.0503503383643196,91.57894449108902
19.200000000000003,19.200000000000003,0.40800000000000003,0.32440320000000006,5.954750899773408,148.87851364767616
19.200000000000003,19.200000000000003,0.607,0.32440320000000006,8.859151461182497,206.1780828042633
19.200000000000003,19.200000000000003,0.806,0.32440320000000006,11.763552022591586,263.4776519608505
19.200000000000003,19.200000000000003,1.0050000000000001,0.32440320000000006,14.59497769552306,319.33753345018664
19.200000000000003,19.200000000000003,1.2040000000000002,0.32440320000000006,18.90090279465339,404.28712899805464
19.200000000000003,19.200000000000003,1.4030000000000002,0.32440320000000006,23.10129051390307,487.1546266158277
19.200000000000003,19.200000000000003,1.6020000000000003,0.32440320000000006,27.301678233152753,570.0221242336008
19.200000000000003,19.200000000000003,1.8010000000000004,0.32440320000000006,31.502065952402436,652.8896218513739
19.200000000000003,19.200000000000003,2.0,0.32440320000000006,35.70245367165211,735.7571194691468
19.200000000000003,25.6,0.01,0.32440320000000006,0.28122016488236107,36.948061965008705
19.200000000000003,25.6,0.20900000000000002,0.32440320000000006,5.877501446041347,147.3544950686819
19.200000000000003,25.6,0.40800000000000003,0.32440320000000006,11.473782727200332,257.7609281723551
19.200000000000003,25.6,0.607,0.32440320000000006,17.070064008359317,368.16736127602826
19.200000000000003,25.6,0.806,0.32440320000000006,22.666345289518304,478.57379437970144
19.200000000000003,25.6,1.0050000000000001,0.32440320000000006,28.122016488236106,586.2061965008702
19.200000000000003,25.6,1.2040000000000002,0.32440320000000006,36.35896649244304,748.7091558641699
19.200000000000003,25.6,1.4030000000000002,0.32440320000000006,44.3940304671351,907.2291995568006
19.200000000000003,25.6,1.6020000000000003,0.32440320000000006,52.429094441827154,1065.749243249431
19.200000000000003,25.6,1.8010000000000004,0.32440320000000006,60.46415841651922,1224.2692869420616
19.200000000000003,25.6,2.0,0.32440320000000006,68.49922239121125,1382.7893306346919
19.200000000000003,32.0,0.01,0.32440320000000006,0.4677220795535528,40.62747158210134
19.200000000000003,32.0,0.20900000000000002,0.32440320000000006,9.775391462669255,224.2541560659181
19.200000000000003,32.0,0.40800000000000003,0.32440320000000006,19.083060845784956,407.88084054973484
19.200000000000003,32.0,0.607,0.32440320000000006,28.390730228900654,591.5075250335515
19.200000000000003,32.0,0.806,0.32440320000000006,37.69839961201636,775.1342095173683
19.200000000000003,32.0,1.0050000000000001,0.32440320000000006,46.772207955355285,954.1471582101343
19.200000000000003,32.0,1.2040000000000002,0.32440320000000006,60.394915969789174,1222.9032348837827
19.200000000000003,32.0,1.4030000000000002,0.32440320000000006,73.68373408190851,1485.07215281543
19.200000000000003,32.0,1.6020000000000003,0.32440320000000006,86.97255219402784,1747.2410707470772
19.200000000000003,32.0,1.8010000000000004,0.32440320000000006,100.26137030614717,2009.4099886787244
19.200000000000003,32.0,2.0,0.32440320000000006,113.55018841826649,2271.578906610371
19.200000000000003,38.400000000000006,0.01,0.32440320000000006,0.7087778730012845,45.38314932530943
19.200000000000003,38.400000000000006,0.20900000000000002,0.32440320000000006,14.813457545726848,323.6478208989672
19.200000000000003,38.400000000000006,0.40800000000000003,0.32440320000000006,28.918137218452408,601.9124924726249
19.200000000000003,38.400000000000006,0.607,0.32440320000000006,43.02281689117797,880.1771640462825
19.200000000000003,38.400000000000006,0.806,0.32440320000000006,57.12749656390353,1158.4418356199403
19.200000000000003,38.400000000000006,1.0050000000000001,0.32440320000000006,70.87778730012845,1429.7149325309433
19.200000000000003,38.400000000000006,1.2040000000000002,0.32440320000000006,91.42648468464601,1835.1106353504977
19.200000000000003,38.400000000000006,1.4030000000000002,0.32440320000000006,111.47153752542539,2230.5701689832977
19.200000000000003,38.400000000000006,1.6020000000000003,0.32440320000000006,131.51659036620475,2626.029702616098
19.200000000000003,38.400000000000006,1.8010000000000004,0.32440320000000006,151.56164320698414,3021.4892362488986
19.200000000000003,38.400000000000006,2.0,0.32440320000000006,171.60669604776348,3416.948769881698
19.200000000000003,44.800000000000004,0.01,0.32440320000000006,1.0072553047214183,51.271671889232536
19.200000000000003,44.800000000000004,0.20900000000000002,0.32440320000000006,21.051635868677643,446.7179424849599
19.200000000000003,44.800000000000004,0.40800000000000003,0.32440320000000006,41.09601643263387,842.1642130806871
19.200000000000003,44.800000000000004,0.607,0.32440320000000006,61.140396996590084,1237.6104836764143
19.200000000000003,44.800000000000004,0.806,0.32440320000000006,81.18477756054631,1633.0567542721417
19.200000000000003,44.800000000000004,1.0050000000000001,0.32440320000000006,100.72553047214183,2018.5671889232526
19.200000000000003,44.800000000000004,1.2040000000000002,0.32440320000000006,129.8138442448878,2592.437015563601
19.200000000000003,44.800000000000004,1.4030000000000002,0.32440320000000006,158.18920915065468,3152.2414052764893
19.200000000000003,44.800000000000004,1.6020000000000003,0.32440320000000006,186.56457405642158,3712.045794989378
19.200000000000003,44.800000000000004,1.8010000000000004,0.32440320000000006,214.93993896218848,4271.850184702267
19.200000000000003,44.800000000000004,2.0,0.32440320000000006,243.3153038679553,4831.654574415154
19.200000000000003,51.2,0.01,0.32440320000000006,1.3656932848313406,58.343128251880934
19.200000000000003,51.2,0.20900000000000002,0.32440320000000006,28.542989652975024,594.5113804643116
19.200000000000003,51.2,0.40800000000000003,0.32440320000000006,55.72028602111871,1130.6796326767424
19.200000000000003,51.2,0.607,0.32440320000000006,82.89758238926237,1666.8478848891727
19.200000000000003,51.2,0.806,0.32440320000000006,110.07487875740607,2203.0161371016034
19.200000000000003,51.2,1.0050000000000001,0.32440320000000006,136.56932848313406,2725.7128251880936
19.200000000000003,51.2,1.2040000000000002,0.32440320000000006,175.87557045773224,3501.167409598569
19.200000000000003,51.2,1.4030000000000002,0.32440320000000006,214.2184241486393,4257.615754195062
19.200000000000003,51.2,1.6020000000000003,0.32440320000000006,252.56127783954634,5014.064098791555
19.200000000000003,51.2,1.8010000000000004,0.32440320000000006,290.90413153045336,5770.512443388047
19.200000000000003,51.2,2.0,0.32440320000000006,329.24698522136026,6526.960787984539
19.200000000000003,57.6,0.01,0.32440320000000006,1.786379982624548,66.64266064205627
19.200000000000003,57.6,0.20900000000000002,0.32440320000000006,37.33534163685305,767.9716074189761
19.200000000000003,57.6,0.40800000000000003,0.32440320000000006,72.88430329108155,1469.3005541958958
19.200000000000003,57.6,0.607,0.32440320000000006,108.43326494531004,2170.629500972815
19.200000000000003,57.6,0.806,0.32440320000000006,143.98222659953856,2871.958447749735
19.200000000000003,57.6,1.0050000000000001,0.32440320000000006,178.63799826245477,3555.6660642056268
19.200000000000003,57.6,1.2040000000000002,0.32440320000000006,229.89855109273026,4566.961692959483
19.200000000000003,57.6,1.4030000000000002,0.32440320000000006,279.9027178242244,5553.4706641458415
19.200000000000003,57.6,1.6020000000000003,0.32440320000000006,329.9068845557186,6539.979635332201
19.200000000000003,57.6,1.8010000000000004,0.32440320000000006,379.9110512872128,7526.488606518561
19.200000000000003,57.6,2.0,0.32440320000000006,429.91521801870675,8512.997577704917
25.6,0.0,0.01,0.5767168000000001,0.0,36.37777777777778
25.6,0.0,0.20900000000000002,0.5767168000000001,0.0,36.37777777777778
25.6,0.0,0.40800000000000003,0.5767168000000001,0.0,36.37777777777778
25.6,0.0,0.607,0.5767168000000001,0.0,36.37777777777778
25.6,0.0,0.806,0.5767168000000001,0.0,36.37777777777778
25.6,0.0,1.0050000000000001,0.5767168000000001,0.0,36.37777777777778
25.6,0.0,1.2040000000000002,0.5767168000000001,0.0,36.37777777777778
25.6,0.0,1.4030000000000002,0.5767168000000001,0.0,36.37777777777778
25.6,0.0,1.6020000000000003,0.5767168000000001,0.0,36.37777777777778
25.6,0.0,1.8010000000000004,0.5767168000000001,0.0,36.37777777777778
25.6,0.0,2.0,0.5767168000000001,0.0,36.37777777777778
25.6,6.4,0.01,0.5767168000000001,0.0119243036758538,36.613026824413154
25.6,6.4,0.20900000000000002,0.5767168000000001,0.24921794682534446,41.29448285245709
25.6,6.4,0.40800000000000003,0.5767168000000001,0.48651158997483507,45.97593888050101
25.6,6.4,0.607,0.5767168000000001,0.7238052331243257,50.657394908544944
25.6,6.4,0.806,0.5767168000000001,0.9610988762738164,55.33885093658887
25.6,6.4,1.0050000000000001,0.5767168000000001,1.19243036758538,59.902682441315115
25.6,6.4,1.2040000000000002,0.5767168000000001,1.5540187128597855,67.03629089448756
25.6,6.4,1.4030000000000002,0.5767168000000001,1.9067445986911908,73.99505600321953
25.6,6.4,1.6020000000000003,0.5767168000000001,2.259470484522596,80.95382111195147
25.6,6.4,1.8010000000000004,0.5767168000000001,2.612196370354001,87.91258622068344
25.6,6.4,2.0,0.5767168000000001,2.964922256185406,94.87135132941538
25.6,12.8,0.01,0.5767168000000001,0.057908156988726124,37.52022090018794
25.6,12.8,0.20900000000000002,0.5767168000000001,1.2102804810643761,60.2548390361501
25.6,12.8,0.40800000000000003,0.5767168000000001,2.362652805140026,82.98945717211227
25.6,12.8,0.607,0.5767168000000001,3.5150251292156756,105.72407530807442
25.6,12.8,0.806,0.5767168000000001,4.6673974532913265,128.4586934440366
25.6,12.8,1.0050000000000001,0.5767168000000001,5.7908156988726125,150.62209001879364
25.6,12.8,1.2040000000000002,0.5767168000000001,7.516720980958363,184.6716733932758
25.6,12.8,1.4030000000000002,0.5767168000000001,9.20032466299299,217.88670815563825
25.6,12.8,1.6020000000000003,0.5767168000000001,10.88392834502762,251.10174291800072
25.6,12.8,1.8010000000000004,0.5767168000000001,12.567532027062247,284.31677768036315
25.6,12.8,2.0,0.5767168000000001,14.25113570909687,317.53181244272554
25.6,19.200000000000003,0.01,0.5767168000000001,0.1459497769552306,39.25715311227965
25.6,19.200000000000003,0.20900000000000002,0.5767168000000001,3.0503503383643196,96.55672226886679
25.6,19.200000000000003,0.40800000000000003,0.5767168000000001,5.954750899773408,153.85629142545395
25.6,19.200000000000003,0.607,0.5767168000000001,8.859151461182497,211.15586058204107
25.6,19.200000000000003,0.806,0.5767168000000001,11.763552022591586,268.45542973862825
25.6,19.200000000000003,1.0050000000000001,0.5767168000000001,14.59497769552306,324.3153112279644
25.6,19.200000000000003,1.2040000000000002,0.5767168000000001,18.90090279465339,409.2649067758324
25.6,19.200000000000003,1.4030000000000002,0.5767168000000001,23.10129051390307,492.1324043936055
25.6,19.200000000000003,1.6020000000000003,0.5767168000000001,27.301678233152753,574.9999020113785
25.6,19.200000000000003,1.8010000000000004,0.5767168000000001,31.502065952402436,657.8673996291517
25.6,19.200000000000003,2.0,0.5767168000000001,35.70245367165211,740.7348972469247
25.6,25.6,0.01,0.5767168000000001,0.28122016488236107,41.925839742786486
25.6,25.6,0.20900000000000002,0.5767168000000001,5.877501446041347,152.33227284645966
25.6,25.6,0.40800000000000003,0.5767168000000001,11.473782727200332,262.73870595013284
25.6,25.6,0.607,0.5767168000000001,17.070064008359317,373.1451390538061
25.6,25.6,0.806,0.5767168000000001,22.666345289518304,483.5515721574792
25.6,25.6,1.0050000000000001,0.5767168000000001,28.122016488236106,591.1839742786481
25.6,25.6,1.2040000000000002,0.5767168000000001,36.35896649244304,753.6869336419477
25.6,25.6,1.4030000000000002,0.5767168000000001,44.3940304671351,912.2069773345784
25.6,25.6,1.6020000000000003,0.5767168000000001,52.429094441827154,1070.7270210272088
25.6,25.6,1.8010000000000004,0.5767168000000001,60.46415841651922,1229.2470647198395
25.6,25.6,2.0,0.5767168000000001,68.49922239121125,1387.7671084124695
25.6,32.0,0.01,0.5767168000000001,0.4677220795535528,45.605249359879124
25.6,32.0,0.20900000000000002,0.5767168000000001,9.775391462669255,229.23193384369586
25.6,32.0,0.40800000000000003,0.5767168000000001,19.083060845784956,412.85861832751254
25.6,32.0,0.607,0.5767168000000001,28.390730228900654,596.4853028113293
25.6,32.0,0.806,0.5767168000000001,37.69839961201636,780.111987295146
25.6,32.0,1.0050000000000001,0.5767168000000001,46.772207955355285,959.1249359879122
25.6,32.0,1.2040000000000002,0.5767168000000001,60.394915969789174,1227.8810126615606
25.6,32.0,1.4030000000000002,0.5767168000000001,73.68373408190851,1490.0499305932076
25.6,32.0,1.6020000000000003,0.5767168000000001,86.97255219402784,1752.2188485248548
25.6,32.0,1.8010000000000004,0.5767168000000001,100.26137030614717,2014.387766456502
25.6,32.0,2.0,0.5767168000000001,113.55018841826649,2276.556684388149
25.6,38.400000000000006,0.01,0.5767168000000001,0.7087778730012845,50.360927103087214
25.6,38.400000000000006,0.20900000000000002,0.5767168000000001,14.813457545726848,328.62559867674497
25.6,38.400000000000006,0.40800000000000003,0.5767168000000001,28.918137218452408,606.8902702504028
25.6,38.400000000000006,0.607,0.5767168000000001,43.02281689117797,885.1549418240604
25.6,38.400000000000006,0.806,0.5767168000000001,57.12749656390353,1163.4196133977182
25.6,38.400000000000006,1.0050000000000001,0.5767168000000001,70.87778730012845,1434.692710308721
25.6,38.400000000000006,1.2040000000000002,0.5767168000000001,91.42648468464601,1840.0884131282753
25.6,38.400000000000006,1.4030000000000002,0.5767168000000001,111.47153752542539,2235.5479467610753
25.6,38.400000000000006,1.6020000000000003,0.5767168000000001,131.51659036620475,2631.0074803938755
25.6,38.400000000000006,1.8010000000000004,0.5767168000000001,151.56164320698414,3026.467014026676
25.6,38.400000000000006,2.0,0.5767168000000001,171.60669604776348,3421.9265476594755
25.6,44.800000000000004,0.01,0.5767168000000001,1.0072553047214183,56.24944966701031
25.6,44.800000000000004,0.20900000000000002,0.5767168000000001,21.051635868677643,451.69572026273767
25.6,44.800000000000004,0.40800000000000003,0.5767168000000001,41.09601643263387,847.141990858465
25.6,44.800000000000004,0.607,0.5767168000000001,61.140396996590084,1242.5882614541922
25.6,44.800000000000004,0.806,0.5767168000000001,81.18477756054631,1638.0345320499193
25.6,44.800000000000004,1.0050000000000001,0.5767168000000001,100.72553047214183,2023.5449667010303
25.6,44.800000000000004,1.2040000000000002,0.5767168000000001,129.8138442448878,2597.4147933413788
25.6,44.800000000000004,1.4030000000000002,0.5767168000000001,158.18920915065468,3157.219183054267
25.6,44.800000000000004,1.6020000000000003,0.5767168000000001,186.56457405642158,3717.0235727671557
25.6,44.800000000000004,1.8010000000000004,0.5767168000000001,214.93993896218848,4276.827962480044
25.6,44.800000000000004,2.0,0.5767168000000001,243.3153038679553,4836.632352192932
25.6,51.2,0.01,0.5767168000000001,1.3656932848313406,63.320906029658715
25.6,51.2,0.20900000000000002,0.5767168000000001,28.542989652975024,599.4891582420893
25.6,51.2,0.40800000000000003,0.5767168000000001,55.72028602111871,1135.65741045452
25.6,51.2,0.607,0.5767168000000001,82.89758238926237,1671.8256626669504
25.6,51.2,0.806,0.5767168000000001,110.07487875740607,2207.9939148793815
25.6,51.2,1.0050000000000001,0.5767168000000001,136.56932848313406,2730.690602965871
25.6,51.2,1.2040000000000002,0.5767168000000001,175.87557045773224,3506.1451873763467
25.6,51.2,1.4030000000000002,0.5767168000000001,214.2184241486393,4262.59353197284
25.6,51.2,1.6020000000000003,0.5767168000000001,252.56127783954634,5019.041876569333
25.6,51.2,1.8010000000000004,0.5767168000000001,290.90413153045336,5775.4902211658255
25.6,51.2,2.0,0.5767168000000001,329.24698522136026,6531.938565762317
25.6,57.6,0.01,0.5767168000000001,1.786379982624548,71.62043841983404
25.6,57.6,0.20900000000000002,0.5767168000000001,37.33534163685305,772.9493851967538
25.6,57.6,0.40800000000000003,0.5767168000000001,72.88430329108155,1474.2783319736734
25.6,57.6,0.607,0.5767168000000001,108.43326494531004,2175.6072787505927
25.6,57.6,0.806,0.5767168000000001,143.98222659953856,2876.9362255275128
25.6,57.6,1.0050000000000001,0.5767168000000001,178.63799826245477,3560.6438419834044
25.6,57.6,1.2040000000000002,0.5767168000000001,229.89855109273026,4571.93947073726
25.6,57.6,1.4030000000000002,0.5767168000000001,279.9027178242244,5558.448441923619
25.6,57.6,1.6020000000000003,0.5767168000000001,329.9068845557186,6544.957413109979
25.6,57.6,1.8010000000000004,0.5767168000000001,379.9110512872128,7531.466384296338
25.6,57.6,2.0,0.5767168000000001,429.91521801870675,8517.975355482695
32.0,0.0,0.01,0.90112,0.0,42.77777777777778
32.0,0.0,0.20900000000000002,0.90112,0.0,42.77777777777778
32.0,0.0,0.40800000000000003,0.90112,0.0,42.77777777777778
32.0,0.0,0.607,0.90112,0.0,42.77777777777778
32.0,0.0,0.806,0.90112,0.0,42.77777777777778
32.0,0.0,1.0050000000000001,0.90112,0.0,42.77777777777778
32.0,0.0,1.2040000000000002,0.90112,0.0,42.77777777777778
32.0,0.0,1.4030000000000002,0.90112,0.0,42.77777777777778
32.0,0.0,1.6020000000000003,0.90112,0.0,42.77777777777778
32.0,0.0,1.8010000000000004,0.90112,0.0,42.77777777777778
32.0,0.0,2.0,0.90112,0.0,42.77777777777778
32.0,6.4,0.01,0.90112,0.0119243036758538,43.01302682441315
32.0,6.4,0.20900000000000002,0.90112,0.24921794682534446,47.694482852457085
32.0,6.4,0.40800000000000003,0.90112,0.48651158997483507,52.37593888050101
32.0,6.4,0.607,0.90112,0.7238052331243257,57.057394908544936
32.0,6.4,0.806,0.90112,0.9610988762738164,61.73885093658887
32.0,6.4,1.0050000000000001,0.90112,1.19243036758538,66.30268244131511
32.0,6.4,1.2040000000000002,0.90112,1.5540187128597855,73.43629089448757
32.0,6.4,1.4030000000000002,0.90112,1.9067445986911908,80.39505600321951
32.0,6.4,1.6020000000000003,0.90112,2.259470484522596,87.35382111195148
32.0,6.4,1.8010000000000004,0.90112,2.612196370354001,94.31258622068343
32.0,6.4,2.0,0.90112,2.964922256185406,101.27135132941537
32.0,12.8,0.01,0.90112,0.057908156988726124,43.92022090018794
32.0,12.8,0.20900000000000002,0.90112,1.2102804810643761,66.6548390361501
32.0,12.8,0.40800000000000003,0.90112,2.362652805140026,89.38945717211226
32.0,12.8,0.607,0.90112,3.5150251292156756,112.12407530807441
32.0,12.8,0.806,0.90112,4.6673974532913265,134.8586934440366
32.0,12.8,1.0050000000000001,0.90112,5.7908156988726125,157.02209001879365
32.0,12.8,1.2040000000000002,0.90112,7.516720980958363,191.0716733932758
32.0,12.8,1.4030000000000002,0.90112,9.20032466299299,224.28670815563828
32.0,12.8,1.6020000000000003,0.90112,10.88392834502762,257.5017429180008
32.0,12.8,1.8010000000000004,0.90112,12.567532027062247,290.7167776803632
32.0,12.8,2.0,0.90112,14.25113570909687,323.9318124427256
32.0,19.200000000000003,0.01,0.90112,0.1459497769552306,45.657153112279644
32.0,19.200000000000003,0.20900000000000002,0.90112,3.0503503383643196,102.9567222688668
32.0,19.200000000000003,0.40800000000000003,0.90112,5.954750899773408,160.25629142545392
32.0,19.200000000000003,0.607,0.90112,8.859151461182497,217.55586058204108
32.0,19.200000000000003,0.806,0.90112,11.763552022591586,274.85542973862823
32.0,19.200000000000003,1.0050000000000001,0.90112,14.59497769552306,330.71531122796443
32.0,19.200000000000003,1.2040000000000002,0.90112,18.90090279465339,415.6649067758324
32.0,19.200000000000003,1.4030000000000002,0.90112,23.10129051390307,498.5324043936054
32.0,19.200000000000003,1.6020000000000003,0.90112,27.301678233152753,581.3999020113786
32.0,19.200000000000003,1.8010000000000004,0.90112,31.502065952402436,664.2673996291517
32.0,19.200000000000003,2.0,0.90112,35.70245367165211,747.1348972469247
32.0,25.6,0.01,0.90112,0.28122016488236107,48.325839742786485
32.0,25.6,0.20900000000000002,0.90112,5.877501446041347,158.73227284645967
32.0,25.6,0.40800000000000003,0.90112,11.473782727200332,269.1387059501329
32.0,25.6,0.607,0.90112,17.070064008359317,379.545139053806
32.0,25.6,0.806,0.90112,22.666345289518304,489.9515721574792
32.0,25.6,1.0050000000000001,0.90112,28.122016488236106,597.5839742786479
32.0,25.6,1.2040000000000002,0.90112,36.35896649244304,760.0869336419478
32.0,25.6,1.4030000000000002,0.90112,44.3940304671351,918.6069773345785
32.0,25.6,1.6020000000000003,0.90112,52.429094441827154,1077.127021027209
32.0,25.6,1.8010000000000004,0.90112,60.46415841651922,1235.6470647198396
32.0,25.6,2.0,0.90112,68.49922239121125,1394.1671084124696
32.0,32.0,0.01,0.90112,0.4677220795535528,52.00524935987912
32.0,32.0,0.20900000000000002,0.90112,9.775391462669255,235.6319338436959
32.0,32.0,0.40800000000000003,0.90112,19.083060845784956,419.2586183275126
32.0,32.0,0.607,0.90112,28.390730228900654,602.8853028113292
32.0,32.0,0.806,0.90112,37.69839961201636,786.5119872951461
32.0,32.0,1.0050000000000001,0.90112,46.772207955355285,965.5249359879122
32.0,32.0,1.2040000000000002,0.90112,60.394915969789174,1234.2810126615607
32.0,32.0,1.4030000000000002,0.90112,73.68373408190851,1496.4499305932077
32.0,32.0,1.6020000000000003,0.90112,86.97255219402784,1758.618848524855
32.0,32.0,1.8010000000000004,0.90112,100.26137030614717,2020.7877664565021
32.0,32.0,2.0,0.90112,113.55018841826649,2282.956684388149
32.0,38.400000000000006,0.01,0.90112,0.7087778730012845,56.76092710308721
32.0,38.400000000000006,0.20900000000000002,0.90112,14.813457545726848,335.025598676745
32.0,38.400000000000006,0.40800000000000003,0.90112,28.918137218452408,613.2902702504026
32.0,38.400000000000006,0.607,0.90112,43.02281689117797,891.5549418240604
32.0,38.400000000000006,0.806,0.90112,57.12749656390353,1169.819613397718
32.0,38.400000000000006,1.0050000000000001,0.90112,70.87778730012845,1441.092710308721
32.0,38.400000000000006,1.2040000000000002,0.90112,91.42648468464601,1846.4884131282754
32.0,38.400000000000006,1.4030000000000002,0.90112,111.47153752542539,2241.9479467610754
32.0,38.400000000000006,1.6020000000000003,0.90112,131.51659036620475,2637.4074803938756
32.0,38.400000000000006,1.8010000000000004,0.90112,151.56164320698414,3032.8670140266763
32.0,38.400000000000006,2.0,0.90112,171.60669604776348,3428.3265476594756
32.0,44.800000000000004,0.01,0.90112,1.0072553047214183,62.64944966701031
32.0,44.800000000000004,0.20900000000000002,0.90112,21.051635868677643,458.09572026273764
32.0,44.800000000000004,0.40800000000000003,0.90112,41.09601643263387,853.5419908584649
32.0,44.800000000000004,0.607,0.90112,61.140396996590084,1248.988261454192
32.0,44.800000000000004,0.806,0.90112,81.18477756054631,1644.4345320499194
32.0,44.800000000000004,1.0050000000000001,0.90112,100.72553047214183,2029.9449667010304
32.0,44.800000000000004,1.2040000000000002,0.90112,129.8138442448878,2603.814793341379
32.0,44.800000000000004,1.4030000000000002,0.90112,158.18920915065468,3163.619183054267
32.0,44.800000000000004,1.6020000000000003,0.90112,186.56457405642158,3723.4235727671557
32.0,44.800000000000004,1.8010000000000004,0.90112,214.93993896218848,4283.227962480045
32.0,44.800000000000004,2.0,0.90112,243.3153038679553,4843.032352192931
32.0,51.2,0.01,0.90112,1.3656932848313406,69.72090602965872
32.0,51.2,0.20900000000000002,0.90112,28.542989652975024,605.8891582420894
32.0,51.2,0.40800000000000003,0.90112,55.72028602111871,1142.05741045452
32.0,51.2,0.607,0.90112,82.89758238926237,1678.2256626669503
32.0,51.2,0.806,0.90112,110.07487875740607,2214.393914879381
32.0,51.2,1.0050000000000001,0.90112,136.56932848313406,2737.0906029658713
32.0,51.2,1.2040000000000002,0.90112,175.87557045773224,3512.545187376347
32.0,51.2,1.4030000000000002,0.90112,214.2184241486393,4268.99353197284
32.0,51.2,1.6020000000000003,0.90112,252.56127783954634,5025.441876569333
32.0,51.2,1.8010000000000004,0.90112,290.90413153045336,5781.890221165825
32.0,51.2,2.0,0.90112,329.24698522136026,6538.338565762317
32.0,57.6,0.01,0.90112,1.786379982624548,78.02043841983405
32.0,57.6,0.20900000000000002,0.90112,37.33534163685305,779.3493851967538
32.0,57.6,0.40800000000000003,0.90112,72.88430329108155,1480.6783319736733
32.0,57.6,0.607,0.90112,108.43326494531004,2182.007278750593
32.0,57.6,0.806,0.90112,143.98222659953856,2883.336225527513
32.0,57.6,1.0050000000000001,0.90112,178.63799826245477,3567.0438419834045
32.0,57.6,1.2040000000000002,0.90112,229.89855109273026,4578.339470737261
32.0,57.6,1.4030000000000002,0.90112,279.9027178242244,5564.848441923619
32.0,57.6,1.6020000000000003,0.90112,329.9068845557186,6551.357413109979
32.0,57.6,1.8010000000000004,0.90112,379.9110512872128,7537.866384296338
32.0,57.6,2.0,0.90112,429.91521801870675,8524.375355482694
38.400000000000006,0.0,0.01,1.2976128000000002,0.0,50.60000000000001
38.400000000000006,0.0,0.20900000000000002,1.2976128000000002,0.0,50.60000000000001
38.400000000000006,0.0,0.40800000000000003,1.2976128000000002,0.0,50.60000000000001
38.400000000000006,0.0,0.607,1.2976128000000002,0.0,50.60000000000001
38.400000000000006,0.0,0.806,1.2976128000000002,0.0,50.60000000000001
38.400000000000006,0.0,1.0050000000000001,1.2976128000000002,0.0,50.60000000000001
38.400000000000006,0.0,1.2040000000000002,1.2976128000000002,0.0,50.60000000000001
38.400000000000006,0.0,1.4030000000000002,1.2976128000000002,0.0,50.60000000000001
38.400000000000006,0.0,1.6020000000000003,1.2976128000000002,0.0,50.60000000000001
38.400000000000006,0.0,1.8010000000000004,1.2976128000000002,0.0,50.60000000000001
38.400000000000006,0.0,2.0,1.2976128000000002,0.0,50.60000000000001
38.400000000000006,6.4,0.01,1.2976128000000002,0.0119243036758538,50.83524904663538
38.400000000000006,6.4,0.20900000000000002,1.2976128000000002,0.24921794682534446,55.51670507467931
38.400000000000006,6.4,0.40800000000000003,1.2976128000000002,0.48651158997483507,60.19816110272324
38.400000000000006,6.4,0.607,1.2976128000000002,0.7238052331243257,64.87961713076717
38.400000000000006,6.4,0.806,1.2976128000000002,0.9610988762738164,69.5610731588111
38.400000000000006,6.4,1.0050000000000001,1.2976128000000002,1.19243036758538,74.12490466353734
38.400000000000006,6.4,1.2040000000000002,1.2976128000000002,1.5540187128597855,81.25851311670979
38.400000000000006,6.4,1.4030000000000002,1.2976128000000002,1.9067445986911908,88.21727822544176
38.400000000000006,6.4,1.6020000000000003,1.2976128000000002,2.259470484522596,95.1760433341737
38.400000000000006,6.4,1.8010000000000004,1.2976128000000002,2.612196370354001,102.13480844290567
38.400000000000006,6.4,2.0,1.2976128000000002,2.964922256185406,109.0935735516376
38.400000000000006,12.8,0.01,1.2976128000000002,0.057908156988726124,51.742443122410165
38.400000000000006,12.8,0.20900000000000002,1.2976128000000002,1.2102804810643761,74.47706125837233
38.400000000000006,12.8,0.40800000000000003,1.2976128000000002,2.362652805140026,97.2116793943345
38.400000000000006,12.8,0.607,1.2976128000000002,3.5150251292156756,119.94629753029665
38.400000000000006,12.8,0.806,1.2976128000000002,4.6673974532913265,142.6809156662588
38.400000000000006,12.8,1.0050000000000001,1.2976128000000002,5.7908156988726125,164.84431224101587
38.400000000000006,12.8,1.2040000000000002,1.2976128000000002,7.516720980958363,198.89389561549802
38.400000000000006,12.8,1.4030000000000002,1.2976128000000002,9.20032466299299,232.1089303778605
38.400000000000006,12.8,1.6020000000000003,1.2976128000000002,10.88392834502762,265.323965140223
38.400000000000006,12.8,1.8010000000000004,1.2976128000000002,12.567532027062247,298.53899990258543
38.400000000000006,12.8,2.0,1.2976128000000002,14.25113570909687,331.75403466494777
38.400000000000006,19.200000000000003,0.01,1.2976128000000002,0.1459497769552306,53.47937533450188
38.400000000000006,19.200000000000003,0.20900000000000002,1.2976128000000002,3.0503503383643196,110.77894449108902
38.400000000000006,19.200000000000003,0.40800000000000003,1.2976128000000002,5.954750899773408,168.07851364767615
38.400000000000006,19.200000000000003,0.607,1.2976128000000002,8.859151461182497,225.3780828042633
38.400000000000006,19.200000000000003,0.806,1.2976128000000002,11.763552022591586,282.6776519608505
38.400000000000006,19.200000000000003,1.0050000000000001,1.2976128000000002,14.59497769552306,338.5375334501867
38.400000000000006,19.200000000000003,1.2040000000000002,1.2976128000000002,18.90090279465339,423.4871289980546
38.400000000000006,19.200000000000003,1.4030000000000002,1.2976128000000002,23.10129051390307,506.35462661582767
38.400000000000006,19.200000000000003,1.6020000000000003,1.2976128000000002,27.301678233152753,589.2221242336008
38.400000000000006,19.200000000000003,1.8010000000000004,1.2976128000000002,31.502065952402436,672.089621851374
38.400000000000006,19.200000000000003,2.0,1.2976128000000002,35.70245367165211,754.9571194691468
38.400000000000006,25.6,0.01,1.2976128000000002,0.28122016488236107,56.14806196500871
38.400000000000006,25.6,0.20900000000000002,1.2976128000000002,5.877501446041347,166.5544950686819
38.400000000000006,25.6,0.40800000000000003,1.2976128000000002,11.473782727200332,276.9609281723551
38.400000000000006,25.6,0.607,1.2976128000000002,17.070064008359317,387.3673612760282
38.400000000000006,25.6,0.806,1.2976128000000002,22.666345289518304,497.7737943797014
38.400000000000006,25.6,1.0050000000000001,1.2976128000000002,28.122016488236106,605.4061965008702
38.400000000000006,25.6,1.2040000000000002,1.2976128000000002,36.35896649244304,767.90915586417
38.400000000000006,25.6,1.4030000000000002,1.2976128000000002,44.3940304671351,926.4291995568007
38.400000000000006,25.6,1.6020000000000003,1.2976128000000002,52.429094441827154,1084.949243249431
38.400000000000006,25.6,1.8010000000000004,1.2976128000000002,60.46415841651922,1243.4692869420617
38.400000000000006,25.6,2.0,1.2976128000000002,68.49922239121125,1401.989330634692
38.400000000000006,32.0,0.01,1.2976128000000002,0.4677220795535528,59.82747158210135
38.400000000000006,32.0,0.20900000000000002,1.2976128000000002,9.775391462669255,243.4541560659181
38.400000000000006,32.0,0.40800000000000003,1.2976128000000002,19.083060845784956,427.0808405497348
38.400000000000006,32.0,0.607,1.2976128000000002,28.390730228900654,610.7075250335515
38.400000000000006,32.0,0.806,1.2976128000000002,37.69839961201636,794.3342095173683
38.400000000000006,32.0,1.0050000000000001,1.2976128000000002,46.772207955355285,973.3471582101344
38.400000000000006,32.0,1.2040000000000002,1.2976128000000002,60.394915969789174,1242.1032348837828
38.400000000000006,32.0,1.4030000000000002,1.2976128000000002,73.68373408190851,1504.27215281543
38.400000000000006,32.0,1.6020000000000003,1.2976128000000002,86.97255219402784,1766.4410707470772
38.400000000000006,32.0,1.8010000000000004,1.2976128000000002,100.26137030614717,2028.6099886787244
38.400000000000006,32.0,2.0,1.2976128000000002,113.55018841826649,2290.778906610371
38.400000000000006,38.400000000000006,0.01,1.2976128000000002,0.7087778730012845,64.58314932530945
38.400000000000006,38.400000000000006,0.20900000000000002,1.2976128000000002,14.813457545726848,342.8478208989672
38.400000000000006,38.400000000000006,0.40800000000000003,1.2976128000000002,28.918137218452408,621.1124924726249
38.400000000000006,38.400000000000006,0.607,1.2976128000000002,43.02281689117797,899.3771640462826
38.400000000000006,38.400000000000006,0.806,1.2976128000000002,57.12749656390353,1177.6418356199404
38.400000000000006,38.400000000000006,1.0050000000000001,1.2976128000000002,70.87778730012845,1448.9149325309434
38.400000000000006,38.400000000000006,1.2040000000000002,1.2976128000000002,91.42648468464601,1854.3106353504977
38.400000000000006,38.400000000000006,1.4030000000000002,1.2976128000000002,111.47153752542539,2249.770168983298
38.400000000000006,38.400000000000006,1.6020000000000003,1.2976128000000002,131.51659036620475,2645.229702616098
38.400000000000006,38.400000000000006,1.8010000000000004,1.2976128000000002,151.56164320698414,3040.6892362488984
38.400000000000006,38.400000000000006,2.0,1.2976128000000002,171.60669604776348,3436.148769881698
38.400000000000006,44.800000000000004,0.01,1.2976128000000002,1.0072553047214183,70.47167188923254
38.400000000000006,44.800000000000004,0.20900000000000002,1.2976128000000002,21.051635868677643,465.91794248495984
38.400000000000006,44.800000000000004,0.40800000000000003,1.2976128000000002,41.09601643263387,861.3642130806871
38.400000000000006,44.800000000000004,0.607,1.2976128000000002,61.140396996590084,1256.8104836764144
38.400000000000006,44.800000000000004,0.806,1.2976128000000002,81.18477756054631,1652.2567542721417
38.400000000000006,44.800000000000004,1.0050000000000001,1.2976128000000002,100.72553047214183,2037.7671889232527
38.400000000000006,44.800000000000004,1.2040000000000002,1.2976128000000002,129.8138442448878,2611.637015563601
38.400000000000006,44.800000000000004,1.4030000000000002,1.2976128000000002,158.18920915065468,3171.441405276489
38.400000000000006,44.800000000000004,1.6020000000000003,1.2976128000000002,186.56457405642158,3731.2457949893783
38.400000000000006,44.800000000000004,1.8010000000000004,1.2976128000000002,214.93993896218848,4291.050184702267
38.400000000000006,44.800000000000004,2.0,1.2976128000000002,243.3153038679553,4850.854574415153
38.400000000000006,51.2,0.01,1.2976128000000002,1.3656932848313406,77.54312825188094
38.400000000000006,51.2,0.20900000000000002,1.2976128000000002,28.542989652975024,613.7113804643116
38.400000000000006,51.2,0.40800000000000003,1.2976128000000002,55.72028602111871,1149.8796326767424
38.400000000000006,51.2,0.607,1.2976128000000002,82.89758238926237,1686.0478848891728
38.400000000000006,51.2,0.806,1.2976128000000002,110.07487875740607,2222.2161371016036
38.400000000000006,51.2,1.0050000000000001,1.2976128000000002,136.56932848313406,2744.9128251880934
38.400000000000006,51.2,1.2040000000000002,1.2976128000000002,175.87557045773224,3520.367409598569
38.400000000000006,51.2,1.4030000000000002,1.2976128000000002,214.2184241486393,4276.815754195062
38.400000000000006,51.2,1.6020000000000003,1.2976128000000002,252.56127783954634,5033.264098791556
38.400000000000006,51.2,1.8010000000000004,1.2976128000000002,290.90413153045336,5789.712443388048
38.400000000000006,51.2,2.0,1.2976128000000002,329.24698522136026,6546.16078798454
38.400000000000006,57.6,0.01,1.2976128000000002,1.786379982624548,85.84266064205627
38.400000000000006,57.6,0.20900000000000002,1.2976128000000002,37.33534163685305,787.1716074189761
38.400000000000006,57.6,0.40800000000000003,1.2976128000000002,72.88430329108155,1488.5005541958958
38.400000000000006,57.6,0.607,1.2976128000000002,108.43326494531004,2189.8295009728154
38.400000000000006,57.6,0.806,1.2976128000000002,143.98222659953856,2891.158447749735
38.400000000000006,57.6,1.0050000000000001,1.2976128000000002,178.63799826245477,3574.8660642056266
38.400000000000006,57.6,1.2040000000000002,1.2976128000000002,229.89855109273026,4586.161692959483
38.400000000000006,57.6,1.4030000000000002,1.2976128000000002,279.9027178242244,5572.670664145841
38.400000000000006,57.6,1.6020000000000003,1.2976128000000002,329.9068845557186,6559.1796353322015
38.400000000000006,57.6,1.8010000000000004,1.2976128000000002,379.9110512872128,7545.688606518561
38.400000000000006,57.6,2.0,1.2976128000000002,429.91521801870675,8532.197577704917
44.800000000000004,0.0,0.01,1.7661952000000003,0.0,59.844444444444456
44.800000000000004,0.0,0.20900000000000002,1.7661952000000003,0.0,59.844444444444456
44.800000000000004,0.0,0.40800000000000003,1.7661952000000003,0.0,59.844444444444456
44.800000000000004,0.0,0.607,1.7661952000000003,0.0,59.844444444444456
44.800000000000004,0.0,0.806,1.7661952000000003,0.0,59.844444444444456
44.800000000000004,0.0,1.0050000000000001,1.7661952000000003,0.0,59.844444444444456
44.800000000000004,0.0,1.2040000000000002,1.7661952000000003,0.0,59.844444444444456
44.800000000000004,0.0,1.4030000000000002,1.7661952000000003,0.0,59.844444444444456
44.800000000000004,0.0,1.6020000000000003,1.7661952000000003,0.0,59.844444444444456
44.800000000000004,0.0,1.8010000000000004,1.7661952000000003,0.0,59.844444444444456
44.800000000000004,0.0,2.0,1.7661952000000003,0.0,59.844444444444456
44.800000000000004,6.4,0.01,1.7661952000000003,0.0119243036758538,60.07969349107983
44.800000000000004,6.4,0.20900000000000002,1.7661952000000003,0.24921794682534446,64.76114951912376
44.800000000000004,6.4,0.40800000000000003,1.7661952000000003,0.48651158997483507,69.44260554716769
44.800000000000004,6.4,0.607,1.7661952000000003,0.7238052331243257,74.12406157521161
44.800000000000004,6.4,0.806,1.7661952000000003,0.9610988762738164,78.80551760325554
44.800000000000004,6.4,1.0050000000000001,1.7661952000000003,1.19243036758538,83.36934910798178
44.800000000000004,6.4,1.2040000000000002,1.7661952000000003,1.5540187128597855,90.50295756115425
44.800000000000004,6.4,1.4030000000000002,1.7661952000000003,1.9067445986911908,97.46172266988619
44.800000000000004,6.4,1.6020000000000003,1.7661952000000003,2.259470484522596,104.42048777861815
44.800000000000004,6.4,1.8010000000000004,1.7661952000000003,2.612196370354001,111.3792528873501
44.800000000000004,6.4,2.0,1.7661952000000003,2.964922256185406,118.33801799608204
44.800000000000004,12.8,0.01,1.7661952000000003,0.057908156988726124,60.98688756685461
44.800000000000004,12.8,0.20900000000000002,1.7661952000000003,1.2102804810643761,83.72150570281678
44.800000000000004,12.8,0.40800000000000003,1.7661952000000003,2.362652805140026,106.45612383877894
44.800000000000004,12.8,0.607,1.7661952000000003,3.5150251292156756,129.1907419747411
44.800000000000004,12.8,0.806,1.7661952000000003,4.6673974532913265,151.92536011070325
44.800000000000004,12.8,1.0050000000000001,1.7661952000000003,5.7908156988726125,174.08875668546034
44.800000000000004,12.8,1.2040000000000002,1.7661952000000003,7.516720980958363,208.1383400599425
44.800000000000004,12.8,1.4030000000000002,1.7661952000000003,9.20032466299299,241.35337482230491
44.800000000000004,12.8,1.6020000000000003,1.7661952000000003,10.88392834502762,274.5684095846674
44.800000000000004,12.8,1.8010000000000004,1.7661952000000003,12.567532027062247,307.78344434702984
44.800000000000004,12.8,2.0,1.7661952000000003,14.25113570909687,340.99847910939224
44.800000000000004,19.200000000000003,0.01,1.7661952000000003,0.1459497769552306,62.72381977894632
44.800000000000004,19.200000000000003,0.20900000000000002,1.7661952000000003,3.0503503383643196,120.02338893553348
44.800000000000004,19.200000000000003,0.40800000000000003,1.7661952000000003,5.954750899773408,177.32295809212061
44.800000000000004,19.200000000000003,0.607,1.7661952000000003,8.859151461182497,234.62252724870774
44.800000000000004,19.200000000000003,0.806,1.7661952000000003,11.763552022591586,291.9220964052949
44.800000000000004,19.200000000000003,1.0050000000000001,1.7661952000000003,14.59497769552306,347.7819778946311
44.800000000000004,19.200000000000003,1.2040000000000002,1.7661952000000003,18.90090279465339,432.7315734424991
44.800000000000004,19.200000000000003,1.4030000000000002,1.7661952000000003,23.10129051390307,515.5990710602721
44.800000000000004,19.200000000000003,1.6020000000000003,1.7661952000000003,27.301678233152753,598.4665686780453
44.800000000000004,19.200000000000003,1.8010000000000004,1.7661952000000003,31.502065952402436,681.3340662958184
44.800000000000004,19.200000000000003,2.0,1.7661952000000003,35.70245367165211,764.2015639135914
44.800000000000004,25.6,0.01,1.7661952000000003,0.28122016488236107,65.39250640945315
44.800000000000004,25.6,0.20900000000000002,1.7661952000000003,5.877501446041347,175.79893951312633
44.800000000000004,25.6,0.40800000000000003,1.7661952000000003,11.473782727200332,286.20537261679954
44.800000000000004,25.6,0.607,1.7661952000000003,17.070064008359317,396.6118057204727
44.800000000000004,25.6,0.806,1.7661952000000003,22.666345289518304,507.0182388241459
44.800000000000004,25.6,1.0050000000000001,1.7661952000000003,28.122016488236106,614.6506409453146
44.800000000000004,25.6,1.2040000000000002,1.7661952000000003,36.35896649244304,777.1536003086144
44.800000000000004,25.6,1.4030000000000002,1.7661952000000003,44.3940304671351,935.6736440012451
44.800000000000004,25.6,1.6020000000000003,1.7661952000000003,52.429094441827154,1094.1936876938755
44.800000000000004,25.6,1.8010000000000004,1.7661952000000003,60.46415841651922,1252.7137313865062
44.800000000000004,25.6,2.0,1.7661952000000003,68.49922239121125,1411.2337750791364
44.800000000000004,32.0,0.01,1.7661952000000003,0.4677220795535528,69.07191602654581
44.800000000000004,32.0,0.20900000000000002,1.7661952000000003,9.775391462669255,252.69860051036252
44.800000000000004,32.0,0.40800000000000003,1.7661952000000003,19.083060845784956,436.3252849941793
44.800000000000004,32.0,0.607,1.7661952000000003,28.390730228900654,619.9519694779959
44.800000000000004,32.0,0.806,1.7661952000000003,37.69839961201636,803.5786539618127
44.800000000000004,32.0,1.0050000000000001,1.7661952000000003,46.772207955355285,982.5916026545788
44.800000000000004,32.0,1.2040000000000002,1.7661952000000003,60.394915969789174,1251.3476793282273
44.800000000000004,32.0,1.4030000000000002,1.7661952000000003,73.68373408190851,1513.5165972598745
44.800000000000004,32.0,1.6020000000000003,1.7661952000000003,86.97255219402784,1775.6855151915217
44.800000000000004,32.0,1.8010000000000004,1.7661952000000003,100.26137030614717,2037.854433123169
44.800000000000004,32.0,2.0,1.7661952000000003,113.55018841826649,2300.0233510548155
44.800000000000004,38.400000000000006,0.01,1.7661952000000003,0.7087778730012845,73.82759376975389
44.800000000000004,38.400000000000006,0.20900000000000002,1.7661952000000003,14.813457545726848,352.09226534341167
44.800000000000004,38.400000000000006,0.40800000000000003,1.7661952000000003,28.918137218452408,630.3569369170693
44.800000000000004,38.400000000000006,0.607,1.7661952000000003,43.02281689117797,908.621608490727
44.800000000000004,38.400000000000006,0.806,1.7661952000000003,57.12749656390353,1186.886280064385
44.800000000000004,38.400000000000006,1.0050000000000001,1.7661952000000003,70.87778730012845,1458.1593769753879
44.800000000000004,38.400000000000006,1.2040000000000002,1.7661952000000003,91.42648468464601,1863.555079794942
44.800000000000004,38.400000000000006,1.4030000000000002,1.7661952000000003,111.47153752542539,2259.0146134277425
44.800000000000004,38.400000000000006,1.6020000000000003,1.7661952000000003,131.51659036620475,2654.4741470605422
44.800000000000004,38.400000000000006,1.8010000000000004,1.7661952000000003,151.56164320698414,3049.933680693343
44.800000000000004,38.400000000000006,2.0,1.7661952000000003,171.60669604776348,3445.3932143261422
44.800000000000004,44.800000000000004,0.01,1.7661952000000003,1.0072553047214183,79.71611633367698
44.800000000000004,44.800000000000004,0.20900000000000002,1.7661952000000003,21.051635868677643,475.16238692940436
44.800000000000004,44.800000000000004,0.40800000000000003,1.7661952000000003,41.09601643263387,870.6086575251315
44.800000000000004,44.800000000000004,0.607,1.7661952000000003,61.140396996590084,1266.054928120859
44.800000000000004,44.800000000000004,0.806,1.7661952000000003,81.18477756054631,1661.5011987165863
44.800000000000004,44.800000000000004,1.0050000000000001,1.7661952000000003,100.72553047214183,2047.0116333676972
44.800000000000004,44.800000000000004,1.2040000000000002,1.7661952000000003,129.8138442448878,2620.881460008045
44.800000000000004,44.800000000000004,1.4030000000000002,1.7661952000000003,158.18920915065468,3180.6858497209337
44.800000000000004,44.800000000000004,1.6020000000000003,1.7661952000000003,186.56457405642158,3740.4902394338224
44.800000000000004,44.800000000000004,1.8010000000000004,1.7661952000000003,214.93993896218848,4300.2946291467115
44.800000000000004,44.800000000000004,2.0,1.7661952000000003,243.3153038679553,4860.099018859598
44.800000000000004,51.2,0.01,1.7661952000000003,1.3656932848313406,86.78757269632538
44.800000000000004,51.2,0.20900000000000002,1.7661952000000003,28.542989652975024,622.9558249087561
44.800000000000004,51.2,0.40800000000000003,1.7661952000000003,55.72028602111871,1159.1240771211867
44.800000000000004,51.2,0.607,1.7661952000000003,82.89758238926237,1695.292329333617
44.800000000000004,51.2,0.806,1.7661952000000003,110.07487875740607,2231.460581546048
44.800000000000004,51.2,1.0050000000000001,1.7661952000000003,136.56932848313406,2754.157269632538
44.800000000000004,51.2,1.2040000000000002,1.7661952000000003,175.87557045773224,3529.6118540430134
44.800000000000004,51.2,1.4030000000000002,1.7661952000000003,214.2184241486393,4286.060198639506
44.800000000000004,51.2,1.6020000000000003,1.7661952000000003,252.56127783954634,5042.508543235999
44.800000000000004,51.2,1.8010000000000004,1.7661952000000003,290.90413153045336,5798.956887832493
44.800000000000004,51.2,2.0,1.7661952000000003,329.24698522136026,6555.405232428984
44.800000000000004,57.6,0.01,1.7661952000000003,1.786379982624548,95.08710508650073
44.800000000000004,57.6,0.20900000000000002,1.7661952000000003,37.33534163685305,796.4160518634205
44.800000000000004,57.6,0.40800000000000003,1.7661952000000003,72.88430329108155,1497.74499864034
44.800000000000004,57.6,0.607,1.7661952000000003,108.43326494531004,2199.07394541726
44.800000000000004,57.6,0.806,1.7661952000000003,143.98222659953856,2900.402892194179
44.800000000000004,57.6,1.0050000000000001,1.7661952000000003,178.63799826245477,3584.1105086500706
44.800000000000004,57.6,1.2040000000000002,1.7661952000000003,229.89855109273026,4595.4061374039275
44.800000000000004,57.6,1.4030000000000002,1.7661952000000003,279.9027178242244,5581.915108590286
44.800000000000004,57.6,1.6020000000000003,1.7661952000000003,329.9068845557186,6568.424079776646
44.800000000000004,57.6,1.8010000000000004,1.7661952000000003,379.9110512872128,7554.933050963005
44.800000000000004,57.6,2.0,1.7661952000000003,429.91521801870675,8541.442022149362
51.2,0.0,0.01,2.3068672000000006,0.0,70.51111111111112
51.2,0.0,0.20900000000000002,2.3068672000000006,0.0,70.51111111111112
51.2,0.0,0.40800000000000003,2.3068672000000006,0.0,70.51111111111112
51.2,0.0,0.607,2.3068672000000006,0.0,70.51111111111112
51.2,0.0,0.806,2.3068672000000006,0.0,70.51111111111112
51.2,0.0,1.0050000000000001,2.3068672000000006,0.0,70.51111111111112
51.2,0.0,1.2040000000000002,2.3068672000000006,0.0,70.51111111111112
51.2,0.0,1.4030000000000002,2.3068672000000006,0.0,70.51111111111112
51.2,0.0,1.6020000000000003,2.3068672000000006,0.0,70.51111111111112
51.2,0.0,1.8010000000000004,2.3068672000000006,0.0,70.51111111111112
51.2,0.0,2.0,2.3068672000000006,0.0,70.51111111111112
51.2,6.4,0.01,2.3068672000000006,0.0119243036758538,70.7463601577465
51.2,6.4,0.20900000000000002,2.3068672000000006,0.24921794682534446,75.42781618579042
51.2,6.4,0.40800000000000003,2.3068672000000006,0.48651158997483507,80.10927221383436
51.2,6.4,0.607,2.3068672000000006,0.7238052331243257,84.79072824187828
51.2,6.4,0.806,2.3068672000000006,0.9610988762738164,89.47218426992221
51.2,6.4,1.0050000000000001,2.3068672000000006,1.19243036758538,94.03601577464845
51.2,6.4,1.2040000000000002,2.3068672000000006,1.5540187128597855,101.16962422782092
51.2,6.4,1.4030000000000002,2.3068672000000006,1.9067445986911908,108.12838933655287
51.2,6.4,1.6020000000000003,2.3068672000000006,2.259470484522596,115.08715444528482
51.2,6.4,1.8010000000000004,2.3068672000000006,2.612196370354001,122.04591955401678
51.2,6.4,2.0,2.3068672000000006,2.964922256185406,129.00468466274873
51.2,12.8,0.01,2.3068672000000006,0.057908156988726124,71.65355423352129
51.2,12.8,0.20900000000000002,2.3068672000000006,1.2102804810643761,94.38817236948344
51.2,12.8,0.40800000000000003,2.3068672000000006,2.362652805140026,117.12279050544561
51.2,12.8,0.607,2.3068672000000006,3.5150251292156756,139.85740864140774
51.2,12.8,0.806,2.3068672000000006,4.6673974532913265,162.59202677736994
51.2,12.8,1.0050000000000001,2.3068672000000006,5.7908156988726125,184.755423352127
51.2,12.8,1.2040000000000002,2.3068672000000006,7.516720980958363,218.80500672660912
51.2,12.8,1.4030000000000002,2.3068672000000006,9.20032466299299,252.0200414889716
51.2,12.8,1.6020000000000003,2.3068672000000006,10.88392834502762,285.2350762513341
51.2,12.8,1.8010000000000004,2.3068672000000006,12.567532027062247,318.4501110136965
51.2,12.8,2.0,2.3068672000000006,14.25113570909687,351.66514577605886
51.2,19.200000000000003,0.01,2.3068672000000006,0.1459497769552306,73.39048644561299
51.2,19.200000000000003,0.20900000000000002,2.3068672000000006,3.0503503383643196,130.69005560220015
51.2,19.200000000000003,0.40800000000000003,2.3068672000000006,5.954750899773408,187.98962475878727
51.2,19.200000000000003,0.607,2.3068672000000006,8.859151461182497,245.28919391537443
51.2,19.200000000000003,0.806,2.3068672000000006,11.763552022591586,302.5887630719616
51.2,19.200000000000003,1.0050000000000001,2.3068672000000006,14.59497769552306,358.4486445612978
51.2,19.200000000000003,1.2040000000000002,2.3068672000000006,18.90090279465339,443.3982401091657
51.2,19.200000000000003,1.4030000000000002,2.3068672000000006,23.10129051390307,526.2657377269388
51.2,19.200000000000003,1.6020000000000003,2.3068672000000006,27.301678233152753,609.1332353447119
51.2,19.200000000000003,1.8010000000000004,2.3068672000000006,31.502065952402436,692.000732962485
51.2,19.200000000000003,2.0,2.3068672000000006,35.70245367165211,774.868230580258
51.2,25.6,0.01,2.3068672000000006,0.28122016488236107,76.05917307611983
51.2,25.6,0.20900000000000002,2.3068672000000006,5.877501446041347,186.465606179793
51.2,25.6,0.40800000000000003,2.3068672000000006,11.473782727200332,296.8720392834662
51.2,25.6,0.607,2.3068672000000006,17.070064008359317,407.27847238713935
51.2,25.6,0.806,2.3068672000000006,22.666345289518304,517.6849054908125
51.2,25.6,1.0050000000000001,2.3068672000000006,28.122016488236106,625.3173076119813
51.2,25.6,1.2040000000000002,2.3068672000000006,36.35896649244304,787.820266975281
51.2,25.6,1.4030000000000002,2.3068672000000006,44.3940304671351,946.3403106679117
51.2,25.6,1.6020000000000003,2.3068672000000006,52.429094441827154,1104.860354360542
51.2,25.6,1.8010000000000004,2.3068672000000006,60.46415841651922,1263.380398053173
51.2,25.6,2.0,2.3068672000000006,68.49922239121125,1421.9004417458032
51.2,32.0,0.01,2.3068672000000006,0.4677220795535528,79.73858269321246
51.2,32.0,0.20900000000000002,2.3068672000000006,9.775391462669255,263.3652671770292
51.2,32.0,0.40800000000000003,2.3068672000000006,19.083060845784956,446.9919516608459
51.2,32.0,0.607,2.3068672000000006,28.390730228900654,630.6186361446626
51.2,32.0,0.806,2.3068672000000006,37.69839961201636,814.2453206284794
51.2,32.0,1.0050000000000001,2.3068672000000006,46.772207955355285,993.2582693212454
51.2,32.0,1.2040000000000002,2.3068672000000006,60.394915969789174,1262.0143459948938
51.2,32.0,1.4030000000000002,2.3068672000000006,73.68373408190851,1524.1832639265413
51.2,32.0,1.6020000000000003,2.3068672000000006,86.97255219402784,1786.3521818581885
51.2,32.0,1.8010000000000004,2.3068672000000006,100.26137030614717,2048.5210997898357
51.2,32.0,2.0,2.3068672000000006,113.55018841826649,2310.6900177214825
51.2,38.400000000000006,0.01,2.3068672000000006,0.7087778730012845,84.49426043642055
51.2,38.400000000000006,0.20900000000000002,2.3068672000000006,14.813457545726848,362.7589320100783
51.2,38.400000000000006,0.40800000000000003,2.3068672000000006,28.918137218452408,641.0236035837361
51.2,38.400000000000006,0.607,2.3068672000000006,43.02281689117797,919.2882751573936
51.2,38.400000000000006,0.806,2.3068672000000006,57.12749656390353,1197.5529467310514
51.2,38.400000000000006,1.0050000000000001,2.3068672000000006,70.87778730012845,1468.8260436420542
51.2,38.400000000000006,1.2040000000000002,2.3068672000000006,91.42648468464601,1874.221746461609
51.2,38.400000000000006,1.4030000000000002,2.3068672000000006,111.47153752542539,2269.681280094409
51.2,38.400000000000006,1.6020000000000003,2.3068672000000006,131.51659036620475,2665.140813727209
51.2,38.400000000000006,1.8010000000000004,2.3068672000000006,151.56164320698414,3060.60034736001
51.2,38.400000000000006,2.0,2.3068672000000006,171.60669604776348,3456.059880992809
51.2,44.800000000000004,0.01,2.3068672000000006,1.0072553047214183,90.38278300034365
51.2,44.800000000000004,0.20900000000000002,2.3068672000000006,21.051635868677643,485.829053596071
51.2,44.800000000000004,0.40800000000000003,2.3068672000000006,41.09601643263387,881.2753241917983
51.2,44.800000000000004,0.607,2.3068672000000006,61.140396996590084,1276.7215947875254
51.2,44.800000000000004,0.806,2.3068672000000006,81.18477756054631,1672.1678653832528
51.2,44.800000000000004,1.0050000000000001,2.3068672000000006,100.72553047214183,2057.678300034364
51.2,44.800000000000004,1.2040000000000002,2.3068672000000006,129.8138442448878,2631.5481266747124
51.2,44.800000000000004,1.4030000000000002,2.3068672000000006,158.18920915065468,3191.3525163876006
51.2,44.800000000000004,1.6020000000000003,2.3068672000000006,186.56457405642158,3751.1569061004893
51.2,44.800000000000004,1.8010000000000004,2.3068672000000006,214.93993896218848,4310.9612958133785
51.2,44.800000000000004,2.0,2.3068672000000006,243.3153038679553,4870.765685526265
51.2,51.2,0.01,2.3068672000000006,1.3656932848313406,97.45423936299207
51.2,51.2,0.20900000000000002,2.3068672000000006,28.542989652975024,633.6224915754227
51.2,51.2,0.40800000000000003,2.3068672000000006,55.72028602111871,1169.7907437878534
51.2,51.2,0.607,2.3068672000000006,82.89758238926237,1705.9589960002836
51.2,51.2,0.806,2.3068672000000006,110.07487875740607,2242.1272482127147
51.2,51.2,1.0050000000000001,2.3068672000000006,136.56932848313406,2764.823936299205
51.2,51.2,1.2040000000000002,2.3068672000000006,175.87557045773224,3540.2785207096804
51.2,51.2,1.4030000000000002,2.3068672000000006,214.2184241486393,4296.726865306174
51.2,51.2,1.6020000000000003,2.3068672000000006,252.56127783954634,5053.175209902666
51.2,51.2,1.8010000000000004,2.3068672000000006,290.90413153045336,5809.623554499159
51.2,51.2,2.0,2.3068672000000006,329.24698522136026,6566.07189909565
51.2,57.6,0.01,2.3068672000000006,1.786379982624548,105.75377175316738
51.2,57.6,0.20900000000000002,2.3068672000000006,37.33534163685305,807.0827185300872
51.2,57.6,0.40800000000000003,2.3068672000000006,72.88430329108155,1508.4116653070066
51.2,57.6,0.607,2.3068672000000006,108.43326494531004,2209.7406120839264
51.2,57.6,0.806,2.3068672000000006,143.98222659953856,2911.0695588608464
51.2,57.6,1.0050000000000001,2.3068672000000006,178.63799826245477,3594.777175316738
51.2,57.6,1.2040000000000002,2.3068672000000006,229.89855109273026,4606.072804070594
51.2,57.6,1.4030000000000002,2.3068672000000006,279.9027178242244,5592.581775256952
51.2,57.6,1.6020000000000003,2.3068672000000006,329.9068845557186,6579.090746443312
51.2,57.6,1.8010000000000004,2.3068672000000006,379.9110512872128,7565.599717629671
51.2,57.6,2.0,2.3068672000000006,429.91521801870675,8552.108688816028
57.6,0.0,0.01,2.9196288000000004,0.0,82.60000000000002
57.6,0.0,0.20900000000000002,2.9196288000000004,0.0,82.60000000000002
57.6,0.0,0.40800000000000003,2.9196288000000004,0.0,82.60000000000002
57.6,0.0,0.607,2.9196288000000004,0.0,82.60000000000002
57.6,0.0,0.806,2.9196288000000004,0.0,82.60000000000002
57.6,0.0,1.0050000000000001,2.9196288000000004,0.0,82.60000000000002
57.6,0.0,1.2040000000000002,2.9196288000000004,0.0,82.60000000000002
57.6,0.0,1.4030000000000002,2.9196288000000004,0.0,82.60000000000002
57.6,0.0,1.6020000000000003,2.9196288000000004,0.0,82.60000000000002
57.6,0.0,1.8010000000000004,2.9196288000000004,0.0,82.60000000000002
57.6,0.0,2.0,2.9196288000000004,0.0,82.60000000000002
57.6,6.4,0.01,2.9196288000000004,0.0119243036758538,82.8352490466354
57.6,6.4,0.20900000000000002,2.9196288000000004,0.24921794682534446,87.51670507467932
57.6,6.4,0.40800000000000003,2.9196288000000004,0.48651158997483507,92.19816110272325
57.6,6.4,0.607,2.9196288000000004,0.7238052331243257,96.87961713076717
57.6,6.4,0.806,2.9196288000000004,0.9610988762738164,101.5610731588111
57.6,6.4,1.0050000000000001,2.9196288000000004,1.19243036758538,106.12490466353734
57.6,6.4,1.2040000000000002,2.9196288000000004,1.5540187128597855,113.25851311670979
57.6,6.4,1.4030000000000002,2.9196288000000004,1.9067445986911908,120.21727822544176
57.6,6.4,1.6020000000000003,2.9196288000000004,2.259470484522596,127.17604333417371
57.6,6.4,1.8010000000000004,2.9196288000000004,2.612196370354001,134.13480844290567
57.6,6.4,2.0,2.9196288000000004,2.964922256185406,141.0935735516376
57.6,12.8,0.01,2.9196288000000004,0.057908156988726124,83.74244312241018
57.6,12.8,0.20900000000000002,2.9196288000000004,1.2102804810643761,106.47706125837233
57.6,12.8,0.40800000000000003,2.9196288000000004,2.362652805140026,129.21167939433448
57.6,12.8,0.607,2.9196288000000004,3.5150251292156756,151.94629753029665
57.6,12.8,0.806,2.9196288000000004,4.6673974532913265,174.68091566625884
57.6,12.8,1.0050000000000001,2.9196288000000004,5.7908156988726125,196.8443122410159
57.6,12.8,1.2040000000000002,2.9196288000000004,7.516720980958363,230.89389561549805
57.6,12.8,1.4030000000000002,2.9196288000000004,9.20032466299299,264.1089303778605
57.6,12.8,1.6020000000000003,2.9196288000000004,10.88392834502762,297.323965140223
57.6,12.8,1.8010000000000004,2.9196288000000004,12.567532027062247,330.53899990258543
57.6,12.8,2.0,2.9196288000000004,14.25113570909687,363.7540346649478
57.6,19.200000000000003,0.01,2.9196288000000004,0.1459497769552306,85.47937533450187
57.6,19.200000000000003,0.20900000000000002,2.9196288000000004,3.0503503383643196,142.77894449108902
57.6,19.200000000000003,0.40800000000000003,2.9196288000000004,5.954750899773408,200.0785136476762
57.6,19.200000000000003,0.607,2.9196288000000004,8.859151461182497,257.3780828042633
57.6,19.200000000000003,0.806,2.9196288000000004,11.763552022591586,314.6776519608505
57.6,19.200000000000003,1.0050000000000001,2.9196288000000004,14.59497769552306,370.5375334501867
57.6,19.200000000000003,1.2040000000000002,2.9196288000000004,18.90090279465339,455.4871289980546
57.6,19.200000000000003,1.4030000000000002,2.9196288000000004,23.10129051390307,538.3546266158277
57.6,19.200000000000003,1.6020000000000003,2.9196288000000004,27.301678233152753,621.2221242336009
57.6,19.200000000000003,1.8010000000000004,2.9196288000000004,31.502065952402436,704.0896218513739
57.6,19.200000000000003,2.0,2.9196288000000004,35.70245367165211,786.9571194691468
57.6,25.6,0.01,2.9196288000000004,0.28122016488236107,88.14806196500871
57.6,25.6,0.20900000000000002,2.9196288000000004,5.877501446041347,198.5544950686819
57.6,25.6,0.40800000000000003,2.9196288000000004,11.473782727200332,308.96092817235507
57.6,25.6,0.607,2.9196288000000004,17.070064008359317,419.3673612760282
57.6,25.6,0.806,2.9196288000000004,22.666345289518304,529.7737943797015
57.6,25.6,1.0050000000000001,2.9196288000000004,28.122016488236106,637.4061965008702
57.6,25.6,1.2040000000000002,2.9196288000000004,36.35896649244304,799.9091558641699
57.6,25.6,1.4030000000000002,2.9196288000000004,44.3940304671351,958.4291995568005
57.6,25.6,1.6020000000000003,2.9196288000000004,52.429094441827154,1116.949243249431
57.6,25.6,1.8010000000000004,2.9196288000000004,60.46415841651922,1275.4692869420617
57.6,25.6,2.0,2.9196288000000004,68.49922239121125,1433.989330634692
57.6,32.0,0.01,2.9196288000000004,0.4677220795535528,91.82747158210135
57.6,32.0,0.20900000000000002,2.9196288000000004,9.775391462669255,275.45415606591814
57.6,32.0,0.40800000000000003,2.9196288000000004,19.083060845784956,459.08084054973483
57.6,32.0,0.607,2.9196288000000004,28.390730228900654,642.7075250335515
57.6,32.0,0.806,2.9196288000000004,37.69839961201636,826.3342095173682
57.6,32.0,1.0050000000000001,2.9196288000000004,46.772207955355285,1005.3471582101342
57.6,32.0,1.2040000000000002,2.9196288000000004,60.394915969789174,1274.1032348837828
57.6,32.0,1.4030000000000002,2.9196288000000004,73.68373408190851,1536.2721528154302
57.6,32.0,1.6020000000000003,2.9196288000000004,86.97255219402784,1798.4410707470774
57.6,32.0,1.8010000000000004,2.9196288000000004,100.26137030614717,2060.6099886787247
57.6,32.0,2.0,2.9196288000000004,113.55018841826649,2322.7789066103715
57.6,38.400000000000006,0.01,2.9196288000000004,0.7087778730012845,96.58314932530945
57.6,38.400000000000006,0.20900000000000002,2.9196288000000004,14.813457545726848,374.84782089896726
57.6,38.400000000000006,0.40800000000000003,2.9196288000000004,28.918137218452408,653.1124924726249
57.6,38.400000000000006,0.607,2.9196288000000004,43.02281689117797,931.3771640462825
57.6,38.400000000000006,0.806,2.9196288000000004,57.12749656390353,1209.6418356199404
57.6,38.400000000000006,1.0050000000000001,2.9196288000000004,70.87778730012845,1480.9149325309434
57.6,38.400000000000006,1.2040000000000002,2.9196288000000004,91.42648468464601,1886.3106353504977
57.6,38.400000000000006,1.4030000000000002,2.9196288000000004,111.47153752542539,2281.770168983298
57.6,38.400000000000006,1.6020000000000003,2.9196288000000004,131.51659036620475,2677.229702616098
57.6,38.400000000000006,1.8010000000000004,2.9196288000000004,151.56164320698414,3072.689236248899
57.6,38.400000000000006,2.0,2.9196288000000004,171.60669604776348,3468.148769881698
57.6,44.800000000000004,0.01,2.9196288000000004,1.0072553047214183,102.47167188923254
57.6,44.800000000000004,0.20900000000000002,2.9196288000000004,21.051635868677643,497.91794248495984
57.6,44.800000000000004,0.40800000000000003,2.9196288000000004,41.09601643263387,893.3642130806871
57.6,44.800000000000004,0.607,2.9196288000000004,61.140396996590084,1288.8104836764144
57.6,44.800000000000004,0.806,2.9196288000000004,81.18477756054631,1684.2567542721417
57.6,44.800000000000004,1.0050000000000001,2.9196288000000004,100.72553047214183,2069.767188923253
57.6,44.800000000000004,1.2040000000000002,2.9196288000000004,129.8138442448878,2643.637015563601
57.6,44.800000000000004,1.4030000000000002,2.9196288000000004,158.18920915065468,3203.4414052764896
57.6,44.800000000000004,1.6020000000000003,2.9196288000000004,186.56457405642158,3763.2457949893783
57.6,44.800000000000004,1.8010000000000004,2.9196288000000004,214.93993896218848,4323.050184702267
57.6,44.800000000000004,2.0,2.9196288000000004,243.3153038679553,4882.854574415154
57.6,51.2,0.01,2.9196288000000004,1.3656932848313406,109.54312825188096
57.6,51.2,0.20900000000000002,2.9196288000000004,28.542989652975024,645.7113804643117
57.6,51.2,0.40800000000000003,2.9196288000000004,55.72028602111871,1181.8796326767422
57.6,51.2,0.607,2.9196288000000004,82.89758238926237,1718.0478848891728
57.6,51.2,0.806,2.9196288000000004,110.07487875740607,2254.2161371016036
57.6,51.2,1.0050000000000001,2.9196288000000004,136.56932848313406,2776.912825188094
57.6,51.2,1.2040000000000002,2.9196288000000004,175.87557045773224,3552.3674095985693
57.6,51.2,1.4030000000000002,2.9196288000000004,214.2184241486393,4308.815754195062
57.6,51.2,1.6020000000000003,2.9196288000000004,252.56127783954634,5065.264098791556
57.6,51.2,1.8010000000000004,2.9196288000000004,290.90413153045336,5821.712443388048
57.6,51.2,2.0,2.9196288000000004,329.24698522136026,6578.16078798454
57.6,57.6,0.01,2.9196288000000004,1.786379982624548,117.84266064205627
57.6,57.6,0.20900000000000002,2.9196288000000004,37.33534163685305,819.171607418976
57.6,57.6,0.40800000000000003,2.9196288000000004,72.88430329108155,1520.5005541958958
57.6,57.6,0.607,2.9196288000000004,108.43326494531004,2221.8295009728154
57.6,57.6,0.806,2.9196288000000004,143.98222659953856,2923.158447749735
57.6,57.6,1.0050000000000001,2.9196288000000004,178.63799826245477,3606.8660642056266
57.6,57.6,1.2040000000000002,2.9196288000000004,229.89855109273026,4618.161692959483
57.6,57.6,1.4030000000000002,2.9196288000000004,279.9027178242244,5604.670664145841
57.6,57.6,1.6020000000000003,2.9196288000000004,329.9068845557186,6591.1796353322015
57.6,57.6,1.8010000000000004,2.9196288000000004,379.9110512872128,7577.688606518561
57.6,57.6,2.0,2.9196288000000004,429.91521801870675,8564.197577704917
