0.0,2.6,0.01,0.0,0.00705541467491921,25.11661842437883
0.0,2.6,0.20900000000000002,0.0,0.14745816670581152,27.437325069517545
0.0,2.6,0.40800000000000003,0.0,0.28786091873670383,29.758031714656262
0.0,2.6,0.607,0.0,0.45056697513522187,32.447388018763995
0.0,2.6,0.806,0.0,0.6324497044479603,35.453714123106785
0.0,2.6,1.0050000000000001,0.0,0.8097625159387707,38.38450439568216
0.0,2.6,1.2040000000000002,0.0,1.0960541386385052,43.116597332867855
0.0,2.6,1.4030000000000002,0.0,1.3753288098014818,47.7327076000245
0.0,2.6,1.6020000000000003,0.0,1.6546034809644579,52.348817867181126
0.0,2.6,1.8010000000000004,0.0,1.9338781521274346,56.96492813433776
0.0,2.6,2.0,0.0,2.21315282329041,61.58103840149438
0.0,5.2,0.01,0.0,0.03582145391526663,25.59209014735978
0.0,5.2,0.20900000000000002,0.0,0.7486683868290726,37.37468407981938
0.0,5.2,0.40800000000000003,0.0,1.4615153197428785,49.15727801227899
0.0,5.2,0.607,0.0,2.2844425464639397,62.75938093328826
0.0,5.2,0.806,0.0,3.20201825010339,77.92592148931223
0.0,5.2,1.0050000000000001,0.0,4.0965392878222495,92.71139318714462
0.0,5.2,1.2040000000000002,0.0,5.397306111240339,114.2116712601709
0.0,5.2,1.4030000000000002,0.0,6.666191394868769,135.1849817333681
0.0,5.2,1.6020000000000003,0.0,7.935076678497198,156.15829220656528
0.0,5.2,1.8010000000000004,0.0,9.203961962125629,177.13160267976244
0.0,5.2,2.0,0.0,10.472847245754055,198.1049131529596
0.0,7.800000000000001,0.01,0.0,0.09266267591881394,26.531614477996925
0.0,7.800000000000001,0.20900000000000002,0.0,1.9366499267032116,57.01074259013573
0.0,7.800000000000001,0.40800000000000003,0.0,3.780637177487609,87.48987070227454
0.0,7.800000000000001,0.607,0.0,5.904615667450689,122.59695318100313
0.0,7.800000000000001,0.806,0.0,8.269334288296378,161.68321137679962
0.0,7.800000000000001,1.0050000000000001,0.0,10.574637868417298,199.787402783757
0.0,7.800000000000001,1.2040000000000002,0.0,13.72107376974525,251.7946077643843
0.0,7.800000000000001,1.4030000000000002,0.0,16.79039114407987,302.5271263484276
0.0,7.800000000000001,1.6020000000000003,0.0,19.859708518414486,353.25964493247085
0.0,7.800000000000001,1.8010000000000004,0.0,22.929025892749102,403.9921635165141
0.0,7.800000000000001,2.0,0.0,25.998343267083715,454.7246821005573
0.0,10.4,0.01,0.0,0.18187117550511153,28.006135132315894
0.0,10.4,0.20900000000000002,0.0,3.8011075680568314,87.82822426540218
0.0,10.4,0.40800000000000003,0.0,7.420343960608551,147.65031339848844
0.0,10.4,0.607,0.0,11.58250378886349,216.44634361757832
0.0,10.4,0.806,0.0,16.21147629080718,292.9582857984658
0.0,10.4,1.0050000000000001,0.0,20.724142950993485,367.54781737179314
0.0,10.4,1.2040000000000002,0.0,26.60635135021929,464.7744024829634
0.0,10.4,1.4030000000000002,0.0,32.34438797495426,559.6179830570952
0.0,10.4,1.6020000000000003,0.0,38.082424599689226,654.4615636312269
0.0,10.4,1.8010000000000004,0.0,43.8204612244242,749.3051442053587
0.0,10.4,2.0,0.0,49.55849784915916,844.1487247794903
0.0,13.0,0.01,0.0,0.3068477832570164,30.071864186066385
0.0,13.0,0.20900000000000002,0.0,6.4131186700716425,131.0019614887875
0.0,13.0,0.40800000000000003,0.0,12.51938955688627,231.9320587915086
0.0,13.0,0.607,0.0,19.533010808047,347.85968277763635
0.0,13.0,0.806,0.0,27.32678377434644,476.6823764354783
0.0,13.0,1.0050000000000001,0.0,34.92473329928156,602.2683189963896
0.0,13.0,1.2040000000000002,0.0,44.47513004721684,760.126116482923
0.0,13.0,1.4030000000000002,0.0,53.79144844348703,914.1148503055707
0.0,13.0,1.6020000000000003,0.0,63.10776683975721,1068.1035841282185
0.0,13.0,1.8010000000000004,0.0,72.4240852360274,1222.0923179508661
0.0,13.0,2.0,0.0,81.74040363229757,1376.0810517735135
0.0,15.600000000000001,0.01,0.0,0.4704630313070988,32.776248451357006
0.0,15.600000000000001,0.20900000000000002,0.0,9.832677354318367,187.52359263336143
0.0,15.600000000000001,0.40800000000000003,0.0,19.194891677329633,342.27093681536587
0.0,15.600000000000001,0.607,0.0,29.937437307922906,519.8336745111224
0.0,15.600000000000001,0.806,0.0,41.86680985718482,717.0133860691706
0.0,15.600000000000001,1.0050000000000001,0.0,53.49644942782205,909.2388335177199
0.0,15.600000000000001,1.2040000000000002,0.0,67.68060111691544,1143.6876217671972
0.0,15.600000000000001,1.4030000000000002,0.0,81.51710202931534,1372.3901161870306
0.0,15.600000000000001,1.6020000000000003,0.0,95.35360294171525,1601.0926106068637
0.0,15.600000000000001,1.8010000000000004,0.0,109.19010385411515,1829.7951050266968
0.0,15.600000000000001,2.0,0.0,123.02660476651502,2058.4975994465294
0.0,18.2,0.01,0.0,0.6752276076300966,36.1607869029768
0.0,18.2,0.20900000000000002,0.0,14.11225699946902,258.2604462722152
0.0,18.2,0.40800000000000003,0.0,27.54928639130794,480.3601056414536
0.0,18.2,0.607,0.0,42.95429254519489,734.988306532147
0.0,18.2,0.806,0.0,60.05139086831941,1017.5849730300729
0.0,18.2,1.0050000000000001,0.0,76.71891385669204,1293.0812207717693
0.0,18.2,1.2040000000000002,0.0,96.52966205776471,1620.5316042605739
0.0,18.2,1.4030000000000002,0.0,115.85485270488952,1939.9562430560252
0.0,18.2,1.6020000000000003,0.0,135.18004335201434,2259.3808818514767
0.0,18.2,1.8010000000000004,0.0,154.5052339991391,2578.8055206469276
0.0,18.2,2.0,0.0,173.83042464626388,2898.2301594423784
0.0,20.8,0.01,0.0,0.9233886641746286,40.26262254834097
0.0,20.8,0.20900000000000002,0.0,19.298823081249743,343.9888112603263
0.0,20.8,0.40800000000000003,0.0,37.67425749832485,647.7149999723116
0.0,20.8,0.607,0.0,58.72540058650699,995.6677782893718
0.0,20.8,0.806,0.0,82.07715299937932,1381.6471570145343
0.0,20.8,1.0050000000000001,0.0,104.84217796469201,1757.9285613998682
0.0,20.8,1.2040000000000002,0.0,131.29552983186272,2195.174046807648
0.0,20.8,1.4030000000000002,0.0,157.1005152317008,2621.7027311024926
0.0,20.8,1.6020000000000003,0.0,182.90550063153887,3048.2314153973366
0.0,20.8,1.8010000000000004,0.0,208.7104860313769,3474.76009969218
0.0,20.8,2.0,0.0,234.5154714312149,3901.2887839870236
0.0,23.400000000000002,0.01,0.0,1.2169903406185638,45.11554282014155
0.0,23.400000000000002,0.20900000000000002,0.0,25.435098118927982,445.4148449409584
0.0,23.400000000000002,0.40800000000000003,0.0,49.6532058972374,845.7141470617752
0.0,23.400000000000002,0.607,0.0,77.37973627156546,1304.0039053151315
0.0,23.400000000000002,0.806,0.0,108.12285429854508,1812.1546165048774
0.0,23.400000000000002,1.0050000000000001,0.0,138.09353217409304,2307.5377218858353
0.0,23.400000000000002,1.2040000000000002,0.0,172.22561679921284,2871.7044099043446
0.0,23.400000000000002,1.4030000000000002,0.0,205.5211307227366,3422.0434830204395
0.0,23.400000000000002,1.6020000000000003,0.0,238.8166446462603,3972.3825561365343
0.0,23.400000000000002,1.8010000000000004,0.0,272.112158569784,4522.721629252628
0.0,23.400000000000002,2.0,0.0,305.4076724933077,5073.060702368722
2.6,0.0,0.01,0.033800000000000004,0.0,25.558677685950414
2.6,0.0,0.20900000000000002,0.033800000000000004,0.0,25.558677685950414
2.6,0.0,0.40800000000000003,0.033800000000000004,0.0,25.558677685950414
2.6,0.0,0.607,0.033800000000000004,0.0,25.558677685950414
2.6,0.0,0.806,0.033800000000000004,0.0,25.558677685950414
2.6,0.0,1.0050000000000001,0.033800000000000004,0.0,25.558677685950414
2.6,0.0,1.2040000000000002,0.033800000000000004,0.0,25.558677685950414
2.6,0.0,1.4030000000000002,0.033800000000000004,0.0,25.558677685950414
2.6,0.0,1.6020000000000003,0.033800000000000004,0.0,25.558677685950414
2.6,0.0,1.8010000000000004,0.033800000000000004,0.0,25.558677685950414
2.6,0.0,2.0,0.033800000000000004,0.0,25.558677685950414
2.6,2.6,0.01,0.033800000000000004,0.00705541467491921,25.675296110329242
2.6,2.6,0.20900000000000002,0.033800000000000004,0.14745816670581152,27.99600275546796
2.6,2.6,0.40800000000000003,0.033800000000000004,0.28786091873670383,30.316709400606676
2.6,2.6,0.607,0.033800000000000004,0.45056697513522187,33.00606570471441
2.6,2.6,0.806,0.033800000000000004,0.6324497044479603,36.01239180905719
2.6,2.6,1.0050000000000001,0.033800000000000004,0.8097625159387707,38.94318208163257
2.6,2.6,1.2040000000000002,0.033800000000000004,1.0960541386385052,43.67527501881827
2.6,2.6,1.4030000000000002,0.033800000000000004,1.3753288098014818,48.29138528597491
2.6,2.6,1.6020000000000003,0.033800000000000004,1.6546034809644579,52.90749555313154
2.6,2.6,1.8010000000000004,0.033800000000000004,1.9338781521274346,57.523605820288175
2.6,2.6,2.0,0.033800000000000004,2.21315282329041,62.1397160874448
2.6,5.2,0.01,0.033800000000000004,0.03582145391526663,26.15076783331019
2.6,5.2,0.20900000000000002,0.033800000000000004,0.7486683868290726,37.933361765769796
2.6,5.2,0.40800000000000003,0.033800000000000004,1.4615153197428785,49.71595569822939
2.6,5.2,0.607,0.033800000000000004,2.2844425464639397,63.31805861923868
2.6,5.2,0.806,0.033800000000000004,3.20201825010339,78.48459917526264
2.6,5.2,1.0050000000000001,0.033800000000000004,4.0965392878222495,93.27007087309504
2.6,5.2,1.2040000000000002,0.033800000000000004,5.397306111240339,114.77034894612132
2.6,5.2,1.4030000000000002,0.033800000000000004,6.666191394868769,135.7436594193185
2.6,5.2,1.6020000000000003,0.033800000000000004,7.935076678497198,156.7169698925157
2.6,5.2,1.8010000000000004,0.033800000000000004,9.203961962125629,177.69028036571285
2.6,5.2,2.0,0.033800000000000004,10.472847245754055,198.66359083891
2.6,7.800000000000001,0.01,0.033800000000000004,0.09266267591881394,27.09029216394734
2.6,7.800000000000001,0.20900000000000002,0.033800000000000004,1.9366499267032116,57.56942027608614
2.6,7.800000000000001,0.40800000000000003,0.033800000000000004,3.780637177487609,88.04854838822496
2.6,7.800000000000001,0.607,0.033800000000000004,5.904615667450689,123.15563086695354
2.6,7.800000000000001,0.806,0.033800000000000004,8.269334288296378,162.24188906275003
2.6,7.800000000000001,1.0050000000000001,0.033800000000000004,10.574637868417298,200.3460804697074
2.6,7.800000000000001,1.2040000000000002,0.033800000000000004,13.72107376974525,252.3532854503347
2.6,7.800000000000001,1.4030000000000002,0.033800000000000004,16.79039114407987,303.085804034378
2.6,7.800000000000001,1.6020000000000003,0.033800000000000004,19.859708518414486,353.81832261842123
2.6,7.800000000000001,1.8010000000000004,0.033800000000000004,22.929025892749102,404.5508412024645
2.6,7.800000000000001,2.0,0.033800000000000004,25.998343267083715,455.2833597865077
2.6,10.4,0.01,0.033800000000000004,0.18187117550511153,28.564812818266308
2.6,10.4,0.20900000000000002,0.033800000000000004,3.8011075680568314,88.3869019513526
2.6,10.4,0.40800000000000003,0.033800000000000004,7.420343960608551,148.20899108443888
2.6,10.4,0.607,0.033800000000000004,11.58250378886349,217.00502130352874
2.6,10.4,0.806,0.033800000000000004,16.21147629080718,293.5169634844162
2.6,10.4,1.0050000000000001,0.033800000000000004,20.724142950993485,368.1064950577436
2.6,10.4,1.2040000000000002,0.033800000000000004,26.60635135021929,465.33308016891385
2.6,10.4,1.4030000000000002,0.033800000000000004,32.34438797495426,560.1766607430457
2.6,10.4,1.6020000000000003,0.033800000000000004,38.082424599689226,655.0202413171774
2.6,10.4,1.8010000000000004,0.033800000000000004,43.8204612244242,749.8638218913092
2.6,10.4,2.0,0.033800000000000004,49.55849784915916,844.7074024654407
2.6,13.0,0.01,0.033800000000000004,0.3068477832570164,30.6305418720168
2.6,13.0,0.20900000000000002,0.033800000000000004,6.4131186700716425,131.5606391747379
2.6,13.0,0.40800000000000003,0.033800000000000004,12.51938955688627,232.490736477459
2.6,13.0,0.607,0.033800000000000004,19.533010808047,348.41836046358674
2.6,13.0,0.806,0.033800000000000004,27.32678377434644,477.2410541214287
2.6,13.0,1.0050000000000001,0.033800000000000004,34.92473329928156,602.82699668234
2.6,13.0,1.2040000000000002,0.033800000000000004,44.47513004721684,760.6847941688734
2.6,13.0,1.4030000000000002,0.033800000000000004,53.79144844348703,914.6735279915212
2.6,13.0,1.6020000000000003,0.033800000000000004,63.10776683975721,1068.662261814169
2.6,13.0,1.8010000000000004,0.033800000000000004,72.4240852360274,1222.6509956368166
2.6,13.0,2.0,0.033800000000000004,81.74040363229757,1376.6397294594642
2.6,15.600000000000001,0.01,0.033800000000000004,0.4704630313070988,33.33492613730742
2.6,15.600000000000001,0.20900000000000002,0.033800000000000004,9.832677354318367,188.08227031931185
2.6,15.600000000000001,0.40800000000000003,0.033800000000000004,19.194891677329633,342.82961450131626
2.6,15.600000000000001,0.607,0.033800000000000004,29.937437307922906,520.3923521970728
2.6,15.600000000000001,0.806,0.033800000000000004,41.86680985718482,717.572063755121
2.6,15.600000000000001,1.0050000000000001,0.033800000000000004,53.49644942782205,909.7975112036703
2.6,15.600000000000001,1.2040000000000002,0.033800000000000004,67.68060111691544,1144.246299453148
2.6,15.600000000000001,1.4030000000000002,0.033800000000000004,81.51710202931534,1372.948793872981
2.6,15.600000000000001,1.6020000000000003,0.033800000000000004,95.35360294171525,1601.6512882928141
2.6,15.600000000000001,1.8010000000000004,0.033800000000000004,109.19010385411515,1830.3537827126472
2.6,15.600000000000001,2.0,0.033800000000000004,123.02660476651502,2059.05627713248
2.6,18.2,0.01,0.033800000000000004,0.6752276076300966,36.71946458892722
2.6,18.2,0.20900000000000002,0.033800000000000004,14.11225699946902,258.8191239581656
2.6,18.2,0.40800000000000003,0.033800000000000004,27.54928639130794,480.918783327404
2.6,18.2,0.607,0.033800000000000004,42.95429254519489,735.5469842180975
2.6,18.2,0.806,0.033800000000000004,60.05139086831941,1018.1436507160233
2.6,18.2,1.0050000000000001,0.033800000000000004,76.71891385669204,1293.63989845772
2.6,18.2,1.2040000000000002,0.033800000000000004,96.52966205776471,1621.0902819465243
2.6,18.2,1.4030000000000002,0.033800000000000004,115.85485270488952,1940.5149207419756
2.6,18.2,1.6020000000000003,0.033800000000000004,135.18004335201434,2259.9395595374267
2.6,18.2,1.8010000000000004,0.033800000000000004,154.5052339991391,2579.3641983328775
2.6,18.2,2.0,0.033800000000000004,173.83042464626388,2898.7888371283284
2.6,20.8,0.01,0.033800000000000004,0.9233886641746286,40.821300234291385
2.6,20.8,0.20900000000000002,0.033800000000000004,19.298823081249743,344.5474889462767
2.6,20.8,0.40800000000000003,0.033800000000000004,37.67425749832485,648.273677658262
2.6,20.8,0.607,0.033800000000000004,58.72540058650699,996.2264559753222
2.6,20.8,0.806,0.033800000000000004,82.07715299937932,1382.2058347004847
2.6,20.8,1.0050000000000001,0.033800000000000004,104.84217796469201,1758.4872390858186
2.6,20.8,1.2040000000000002,0.033800000000000004,131.29552983186272,2195.7327244935987
2.6,20.8,1.4030000000000002,0.033800000000000004,157.1005152317008,2622.2614087884426
2.6,20.8,1.6020000000000003,0.033800000000000004,182.90550063153887,3048.790093083287
2.6,20.8,1.8010000000000004,0.033800000000000004,208.7104860313769,3475.3187773781306
2.6,20.8,2.0,0.033800000000000004,234.5154714312149,3901.8474616729736
2.6,23.400000000000002,0.01,0.033800000000000004,1.2169903406185638,45.67422050609196
2.6,23.400000000000002,0.20900000000000002,0.033800000000000004,25.435098118927982,445.9735226269088
2.6,23.400000000000002,0.40800000000000003,0.033800000000000004,49.6532058972374,846.2728247477257
2.6,23.400000000000002,0.607,0.033800000000000004,77.37973627156546,1304.562583001082
2.6,23.400000000000002,0.806,0.033800000000000004,108.12285429854508,1812.7132941908278
2.6,23.400000000000002,1.0050000000000001,0.033800000000000004,138.09353217409304,2308.0963995717857
2.6,23.400000000000002,1.2040000000000002,0.033800000000000004,172.22561679921284,2872.263087590295
2.6,23.400000000000002,1.4030000000000002,0.033800000000000004,205.5211307227366,3422.60216070639
2.6,23.400000000000002,1.6020000000000003,0.033800000000000004,238.8166446462603,3972.9412338224843
2.6,23.400000000000002,1.8010000000000004,0.033800000000000004,272.112158569784,4523.280306938579
2.6,23.400000000000002,2.0,0.033800000000000004,305.4076724933077,5073.619380054673
5.2,0.0,0.01,0.13520000000000001,0.0,27.234710743801653
5.2,0.0,0.20900000000000002,0.13520000000000001,0.0,27.234710743801653
5.2,0.0,0.40800000000000003,0.13520000000000001,0.0,27.234710743801653
5.2,0.0,0.607,0.13520000000000001,0.0,27.234710743801653
5.2,0.0,0.806,0.13520000000000001,0.0,27.234710743801653
5.2,0.0,1.0050000000000001,0.13520000000000001,0.0,27.234710743801653
5.2,0.0,1.2040000000000002,0.13520000000000001,0.0,27.234710743801653
5.2,0.0,1.4030000000000002,0.13520000000000001,0.0,27.234710743801653
5.2,0.0,1.6020000000000003,0.13520000000000001,0.0,27.234710743801653
5.2,0.0,1.8010000000000004,0.13520000000000001,0.0,27.234710743801653
5.2,0.0,2.0,0.13520000000000001,0.0,27.234710743801653
5.2,2.6,0.01,0.13520000000000001,0.00705541467491921,27.351329168180484
5.2,2.6,0.20900000000000002,0.13520000000000001,0.14745816670581152,29.672035813319198
5.2,2.6,0.40800000000000003,0.13520000000000001,0.28786091873670383,31.992742458457915
5.2,2.6,0.607,0.13520000000000001,0.45056697513522187,34.68209876256565
5.2,2.6,0.806,0.13520000000000001,0.6324497044479603,37.688424866908434
5.2,2.6,1.0050000000000001,0.13520000000000001,0.8097625159387707,40.61921513948381
5.2,2.6,1.2040000000000002,0.13520000000000001,1.0960541386385052,45.35130807666951
5.2,2.6,1.4030000000000002,0.13520000000000001,1.3753288098014818,49.96741834382615
5.2,2.6,1.6020000000000003,0.13520000000000001,1.6546034809644579,54.58352861098278
5.2,2.6,1.8010000000000004,0.13520000000000001,1.9338781521274346,59.19963887813941
5.2,2.6,2.0,0.13520000000000001,2.21315282329041,63.81574914529603
5.2,5.2,0.01,0.13520000000000001,0.03582145391526663,27.826800891161433
5.2,5.2,0.20900000000000002,0.13520000000000001,0.7486683868290726,39.60939482362104
5.2,5.2,0.40800000000000003,0.13520000000000001,1.4615153197428785,51.391988756080636
5.2,5.2,0.607,0.13520000000000001,2.2844425464639397,64.99409167708991
5.2,5.2,0.806,0.13520000000000001,3.20201825010339,80.16063223311389
5.2,5.2,1.0050000000000001,0.13520000000000001,4.0965392878222495,94.94610393094626
5.2,5.2,1.2040000000000002,0.13520000000000001,5.397306111240339,116.44638200397254
5.2,5.2,1.4030000000000002,0.13520000000000001,6.666191394868769,137.41969247716975
5.2,5.2,1.6020000000000003,0.13520000000000001,7.935076678497198,158.3930029503669
5.2,5.2,1.8010000000000004,0.13520000000000001,9.203961962125629,179.36631342356412
5.2,5.2,2.0,0.13520000000000001,10.472847245754055,200.33962389676125
5.2,7.800000000000001,0.01,0.13520000000000001,0.09266267591881394,28.766325221798578
5.2,7.800000000000001,0.20900000000000002,0.13520000000000001,1.9366499267032116,59.245453333937384
5.2,7.800000000000001,0.40800000000000003,0.13520000000000001,3.780637177487609,89.72458144607619
5.2,7.800000000000001,0.607,0.13520000000000001,5.904615667450689,124.83166392480479
5.2,7.800000000000001,0.806,0.13520000000000001,8.269334288296378,163.91792212060128
5.2,7.800000000000001,1.0050000000000001,0.13520000000000001,10.574637868417298,202.02211352755864
5.2,7.800000000000001,1.2040000000000002,0.13520000000000001,13.72107376974525,254.02931850818595
5.2,7.800000000000001,1.4030000000000002,0.13520000000000001,16.79039114407987,304.76183709222926
5.2,7.800000000000001,1.6020000000000003,0.13520000000000001,19.859708518414486,355.4943556762725
5.2,7.800000000000001,1.8010000000000004,0.13520000000000001,22.929025892749102,406.22687426031575
5.2,7.800000000000001,2.0,0.13520000000000001,25.998343267083715,456.95939284435894
5.2,10.4,0.01,0.13520000000000001,0.18187117550511153,30.240845876117547
5.2,10.4,0.20900000000000002,0.13520000000000001,3.8011075680568314,90.06293500920383
5.2,10.4,0.40800000000000003,0.13520000000000001,7.420343960608551,149.8850241422901
5.2,10.4,0.607,0.13520000000000001,11.58250378886349,218.68105436138
5.2,10.4,0.806,0.13520000000000001,16.21147629080718,295.19299654226745
5.2,10.4,1.0050000000000001,0.13520000000000001,20.724142950993485,369.78252811559486
5.2,10.4,1.2040000000000002,0.13520000000000001,26.60635135021929,467.0091132267651
5.2,10.4,1.4030000000000002,0.13520000000000001,32.34438797495426,561.8526938008969
5.2,10.4,1.6020000000000003,0.13520000000000001,38.082424599689226,656.6962743750286
5.2,10.4,1.8010000000000004,0.13520000000000001,43.8204612244242,751.5398549491604
5.2,10.4,2.0,0.13520000000000001,49.55849784915916,846.3834355232918
5.2,13.0,0.01,0.13520000000000001,0.3068477832570164,32.30657492986804
5.2,13.0,0.20900000000000002,0.13520000000000001,6.4131186700716425,133.23667223258911
5.2,13.0,0.40800000000000003,0.13520000000000001,12.51938955688627,234.16676953531027
5.2,13.0,0.607,0.13520000000000001,19.533010808047,350.094393521438
5.2,13.0,0.806,0.13520000000000001,27.32678377434644,478.91708717928
5.2,13.0,1.0050000000000001,0.13520000000000001,34.92473329928156,604.5030297401911
5.2,13.0,1.2040000000000002,0.13520000000000001,44.47513004721684,762.3608272267245
5.2,13.0,1.4030000000000002,0.13520000000000001,53.79144844348703,916.3495610493723
5.2,13.0,1.6020000000000003,0.13520000000000001,63.10776683975721,1070.33829487202
5.2,13.0,1.8010000000000004,0.13520000000000001,72.4240852360274,1224.3270286946677
5.2,13.0,2.0,0.13520000000000001,81.74040363229757,1378.3157625173153
5.2,15.600000000000001,0.01,0.13520000000000001,0.4704630313070988,35.01095919515866
5.2,15.600000000000001,0.20900000000000002,0.13520000000000001,9.832677354318367,189.7583033771631
5.2,15.600000000000001,0.40800000000000003,0.13520000000000001,19.194891677329633,344.5056475591675
5.2,15.600000000000001,0.607,0.13520000000000001,29.937437307922906,522.0683852549241
5.2,15.600000000000001,0.806,0.13520000000000001,41.86680985718482,719.2480968129721
5.2,15.600000000000001,1.0050000000000001,0.13520000000000001,53.49644942782205,911.4735442615215
5.2,15.600000000000001,1.2040000000000002,0.13520000000000001,67.68060111691544,1145.922332510999
5.2,15.600000000000001,1.4030000000000002,0.13520000000000001,81.51710202931534,1374.6248269308321
5.2,15.600000000000001,1.6020000000000003,0.13520000000000001,95.35360294171525,1603.3273213506652
5.2,15.600000000000001,1.8010000000000004,0.13520000000000001,109.19010385411515,1832.0298157704983
5.2,15.600000000000001,2.0,0.13520000000000001,123.02660476651502,2060.732310190331
5.2,18.2,0.01,0.13520000000000001,0.6752276076300966,38.39549764677846
5.2,18.2,0.20900000000000002,0.13520000000000001,14.11225699946902,260.4951570160169
5.2,18.2,0.40800000000000003,0.13520000000000001,27.54928639130794,482.5948163852553
5.2,18.2,0.607,0.13520000000000001,42.95429254519489,737.2230172759486
5.2,18.2,0.806,0.13520000000000001,60.05139086831941,1019.8196837738745
5.2,18.2,1.0050000000000001,0.13520000000000001,76.71891385669204,1295.315931515571
5.2,18.2,1.2040000000000002,0.13520000000000001,96.52966205776471,1622.7663150043754
5.2,18.2,1.4030000000000002,0.13520000000000001,115.85485270488952,1942.1909537998267
5.2,18.2,1.6020000000000003,0.13520000000000001,135.18004335201434,2261.6155925952785
5.2,18.2,1.8010000000000004,0.13520000000000001,154.5052339991391,2581.0402313907293
5.2,18.2,2.0,0.13520000000000001,173.83042464626388,2900.46487018618
5.2,20.8,0.01,0.13520000000000001,0.9233886641746286,42.49733329214262
5.2,20.8,0.20900000000000002,0.13520000000000001,19.298823081249743,346.223522004128
5.2,20.8,0.40800000000000003,0.13520000000000001,37.67425749832485,649.9497107161131
5.2,20.8,0.607,0.13520000000000001,58.72540058650699,997.9024890331734
5.2,20.8,0.806,0.13520000000000001,82.07715299937932,1383.8818677583358
5.2,20.8,1.0050000000000001,0.13520000000000001,104.84217796469201,1760.1632721436697
5.2,20.8,1.2040000000000002,0.13520000000000001,131.29552983186272,2197.40875755145
5.2,20.8,1.4030000000000002,0.13520000000000001,157.1005152317008,2623.9374418462944
5.2,20.8,1.6020000000000003,0.13520000000000001,182.90550063153887,3050.4661261411384
5.2,20.8,1.8010000000000004,0.13520000000000001,208.7104860313769,3476.9948104359823
5.2,20.8,2.0,0.13520000000000001,234.5154714312149,3903.5234947308254
5.2,23.400000000000002,0.01,0.13520000000000001,1.2169903406185638,47.350253563943205
5.2,23.400000000000002,0.20900000000000002,0.13520000000000001,25.435098118927982,447.64955568476006
5.2,23.400000000000002,0.40800000000000003,0.13520000000000001,49.6532058972374,847.9488578055768
5.2,23.400000000000002,0.607,0.13520000000000001,77.37973627156546,1306.2386160589333
5.2,23.400000000000002,0.806,0.13520000000000001,108.12285429854508,1814.389327248679
5.2,23.400000000000002,1.0050000000000001,0.13520000000000001,138.09353217409304,2309.772432629637
5.2,23.400000000000002,1.2040000000000002,0.13520000000000001,172.22561679921284,2873.9391206481464
5.2,23.400000000000002,1.4030000000000002,0.13520000000000001,205.5211307227366,3424.2781937642417
5.2,23.400000000000002,1.6020000000000003,0.13520000000000001,238.8166446462603,3974.617266880336
5.2,23.400000000000002,1.8010000000000004,0.13520000000000001,272.112158569784,4524.95633999643
5.2,23.400000000000002,2.0,0.13520000000000001,305.4076724933077,5075.295413112524
7.800000000000001,0.0,0.01,0.3042,0.0,30.02809917355372
7.800000000000001,0.0,0.20900000000000002,0.3042,0.0,30.02809917355372
7.800000000000001,0.0,0.40800000000000003,0.3042,0.0,30.02809917355372
7.800000000000001,0.0,0.607,0.3042,0.0,30.02809917355372
7.800000000000001,0.0,0.806,0.3042,0.0,30.02809917355372
7.800000000000001,0.0,1.0050000000000001,0.3042,0.0,30.02809917355372
7.800000000000001,0.0,1.2040000000000002,0.3042,0.0,30.02809917355372
7.800000000000001,0.0,1.4030000000000002,0.3042,0.0,30.02809917355372
7.800000000000001,0.0,1.6020000000000003,0.3042,0.0,30.02809917355372
7.800000000000001,0.0,1.8010000000000004,0.3042,0.0,30.02809917355372
7.800000000000001,0.0,2.0,0.3042,0.0,30.02809917355372
7.800000000000001,2.6,0.01,0.3042,0.00705541467491921,30.14471759793255
7.800000000000001,2.6,0.20900000000000002,0.3042,0.14745816670581152,32.46542424307127
7.800000000000001,2.6,0.40800000000000003,0.3042,0.28786091873670383,34.78613088820998
7.800000000000001,2.6,0.607,0.3042,0.45056697513522187,37.475487192317715
7.800000000000001,2.6,0.806,0.3042,0.6324497044479603,40.481813296660505
7.800000000000001,2.6,1.0050000000000001,0.3042,0.8097625159387707,43.41260356923588
7.800000000000001,2.6,1.2040000000000002,0.3042,1.0960541386385052,48.144696506421575
7.800000000000001,2.6,1.4030000000000002,0.3042,1.3753288098014818,52.76080677357821
7.800000000000001,2.6,1.6020000000000003,0.3042,1.6546034809644579,57.376917040734845
7.800000000000001,2.6,1.8010000000000004,0.3042,1.9338781521274346,61.99302730789149
7.800000000000001,2.6,2.0,0.3042,2.21315282329041,66.6091375750481
7.800000000000001,5.2,0.01,0.3042,0.03582145391526663,30.620189320913497
7.800000000000001,5.2,0.20900000000000002,0.3042,0.7486683868290726,42.4027832533731
7.800000000000001,5.2,0.40800000000000003,0.3042,1.4615153197428785,54.18537718583271
7.800000000000001,5.2,0.607,0.3042,2.2844425464639397,67.78748010684197
7.800000000000001,5.2,0.806,0.3042,3.20201825010339,82.95402066286594
7.800000000000001,5.2,1.0050000000000001,0.3042,4.0965392878222495,97.73949236069834
7.800000000000001,5.2,1.2040000000000002,0.3042,5.397306111240339,119.23977043372462
7.800000000000001,5.2,1.4030000000000002,0.3042,6.666191394868769,140.2130809069218
7.800000000000001,5.2,1.6020000000000003,0.3042,7.935076678497198,161.186391380119
7.800000000000001,5.2,1.8010000000000004,0.3042,9.203961962125629,182.1597018533162
7.800000000000001,5.2,2.0,0.3042,10.472847245754055,203.13301232651332
7.800000000000001,7.800000000000001,0.01,0.3042,0.09266267591881394,31.559713651550645
7.800000000000001,7.800000000000001,0.20900000000000002,0.3042,1.9366499267032116,62.03884176368945
7.800000000000001,7.800000000000001,0.40800000000000003,0.3042,3.780637177487609,92.51796987582826
7.800000000000001,7.800000000000001,0.607,0.3042,5.904615667450689,127.62505235455684
7.800000000000001,7.800000000000001,0.806,0.3042,8.269334288296378,166.71131055035335
7.800000000000001,7.800000000000001,1.0050000000000001,0.3042,10.574637868417298,204.81550195731072
7.800000000000001,7.800000000000001,1.2040000000000002,0.3042,13.72107376974525,256.82270693793805
7.800000000000001,7.800000000000001,1.4030000000000002,0.3042,16.79039114407987,307.55522552198136
7.800000000000001,7.800000000000001,1.6020000000000003,0.3042,19.859708518414486,358.28774410602455
7.800000000000001,7.800000000000001,1.8010000000000004,0.3042,22.929025892749102,409.0202626900678
7.800000000000001,7.800000000000001,2.0,0.3042,25.998343267083715,459.752781274111
7.800000000000001,10.4,0.01,0.3042,0.18187117550511153,33.03423430586962
7.800000000000001,10.4,0.20900000000000002,0.3042,3.8011075680568314,92.8563234389559
7.800000000000001,10.4,0.40800000000000003,0.3042,7.420343960608551,152.67841257204216
7.800000000000001,10.4,0.607,0.3042,11.58250378886349,221.47444279113208
7.800000000000001,10.4,0.806,0.3042,16.21147629080718,297.9863849720195
7.800000000000001,10.4,1.0050000000000001,0.3042,20.724142950993485,372.5759165453469
7.800000000000001,10.4,1.2040000000000002,0.3042,26.60635135021929,469.80250165651717
7.800000000000001,10.4,1.4030000000000002,0.3042,32.34438797495426,564.646082230649
7.800000000000001,10.4,1.6020000000000003,0.3042,38.082424599689226,659.4896628047806
7.800000000000001,10.4,1.8010000000000004,0.3042,43.8204612244242,754.3332433789124
7.800000000000001,10.4,2.0,0.3042,49.55849784915916,849.1768239530439
7.800000000000001,13.0,0.01,0.3042,0.3068477832570164,35.099963359620105
7.800000000000001,13.0,0.20900000000000002,0.3042,6.4131186700716425,136.0300606623412
7.800000000000001,13.0,0.40800000000000003,0.3042,12.51938955688627,236.96015796506234
7.800000000000001,13.0,0.607,0.3042,19.533010808047,352.88778195119005
7.800000000000001,13.0,0.806,0.3042,27.32678377434644,481.710475609032
7.800000000000001,13.0,1.0050000000000001,0.3042,34.92473329928156,607.2964181699432
7.800000000000001,13.0,1.2040000000000002,0.3042,44.47513004721684,765.1542156564766
7.800000000000001,13.0,1.4030000000000002,0.3042,53.79144844348703,919.1429494791244
7.800000000000001,13.0,1.6020000000000003,0.3042,63.10776683975721,1073.131683301772
7.800000000000001,13.0,1.8010000000000004,0.3042,72.4240852360274,1227.1204171244199
7.800000000000001,13.0,2.0,0.3042,81.74040363229757,1381.1091509470673
7.800000000000001,15.600000000000001,0.01,0.3042,0.4704630313070988,37.804347624910726
7.800000000000001,15.600000000000001,0.20900000000000002,0.3042,9.832677354318367,192.55169180691516
7.800000000000001,15.600000000000001,0.40800000000000003,0.3042,19.194891677329633,347.29903598891957
7.800000000000001,15.600000000000001,0.607,0.3042,29.937437307922906,524.8617736846761
7.800000000000001,15.600000000000001,0.806,0.3042,41.86680985718482,722.0414852427242
7.800000000000001,15.600000000000001,1.0050000000000001,0.3042,53.49644942782205,914.2669326912736
7.800000000000001,15.600000000000001,1.2040000000000002,0.3042,67.68060111691544,1148.715720940751
7.800000000000001,15.600000000000001,1.4030000000000002,0.3042,81.51710202931534,1377.418215360584
7.800000000000001,15.600000000000001,1.6020000000000003,0.3042,95.35360294171525,1606.1207097804172
7.800000000000001,15.600000000000001,1.8010000000000004,0.3042,109.19010385411515,1834.8232042002505
7.800000000000001,15.600000000000001,2.0,0.3042,123.02660476651502,2063.525698620083
7.800000000000001,18.2,0.01,0.3042,0.6752276076300966,41.18888607653052
7.800000000000001,18.2,0.20900000000000002,0.3042,14.11225699946902,263.28854544576893
7.800000000000001,18.2,0.40800000000000003,0.3042,27.54928639130794,485.3882048150073
7.800000000000001,18.2,0.607,0.3042,42.95429254519489,740.0164057057007
7.800000000000001,18.2,0.806,0.3042,60.05139086831941,1022.6130722036265
7.800000000000001,18.2,1.0050000000000001,0.3042,76.71891385669204,1298.109319945323
7.800000000000001,18.2,1.2040000000000002,0.3042,96.52966205776471,1625.5597034341274
7.800000000000001,18.2,1.4030000000000002,0.3042,115.85485270488952,1944.984342229579
7.800000000000001,18.2,1.6020000000000003,0.3042,135.18004335201434,2264.4089810250302
7.800000000000001,18.2,1.8010000000000004,0.3042,154.5052339991391,2583.8336198204815
7.800000000000001,18.2,2.0,0.3042,173.83042464626388,2903.2582586159324
7.800000000000001,20.8,0.01,0.3042,0.9233886641746286,45.29072172189469
7.800000000000001,20.8,0.20900000000000002,0.3042,19.298823081249743,349.01691043388007
7.800000000000001,20.8,0.40800000000000003,0.3042,37.67425749832485,652.7430991458652
7.800000000000001,20.8,0.607,0.3042,58.72540058650699,1000.6958774629255
7.800000000000001,20.8,0.806,0.3042,82.07715299937932,1386.675256188088
7.800000000000001,20.8,1.0050000000000001,0.3042,104.84217796469201,1762.9566605734217
7.800000000000001,20.8,1.2040000000000002,0.3042,131.29552983186272,2200.202145981202
7.800000000000001,20.8,1.4030000000000002,0.3042,157.1005152317008,2626.730830276046
7.800000000000001,20.8,1.6020000000000003,0.3042,182.90550063153887,3053.2595145708906
7.800000000000001,20.8,1.8010000000000004,0.3042,208.7104860313769,3479.788198865734
7.800000000000001,20.8,2.0,0.3042,234.5154714312149,3906.3168831605776
7.800000000000001,23.400000000000002,0.01,0.3042,1.2169903406185638,50.14364199369527
7.800000000000001,23.400000000000002,0.20900000000000002,0.3042,25.435098118927982,450.4429441145121
7.800000000000001,23.400000000000002,0.40800000000000003,0.3042,49.6532058972374,850.7422462353289
7.800000000000001,23.400000000000002,0.607,0.3042,77.37973627156546,1309.0320044886853
7.800000000000001,23.400000000000002,0.806,0.3042,108.12285429854508,1817.1827156784311
7.800000000000001,23.400000000000002,1.0050000000000001,0.3042,138.09353217409304,2312.5658210593892
7.800000000000001,23.400000000000002,1.2040000000000002,0.3042,172.22561679921284,2876.7325090778986
7.800000000000001,23.400000000000002,1.4030000000000002,0.3042,205.5211307227366,3427.0715821939934
7.800000000000001,23.400000000000002,1.6020000000000003,0.3042,238.8166446462603,3977.410655310088
7.800000000000001,23.400000000000002,1.8010000000000004,0.3042,272.112158569784,4527.749728426183
7.800000000000001,23.400000000000002,2.0,0.3042,305.4076724933077,5078.088801542276
10.4,0.0,0.01,0.5408000000000001,0.0,33.93884297520661
10.4,0.0,0.20900000000000002,0.5408000000000001,0.0,33.93884297520661
10.4,0.0,0.40800000000000003,0.5408000000000001,0.0,33.93884297520661
10.4,0.0,0.607,0.5408000000000001,0.0,33.93884297520661
10.4,0.0,0.806,0.5408000000000001,0.0,33.93884297520661
10.4,0.0,1.0050000000000001,0.5408000000000001,0.0,33.93884297520661
10.4,0.0,1.2040000000000002,0.5408000000000001,0.0,33.93884297520661
10.4,0.0,1.4030000000000002,0.5408000000000001,0.0,33.93884297520661
10.4,0.0,1.6020000000000003,0.5408000000000001,0.0,33.93884297520661
10.4,0.0,1.8010000000000004,0.5408000000000001,0.0,33.93884297520661
10.4,0.0,2.0,0.5408000000000001,0.0,33.93884297520661
10.4,2.6,0.01,0.5408000000000001,0.00705541467491921,34.05546139958544
10.4,2.6,0.20900000000000002,0.5408000000000001,0.14745816670581152,36.37616804472416
10.4,2.6,0.40800000000000003,0.5408000000000001,0.28786091873670383,38.696874689862874
10.4,2.6,0.607,0.5408000000000001,0.45056697513522187,41.386230993970614
10.4,2.6,0.806,0.5408000000000001,0.6324497044479603,44.3925570983134
10.4,2.6,1.0050000000000001,0.5408000000000001,0.8097625159387707,47.32334737088877
10.4,2.6,1.2040000000000002,0.5408000000000001,1.0960541386385052,52.055440308074466
10.4,2.6,1.4030000000000002,0.5408000000000001,1.3753288098014818,56.67155057523111
10.4,2.6,1.6020000000000003,0.5408000000000001,1.6546034809644579,61.28766084238774
10.4,2.6,1.8010000000000004,0.5408000000000001,1.9338781521274346,65.90377110954438
10.4,2.6,2.0,0.5408000000000001,2.21315282329041,70.519881376701
10.4,5.2,0.01,0.5408000000000001,0.03582145391526663,34.530933122566395
10.4,5.2,0.20900000000000002,0.5408000000000001,0.7486683868290726,46.31352705502599
10.4,5.2,0.40800000000000003,0.5408000000000001,1.4615153197428785,58.0961209874856
10.4,5.2,0.607,0.5408000000000001,2.2844425464639397,71.69822390849487
10.4,5.2,0.806,0.5408000000000001,3.20201825010339,86.86476446451884
10.4,5.2,1.0050000000000001,0.5408000000000001,4.0965392878222495,101.65023616235123
10.4,5.2,1.2040000000000002,0.5408000000000001,5.397306111240339,123.15051423537751
10.4,5.2,1.4030000000000002,0.5408000000000001,6.666191394868769,144.12382470857472
10.4,5.2,1.6020000000000003,0.5408000000000001,7.935076678497198,165.09713518177188
10.4,5.2,1.8010000000000004,0.5408000000000001,9.203961962125629,186.07044565496903
10.4,5.2,2.0,0.5408000000000001,10.472847245754055,207.0437561281662
10.4,7.800000000000001,0.01,0.5408000000000001,0.09266267591881394,35.47045745320354
10.4,7.800000000000001,0.20900000000000002,0.5408000000000001,1.9366499267032116,65.94958556534235
10.4,7.800000000000001,0.40800000000000003,0.5408000000000001,3.780637177487609,96.42871367748114
10.4,7.800000000000001,0.607,0.5408000000000001,5.904615667450689,131.53579615620976
10.4,7.800000000000001,0.806,0.5408000000000001,8.269334288296378,170.62205435200622
10.4,7.800000000000001,1.0050000000000001,0.5408000000000001,10.574637868417298,208.72624575896359
10.4,7.800000000000001,1.2040000000000002,0.5408000000000001,13.72107376974525,260.7334507395909
10.4,7.800000000000001,1.4030000000000002,0.5408000000000001,16.79039114407987,311.4659693236342
10.4,7.800000000000001,1.6020000000000003,0.5408000000000001,19.859708518414486,362.1984879076774
10.4,7.800000000000001,1.8010000000000004,0.5408000000000001,22.929025892749102,412.93100649172067
10.4,7.800000000000001,2.0,0.5408000000000001,25.998343267083715,463.66352507576386
10.4,10.4,0.01,0.5408000000000001,0.18187117550511153,36.9449781075225
10.4,10.4,0.20900000000000002,0.5408000000000001,3.8011075680568314,96.76706724060878
10.4,10.4,0.40800000000000003,0.5408000000000001,7.420343960608551,156.58915637369506
10.4,10.4,0.607,0.5408000000000001,11.58250378886349,225.38518659278492
10.4,10.4,0.806,0.5408000000000001,16.21147629080718,301.89712877367236
10.4,10.4,1.0050000000000001,0.5408000000000001,20.724142950993485,376.48666034699977
10.4,10.4,1.2040000000000002,0.5408000000000001,26.60635135021929,473.71324545817004
10.4,10.4,1.4030000000000002,0.5408000000000001,32.34438797495426,568.556826032302
10.4,10.4,1.6020000000000003,0.5408000000000001,38.082424599689226,663.4004066064335
10.4,10.4,1.8010000000000004,0.5408000000000001,43.8204612244242,758.2439871805653
10.4,10.4,2.0,0.5408000000000001,49.55849784915916,853.0875677546969
10.4,13.0,0.01,0.5408000000000001,0.3068477832570164,39.010707161273004
10.4,13.0,0.20900000000000002,0.5408000000000001,6.4131186700716425,139.94080446399408
10.4,13.0,0.40800000000000003,0.5408000000000001,12.51938955688627,240.8709017667152
10.4,13.0,0.607,0.5408000000000001,19.533010808047,356.7985257528429
10.4,13.0,0.806,0.5408000000000001,27.32678377434644,485.6212194106849
10.4,13.0,1.0050000000000001,0.5408000000000001,34.92473329928156,611.2071619715962
10.4,13.0,1.2040000000000002,0.5408000000000001,44.47513004721684,769.0649594581296
10.4,13.0,1.4030000000000002,0.5408000000000001,53.79144844348703,923.0536932807773
10.4,13.0,1.6020000000000003,0.5408000000000001,63.10776683975721,1077.042427103425
10.4,13.0,1.8010000000000004,0.5408000000000001,72.4240852360274,1231.0311609260727
10.4,13.0,2.0,0.5408000000000001,81.74040363229757,1385.0198947487204
10.4,15.600000000000001,0.01,0.5408000000000001,0.4704630313070988,41.71509142656362
10.4,15.600000000000001,0.20900000000000002,0.5408000000000001,9.832677354318367,196.46243560856803
10.4,15.600000000000001,0.40800000000000003,0.5408000000000001,19.194891677329633,351.20977979057244
10.4,15.600000000000001,0.607,0.5408000000000001,29.937437307922906,528.772517486329
10.4,15.600000000000001,0.806,0.5408000000000001,41.86680985718482,725.9522290443772
10.4,15.600000000000001,1.0050000000000001,0.5408000000000001,53.49644942782205,918.1776764929266
10.4,15.600000000000001,1.2040000000000002,0.5408000000000001,67.68060111691544,1152.626464742404
10.4,15.600000000000001,1.4030000000000002,0.5408000000000001,81.51710202931534,1381.3289591622372
10.4,15.600000000000001,1.6020000000000003,0.5408000000000001,95.35360294171525,1610.0314535820703
10.4,15.600000000000001,1.8010000000000004,0.5408000000000001,109.19010385411515,1838.7339480019034
10.4,15.600000000000001,2.0,0.5408000000000001,123.02660476651502,2067.436442421736
10.4,18.2,0.01,0.5408000000000001,0.6752276076300966,45.099629878183414
10.4,18.2,0.20900000000000002,0.5408000000000001,14.11225699946902,267.1992892474218
10.4,18.2,0.40800000000000003,0.5408000000000001,27.54928639130794,489.2989486166602
10.4,18.2,0.607,0.5408000000000001,42.95429254519489,743.9271495073536
10.4,18.2,0.806,0.5408000000000001,60.05139086831941,1026.5238160052795
10.4,18.2,1.0050000000000001,0.5408000000000001,76.71891385669204,1302.0200637469761
10.4,18.2,1.2040000000000002,0.5408000000000001,96.52966205776471,1629.4704472357805
10.4,18.2,1.4030000000000002,0.5408000000000001,115.85485270488952,1948.8950860312318
10.4,18.2,1.6020000000000003,0.5408000000000001,135.18004335201434,2268.319724826683
10.4,18.2,1.8010000000000004,0.5408000000000001,154.5052339991391,2587.7443636221337
10.4,18.2,2.0,0.5408000000000001,173.83042464626388,2907.1690024175846
10.4,20.8,0.01,0.5408000000000001,0.9233886641746286,49.20146552354758
10.4,20.8,0.20900000000000002,0.5408000000000001,19.298823081249743,352.92765423553294
10.4,20.8,0.40800000000000003,0.5408000000000001,37.67425749832485,656.6538429475182
10.4,20.8,0.607,0.5408000000000001,58.72540058650699,1004.6066212645785
10.4,20.8,0.806,0.5408000000000001,82.07715299937932,1390.585999989741
10.4,20.8,1.0050000000000001,0.5408000000000001,104.84217796469201,1766.8674043750748
10.4,20.8,1.2040000000000002,0.5408000000000001,131.29552983186272,2204.112889782855
10.4,20.8,1.4030000000000002,0.5408000000000001,157.1005152317008,2630.641574077699
10.4,20.8,1.6020000000000003,0.5408000000000001,182.90550063153887,3057.1702583725432
10.4,20.8,1.8010000000000004,0.5408000000000001,208.7104860313769,3483.6989426673867
10.4,20.8,2.0,0.5408000000000001,234.5154714312149,3910.22762696223
10.4,23.400000000000002,0.01,0.5408000000000001,1.2169903406185638,54.05438579534816
10.4,23.400000000000002,0.20900000000000002,0.5408000000000001,25.435098118927982,454.353687916165
10.4,23.400000000000002,0.40800000000000003,0.5408000000000001,49.6532058972374,854.6529900369819
10.4,23.400000000000002,0.607,0.5408000000000001,77.37973627156546,1312.9427482903382
10.4,23.400000000000002,0.806,0.5408000000000001,108.12285429854508,1821.093459480084
10.4,23.400000000000002,1.0050000000000001,0.5408000000000001,138.09353217409304,2316.476564861042
10.4,23.400000000000002,1.2040000000000002,0.5408000000000001,172.22561679921284,2880.6432528795513
10.4,23.400000000000002,1.4030000000000002,0.5408000000000001,205.5211307227366,3430.982325995646
10.4,23.400000000000002,1.6020000000000003,0.5408000000000001,238.8166446462603,3981.3213991117404
10.4,23.400000000000002,1.8010000000000004,0.5408000000000001,272.112158569784,4531.660472227835
10.4,23.400000000000002,2.0,0.5408000000000001,305.4076724933077,5081.999545343929
13.0,0.0,0.01,0.845,0.0,38.96694214876033
13.0,0.0,0.20900000000000002,0.845,0.0,38.96694214876033
13.0,0.0,0.40800000000000003,0.845,0.0,38.96694214876033
13.0,0.0,0.607,0.845,0.0,38.96694214876033
13.0,0.0,0.806,0.845,0.0,38.96694214876033
13.0,0.0,1.0050000000000001,0.845,0.0,38.96694214876033
13.0,0.0,1.2040000000000002,0.845,0.0,38.96694214876033
13.0,0.0,1.4030000000000002,0.845,0.0,38.96694214876033
13.0,0.0,1.6020000000000003,0.845,0.0,38.96694214876033
13.0,0.0,1.8010000000000004,0.845,0.0,38.96694214876033
13.0,0.0,2.0,0.845,0.0,38.96694214876033
13.0,2.6,0.01,0.845,0.00705541467491921,39.08356057313916
13.0,2.6,0.20900000000000002,0.845,0.14745816670581152,41.40426721827788
13.0,2.6,0.40800000000000003,0.845,0.28786091873670383,43.724973863416594
13.0,2.6,0.607,0.845,0.45056697513522187,46.41433016752433
13.0,2.6,0.806,0.845,0.6324497044479603,49.42065627186712
13.0,2.6,1.0050000000000001,0.845,0.8097625159387707,52.351446544442496
13.0,2.6,1.2040000000000002,0.845,1.0960541386385052,57.083539481628186
13.0,2.6,1.4030000000000002,0.845,1.3753288098014818,61.69964974878482
13.0,2.6,1.6020000000000003,0.845,1.6546034809644579,66.31576001594146
13.0,2.6,1.8010000000000004,0.845,1.9338781521274346,70.93187028309809
13.0,2.6,2.0,0.845,2.21315282329041,75.54798055025472
13.0,5.2,0.01,0.845,0.03582145391526663,39.55903229612011
13.0,5.2,0.20900000000000002,0.845,0.7486683868290726,51.34162622857971
13.0,5.2,0.40800000000000003,0.845,1.4615153197428785,63.12422016103932
13.0,5.2,0.607,0.845,2.2844425464639397,76.7263230820486
13.0,5.2,0.806,0.845,3.20201825010339,91.89286363807255
13.0,5.2,1.0050000000000001,0.845,4.0965392878222495,106.67833533590495
13.0,5.2,1.2040000000000002,0.845,5.397306111240339,128.17861340893123
13.0,5.2,1.4030000000000002,0.845,6.666191394868769,149.15192388212841
13.0,5.2,1.6020000000000003,0.845,7.935076678497198,170.1252343553256
13.0,5.2,1.8010000000000004,0.845,9.203961962125629,191.0985448285228
13.0,5.2,2.0,0.845,10.472847245754055,212.07185530171992
13.0,7.800000000000001,0.01,0.845,0.09266267591881394,40.49855662675726
13.0,7.800000000000001,0.20900000000000002,0.845,1.9366499267032116,70.97768473889606
13.0,7.800000000000001,0.40800000000000003,0.845,3.780637177487609,101.45681285103487
13.0,7.800000000000001,0.607,0.845,5.904615667450689,136.56389532976345
13.0,7.800000000000001,0.806,0.845,8.269334288296378,175.65015352555994
13.0,7.800000000000001,1.0050000000000001,0.845,10.574637868417298,213.7543449325173
13.0,7.800000000000001,1.2040000000000002,0.845,13.72107376974525,265.7615499131446
13.0,7.800000000000001,1.4030000000000002,0.845,16.79039114407987,316.4940684971879
13.0,7.800000000000001,1.6020000000000003,0.845,19.859708518414486,367.2265870812312
13.0,7.800000000000001,1.8010000000000004,0.845,22.929025892749102,417.9591056652744
13.0,7.800000000000001,2.0,0.845,25.998343267083715,468.6916242493176
13.0,10.4,0.01,0.845,0.18187117550511153,41.97307728107623
13.0,10.4,0.20900000000000002,0.845,3.8011075680568314,101.79516641416251
13.0,10.4,0.40800000000000003,0.845,7.420343960608551,161.6172555472488
13.0,10.4,0.607,0.845,11.58250378886349,230.41328576633867
13.0,10.4,0.806,0.845,16.21147629080718,306.9252279472261
13.0,10.4,1.0050000000000001,0.845,20.724142950993485,381.5147595205535
13.0,10.4,1.2040000000000002,0.845,26.60635135021929,478.7413446317238
13.0,10.4,1.4030000000000002,0.845,32.34438797495426,573.5849252058556
13.0,10.4,1.6020000000000003,0.845,38.082424599689226,668.4285057799873
13.0,10.4,1.8010000000000004,0.845,43.8204612244242,763.2720863541191
13.0,10.4,2.0,0.845,49.55849784915916,858.1156669282506
13.0,13.0,0.01,0.845,0.3068477832570164,44.03880633482672
13.0,13.0,0.20900000000000002,0.845,6.4131186700716425,144.9689036375478
13.0,13.0,0.40800000000000003,0.845,12.51938955688627,245.89900094026893
13.0,13.0,0.607,0.845,19.533010808047,361.8266249263967
13.0,13.0,0.806,0.845,27.32678377434644,490.64931858423864
13.0,13.0,1.0050000000000001,0.845,34.92473329928156,616.2352611451498
13.0,13.0,1.2040000000000002,0.845,44.47513004721684,774.0930586316832
13.0,13.0,1.4030000000000002,0.845,53.79144844348703,928.081792454331
13.0,13.0,1.6020000000000003,0.845,63.10776683975721,1082.0705262769789
13.0,13.0,1.8010000000000004,0.845,72.4240852360274,1236.0592600996265
13.0,13.0,2.0,0.845,81.74040363229757,1390.047993922274
13.0,15.600000000000001,0.01,0.845,0.4704630313070988,46.74319060011734
13.0,15.600000000000001,0.20900000000000002,0.845,9.832677354318367,201.49053478212176
13.0,15.600000000000001,0.40800000000000003,0.845,19.194891677329633,356.2378789641262
13.0,15.600000000000001,0.607,0.845,29.937437307922906,533.8006166598827
13.0,15.600000000000001,0.806,0.845,41.86680985718482,730.9803282179308
13.0,15.600000000000001,1.0050000000000001,0.845,53.49644942782205,923.2057756664802
13.0,15.600000000000001,1.2040000000000002,0.845,67.68060111691544,1157.6545639159576
13.0,15.600000000000001,1.4030000000000002,0.845,81.51710202931534,1386.3570583357907
13.0,15.600000000000001,1.6020000000000003,0.845,95.35360294171525,1615.059552755624
13.0,15.600000000000001,1.8010000000000004,0.845,109.19010385411515,1843.7620471754572
13.0,15.600000000000001,2.0,0.845,123.02660476651502,2072.46454159529
13.0,18.2,0.01,0.845,0.6752276076300966,50.127729051737134
13.0,18.2,0.20900000000000002,0.845,14.11225699946902,272.22738842097556
13.0,18.2,0.40800000000000003,0.845,27.54928639130794,494.32704779021395
13.0,18.2,0.607,0.845,42.95429254519489,748.9552486809073
13.0,18.2,0.806,0.845,60.05139086831941,1031.5519151788333
13.0,18.2,1.0050000000000001,0.845,76.71891385669204,1307.0481629205296
13.0,18.2,1.2040000000000002,0.845,96.52966205776471,1634.498546409334
13.0,18.2,1.4030000000000002,0.845,115.85485270488952,1953.9231852047856
13.0,18.2,1.6020000000000003,0.845,135.18004335201434,2273.347824000237
13.0,18.2,1.8010000000000004,0.845,154.5052339991391,2592.7724627956877
13.0,18.2,2.0,0.845,173.83042464626388,2912.1971015911386
13.0,20.8,0.01,0.845,0.9233886641746286,54.229564697101296
13.0,20.8,0.20900000000000002,0.845,19.298823081249743,357.95575340908664
13.0,20.8,0.40800000000000003,0.845,37.67425749832485,661.6819421210719
13.0,20.8,0.607,0.845,58.72540058650699,1009.6347204381321
13.0,20.8,0.806,0.845,82.07715299937932,1395.6140991632947
13.0,20.8,1.0050000000000001,0.845,104.84217796469201,1771.8955035486285
13.0,20.8,1.2040000000000002,0.845,131.29552983186272,2209.140988956409
13.0,20.8,1.4030000000000002,0.845,157.1005152317008,2635.669673251253
13.0,20.8,1.6020000000000003,0.845,182.90550063153887,3062.1983575460968
13.0,20.8,1.8010000000000004,0.845,208.7104860313769,3488.7270418409407
13.0,20.8,2.0,0.845,234.5154714312149,3915.255726135784
13.0,23.400000000000002,0.01,0.845,1.2169903406185638,59.08248496890189
13.0,23.400000000000002,0.20900000000000002,0.845,25.435098118927982,459.3817870897187
13.0,23.400000000000002,0.40800000000000003,0.845,49.6532058972374,859.6810892105356
13.0,23.400000000000002,0.607,0.845,77.37973627156546,1317.970847463892
13.0,23.400000000000002,0.806,0.845,108.12285429854508,1826.1215586536377
13.0,23.400000000000002,1.0050000000000001,0.845,138.09353217409304,2321.504664034596
13.0,23.400000000000002,1.2040000000000002,0.845,172.22561679921284,2885.671352053105
13.0,23.400000000000002,1.4030000000000002,0.845,205.5211307227366,3436.0104251692
13.0,23.400000000000002,1.6020000000000003,0.845,238.8166446462603,3986.3494982852944
13.0,23.400000000000002,1.8010000000000004,0.845,272.112158569784,4536.688571401389
13.0,23.400000000000002,2.0,0.845,305.4076724933077,5087.027644517482
15.600000000000001,0.0,0.01,1.2168,0.0,45.11239669421488
15.600000000000001,0.0,0.20900000000000002,1.2168,0.0,45.11239669421488
15.600000000000001,0.0,0.40800000000000003,1.2168,0.0,45.11239669421488
15.600000000000001,0.0,0.607,1.2168,0.0,45.11239669421488
15.600000000000001,0.0,0.806,1.2168,0.0,45.11239669421488
15.600000000000001,0.0,1.0050000000000001,1.2168,0.0,45.11239669421488
15.600000000000001,0.0,1.2040000000000002,1.2168,0.0,45.11239669421488
15.600000000000001,0.0,1.4030000000000002,1.2168,0.0,45.11239669421488
15.600000000000001,0.0,1.6020000000000003,1.2168,0.0,45.11239669421488
15.600000000000001,0.0,1.8010000000000004,1.2168,0.0,45.11239669421488
15.600000000000001,0.0,2.0,1.2168,0.0,45.11239669421488
15.600000000000001,2.6,0.01,1.2168,0.00705541467491921,45.22901511859371
15.600000000000001,2.6,0.20900000000000002,1.2168,0.14745816670581152,47.54972176373242
15.600000000000001,2.6,0.40800000000000003,1.2168,0.28786091873670383,49.87042840887114
15.600000000000001,2.6,0.607,1.2168,0.45056697513522187,52.55978471297888
15.600000000000001,2.6,0.806,1.2168,0.6324497044479603,55.56611081732166
15.600000000000001,2.6,1.0050000000000001,1.2168,0.8097625159387707,58.496901089897044
15.600000000000001,2.6,1.2040000000000002,1.2168,1.0960541386385052,63.228994027082734
15.600000000000001,2.6,1.4030000000000002,1.2168,1.3753288098014818,67.84510429423938
15.600000000000001,2.6,1.6020000000000003,1.2168,1.6546034809644579,72.461214561396
15.600000000000001,2.6,1.8010000000000004,1.2168,1.9338781521274346,77.07732482855263
15.600000000000001,2.6,2.0,1.2168,2.21315282329041,81.69343509570926
15.600000000000001,5.2,0.01,1.2168,0.03582145391526663,45.70448684157466
15.600000000000001,5.2,0.20900000000000002,1.2168,0.7486683868290726,57.48708077403426
15.600000000000001,5.2,0.40800000000000003,1.2168,1.4615153197428785,69.26967470649387
15.600000000000001,5.2,0.607,1.2168,2.2844425464639397,82.87177762750315
15.600000000000001,5.2,0.806,1.2168,3.20201825010339,98.03831818352711
15.600000000000001,5.2,1.0050000000000001,1.2168,4.0965392878222495,112.8237898813595
15.600000000000001,5.2,1.2040000000000002,1.2168,5.397306111240339,134.32406795438578
15.600000000000001,5.2,1.4030000000000002,1.2168,6.666191394868769,155.29737842758297
15.600000000000001,5.2,1.6020000000000003,1.2168,7.935076678497198,176.27068890078016
15.600000000000001,5.2,1.8010000000000004,1.2168,9.203961962125629,197.24399937397732
15.600000000000001,5.2,2.0,1.2168,10.472847245754055,218.21730984717448
15.600000000000001,7.800000000000001,0.01,1.2168,0.09266267591881394,46.644011172211805
15.600000000000001,7.800000000000001,0.20900000000000002,1.2168,1.9366499267032116,77.1231392843506
15.600000000000001,7.800000000000001,0.40800000000000003,1.2168,3.780637177487609,107.60226739648941
15.600000000000001,7.800000000000001,0.607,1.2168,5.904615667450689,142.709349875218
15.600000000000001,7.800000000000001,0.806,1.2168,8.269334288296378,181.7956080710145
15.600000000000001,7.800000000000001,1.0050000000000001,1.2168,10.574637868417298,219.8997994779719
15.600000000000001,7.800000000000001,1.2040000000000002,1.2168,13.72107376974525,271.9070044585992
15.600000000000001,7.800000000000001,1.4030000000000002,1.2168,16.79039114407987,322.63952304264245
15.600000000000001,7.800000000000001,1.6020000000000003,1.2168,19.859708518414486,373.3720416266857
15.600000000000001,7.800000000000001,1.8010000000000004,1.2168,22.929025892749102,424.10456021072895
15.600000000000001,7.800000000000001,2.0,1.2168,25.998343267083715,474.83707879477214
15.600000000000001,10.4,0.01,1.2168,0.18187117550511153,48.11853182653077
15.600000000000001,10.4,0.20900000000000002,1.2168,3.8011075680568314,107.94062095961705
15.600000000000001,10.4,0.40800000000000003,1.2168,7.420343960608551,167.76271009270334
15.600000000000001,10.4,0.607,1.2168,11.58250378886349,236.55874031179323
15.600000000000001,10.4,0.806,1.2168,16.21147629080718,313.07068249268065
15.600000000000001,10.4,1.0050000000000001,1.2168,20.724142950993485,387.66021406600805
15.600000000000001,10.4,1.2040000000000002,1.2168,26.60635135021929,484.8867991771783
15.600000000000001,10.4,1.4030000000000002,1.2168,32.34438797495426,579.7303797513101
15.600000000000001,10.4,1.6020000000000003,1.2168,38.082424599689226,674.5739603254418
15.600000000000001,10.4,1.8010000000000004,1.2168,43.8204612244242,769.4175408995736
15.600000000000001,10.4,2.0,1.2168,49.55849784915916,864.2611214737052
15.600000000000001,13.0,0.01,1.2168,0.3068477832570164,50.184260880281265
15.600000000000001,13.0,0.20900000000000002,1.2168,6.4131186700716425,151.11435818300237
15.600000000000001,13.0,0.40800000000000003,1.2168,12.51938955688627,252.0444554857235
15.600000000000001,13.0,0.607,1.2168,19.533010808047,367.9720794718512
15.600000000000001,13.0,0.806,1.2168,27.32678377434644,496.79477312969317
15.600000000000001,13.0,1.0050000000000001,1.2168,34.92473329928156,622.3807156906045
15.600000000000001,13.0,1.2040000000000002,1.2168,44.47513004721684,780.2385131771379
15.600000000000001,13.0,1.4030000000000002,1.2168,53.79144844348703,934.2272469997856
15.600000000000001,13.0,1.6020000000000003,1.2168,63.10776683975721,1088.2159808224333
15.600000000000001,13.0,1.8010000000000004,1.2168,72.4240852360274,1242.2047146450811
15.600000000000001,13.0,2.0,1.2168,81.74040363229757,1396.1934484677286
15.600000000000001,15.600000000000001,0.01,1.2168,0.4704630313070988,52.888645145571886
15.600000000000001,15.600000000000001,0.20900000000000002,1.2168,9.832677354318367,207.63598932757628
15.600000000000001,15.600000000000001,0.40800000000000003,1.2168,19.194891677329633,362.3833335095807
15.600000000000001,15.600000000000001,0.607,1.2168,29.937437307922906,539.9460712053373
15.600000000000001,15.600000000000001,0.806,1.2168,41.86680985718482,737.1257827633855
15.600000000000001,15.600000000000001,1.0050000000000001,1.2168,53.49644942782205,929.3512302119348
15.600000000000001,15.600000000000001,1.2040000000000002,1.2168,67.68060111691544,1163.8000184614123
15.600000000000001,15.600000000000001,1.4030000000000002,1.2168,81.51710202931534,1392.5025128812454
15.600000000000001,15.600000000000001,1.6020000000000003,1.2168,95.35360294171525,1621.2050073010785
15.600000000000001,15.600000000000001,1.8010000000000004,1.2168,109.19010385411515,1849.9075017209116
15.600000000000001,15.600000000000001,2.0,1.2168,123.02660476651502,2078.6099961407444
15.600000000000001,18.2,0.01,1.2168,0.6752276076300966,56.27318359719168
15.600000000000001,18.2,0.20900000000000002,1.2168,14.11225699946902,278.3728429664301
15.600000000000001,18.2,0.40800000000000003,1.2168,27.54928639130794,500.4725023356685
15.600000000000001,18.2,0.607,1.2168,42.95429254519489,755.1007032263619
15.600000000000001,18.2,0.806,1.2168,60.05139086831941,1037.697369724288
15.600000000000001,18.2,1.0050000000000001,1.2168,76.71891385669204,1313.1936174659843
15.600000000000001,18.2,1.2040000000000002,1.2168,96.52966205776471,1640.6440009547887
15.600000000000001,18.2,1.4030000000000002,1.2168,115.85485270488952,1960.06863975024
15.600000000000001,18.2,1.6020000000000003,1.2168,135.18004335201434,2279.4932785456913
15.600000000000001,18.2,1.8010000000000004,1.2168,154.5052339991391,2598.917917341142
15.600000000000001,18.2,2.0,1.2168,173.83042464626388,2918.342556136593
15.600000000000001,20.8,0.01,1.2168,0.9233886641746286,60.375019242555844
15.600000000000001,20.8,0.20900000000000002,1.2168,19.298823081249743,364.10120795454117
15.600000000000001,20.8,0.40800000000000003,1.2168,37.67425749832485,667.8273966665265
15.600000000000001,20.8,0.607,1.2168,58.72540058650699,1015.7801749835867
15.600000000000001,20.8,0.806,1.2168,82.07715299937932,1401.7595537087493
15.600000000000001,20.8,1.0050000000000001,1.2168,104.84217796469201,1778.040958094083
15.600000000000001,20.8,1.2040000000000002,1.2168,131.29552983186272,2215.286443501863
15.600000000000001,20.8,1.4030000000000002,1.2168,157.1005152317008,2641.815127796707
15.600000000000001,20.8,1.6020000000000003,1.2168,182.90550063153887,3068.343812091551
15.600000000000001,20.8,1.8010000000000004,1.2168,208.7104860313769,3494.872496386395
15.600000000000001,20.8,2.0,1.2168,234.5154714312149,3921.401180681238
15.600000000000001,23.400000000000002,0.01,1.2168,1.2169903406185638,65.22793951435644
15.600000000000001,23.400000000000002,0.20900000000000002,1.2168,25.435098118927982,465.52724163517325
15.600000000000001,23.400000000000002,0.40800000000000003,1.2168,49.6532058972374,865.8265437559902
15.600000000000001,23.400000000000002,0.607,1.2168,77.37973627156546,1324.1163020093466
15.600000000000001,23.400000000000002,0.806,1.2168,108.12285429854508,1832.2670131990924
15.600000000000001,23.400000000000002,1.0050000000000001,1.2168,138.09353217409304,2327.6501185800503
15.600000000000001,23.400000000000002,1.2040000000000002,1.2168,172.22561679921284,2891.816806598559
15.600000000000001,23.400000000000002,1.4030000000000002,1.2168,205.5211307227366,3442.1558797146545
15.600000000000001,23.400000000000002,1.6020000000000003,1.2168,238.8166446462603,3992.494952830749
15.600000000000001,23.400000000000002,1.8010000000000004,1.2168,272.112158569784,4542.834025946843
15.600000000000001,23.400000000000002,2.0,1.2168,305.4076724933077,5093.173099062937
18.2,0.0,0.01,1.6562,0.0,52.37520661157025
18.2,0.0,0.20900000000000002,1.6562,0.0,52.37520661157025
18.2,0.0,0.40800000000000003,1.6562,0.0,52.37520661157025
18.2,0.0,0.607,1.6562,0.0,52.37520661157025
18.2,0.0,0.806,1.6562,0.0,52.37520661157025
18.2,0.0,1.0050000000000001,1.6562,0.0,52.37520661157025
18.2,0.0,1.2040000000000002,1.6562,0.0,52.37520661157025
18.2,0.0,1.4030000000000002,1.6562,0.0,52.37520661157025
18.2,0.0,1.6020000000000003,1.6562,0.0,52.37520661157025
18.2,0.0,1.8010000000000004,1.6562,0.0,52.37520661157025
18.2,0.0,2.0,1.6562,0.0,52.37520661157025
18.2,2.6,0.01,1.6562,0.00705541467491921,52.49182503594908
18.2,2.6,0.20900000000000002,1.6562,0.14745816670581152,54.81253168108779
18.2,2.6,0.40800000000000003,1.6562,0.28786091873670383,57.133238326226504
18.2,2.6,0.607,1.6562,0.45056697513522187,59.822594630334244
18.2,2.6,0.806,1.6562,0.6324497044479603,62.82892073467703
18.2,2.6,1.0050000000000001,1.6562,0.8097625159387707,65.7597110072524
18.2,2.6,1.2040000000000002,1.6562,1.0960541386385052,70.4918039444381
18.2,2.6,1.4030000000000002,1.6562,1.3753288098014818,75.10791421159473
18.2,2.6,1.6020000000000003,1.6562,1.6546034809644579,79.72402447875137
18.2,2.6,1.8010000000000004,1.6562,1.9338781521274346,84.34013474590802
18.2,2.6,2.0,1.6562,2.21315282329041,88.95624501306463
18.2,5.2,0.01,1.6562,0.03582145391526663,52.967296758930026
18.2,5.2,0.20900000000000002,1.6562,0.7486683868290726,64.74989069138962
18.2,5.2,0.40800000000000003,1.6562,1.4615153197428785,76.53248462384923
18.2,5.2,0.607,1.6562,2.2844425464639397,90.1345875448585
18.2,5.2,0.806,1.6562,3.20201825010339,105.30112810088247
18.2,5.2,1.0050000000000001,1.6562,4.0965392878222495,120.08659979871486
18.2,5.2,1.2040000000000002,1.6562,5.397306111240339,141.58687787174114
18.2,5.2,1.4030000000000002,1.6562,6.666191394868769,162.56018834493835
18.2,5.2,1.6020000000000003,1.6562,7.935076678497198,183.53349881813548
18.2,5.2,1.8010000000000004,1.6562,9.203961962125629,204.5068092913327
18.2,5.2,2.0,1.6562,10.472847245754055,225.48011976452986
18.2,7.800000000000001,0.01,1.6562,0.09266267591881394,53.906821089567174
18.2,7.800000000000001,0.20900000000000002,1.6562,1.9366499267032116,84.38594920170597
18.2,7.800000000000001,0.40800000000000003,1.6562,3.780637177487609,114.86507731384478
18.2,7.800000000000001,0.607,1.6562,5.904615667450689,149.9721597925734
18.2,7.800000000000001,0.806,1.6562,8.269334288296378,189.05841798836988
18.2,7.800000000000001,1.0050000000000001,1.6562,10.574637868417298,227.16260939532722
18.2,7.800000000000001,1.2040000000000002,1.6562,13.72107376974525,279.16981437595456
18.2,7.800000000000001,1.4030000000000002,1.6562,16.79039114407987,329.90233295999786
18.2,7.800000000000001,1.6020000000000003,1.6562,19.859708518414486,380.6348515440411
18.2,7.800000000000001,1.8010000000000004,1.6562,22.929025892749102,431.36737012808436
18.2,7.800000000000001,2.0,1.6562,25.998343267083715,482.09988871212755
18.2,10.4,0.01,1.6562,0.18187117550511153,55.38134174388614
18.2,10.4,0.20900000000000002,1.6562,3.8011075680568314,115.20343087697242
18.2,10.4,0.40800000000000003,1.6562,7.420343960608551,175.0255200100587
18.2,10.4,0.607,1.6562,11.58250378886349,243.82155022914856
18.2,10.4,0.806,1.6562,16.21147629080718,320.33349241003606
18.2,10.4,1.0050000000000001,1.6562,20.724142950993485,394.9230239833634
18.2,10.4,1.2040000000000002,1.6562,26.60635135021929,492.1496090945337
18.2,10.4,1.4030000000000002,1.6562,32.34438797495426,586.9931896686654
18.2,10.4,1.6020000000000003,1.6562,38.082424599689226,681.8367702427971
18.2,10.4,1.8010000000000004,1.6562,43.8204612244242,776.6803508169289
18.2,10.4,2.0,1.6562,49.55849784915916,871.5239313910605
18.2,13.0,0.01,1.6562,0.3068477832570164,57.447070797636634
18.2,13.0,0.20900000000000002,1.6562,6.4131186700716425,158.37716810035772
18.2,13.0,0.40800000000000003,1.6562,12.51938955688627,259.3072654030789
18.2,13.0,0.607,1.6562,19.533010808047,375.2348893892066
18.2,13.0,0.806,1.6562,27.32678377434644,504.0575830470486
18.2,13.0,1.0050000000000001,1.6562,34.92473329928156,629.6435256079598
18.2,13.0,1.2040000000000002,1.6562,44.47513004721684,787.5013230944932
18.2,13.0,1.4030000000000002,1.6562,53.79144844348703,941.4900569171409
18.2,13.0,1.6020000000000003,1.6562,63.10776683975721,1095.4787907397886
18.2,13.0,1.8010000000000004,1.6562,72.4240852360274,1249.4675245624364
18.2,13.0,2.0,1.6562,81.74040363229757,1403.4562583850839
18.2,15.600000000000001,0.01,1.6562,0.4704630313070988,60.151455062927255
18.2,15.600000000000001,0.20900000000000002,1.6562,9.832677354318367,214.8987992449317
18.2,15.600000000000001,0.40800000000000003,1.6562,19.194891677329633,369.64614342693613
18.2,15.600000000000001,0.607,1.6562,29.937437307922906,547.2088811226927
18.2,15.600000000000001,0.806,1.6562,41.86680985718482,744.3885926807408
18.2,15.600000000000001,1.0050000000000001,1.6562,53.49644942782205,936.6140401292901
18.2,15.600000000000001,1.2040000000000002,1.6562,67.68060111691544,1171.0628283787676
18.2,15.600000000000001,1.4030000000000002,1.6562,81.51710202931534,1399.7653227986007
18.2,15.600000000000001,1.6020000000000003,1.6562,95.35360294171525,1628.4678172184338
18.2,15.600000000000001,1.8010000000000004,1.6562,109.19010385411515,1857.1703116382669
18.2,15.600000000000001,2.0,1.6562,123.02660476651502,2085.8728060580997
18.2,18.2,0.01,1.6562,0.6752276076300966,63.53599351454705
18.2,18.2,0.20900000000000002,1.6562,14.11225699946902,285.6356528837855
18.2,18.2,0.40800000000000003,1.6562,27.54928639130794,507.73531225302384
18.2,18.2,0.607,1.6562,42.95429254519489,762.3635131437171
18.2,18.2,0.806,1.6562,60.05139086831941,1044.9601796416432
18.2,18.2,1.0050000000000001,1.6562,76.71891385669204,1320.4564273833396
18.2,18.2,1.2040000000000002,1.6562,96.52966205776471,1647.906810872144
18.2,18.2,1.4030000000000002,1.6562,115.85485270488952,1967.3314496675953
18.2,18.2,1.6020000000000003,1.6562,135.18004335201434,2286.756088463047
18.2,18.2,1.8010000000000004,1.6562,154.5052339991391,2606.180727258498
18.2,18.2,2.0,1.6562,173.83042464626388,2925.6053660539487
18.2,20.8,0.01,1.6562,0.9233886641746286,67.6378291599112
18.2,20.8,0.20900000000000002,1.6562,19.298823081249743,371.3640178718966
18.2,20.8,0.40800000000000003,1.6562,37.67425749832485,675.0902065838818
18.2,20.8,0.607,1.6562,58.72540058650699,1023.042984900942
18.2,20.8,0.806,1.6562,82.07715299937932,1409.0223636261046
18.2,20.8,1.0050000000000001,1.6562,104.84217796469201,1785.3037680114383
18.2,20.8,1.2040000000000002,1.6562,131.29552983186272,2222.5492534192185
18.2,20.8,1.4030000000000002,1.6562,157.1005152317008,2649.077937714063
18.2,20.8,1.6020000000000003,1.6562,182.90550063153887,3075.606622008907
18.2,20.8,1.8010000000000004,1.6562,208.7104860313769,3502.135306303751
18.2,20.8,2.0,1.6562,234.5154714312149,3928.663990598594
18.2,23.400000000000002,0.01,1.6562,1.2169903406185638,72.4907494317118
18.2,23.400000000000002,0.20900000000000002,1.6562,25.435098118927982,472.7900515525286
18.2,23.400000000000002,0.40800000000000003,1.6562,49.6532058972374,873.0893536733454
18.2,23.400000000000002,0.607,1.6562,77.37973627156546,1331.3791119267019
18.2,23.400000000000002,0.806,1.6562,108.12285429854508,1839.5298231164475
18.2,23.400000000000002,1.0050000000000001,1.6562,138.09353217409304,2334.912928497406
18.2,23.400000000000002,1.2040000000000002,1.6562,172.22561679921284,2899.079616515915
18.2,23.400000000000002,1.4030000000000002,1.6562,205.5211307227366,3449.4186896320102
18.2,23.400000000000002,1.6020000000000003,1.6562,238.8166446462603,3999.7577627481046
18.2,23.400000000000002,1.8010000000000004,1.6562,272.112158569784,4550.096835864199
18.2,23.400000000000002,2.0,1.6562,305.4076724933077,5100.435908980293
20.8,0.0,0.01,2.1632000000000002,0.0,60.755371900826454
20.8,0.0,0.20900000000000002,2.1632000000000002,0.0,60.755371900826454
20.8,0.0,0.40800000000000003,2.1632000000000002,0.0,60.755371900826454
20.8,0.0,0.607,2.1632000000000002,0.0,60.755371900826454
20.8,0.0,0.806,2.1632000000000002,0.0,60.755371900826454
20.8,0.0,1.0050000000000001,2.1632000000000002,0.0,60.755371900826454
20.8,0.0,1.2040000000000002,2.1632000000000002,0.0,60.755371900826454
20.8,0.0,1.4030000000000002,2.1632000000000002,0.0,60.755371900826454
20.8,0.0,1.6020000000000003,2.1632000000000002,0.0,60.755371900826454
20.8,0.0,1.8010000000000004,2.1632000000000002,0.0,60.755371900826454
20.8,0.0,2.0,2.1632000000000002,0.0,60.755371900826454
20.8,2.6,0.01,2.1632000000000002,0.00705541467491921,60.87199032520528
20.8,2.6,0.20900000000000002,2.1632000000000002,0.14745816670581152,63.192696970343995
20.8,2.6,0.40800000000000003,2.1632000000000002,0.28786091873670383,65.51340361548272
20.8,2.6,0.607,2.1632000000000002,0.45056697513522187,68.20275991959045
20.8,2.6,0.806,2.1632000000000002,0.6324497044479603,71.20908602393322
20.8,2.6,1.0050000000000001,2.1632000000000002,0.8097625159387707,74.13987629650862
20.8,2.6,1.2040000000000002,2.1632000000000002,1.0960541386385052,78.8719692336943
20.8,2.6,1.4030000000000002,2.1632000000000002,1.3753288098014818,83.48807950085094
20.8,2.6,1.6020000000000003,2.1632000000000002,1.6546034809644579,88.10418976800759
20.8,2.6,1.8010000000000004,2.1632000000000002,1.9338781521274346,92.72030003516421
20.8,2.6,2.0,2.1632000000000002,2.21315282329041,97.33641030232083
20.8,5.2,0.01,2.1632000000000002,0.03582145391526663,61.34746204818624
20.8,5.2,0.20900000000000002,2.1632000000000002,0.7486683868290726,73.13005598064584
20.8,5.2,0.40800000000000003,2.1632000000000002,1.4615153197428785,84.91264991310544
20.8,5.2,0.607,2.1632000000000002,2.2844425464639397,98.5147528341147
20.8,5.2,0.806,2.1632000000000002,3.20201825010339,113.68129339013868
20.8,5.2,1.0050000000000001,2.1632000000000002,4.0965392878222495,128.46676508797105
20.8,5.2,1.2040000000000002,2.1632000000000002,5.397306111240339,149.96704316099738
20.8,5.2,1.4030000000000002,2.1632000000000002,6.666191394868769,170.94035363419454
20.8,5.2,1.6020000000000003,2.1632000000000002,7.935076678497198,191.91366410739172
20.8,5.2,1.8010000000000004,2.1632000000000002,9.203961962125629,212.8869745805889
20.8,5.2,2.0,2.1632000000000002,10.472847245754055,233.86028505378607
20.8,7.800000000000001,0.01,2.1632000000000002,0.09266267591881394,62.28698637882338
20.8,7.800000000000001,0.20900000000000002,2.1632000000000002,1.9366499267032116,92.76611449096218
20.8,7.800000000000001,0.40800000000000003,2.1632000000000002,3.780637177487609,123.24524260310099
20.8,7.800000000000001,0.607,2.1632000000000002,5.904615667450689,158.35232508182958
20.8,7.800000000000001,0.806,2.1632000000000002,8.269334288296378,197.4385832776261
20.8,7.800000000000001,1.0050000000000001,2.1632000000000002,10.574637868417298,235.54277468458346
20.8,7.800000000000001,1.2040000000000002,2.1632000000000002,13.72107376974525,287.54997966521074
20.8,7.800000000000001,1.4030000000000002,2.1632000000000002,16.79039114407987,338.28249824925405
20.8,7.800000000000001,1.6020000000000003,2.1632000000000002,19.859708518414486,389.0150168332973
20.8,7.800000000000001,1.8010000000000004,2.1632000000000002,22.929025892749102,439.74753541734054
20.8,7.800000000000001,2.0,2.1632000000000002,25.998343267083715,490.48005400138373
20.8,10.4,0.01,2.1632000000000002,0.18187117550511153,63.761507033142344
20.8,10.4,0.20900000000000002,2.1632000000000002,3.8011075680568314,123.58359616622863
20.8,10.4,0.40800000000000003,2.1632000000000002,7.420343960608551,183.4056852993149
20.8,10.4,0.607,2.1632000000000002,11.58250378886349,252.2017155184048
20.8,10.4,0.806,2.1632000000000002,16.21147629080718,328.71365769929224
20.8,10.4,1.0050000000000001,2.1632000000000002,20.724142950993485,403.30318927261965
20.8,10.4,1.2040000000000002,2.1632000000000002,26.60635135021929,500.5297743837899
20.8,10.4,1.4030000000000002,2.1632000000000002,32.34438797495426,595.3733549579216
20.8,10.4,1.6020000000000003,2.1632000000000002,38.082424599689226,690.2169355320533
20.8,10.4,1.8010000000000004,2.1632000000000002,43.8204612244242,785.0605161061851
20.8,10.4,2.0,2.1632000000000002,49.55849784915916,879.9040966803167
20.8,13.0,0.01,2.1632000000000002,0.3068477832570164,65.82723608689284
20.8,13.0,0.20900000000000002,2.1632000000000002,6.4131186700716425,166.75733338961393
20.8,13.0,0.40800000000000003,2.1632000000000002,12.51938955688627,267.68743069233506
20.8,13.0,0.607,2.1632000000000002,19.533010808047,383.6150546784628
20.8,13.0,0.806,2.1632000000000002,27.32678377434644,512.4377483363048
20.8,13.0,1.0050000000000001,2.1632000000000002,34.92473329928156,638.0236908972159
20.8,13.0,1.2040000000000002,2.1632000000000002,44.47513004721684,795.8814883837493
20.8,13.0,1.4030000000000002,2.1632000000000002,53.79144844348703,949.8702222063971
20.8,13.0,1.6020000000000003,2.1632000000000002,63.10776683975721,1103.8589560290447
20.8,13.0,1.8010000000000004,2.1632000000000002,72.4240852360274,1257.8476898516926
20.8,13.0,2.0,2.1632000000000002,81.74040363229757,1411.83642367434
20.8,15.600000000000001,0.01,2.1632000000000002,0.4704630313070988,68.53162035218347
20.8,15.600000000000001,0.20900000000000002,2.1632000000000002,9.832677354318367,223.27896453418788
20.8,15.600000000000001,0.40800000000000003,2.1632000000000002,19.194891677329633,378.0263087161923
20.8,15.600000000000001,0.607,2.1632000000000002,29.937437307922906,555.5890464119489
20.8,15.600000000000001,0.806,2.1632000000000002,41.86680985718482,752.768757969997
20.8,15.600000000000001,1.0050000000000001,2.1632000000000002,53.49644942782205,944.9942054185462
20.8,15.600000000000001,1.2040000000000002,2.1632000000000002,67.68060111691544,1179.4429936680237
20.8,15.600000000000001,1.4030000000000002,2.1632000000000002,81.51710202931534,1408.1454880878568
20.8,15.600000000000001,1.6020000000000003,2.1632000000000002,95.35360294171525,1636.84798250769
20.8,15.600000000000001,1.8010000000000004,2.1632000000000002,109.19010385411515,1865.550476927523
20.8,15.600000000000001,2.0,2.1632000000000002,123.02660476651502,2094.252971347356
20.8,18.2,0.01,2.1632000000000002,0.6752276076300966,71.91615880380326
20.8,18.2,0.20900000000000002,2.1632000000000002,14.11225699946902,294.0158181730417
20.8,18.2,0.40800000000000003,2.1632000000000002,27.54928639130794,516.1154775422801
20.8,18.2,0.607,2.1632000000000002,42.95429254519489,770.7436784329734
20.8,18.2,0.806,2.1632000000000002,60.05139086831941,1053.3403449308994
20.8,18.2,1.0050000000000001,2.1632000000000002,76.71891385669204,1328.8365926725958
20.8,18.2,1.2040000000000002,2.1632000000000002,96.52966205776471,1656.2869761614002
20.8,18.2,1.4030000000000002,2.1632000000000002,115.85485270488952,1975.7116149568515
20.8,18.2,1.6020000000000003,2.1632000000000002,135.18004335201434,2295.136253752303
20.8,18.2,1.8010000000000004,2.1632000000000002,154.5052339991391,2614.560892547754
20.8,18.2,2.0,2.1632000000000002,173.83042464626388,2933.985531343205
20.8,20.8,0.01,2.1632000000000002,0.9233886641746286,76.01799444916742
20.8,20.8,0.20900000000000002,2.1632000000000002,19.298823081249743,379.74418316115276
20.8,20.8,0.40800000000000003,2.1632000000000002,37.67425749832485,683.470371873138
20.8,20.8,0.607,2.1632000000000002,58.72540058650699,1031.4231501901982
20.8,20.8,0.806,2.1632000000000002,82.07715299937932,1417.4025289153608
20.8,20.8,1.0050000000000001,2.1632000000000002,104.84217796469201,1793.6839333006944
20.8,20.8,1.2040000000000002,2.1632000000000002,131.29552983186272,2230.9294187084747
20.8,20.8,1.4030000000000002,2.1632000000000002,157.1005152317008,2657.458103003319
20.8,20.8,1.6020000000000003,2.1632000000000002,182.90550063153887,3083.986787298163
20.8,20.8,1.8010000000000004,2.1632000000000002,208.7104860313769,3510.515471593007
20.8,20.8,2.0,2.1632000000000002,234.5154714312149,3937.04415588785
20.8,23.400000000000002,0.01,2.1632000000000002,1.2169903406185638,80.87091472096799
20.8,23.400000000000002,0.20900000000000002,2.1632000000000002,25.435098118927982,481.17021684178485
20.8,23.400000000000002,0.40800000000000003,2.1632000000000002,49.6532058972374,881.4695189626016
20.8,23.400000000000002,0.607,2.1632000000000002,77.37973627156546,1339.759277215958
20.8,23.400000000000002,0.806,2.1632000000000002,108.12285429854508,1847.9099884057036
20.8,23.400000000000002,1.0050000000000001,2.1632000000000002,138.09353217409304,2343.293093786662
20.8,23.400000000000002,1.2040000000000002,2.1632000000000002,172.22561679921284,2907.459781805171
20.8,23.400000000000002,1.4030000000000002,2.1632000000000002,205.5211307227366,3457.7988549212664
20.8,23.400000000000002,1.6020000000000003,2.1632000000000002,238.8166446462603,4008.137928037361
20.8,23.400000000000002,1.8010000000000004,2.1632000000000002,272.112158569784,4558.477001153456
20.8,23.400000000000002,2.0,2.1632000000000002,305.4076724933077,5108.816074269549
23.400000000000002,0.0,0.01,2.7378,0.0,70.25289256198347
23.400000000000002,0.0,0.20900000000000002,2.7378,0.0,70.25289256198347
23.400000000000002,0.0,0.40800000000000003,2.7378,0.0,70.25289256198347
23.400000000000002,0.0,0.607,2.7378,0.0,70.25289256198347
23.400000000000002,0.0,0.806,2.7378,0.0,70.25289256198347
23.400000000000002,0.0,1.0050000000000001,2.7378,0.0,70.25289256198347
23.400000000000002,0.0,1.2040000000000002,2.7378,0.0,70.25289256198347
23.400000000000002,0.0,1.4030000000000002,2.7378,0.0,70.25289256198347
23.400000000000002,0.0,1.6020000000000003,2.7378,0.0,70.25289256198347
23.400000000000002,0.0,1.8010000000000004,2.7378,0.0,70.25289256198347
23.400000000000002,0.0,2.0,2.7378,0.0,70.25289256198347
23.400000000000002,2.6,0.01,2.7378,0.00705541467491921,70.3695109863623
23.400000000000002,2.6,0.20900000000000002,2.7378,0.14745816670581152,72.69021763150101
23.400000000000002,2.6,0.40800000000000003,2.7378,0.28786091873670383,75.01092427663974
23.400000000000002,2.6,0.607,2.7378,0.45056697513522187,77.70028058074747
23.400000000000002,2.6,0.806,2.7378,0.6324497044479603,80.70660668509026
23.400000000000002,2.6,1.0050000000000001,2.7378,0.8097625159387707,83.63739695766563
23.400000000000002,2.6,1.2040000000000002,2.7378,1.0960541386385052,88.36948989485134
23.400000000000002,2.6,1.4030000000000002,2.7378,1.3753288098014818,92.98560016200797
23.400000000000002,2.6,1.6020000000000003,2.7378,1.6546034809644579,97.6017104291646
23.400000000000002,2.6,1.8010000000000004,2.7378,1.9338781521274346,102.21782069632124
23.400000000000002,2.6,2.0,2.7378,2.21315282329041,106.83393096347785
23.400000000000002,5.2,0.01,2.7378,0.03582145391526663,70.84498270934326
23.400000000000002,5.2,0.20900000000000002,2.7378,0.7486683868290726,82.62757664180285
23.400000000000002,5.2,0.40800000000000003,2.7378,1.4615153197428785,94.41017057426245
23.400000000000002,5.2,0.607,2.7378,2.2844425464639397,108.01227349527174
23.400000000000002,5.2,0.806,2.7378,3.20201825010339,123.1788140512957
23.400000000000002,5.2,1.0050000000000001,2.7378,4.0965392878222495,137.9642857491281
23.400000000000002,5.2,1.2040000000000002,2.7378,5.397306111240339,159.4645638221544
23.400000000000002,5.2,1.4030000000000002,2.7378,6.666191394868769,180.43787429535155
23.400000000000002,5.2,1.6020000000000003,2.7378,7.935076678497198,201.41118476854876
23.400000000000002,5.2,1.8010000000000004,2.7378,9.203961962125629,222.3844952417459
23.400000000000002,5.2,2.0,2.7378,10.472847245754055,243.35780571494305
23.400000000000002,7.800000000000001,0.01,2.7378,0.09266267591881394,71.7845070399804
23.400000000000002,7.800000000000001,0.20900000000000002,2.7378,1.9366499267032116,102.2636351521192
23.400000000000002,7.800000000000001,0.40800000000000003,2.7378,3.780637177487609,132.742763264258
23.400000000000002,7.800000000000001,0.607,2.7378,5.904615667450689,167.8498457429866
23.400000000000002,7.800000000000001,0.806,2.7378,8.269334288296378,206.93610393878308
23.400000000000002,7.800000000000001,1.0050000000000001,2.7378,10.574637868417298,245.04029534574047
23.400000000000002,7.800000000000001,1.2040000000000002,2.7378,13.72107376974525,297.04750032636775
23.400000000000002,7.800000000000001,1.4030000000000002,2.7378,16.79039114407987,347.78001891041106
23.400000000000002,7.800000000000001,1.6020000000000003,2.7378,19.859708518414486,398.5125374944543
23.400000000000002,7.800000000000001,1.8010000000000004,2.7378,22.929025892749102,449.24505607849756
23.400000000000002,7.800000000000001,2.0,2.7378,25.998343267083715,499.97757466254075
23.400000000000002,10.4,0.01,2.7378,0.18187117550511153,73.25902769429936
23.400000000000002,10.4,0.20900000000000002,2.7378,3.8011075680568314,133.08111682738564
23.400000000000002,10.4,0.40800000000000003,2.7378,7.420343960608551,192.90320596047192
23.400000000000002,10.4,0.607,2.7378,11.58250378886349,261.6992361795618
23.400000000000002,10.4,0.806,2.7378,16.21147629080718,338.21117836044925
23.400000000000002,10.4,1.0050000000000001,2.7378,20.724142950993485,412.8007099337766
23.400000000000002,10.4,1.2040000000000002,2.7378,26.60635135021929,510.0272950449469
23.400000000000002,10.4,1.4030000000000002,2.7378,32.34438797495426,604.8708756190788
23.400000000000002,10.4,1.6020000000000003,2.7378,38.082424599689226,699.7144561932105
23.400000000000002,10.4,1.8010000000000004,2.7378,43.8204612244242,794.5580367673423
23.400000000000002,10.4,2.0,2.7378,49.55849784915916,889.4016173414738
23.400000000000002,13.0,0.01,2.7378,0.3068477832570164,75.32475674804986
23.400000000000002,13.0,0.20900000000000002,2.7378,6.4131186700716425,176.25485405077094
23.400000000000002,13.0,0.40800000000000003,2.7378,12.51938955688627,277.1849513534921
23.400000000000002,13.0,0.607,2.7378,19.533010808047,393.1125753396198
23.400000000000002,13.0,0.806,2.7378,27.32678377434644,521.9352689974618
23.400000000000002,13.0,1.0050000000000001,2.7378,34.92473329928156,647.521211558373
23.400000000000002,13.0,1.2040000000000002,2.7378,44.47513004721684,805.3790090449064
23.400000000000002,13.0,1.4030000000000002,2.7378,53.79144844348703,959.3677428675542
23.400000000000002,13.0,1.6020000000000003,2.7378,63.10776683975721,1113.356476690202
23.400000000000002,13.0,1.8010000000000004,2.7378,72.4240852360274,1267.3452105128497
23.400000000000002,13.0,2.0,2.7378,81.74040363229757,1421.333944335497
23.400000000000002,15.600000000000001,0.01,2.7378,0.4704630313070988,78.02914101334048
23.400000000000002,15.600000000000001,0.20900000000000002,2.7378,9.832677354318367,232.7764851953449
23.400000000000002,15.600000000000001,0.40800000000000003,2.7378,19.194891677329633,387.52382937734933
23.400000000000002,15.600000000000001,0.607,2.7378,29.937437307922906,565.0865670731058
23.400000000000002,15.600000000000001,0.806,2.7378,41.86680985718482,762.266278631154
23.400000000000002,15.600000000000001,1.0050000000000001,2.7378,53.49644942782205,954.4917260797034
23.400000000000002,15.600000000000001,1.2040000000000002,2.7378,67.68060111691544,1188.9405143291808
23.400000000000002,15.600000000000001,1.4030000000000002,2.7378,81.51710202931534,1417.643008749014
23.400000000000002,15.600000000000001,1.6020000000000003,2.7378,95.35360294171525,1646.3455031688472
23.400000000000002,15.600000000000001,1.8010000000000004,2.7378,109.19010385411515,1875.0479975886803
23.400000000000002,15.600000000000001,2.0,2.7378,123.02660476651502,2103.750492008513
23.400000000000002,18.2,0.01,2.7378,0.6752276076300966,81.41367946496028
23.400000000000002,18.2,0.20900000000000002,2.7378,14.11225699946902,303.5133388341987
23.400000000000002,18.2,0.40800000000000003,2.7378,27.54928639130794,525.612998203437
23.400000000000002,18.2,0.607,2.7378,42.95429254519489,780.2411990941305
23.400000000000002,18.2,0.806,2.7378,60.05139086831941,1062.8378655920565
23.400000000000002,18.2,1.0050000000000001,2.7378,76.71891385669204,1338.3341133337528
23.400000000000002,18.2,1.2040000000000002,2.7378,96.52966205776471,1665.7844968225572
23.400000000000002,18.2,1.4030000000000002,2.7378,115.85485270488952,1985.2091356180088
23.400000000000002,18.2,1.6020000000000003,2.7378,135.18004335201434,2304.63377441346
23.400000000000002,18.2,1.8010000000000004,2.7378,154.5052339991391,2624.0584132089107
23.400000000000002,18.2,2.0,2.7378,173.83042464626388,2943.4830520043615
23.400000000000002,20.8,0.01,2.7378,0.9233886641746286,85.51551511032444
23.400000000000002,20.8,0.20900000000000002,2.7378,19.298823081249743,389.2417038223098
23.400000000000002,20.8,0.40800000000000003,2.7378,37.67425749832485,692.9678925342951
23.400000000000002,20.8,0.607,2.7378,58.72540058650699,1040.9206708513552
23.400000000000002,20.8,0.806,2.7378,82.07715299937932,1426.9000495765179
23.400000000000002,20.8,1.0050000000000001,2.7378,104.84217796469201,1803.1814539618517
23.400000000000002,20.8,1.2040000000000002,2.7378,131.29552983186272,2240.426939369632
23.400000000000002,20.8,1.4030000000000002,2.7378,157.1005152317008,2666.9556236644758
23.400000000000002,20.8,1.6020000000000003,2.7378,182.90550063153887,3093.4843079593197
23.400000000000002,20.8,1.8010000000000004,2.7378,208.7104860313769,3520.0129922541637
23.400000000000002,20.8,2.0,2.7378,234.5154714312149,3946.5416765490068
23.400000000000002,23.400000000000002,0.01,2.7378,1.2169903406185638,90.36843538212503
23.400000000000002,23.400000000000002,0.20900000000000002,2.7378,25.435098118927982,490.66773750294186
23.400000000000002,23.400000000000002,0.40800000000000003,2.7378,49.6532058972374,890.9670396237588
23.400000000000002,23.400000000000002,0.607,2.7378,77.37973627156546,1349.256797877115
23.400000000000002,23.400000000000002,0.806,2.7378,108.12285429854508,1857.407509066861
23.400000000000002,23.400000000000002,1.0050000000000001,2.7378,138.09353217409304,2352.790614447819
23.400000000000002,23.400000000000002,1.2040000000000002,2.7378,172.22561679921284,2916.9573024663277
23.400000000000002,23.400000000000002,1.4030000000000002,2.7378,205.5211307227366,3467.296375582423
23.400000000000002,23.400000000000002,1.6020000000000003,2.7378,238.8166446462603,4017.6354486985174
23.400000000000002,23.400000000000002,1.8010000000000004,2.7378,272.112158569784,4567.974521814612
23.400000000000002,23.400000000000002,2.0,2.7378,305.4076724933077,5118.313594930705
