0.0,4.5,0.01,0.0,0.009554485341226117,25.153810935028904
0.0,4.5,0.20900000000000002,0.0,0.19968874363162586,28.2146485421041
0.0,4.5,0.40800000000000003,0.0,0.38982300192202557,31.275486149179297
0.0,4.5,0.607,0.0,0.5926210072005078,34.540188506227146
0.0,4.5,0.806,0.0,0.8063074678332296,37.98017644269074
0.0,4.5,1.0050000000000001,0.0,1.0146249219173902,41.33373252145424
0.0,4.5,1.2040000000000002,0.0,1.3766284948260419,47.16137326235661
0.0,4.5,1.4030000000000002,0.0,1.729759431143795,52.846179671374124
0.0,4.5,1.6020000000000003,0.0,2.082890367461548,58.530986080391635
0.0,4.5,1.8010000000000004,0.0,2.4360213037793015,64.21579248940915
0.0,4.5,2.0,0.0,2.7891522400970534,69.90059889842664
0.0,9.0,0.01,0.0,0.04608288895225487,25.741855995947333
0.0,9.0,0.20900000000000002,0.0,0.9631323791021268,40.504790315299246
0.0,9.0,0.40800000000000003,0.0,1.880181869251999,55.26772463465116
0.0,9.0,0.607,0.0,2.9189926178040078,71.99080775702853
0.0,9.0,0.806,0.0,4.062495289468136,90.39925246705398
0.0,9.0,1.0050000000000001,0.0,5.177266738226129,108.34517344064663
0.0,9.0,1.2040000000000002,0.0,6.872980236302867,135.64327159721847
0.0,9.0,1.4030000000000002,0.0,8.527132129034587,162.272298720541
0.0,9.0,1.6020000000000003,0.0,10.181284021766308,188.9013258438635
0.0,9.0,1.8010000000000004,0.0,11.835435914498026,215.53035296718602
0.0,9.0,2.0,0.0,13.489587807229743,242.1593800905085
0.0,13.5,0.01,0.0,0.11568139741925759,26.862273400089066
0.0,13.5,0.20900000000000002,0.0,2.417741206062484,63.92151406186146
0.0,13.5,0.40800000000000003,0.0,4.71980101470571,100.98075472363385
0.0,13.5,0.607,0.0,7.420683235033286,144.4603566985338
0.0,13.5,0.806,0.0,10.464478183164228,193.4602693351883
0.0,13.5,1.0050000000000001,0.0,13.431795871291879,241.22902838800718
0.0,13.5,1.2040000000000002,0.0,17.61083419140916,308.50442508209784
0.0,13.5,1.4030000000000002,0.0,21.68744510171964,374.1309149944704
0.0,13.5,1.6020000000000003,0.0,25.764056012030128,439.75740490684313
0.0,13.5,1.8010000000000004,0.0,29.840666922340606,505.38389481921575
0.0,13.5,2.0,0.0,33.91727783265108,571.0103847315883
0.0,18.0,0.01,0.0,0.22226552015551373,28.578096177749558
0.0,18.0,0.20900000000000002,0.0,4.645349371250238,99.78221011496576
0.0,18.0,0.40800000000000003,0.0,9.06843322234496,170.98632405218194
0.0,18.0,0.607,0.0,14.38842992989807,256.62920681518256
0.0,18.0,0.806,0.0,20.479604046742505,354.6867319330633
0.0,18.0,1.0050000000000001,0.0,26.417733587786824,450.2805001384344
0.0,18.0,1.2040000000000002,0.0,34.3378187501759,577.7803769846828
0.0,18.0,1.4030000000000002,0.0,42.06378417819269,702.1552568494054
0.0,18.0,1.6020000000000003,0.0,49.78974960620948,826.5301367141279
0.0,18.0,1.8010000000000004,0.0,57.51571503422627,950.9050165788506
0.0,18.0,2.0,0.0,65.24168046224304,1075.2798964435729
0.0,22.5,0.01,0.0,0.3688552706558553,30.937941400686274
0.0,22.5,0.20900000000000002,0.0,7.709075156707377,149.10297527434315
0.0,22.5,0.40800000000000003,0.0,15.049295042758898,267.26800914800003
0.0,22.5,0.607,0.0,24.049642417968787,412.15826706620675
0.0,22.5,0.806,0.0,34.47738912965129,580.0272222937463
0.0,22.5,1.0050000000000001,0.0,44.643132155110614,743.67836457587
0.0,22.5,1.2040000000000002,0.0,57.64261729317712,952.9479267314559
0.0,22.5,1.4030000000000002,0.0,70.32348759942826,1157.088332951856
0.0,22.5,1.6020000000000003,0.0,83.0043579056794,1361.228739172256
0.0,22.5,1.8010000000000004,0.0,95.68522821193055,1565.369145392656
0.0,22.5,2.0,0.0,108.36609851818164,1769.5095516130555
0.0,27.0,0.01,0.0,0.5579508263109855,33.982057665078734
0.0,27.0,0.20900000000000002,0.0,11.661172269899598,212.72500520014563
0.0,27.0,0.40800000000000003,0.0,22.76439371348821,391.4679527352125
0.0,27.0,0.607,0.0,36.594520823826294,614.1094353937347
0.0,27.0,0.806,0.0,52.76927710557515,874.4954529247608
0.0,27.0,1.0050000000000001,0.0,68.53763247572226,1128.3391082062633
0.0,27.0,1.2040000000000002,0.0,88.01993728335036,1441.9710215914429
0.0,27.0,1.4030000000000002,0.0,107.02473462020326,1747.915878276005
0.0,27.0,1.6020000000000003,0.0,126.02953195705614,2053.8607349605672
0.0,27.0,1.8010000000000004,0.0,145.03432929390905,2359.8055916451294
0.0,27.0,2.0,0.0,164.0391266307619,2665.7504483296907
0.0,31.5,0.01,0.0,0.7917058825622894,37.74511579805958
0.0,31.5,0.20900000000000002,0.0,16.546652945551852,291.37292017944526
0.0,31.5,0.40800000000000003,0.0,32.301600008541406,545.0007245608309
0.0,31.5,0.607,0.0,52.188242234828714,865.1417814749452
0.0,31.5,0.806,0.0,75.62737002208232,1242.4718031835557
0.0,31.5,1.0050000000000001,0.0,98.47757500061095,1610.3211710803919
0.0,31.5,1.2040000000000002,0.0,125.90100306553941,2051.791638795113
0.0,31.5,1.4030000000000002,0.0,152.6522882857392,2482.441751908983
0.0,31.5,1.6020000000000003,0.0,179.403573505939,2913.0918650228527
0.0,31.5,1.8010000000000004,0.0,206.15485872613877,3343.7419781367225
0.0,31.5,2.0,0.0,232.90614394633852,3774.3920912505914
0.0,36.0,0.01,0.0,1.072023967533481,42.25775935918286
0.0,36.0,0.20900000000000002,0.0,22.405300921449754,385.6871706069219
0.0,36.0,0.40800000000000003,0.0,43.738577875366026,729.1165818546608
0.0,36.0,0.607,0.0,70.97778704496162,1167.6214392273075
0.0,36.0,0.806,0.0,103.29499400747778,1687.8734091559504
0.0,36.0,1.0050000000000001,0.0,134.8002108453076,2195.0537215486975
0.0,36.0,1.2040000000000002,0.0,171.6707094286947,2788.605928659509
0.0,36.0,1.4030000000000002,0.0,207.63751932131242,3367.61028755682
0.0,36.0,1.6020000000000003,0.0,243.60432921393024,3946.614646454132
0.0,36.0,1.8010000000000004,0.0,279.571139106548,4525.619005351443
0.0,36.0,2.0,0.0,315.5379489991657,5104.623364248752
0.0,40.5,0.01,0.0,1.4006181631919166,47.5475660493681
0.0,40.5,0.20900000000000002,0.0,29.272919610711057,496.2441304317934
0.0,40.5,0.40800000000000003,0.0,57.1452210582302,944.9406948142187
0.0,40.5,0.607,0.0,93.09619969137316,1523.6901974073394
0.0,40.5,0.806,0.0,135.99333067103382,2214.2609179012456
0.0,40.5,1.0050000000000001,0.0,177.81264428939647,2887.480615267164
0.0,40.5,1.2040000000000002,0.0,225.6783645503647,3658.0371576906937
0.0,40.5,1.4030000000000002,0.0,272.37090539317194,4409.707510348941
0.0,40.5,1.6020000000000003,0.0,319.0634462359791,5161.3778630071865
0.0,40.5,1.8010000000000004,0.0,365.75598707878635,5913.048215665433
0.0,40.5,2.0,0.0,412.44852792159344,6664.7185683236785
4.5,0.0,0.01,0.030375,0.0,25.488985746971004
4.5,0.0,0.20900000000000002,0.030375,0.0,25.488985746971004
4.5,0.0,0.40800000000000003,0.030375,0.0,25.488985746971004
4.5,0.0,0.607,0.030375,0.0,25.488985746971004
4.5,0.0,0.806,0.030375,0.0,25.488985746971004
4.5,0.0,1.0050000000000001,0.030375,0.0,25.488985746971004
4.5,0.0,1.2040000000000002,0.030375,0.0,25.488985746971004
4.5,0.0,1.4030000000000002,0.030375,0.0,25.488985746971004
4.5,0.0,1.6020000000000003,0.030375,0.0,25.488985746971004
4.5,0.0,1.8010000000000004,0.030375,0.0,25.488985746971004
4.5,0.0,2.0,0.030375,0.0,25.488985746971004
4.5,4.5,0.01,0.030375,0.009554485341226117,25.642796681999908
4.5,4.5,0.20900000000000002,0.030375,0.19968874363162586,28.703634289075104
4.5,4.5,0.40800000000000003,0.030375,0.38982300192202557,31.7644718961503
4.5,4.5,0.607,0.030375,0.5926210072005078,35.02917425319815
4.5,4.5,0.806,0.030375,0.8063074678332296,38.469162189661745
4.5,4.5,1.0050000000000001,0.030375,1.0146249219173902,41.82271826842524
4.5,4.5,1.2040000000000002,0.030375,1.3766284948260419,47.650359009327616
4.5,4.5,1.4030000000000002,0.030375,1.729759431143795,53.33516541834513
4.5,4.5,1.6020000000000003,0.030375,2.082890367461548,59.01997182736264
4.5,4.5,1.8010000000000004,0.030375,2.4360213037793015,64.70477823638015
4.5,4.5,2.0,0.030375,2.7891522400970534,70.38958464539763
4.5,9.0,0.01,0.030375,0.04608288895225487,26.230841742918336
4.5,9.0,0.20900000000000002,0.030375,0.9631323791021268,40.99377606227025
4.5,9.0,0.40800000000000003,0.030375,1.880181869251999,55.75671038162216
4.5,9.0,0.607,0.030375,2.9189926178040078,72.47979350399953
4.5,9.0,0.806,0.030375,4.062495289468136,90.888238214025
4.5,9.0,1.0050000000000001,0.030375,5.177266738226129,108.83415918761764
4.5,9.0,1.2040000000000002,0.030375,6.872980236302867,136.1322573441895
4.5,9.0,1.4030000000000002,0.030375,8.527132129034587,162.761284467512
4.5,9.0,1.6020000000000003,0.030375,10.181284021766308,189.3903115908345
4.5,9.0,1.8010000000000004,0.030375,11.835435914498026,216.01933871415702
4.5,9.0,2.0,0.030375,13.489587807229743,242.6483658374795
4.5,13.5,0.01,0.030375,0.11568139741925759,27.35125914706007
4.5,13.5,0.20900000000000002,0.030375,2.417741206062484,64.41049980883247
4.5,13.5,0.40800000000000003,0.030375,4.71980101470571,101.46974047060486
4.5,13.5,0.607,0.030375,7.420683235033286,144.94934244550478
4.5,13.5,0.806,0.030375,10.464478183164228,193.94925508215928
4.5,13.5,1.0050000000000001,0.030375,13.431795871291879,241.7180141349782
4.5,13.5,1.2040000000000002,0.030375,17.61083419140916,308.9934108290688
4.5,13.5,1.4030000000000002,0.030375,21.68744510171964,374.6199007414414
4.5,13.5,1.6020000000000003,0.030375,25.764056012030128,440.24639065381416
4.5,13.5,1.8010000000000004,0.030375,29.840666922340606,505.8728805661867
4.5,13.5,2.0,0.030375,33.91727783265108,571.4993704785593
4.5,18.0,0.01,0.030375,0.22226552015551373,29.06708192472056
4.5,18.0,0.20900000000000002,0.030375,4.645349371250238,100.27119586193677
4.5,18.0,0.40800000000000003,0.030375,9.06843322234496,171.47530979915297
4.5,18.0,0.607,0.030375,14.38842992989807,257.1181925621536
4.5,18.0,0.806,0.030375,20.479604046742505,355.17571768003427
4.5,18.0,1.0050000000000001,0.030375,26.417733587786824,450.7694858854054
4.5,18.0,1.2040000000000002,0.030375,34.3378187501759,578.2693627316538
4.5,18.0,1.4030000000000002,0.030375,42.06378417819269,702.6442425963764
4.5,18.0,1.6020000000000003,0.030375,49.78974960620948,827.019122461099
4.5,18.0,1.8010000000000004,0.030375,57.51571503422627,951.3940023258216
4.5,18.0,2.0,0.030375,65.24168046224304,1075.768882190544
4.5,22.5,0.01,0.030375,0.3688552706558553,31.42692714765728
4.5,22.5,0.20900000000000002,0.030375,7.709075156707377,149.59196102131415
4.5,22.5,0.40800000000000003,0.030375,15.049295042758898,267.75699489497106
4.5,22.5,0.607,0.030375,24.049642417968787,412.6472528131778
4.5,22.5,0.806,0.030375,34.47738912965129,580.5162080407173
4.5,22.5,1.0050000000000001,0.030375,44.643132155110614,744.167350322841
4.5,22.5,1.2040000000000002,0.030375,57.64261729317712,953.436912478427
4.5,22.5,1.4030000000000002,0.030375,70.32348759942826,1157.577318698827
4.5,22.5,1.6020000000000003,0.030375,83.0043579056794,1361.7177249192268
4.5,22.5,1.8010000000000004,0.030375,95.68522821193055,1565.858131139627
4.5,22.5,2.0,0.030375,108.36609851818164,1769.9985373600264
4.5,27.0,0.01,0.030375,0.5579508263109855,34.47104341204974
4.5,27.0,0.20900000000000002,0.030375,11.661172269899598,213.21399094711663
4.5,27.0,0.40800000000000003,0.030375,22.76439371348821,391.9569384821835
4.5,27.0,0.607,0.030375,36.594520823826294,614.5984211407057
4.5,27.0,0.806,0.030375,52.76927710557515,874.9844386717318
4.5,27.0,1.0050000000000001,0.030375,68.53763247572226,1128.8280939532344
4.5,27.0,1.2040000000000002,0.030375,88.01993728335036,1442.4600073384138
4.5,27.0,1.4030000000000002,0.030375,107.02473462020326,1748.4048640229762
4.5,27.0,1.6020000000000003,0.030375,126.02953195705614,2054.349720707538
4.5,27.0,1.8010000000000004,0.030375,145.03432929390905,2360.2945773921006
4.5,27.0,2.0,0.030375,164.0391266307619,2666.239434076662
4.5,31.5,0.01,0.030375,0.7917058825622894,38.23410154503058
4.5,31.5,0.20900000000000002,0.030375,16.546652945551852,291.8619059264162
4.5,31.5,0.40800000000000003,0.030375,32.301600008541406,545.4897103078018
4.5,31.5,0.607,0.030375,52.188242234828714,865.6307672219162
4.5,31.5,0.806,0.030375,75.62737002208232,1242.9607889305266
4.5,31.5,1.0050000000000001,0.030375,98.47757500061095,1610.8101568273628
4.5,31.5,1.2040000000000002,0.030375,125.90100306553941,2052.2806245420843
4.5,31.5,1.4030000000000002,0.030375,152.6522882857392,2482.930737655954
4.5,31.5,1.6020000000000003,0.030375,179.403573505939,2913.580850769824
4.5,31.5,1.8010000000000004,0.030375,206.15485872613877,3344.2309638836937
4.5,31.5,2.0,0.030375,232.90614394633852,3774.8810769975626
4.5,36.0,0.01,0.030375,1.072023967533481,42.74674510615387
4.5,36.0,0.20900000000000002,0.030375,22.405300921449754,386.17615635389285
4.5,36.0,0.40800000000000003,0.030375,43.738577875366026,729.6055676016318
4.5,36.0,0.607,0.030375,70.97778704496162,1168.1104249742787
4.5,36.0,0.806,0.030375,103.29499400747778,1688.3623949029216
4.5,36.0,1.0050000000000001,0.030375,134.8002108453076,2195.5427072956686
4.5,36.0,1.2040000000000002,0.030375,171.6707094286947,2789.0949144064803
4.5,36.0,1.4030000000000002,0.030375,207.63751932131242,3368.099273303791
4.5,36.0,1.6020000000000003,0.030375,243.60432921393024,3947.1036322011028
4.5,36.0,1.8010000000000004,0.030375,279.571139106548,4526.107991098414
4.5,36.0,2.0,0.030375,315.5379489991657,5105.112349995724
4.5,40.5,0.01,0.030375,1.4006181631919166,48.03655179633911
4.5,40.5,0.20900000000000002,0.030375,29.272919610711057,496.73311617876436
4.5,40.5,0.40800000000000003,0.030375,57.1452210582302,945.4296805611896
4.5,40.5,0.607,0.030375,93.09619969137316,1524.1791831543105
4.5,40.5,0.806,0.030375,135.99333067103382,2214.749903648217
4.5,40.5,1.0050000000000001,0.030375,177.81264428939647,2887.969601014135
4.5,40.5,1.2040000000000002,0.030375,225.6783645503647,3658.526143437665
4.5,40.5,1.4030000000000002,0.030375,272.37090539317194,4410.196496095912
4.5,40.5,1.6020000000000003,0.030375,319.0634462359791,5161.866848754157
4.5,40.5,1.8010000000000004,0.030375,365.75598707878635,5913.537201412405
4.5,40.5,2.0,0.030375,412.44852792159344,6665.207554070649
9.0,0.0,0.01,0.1215,0.0,26.95594298788402
9.0,0.0,0.20900000000000002,0.1215,0.0,26.95594298788402
9.0,0.0,0.40800000000000003,0.1215,0.0,26.95594298788402
9.0,0.0,0.607,0.1215,0.0,26.95594298788402
9.0,0.0,0.806,0.1215,0.0,26.95594298788402
9.0,0.0,1.0050000000000001,0.1215,0.0,26.95594298788402
9.0,0.0,1.2040000000000002,0.1215,0.0,26.95594298788402
9.0,0.0,1.4030000000000002,0.1215,0.0,26.95594298788402
9.0,0.0,1.6020000000000003,0.1215,0.0,26.95594298788402
9.0,0.0,1.8010000000000004,0.1215,0.0,26.95594298788402
9.0,0.0,2.0,0.1215,0.0,26.95594298788402
9.0,4.5,0.01,0.1215,0.009554485341226117,27.109753922912923
9.0,4.5,0.20900000000000002,0.1215,0.19968874363162586,30.17059152998812
9.0,4.5,0.40800000000000003,0.1215,0.38982300192202557,33.231429137063316
9.0,4.5,0.607,0.1215,0.5926210072005078,36.49613149411117
9.0,4.5,0.806,0.1215,0.8063074678332296,39.93611943057476
9.0,4.5,1.0050000000000001,0.1215,1.0146249219173902,43.28967550933825
9.0,4.5,1.2040000000000002,0.1215,1.3766284948260419,49.117316250240634
9.0,4.5,1.4030000000000002,0.1215,1.729759431143795,54.802122659258146
9.0,4.5,1.6020000000000003,0.1215,2.082890367461548,60.48692906827565
9.0,4.5,1.8010000000000004,0.1215,2.4360213037793015,66.17173547729317
9.0,4.5,2.0,0.1215,2.7891522400970534,71.85654188631065
9.0,9.0,0.01,0.1215,0.04608288895225487,27.69779898383135
9.0,9.0,0.20900000000000002,0.1215,0.9631323791021268,42.46073330318326
9.0,9.0,0.40800000000000003,0.1215,1.880181869251999,57.223667622535174
9.0,9.0,0.607,0.1215,2.9189926178040078,73.94675074491255
9.0,9.0,0.806,0.1215,4.062495289468136,92.35519545493801
9.0,9.0,1.0050000000000001,0.1215,5.177266738226129,110.30111642853065
9.0,9.0,1.2040000000000002,0.1215,6.872980236302867,137.5992145851025
9.0,9.0,1.4030000000000002,0.1215,8.527132129034587,164.22824170842503
9.0,9.0,1.6020000000000003,0.1215,10.181284021766308,190.85726883174752
9.0,9.0,1.8010000000000004,0.1215,11.835435914498026,217.48629595507003
9.0,9.0,2.0,0.1215,13.489587807229743,244.11532307839252
9.0,13.5,0.01,0.1215,0.11568139741925759,28.818216387973084
9.0,13.5,0.20900000000000002,0.1215,2.417741206062484,65.87745704974549
9.0,13.5,0.40800000000000003,0.1215,4.71980101470571,102.93669771151788
9.0,13.5,0.607,0.1215,7.420683235033286,146.4162996864178
9.0,13.5,0.806,0.1215,10.464478183164228,195.4162123230723
9.0,13.5,1.0050000000000001,0.1215,13.431795871291879,243.18497137589122
9.0,13.5,1.2040000000000002,0.1215,17.61083419140916,310.4603680699818
9.0,13.5,1.4030000000000002,0.1215,21.68744510171964,376.08685798235445
9.0,13.5,1.6020000000000003,0.1215,25.764056012030128,441.7133478947271
9.0,13.5,1.8010000000000004,0.1215,29.840666922340606,507.33983780709974
9.0,13.5,2.0,0.1215,33.91727783265108,572.9663277194722
9.0,18.0,0.01,0.1215,0.22226552015551373,30.534039165633576
9.0,18.0,0.20900000000000002,0.1215,4.645349371250238,101.7381531028498
9.0,18.0,0.40800000000000003,0.1215,9.06843322234496,172.94226704006599
9.0,18.0,0.607,0.1215,14.38842992989807,258.5851498030666
9.0,18.0,0.806,0.1215,20.479604046742505,356.6426749209473
9.0,18.0,1.0050000000000001,0.1215,26.417733587786824,452.2364431263184
9.0,18.0,1.2040000000000002,0.1215,34.3378187501759,579.7363199725668
9.0,18.0,1.4030000000000002,0.1215,42.06378417819269,704.1111998372894
9.0,18.0,1.6020000000000003,0.1215,49.78974960620948,828.486079702012
9.0,18.0,1.8010000000000004,0.1215,57.51571503422627,952.8609595667346
9.0,18.0,2.0,0.1215,65.24168046224304,1077.235839431457
9.0,22.5,0.01,0.1215,0.3688552706558553,32.89388438857029
9.0,22.5,0.20900000000000002,0.1215,7.709075156707377,151.05891826222717
9.0,22.5,0.40800000000000003,0.1215,15.049295042758898,269.223952135884
9.0,22.5,0.607,0.1215,24.049642417968787,414.1142100540908
9.0,22.5,0.806,0.1215,34.47738912965129,581.9831652816302
9.0,22.5,1.0050000000000001,0.1215,44.643132155110614,745.634307563754
9.0,22.5,1.2040000000000002,0.1215,57.64261729317712,954.9038697193399
9.0,22.5,1.4030000000000002,0.1215,70.32348759942826,1159.04427593974
9.0,22.5,1.6020000000000003,0.1215,83.0043579056794,1363.1846821601398
9.0,22.5,1.8010000000000004,0.1215,95.68522821193055,1567.32508838054
9.0,22.5,2.0,0.1215,108.36609851818164,1771.4654946009393
9.0,27.0,0.01,0.1215,0.5579508263109855,35.93800065296276
9.0,27.0,0.20900000000000002,0.1215,11.661172269899598,214.68094818802965
9.0,27.0,0.40800000000000003,0.1215,22.76439371348821,393.4238957230965
9.0,27.0,0.607,0.1215,36.594520823826294,616.0653783816188
9.0,27.0,0.806,0.1215,52.76927710557515,876.4513959126449
9.0,27.0,1.0050000000000001,0.1215,68.53763247572226,1130.2950511941474
9.0,27.0,1.2040000000000002,0.1215,88.01993728335036,1443.9269645793268
9.0,27.0,1.4030000000000002,0.1215,107.02473462020326,1749.8718212638892
9.0,27.0,1.6020000000000003,0.1215,126.02953195705614,2055.816677948451
9.0,27.0,1.8010000000000004,0.1215,145.03432929390905,2361.7615346330135
9.0,27.0,2.0,0.1215,164.0391266307619,2667.706391317575
9.0,31.5,0.01,0.1215,0.7917058825622894,39.7010587859436
9.0,31.5,0.20900000000000002,0.1215,16.546652945551852,293.32886316732925
9.0,31.5,0.40800000000000003,0.1215,32.301600008541406,546.9566675487149
9.0,31.5,0.607,0.1215,52.188242234828714,867.0977244628293
9.0,31.5,0.806,0.1215,75.62737002208232,1244.4277461714398
9.0,31.5,1.0050000000000001,0.1215,98.47757500061095,1612.277114068276
9.0,31.5,1.2040000000000002,0.1215,125.90100306553941,2053.7475817829973
9.0,31.5,1.4030000000000002,0.1215,152.6522882857392,2484.397694896867
9.0,31.5,1.6020000000000003,0.1215,179.403573505939,2915.047808010737
9.0,31.5,1.8010000000000004,0.1215,206.15485872613877,3345.6979211246066
9.0,31.5,2.0,0.1215,232.90614394633852,3776.3480342384755
9.0,36.0,0.01,0.1215,1.072023967533481,44.213702347066885
9.0,36.0,0.20900000000000002,0.1215,22.405300921449754,387.64311359480587
9.0,36.0,0.40800000000000003,0.1215,43.738577875366026,731.0725248425449
9.0,36.0,0.607,0.1215,70.97778704496162,1169.5773822151916
9.0,36.0,0.806,0.1215,103.29499400747778,1689.8293521438345
9.0,36.0,1.0050000000000001,0.1215,134.8002108453076,2197.0096645365816
9.0,36.0,1.2040000000000002,0.1215,171.6707094286947,2790.561871647393
9.0,36.0,1.4030000000000002,0.1215,207.63751932131242,3369.566230544704
9.0,36.0,1.6020000000000003,0.1215,243.60432921393024,3948.5705894420157
9.0,36.0,1.8010000000000004,0.1215,279.571139106548,4527.5749483393265
9.0,36.0,2.0,0.1215,315.5379489991657,5106.579307236637
9.0,40.5,0.01,0.1215,1.4006181631919166,49.50350903725212
9.0,40.5,0.20900000000000002,0.1215,29.272919610711057,498.2000734196774
9.0,40.5,0.40800000000000003,0.1215,57.1452210582302,946.8966378021026
9.0,40.5,0.607,0.1215,93.09619969137316,1525.6461403952235
9.0,40.5,0.806,0.1215,135.99333067103382,2216.2168608891297
9.0,40.5,1.0050000000000001,0.1215,177.81264428939647,2889.436558255048
9.0,40.5,1.2040000000000002,0.1215,225.6783645503647,3659.993100678578
9.0,40.5,1.4030000000000002,0.1215,272.37090539317194,4411.663453336825
9.0,40.5,1.6020000000000003,0.1215,319.0634462359791,5163.33380599507
9.0,40.5,1.8010000000000004,0.1215,365.75598707878635,5915.004158653318
9.0,40.5,2.0,0.1215,412.44852792159344,6666.674511311562
13.5,0.0,0.01,0.273375,0.0,29.400871722739044
13.5,0.0,0.20900000000000002,0.273375,0.0,29.400871722739044
13.5,0.0,0.40800000000000003,0.273375,0.0,29.400871722739044
13.5,0.0,0.607,0.273375,0.0,29.400871722739044
13.5,0.0,0.806,0.273375,0.0,29.400871722739044
13.5,0.0,1.0050000000000001,0.273375,0.0,29.400871722739044
13.5,0.0,1.2040000000000002,0.273375,0.0,29.400871722739044
13.5,0.0,1.4030000000000002,0.273375,0.0,29.400871722739044
13.5,0.0,1.6020000000000003,0.273375,0.0,29.400871722739044
13.5,0.0,1.8010000000000004,0.273375,0.0,29.400871722739044
13.5,0.0,2.0,0.273375,0.0,29.400871722739044
13.5,4.5,0.01,0.273375,0.009554485341226117,29.55468265776795
13.5,4.5,0.20900000000000002,0.273375,0.19968874363162586,32.61552026484314
13.5,4.5,0.40800000000000003,0.273375,0.38982300192202557,35.67635787191834
13.5,4.5,0.607,0.273375,0.5926210072005078,38.941060228966194
13.5,4.5,0.806,0.273375,0.8063074678332296,42.38104816542979
13.5,4.5,1.0050000000000001,0.273375,1.0146249219173902,45.73460424419328
13.5,4.5,1.2040000000000002,0.273375,1.3766284948260419,51.56224498509566
13.5,4.5,1.4030000000000002,0.273375,1.729759431143795,57.247051394113164
13.5,4.5,1.6020000000000003,0.273375,2.082890367461548,62.931857803130676
13.5,4.5,1.8010000000000004,0.273375,2.4360213037793015,68.6166642121482
13.5,4.5,2.0,0.273375,2.7891522400970534,74.30147062116569
13.5,9.0,0.01,0.273375,0.04608288895225487,30.142727718686373
13.5,9.0,0.20900000000000002,0.273375,0.9631323791021268,44.90566203803829
13.5,9.0,0.40800000000000003,0.273375,1.880181869251999,59.66859635739021
13.5,9.0,0.607,0.273375,2.9189926178040078,76.39167947976757
13.5,9.0,0.806,0.273375,4.062495289468136,94.80012418979302
13.5,9.0,1.0050000000000001,0.273375,5.177266738226129,112.74604516338567
13.5,9.0,1.2040000000000002,0.273375,6.872980236302867,140.04414331995753
13.5,9.0,1.4030000000000002,0.273375,8.527132129034587,166.67317044328004
13.5,9.0,1.6020000000000003,0.273375,10.181284021766308,193.30219756660256
13.5,9.0,1.8010000000000004,0.273375,11.835435914498026,219.93122468992507
13.5,9.0,2.0,0.273375,13.489587807229743,246.56025181324753
13.5,13.5,0.01,0.273375,0.11568139741925759,31.263145122828107
13.5,13.5,0.20900000000000002,0.273375,2.417741206062484,68.3223857846005
13.5,13.5,0.40800000000000003,0.273375,4.71980101470571,105.3816264463729
13.5,13.5,0.607,0.273375,7.420683235033286,148.8612284212728
13.5,13.5,0.806,0.273375,10.464478183164228,197.8611410579273
13.5,13.5,1.0050000000000001,0.273375,13.431795871291879,245.62990011074623
13.5,13.5,1.2040000000000002,0.273375,17.61083419140916,312.90529680483684
13.5,13.5,1.4030000000000002,0.273375,21.68744510171964,378.53178671720946
13.5,13.5,1.6020000000000003,0.273375,25.764056012030128,444.1582766295822
13.5,13.5,1.8010000000000004,0.273375,29.840666922340606,509.78476654195475
13.5,13.5,2.0,0.273375,33.91727783265108,575.4112564543273
13.5,18.0,0.01,0.273375,0.22226552015551373,32.9789679004886
13.5,18.0,0.20900000000000002,0.273375,4.645349371250238,104.18308183770482
13.5,18.0,0.40800000000000003,0.273375,9.06843322234496,175.387195774921
13.5,18.0,0.607,0.273375,14.38842992989807,261.0300785379216
13.5,18.0,0.806,0.273375,20.479604046742505,359.08760365580235
13.5,18.0,1.0050000000000001,0.273375,26.417733587786824,454.68137186117343
13.5,18.0,1.2040000000000002,0.273375,34.3378187501759,582.1812487074218
13.5,18.0,1.4030000000000002,0.273375,42.06378417819269,706.5561285721444
13.5,18.0,1.6020000000000003,0.273375,49.78974960620948,830.931008436867
13.5,18.0,1.8010000000000004,0.273375,57.51571503422627,955.3058883015896
13.5,18.0,2.0,0.273375,65.24168046224304,1079.680768166312
13.5,22.5,0.01,0.273375,0.3688552706558553,35.33881312342532
13.5,22.5,0.20900000000000002,0.273375,7.709075156707377,153.5038469970822
13.5,22.5,0.40800000000000003,0.273375,15.049295042758898,271.66888087073903
13.5,22.5,0.607,0.273375,24.049642417968787,416.5591387889458
13.5,22.5,0.806,0.273375,34.47738912965129,584.4280940164853
13.5,22.5,1.0050000000000001,0.273375,44.643132155110614,748.079236298609
13.5,22.5,1.2040000000000002,0.273375,57.64261729317712,957.3487984541949
13.5,22.5,1.4030000000000002,0.273375,70.32348759942826,1161.4892046745952
13.5,22.5,1.6020000000000003,0.273375,83.0043579056794,1365.6296108949948
13.5,22.5,1.8010000000000004,0.273375,95.68522821193055,1569.770017115395
13.5,22.5,2.0,0.273375,108.36609851818164,1773.9104233357943
13.5,27.0,0.01,0.273375,0.5579508263109855,38.38292938781778
13.5,27.0,0.20900000000000002,0.273375,11.661172269899598,217.12587692288466
13.5,27.0,0.40800000000000003,0.273375,22.76439371348821,395.8688244579516
13.5,27.0,0.607,0.273375,36.594520823826294,618.5103071164738
13.5,27.0,0.806,0.273375,52.76927710557515,878.8963246474999
13.5,27.0,1.0050000000000001,0.273375,68.53763247572226,1132.7399799290024
13.5,27.0,1.2040000000000002,0.273375,88.01993728335036,1446.3718933141818
13.5,27.0,1.4030000000000002,0.273375,107.02473462020326,1752.3167499987442
13.5,27.0,1.6020000000000003,0.273375,126.02953195705614,2058.261606683306
13.5,27.0,1.8010000000000004,0.273375,145.03432929390905,2364.2064633678683
13.5,27.0,2.0,0.273375,164.0391266307619,2670.15132005243
13.5,31.5,0.01,0.273375,0.7917058825622894,42.14598752079863
13.5,31.5,0.20900000000000002,0.273375,16.546652945551852,295.77379190218426
13.5,31.5,0.40800000000000003,0.273375,32.301600008541406,549.4015962835699
13.5,31.5,0.607,0.273375,52.188242234828714,869.5426531976843
13.5,31.5,0.806,0.273375,75.62737002208232,1246.8726749062948
13.5,31.5,1.0050000000000001,0.273375,98.47757500061095,1614.722042803131
13.5,31.5,1.2040000000000002,0.273375,125.90100306553941,2056.192510517852
13.5,31.5,1.4030000000000002,0.273375,152.6522882857392,2486.842623631722
13.5,31.5,1.6020000000000003,0.273375,179.403573505939,2917.4927367455916
13.5,31.5,1.8010000000000004,0.273375,206.15485872613877,3348.1428498594614
13.5,31.5,2.0,0.273375,232.90614394633852,3778.7929629733303
13.5,36.0,0.01,0.273375,1.072023967533481,46.65863108192191
13.5,36.0,0.20900000000000002,0.273375,22.405300921449754,390.0880423296609
13.5,36.0,0.40800000000000003,0.273375,43.738577875366026,733.5174535773999
13.5,36.0,0.607,0.273375,70.97778704496162,1172.0223109500466
13.5,36.0,0.806,0.273375,103.29499400747778,1692.2742808786895
13.5,36.0,1.0050000000000001,0.273375,134.8002108453076,2199.4545932714364
13.5,36.0,1.2040000000000002,0.273375,171.6707094286947,2793.0068003822485
13.5,36.0,1.4030000000000002,0.273375,207.63751932131242,3372.0111592795593
13.5,36.0,1.6020000000000003,0.273375,243.60432921393024,3951.015518176871
13.5,36.0,1.8010000000000004,0.273375,279.571139106548,4530.019877074182
13.5,36.0,2.0,0.273375,315.5379489991657,5109.024235971492
13.5,40.5,0.01,0.273375,1.4006181631919166,51.94843777210715
13.5,40.5,0.20900000000000002,0.273375,29.272919610711057,500.6450021545324
13.5,40.5,0.40800000000000003,0.273375,57.1452210582302,949.3415665369577
13.5,40.5,0.607,0.273375,93.09619969137316,1528.0910691300785
13.5,40.5,0.806,0.273375,135.99333067103382,2218.6617896239845
13.5,40.5,1.0050000000000001,0.273375,177.81264428939647,2891.8814869899034
13.5,40.5,1.2040000000000002,0.273375,225.6783645503647,3662.438029413433
13.5,40.5,1.4030000000000002,0.273375,272.37090539317194,4414.108382071679
13.5,40.5,1.6020000000000003,0.273375,319.0634462359791,5165.778734729925
13.5,40.5,1.8010000000000004,0.273375,365.75598707878635,5917.449087388172
13.5,40.5,2.0,0.273375,412.44852792159344,6669.119440046417
18.0,0.0,0.01,0.486,0.0,32.823771951536074
18.0,0.0,0.20900000000000002,0.486,0.0,32.823771951536074
18.0,0.0,0.40800000000000003,0.486,0.0,32.823771951536074
18.0,0.0,0.607,0.486,0.0,32.823771951536074
18.0,0.0,0.806,0.486,0.0,32.823771951536074
18.0,0.0,1.0050000000000001,0.486,0.0,32.823771951536074
18.0,0.0,1.2040000000000002,0.486,0.0,32.823771951536074
18.0,0.0,1.4030000000000002,0.486,0.0,32.823771951536074
18.0,0.0,1.6020000000000003,0.486,0.0,32.823771951536074
18.0,0.0,1.8010000000000004,0.486,0.0,32.823771951536074
18.0,0.0,2.0,0.486,0.0,32.823771951536074
18.0,4.5,0.01,0.486,0.009554485341226117,32.97758288656498
18.0,4.5,0.20900000000000002,0.486,0.19968874363162586,36.038420493640174
18.0,4.5,0.40800000000000003,0.486,0.38982300192202557,39.099258100715375
18.0,4.5,0.607,0.486,0.5926210072005078,42.36396045776323
18.0,4.5,0.806,0.486,0.8063074678332296,45.80394839422682
18.0,4.5,1.0050000000000001,0.486,1.0146249219173902,49.15750447299031
18.0,4.5,1.2040000000000002,0.486,1.3766284948260419,54.98514521389269
18.0,4.5,1.4030000000000002,0.486,1.729759431143795,60.669951622910204
18.0,4.5,1.6020000000000003,0.486,2.082890367461548,66.3547580319277
18.0,4.5,1.8010000000000004,0.486,2.4360213037793015,72.03956444094523
18.0,4.5,2.0,0.486,2.7891522400970534,77.72437084996272
18.0,9.0,0.01,0.486,0.04608288895225487,33.56562794748341
18.0,9.0,0.20900000000000002,0.486,0.9631323791021268,48.32856226683532
18.0,9.0,0.40800000000000003,0.486,1.880181869251999,63.09149658618724
18.0,9.0,0.607,0.486,2.9189926178040078,79.81457970856461
18.0,9.0,0.806,0.486,4.062495289468136,98.22302441859006
18.0,9.0,1.0050000000000001,0.486,5.177266738226129,116.1689453921827
18.0,9.0,1.2040000000000002,0.486,6.872980236302867,143.46704354875453
18.0,9.0,1.4030000000000002,0.486,8.527132129034587,170.09607067207708
18.0,9.0,1.6020000000000003,0.486,10.181284021766308,196.7250977953996
18.0,9.0,1.8010000000000004,0.486,11.835435914498026,223.3541249187221
18.0,9.0,2.0,0.486,13.489587807229743,249.98315204204457
18.0,13.5,0.01,0.486,0.11568139741925759,34.68604535162514
18.0,13.5,0.20900000000000002,0.486,2.417741206062484,71.74528601339753
18.0,13.5,0.40800000000000003,0.486,4.71980101470571,108.80452667516994
18.0,13.5,0.607,0.486,7.420683235033286,152.28412865006987
18.0,13.5,0.806,0.486,10.464478183164228,201.28404128672435
18.0,13.5,1.0050000000000001,0.486,13.431795871291879,249.05280033954327
18.0,13.5,1.2040000000000002,0.486,17.61083419140916,316.3281970336339
18.0,13.5,1.4030000000000002,0.486,21.68744510171964,381.9546869460065
18.0,13.5,1.6020000000000003,0.486,25.764056012030128,447.5811768583792
18.0,13.5,1.8010000000000004,0.486,29.840666922340606,513.2076667707518
18.0,13.5,2.0,0.486,33.91727783265108,578.8341566831243
18.0,18.0,0.01,0.486,0.22226552015551373,36.40186812928563
18.0,18.0,0.20900000000000002,0.486,4.645349371250238,107.60598206650185
18.0,18.0,0.40800000000000003,0.486,9.06843322234496,178.81009600371803
18.0,18.0,0.607,0.486,14.38842992989807,264.4529787667186
18.0,18.0,0.806,0.486,20.479604046742505,362.51050388459936
18.0,18.0,1.0050000000000001,0.486,26.417733587786824,458.10427208997044
18.0,18.0,1.2040000000000002,0.486,34.3378187501759,585.6041489362188
18.0,18.0,1.4030000000000002,0.486,42.06378417819269,709.9790288009415
18.0,18.0,1.6020000000000003,0.486,49.78974960620948,834.3539086656641
18.0,18.0,1.8010000000000004,0.486,57.51571503422627,958.7287885303866
18.0,18.0,2.0,0.486,65.24168046224304,1083.1036683951088
18.0,22.5,0.01,0.486,0.3688552706558553,38.76171335222235
18.0,22.5,0.20900000000000002,0.486,7.709075156707377,156.92674722587924
18.0,22.5,0.40800000000000003,0.486,15.049295042758898,275.0917810995361
18.0,22.5,0.607,0.486,24.049642417968787,419.9820390177428
18.0,22.5,0.806,0.486,34.47738912965129,587.8509942452823
18.0,22.5,1.0050000000000001,0.486,44.643132155110614,751.502136527406
18.0,22.5,1.2040000000000002,0.486,57.64261729317712,960.771698682992
18.0,22.5,1.4030000000000002,0.486,70.32348759942826,1164.912104903392
18.0,22.5,1.6020000000000003,0.486,83.0043579056794,1369.0525111237919
18.0,22.5,1.8010000000000004,0.486,95.68522821193055,1573.192917344192
18.0,22.5,2.0,0.486,108.36609851818164,1777.3333235645914
18.0,27.0,0.01,0.486,0.5579508263109855,41.805829616614815
18.0,27.0,0.20900000000000002,0.486,11.661172269899598,220.5487771516817
18.0,27.0,0.40800000000000003,0.486,22.76439371348821,399.2917246867486
18.0,27.0,0.607,0.486,36.594520823826294,621.9332073452708
18.0,27.0,0.806,0.486,52.76927710557515,882.3192248762969
18.0,27.0,1.0050000000000001,0.486,68.53763247572226,1136.1628801577995
18.0,27.0,1.2040000000000002,0.486,88.01993728335036,1449.7947935429788
18.0,27.0,1.4030000000000002,0.486,107.02473462020326,1755.7396502275412
18.0,27.0,1.6020000000000003,0.486,126.02953195705614,2061.684506912103
18.0,27.0,1.8010000000000004,0.486,145.03432929390905,2367.6293635966654
18.0,27.0,2.0,0.486,164.0391266307619,2673.574220281227
18.0,31.5,0.01,0.486,0.7917058825622894,45.56888774959566
18.0,31.5,0.20900000000000002,0.486,16.546652945551852,299.1966921309813
18.0,31.5,0.40800000000000003,0.486,32.301600008541406,552.824496512367
18.0,31.5,0.607,0.486,52.188242234828714,872.9655534264814
18.0,31.5,0.806,0.486,75.62737002208232,1250.295575135092
18.0,31.5,1.0050000000000001,0.486,98.47757500061095,1618.144943031928
18.0,31.5,1.2040000000000002,0.486,125.90100306553941,2059.615410746649
18.0,31.5,1.4030000000000002,0.486,152.6522882857392,2490.265523860519
18.0,31.5,1.6020000000000003,0.486,179.403573505939,2920.9156369743887
18.0,31.5,1.8010000000000004,0.486,206.15485872613877,3351.5657500882585
18.0,31.5,2.0,0.486,232.90614394633852,3782.2158632021274
18.0,36.0,0.01,0.486,1.072023967533481,50.081531310718944
18.0,36.0,0.20900000000000002,0.486,22.405300921449754,393.51094255845794
18.0,36.0,0.40800000000000003,0.486,43.738577875366026,736.9403538061969
18.0,36.0,0.607,0.486,70.97778704496162,1175.4452111788437
18.0,36.0,0.806,0.486,103.29499400747778,1695.6971811074866
18.0,36.0,1.0050000000000001,0.486,134.8002108453076,2202.8774935002334
18.0,36.0,1.2040000000000002,0.486,171.6707094286947,2796.4297006110455
18.0,36.0,1.4030000000000002,0.486,207.63751932131242,3375.4340595083563
18.0,36.0,1.6020000000000003,0.486,243.60432921393024,3954.438418405668
18.0,36.0,1.8010000000000004,0.486,279.571139106548,4533.442777302978
18.0,36.0,2.0,0.486,315.5379489991657,5112.447136200289
18.0,40.5,0.01,0.486,1.4006181631919166,55.37133800090418
18.0,40.5,0.20900000000000002,0.486,29.272919610711057,504.06790238332945
18.0,40.5,0.40800000000000003,0.486,57.1452210582302,952.7644667657547
18.0,40.5,0.607,0.486,93.09619969137316,1531.5139693588756
18.0,40.5,0.806,0.486,135.99333067103382,2222.0846898527816
18.0,40.5,1.0050000000000001,0.486,177.81264428939647,2895.3043872187004
18.0,40.5,1.2040000000000002,0.486,225.6783645503647,3665.86092964223
18.0,40.5,1.4030000000000002,0.486,272.37090539317194,4417.531282300477
18.0,40.5,1.6020000000000003,0.486,319.0634462359791,5169.201634958722
18.0,40.5,1.8010000000000004,0.486,365.75598707878635,5920.87198761697
18.0,40.5,2.0,0.486,412.44852792159344,6672.542340275214
22.5,0.0,0.01,0.759375,0.0,37.22464367427512
22.5,0.0,0.20900000000000002,0.759375,0.0,37.22464367427512
22.5,0.0,0.40800000000000003,0.759375,0.0,37.22464367427512
22.5,0.0,0.607,0.759375,0.0,37.22464367427512
22.5,0.0,0.806,0.759375,0.0,37.22464367427512
22.5,0.0,1.0050000000000001,0.759375,0.0,37.22464367427512
22.5,0.0,1.2040000000000002,0.759375,0.0,37.22464367427512
22.5,0.0,1.4030000000000002,0.759375,0.0,37.22464367427512
22.5,0.0,1.6020000000000003,0.759375,0.0,37.22464367427512
22.5,0.0,1.8010000000000004,0.759375,0.0,37.22464367427512
22.5,0.0,2.0,0.759375,0.0,37.22464367427512
22.5,4.5,0.01,0.759375,0.009554485341226117,37.37845460930403
22.5,4.5,0.20900000000000002,0.759375,0.19968874363162586,40.43929221637922
22.5,4.5,0.40800000000000003,0.759375,0.38982300192202557,43.500129823454415
22.5,4.5,0.607,0.759375,0.5926210072005078,46.76483218050227
22.5,4.5,0.806,0.759375,0.8063074678332296,50.20482011696586
22.5,4.5,1.0050000000000001,0.759375,1.0146249219173902,53.55837619572936
22.5,4.5,1.2040000000000002,0.759375,1.3766284948260419,59.386016936631734
22.5,4.5,1.4030000000000002,0.759375,1.729759431143795,65.07082334564925
22.5,4.5,1.6020000000000003,0.759375,2.082890367461548,70.75562975466676
22.5,4.5,1.8010000000000004,0.759375,2.4360213037793015,76.44043616368427
22.5,4.5,2.0,0.759375,2.7891522400970534,82.12524257270175
22.5,9.0,0.01,0.759375,0.04608288895225487,37.966499670222454
22.5,9.0,0.20900000000000002,0.759375,0.9631323791021268,52.72943398957436
22.5,9.0,0.40800000000000003,0.759375,1.880181869251999,67.49236830892627
22.5,9.0,0.607,0.759375,2.9189926178040078,84.21545143130365
22.5,9.0,0.806,0.759375,4.062495289468136,102.62389614132911
22.5,9.0,1.0050000000000001,0.759375,5.177266738226129,120.56981711492175
22.5,9.0,1.2040000000000002,0.759375,6.872980236302867,147.8679152714936
22.5,9.0,1.4030000000000002,0.759375,8.527132129034587,174.49694239481613
22.5,9.0,1.6020000000000003,0.759375,10.181284021766308,201.12596951813862
22.5,9.0,1.8010000000000004,0.759375,11.835435914498026,227.75499664146113
22.5,9.0,2.0,0.759375,13.489587807229743,254.38402376478362
22.5,13.5,0.01,0.759375,0.11568139741925759,39.08691707436419
22.5,13.5,0.20900000000000002,0.759375,2.417741206062484,76.14615773613659
22.5,13.5,0.40800000000000003,0.759375,4.71980101470571,113.20539839790898
22.5,13.5,0.607,0.759375,7.420683235033286,156.6850003728089
22.5,13.5,0.806,0.759375,10.464478183164228,205.6849130094634
22.5,13.5,1.0050000000000001,0.759375,13.431795871291879,253.45367206228232
22.5,13.5,1.2040000000000002,0.759375,17.61083419140916,320.72906875637295
22.5,13.5,1.4030000000000002,0.759375,21.68744510171964,386.3555586687455
22.5,13.5,1.6020000000000003,0.759375,25.764056012030128,451.98204858111825
22.5,13.5,1.8010000000000004,0.759375,29.840666922340606,517.6085384934909
22.5,13.5,2.0,0.759375,33.91727783265108,583.2350284058634
22.5,18.0,0.01,0.759375,0.22226552015551373,40.80273985202468
22.5,18.0,0.20900000000000002,0.759375,4.645349371250238,112.00685378924089
22.5,18.0,0.40800000000000003,0.759375,9.06843322234496,183.21096772645708
22.5,18.0,0.607,0.759375,14.38842992989807,268.8538504894577
22.5,18.0,0.806,0.759375,20.479604046742505,366.9113756073384
22.5,18.0,1.0050000000000001,0.759375,26.417733587786824,462.5051438127095
22.5,18.0,1.2040000000000002,0.759375,34.3378187501759,590.005020658958
22.5,18.0,1.4030000000000002,0.759375,42.06378417819269,714.3799005236805
22.5,18.0,1.6020000000000003,0.759375,49.78974960620948,838.7547803884031
22.5,18.0,1.8010000000000004,0.759375,57.51571503422627,963.1296602531257
22.5,18.0,2.0,0.759375,65.24168046224304,1087.504540117848
22.5,22.5,0.01,0.759375,0.3688552706558553,43.1625850749614
22.5,22.5,0.20900000000000002,0.759375,7.709075156707377,161.3276189486183
22.5,22.5,0.40800000000000003,0.759375,15.049295042758898,279.49265282227515
22.5,22.5,0.607,0.759375,24.049642417968787,424.38291074048186
22.5,22.5,0.806,0.759375,34.47738912965129,592.2518659680213
22.5,22.5,1.0050000000000001,0.759375,44.643132155110614,755.903008250145
22.5,22.5,1.2040000000000002,0.759375,57.64261729317712,965.172570405731
22.5,22.5,1.4030000000000002,0.759375,70.32348759942826,1169.312976626131
22.5,22.5,1.6020000000000003,0.759375,83.0043579056794,1373.453382846531
22.5,22.5,1.8010000000000004,0.759375,95.68522821193055,1577.593789066931
22.5,22.5,2.0,0.759375,108.36609851818164,1781.7341952873305
22.5,27.0,0.01,0.759375,0.5579508263109855,46.206701339353856
22.5,27.0,0.20900000000000002,0.759375,11.661172269899598,224.94964887442075
22.5,27.0,0.40800000000000003,0.759375,22.76439371348821,403.69259640948763
22.5,27.0,0.607,0.759375,36.594520823826294,626.3340790680098
22.5,27.0,0.806,0.759375,52.76927710557515,886.720096599036
22.5,27.0,1.0050000000000001,0.759375,68.53763247572226,1140.5637518805386
22.5,27.0,1.2040000000000002,0.759375,88.01993728335036,1454.195665265718
22.5,27.0,1.4030000000000002,0.759375,107.02473462020326,1760.1405219502803
22.5,27.0,1.6020000000000003,0.759375,126.02953195705614,2066.085378634842
22.5,27.0,1.8010000000000004,0.759375,145.03432929390905,2372.0302353194047
22.5,27.0,2.0,0.759375,164.0391266307619,2677.975092003966
22.5,31.5,0.01,0.759375,0.7917058825622894,49.9697594723347
22.5,31.5,0.20900000000000002,0.759375,16.546652945551852,303.5975638537204
22.5,31.5,0.40800000000000003,0.759375,32.301600008541406,557.2253682351061
22.5,31.5,0.607,0.759375,52.188242234828714,877.3664251492204
22.5,31.5,0.806,0.759375,75.62737002208232,1254.6964468578308
22.5,31.5,1.0050000000000001,0.759375,98.47757500061095,1622.545814754667
22.5,31.5,1.2040000000000002,0.759375,125.90100306553941,2064.016282469388
22.5,31.5,1.4030000000000002,0.759375,152.6522882857392,2494.666395583258
22.5,31.5,1.6020000000000003,0.759375,179.403573505939,2925.316508697128
22.5,31.5,1.8010000000000004,0.759375,206.15485872613877,3355.966621810998
22.5,31.5,2.0,0.759375,232.90614394633852,3786.6167349248667
22.5,36.0,0.01,0.759375,1.072023967533481,54.482403033457985
22.5,36.0,0.20900000000000002,0.759375,22.405300921449754,397.911814281197
22.5,36.0,0.40800000000000003,0.759375,43.738577875366026,741.341225528936
22.5,36.0,0.607,0.759375,70.97778704496162,1179.8460829015826
22.5,36.0,0.806,0.759375,103.29499400747778,1700.0980528302255
22.5,36.0,1.0050000000000001,0.759375,134.8002108453076,2207.2783652229723
22.5,36.0,1.2040000000000002,0.759375,171.6707094286947,2800.8305723337844
22.5,36.0,1.4030000000000002,0.759375,207.63751932131242,3379.834931231095
22.5,36.0,1.6020000000000003,0.759375,243.60432921393024,3958.839290128407
22.5,36.0,1.8010000000000004,0.759375,279.571139106548,4537.843649025718
22.5,36.0,2.0,0.759375,315.5379489991657,5116.848007923028
22.5,40.5,0.01,0.759375,1.4006181631919166,59.77220972364322
22.5,40.5,0.20900000000000002,0.759375,29.272919610711057,508.4687741060685
22.5,40.5,0.40800000000000003,0.759375,57.1452210582302,957.1653384884937
22.5,40.5,0.607,0.759375,93.09619969137316,1535.9148410816144
22.5,40.5,0.806,0.759375,135.99333067103382,2226.485561575521
22.5,40.5,1.0050000000000001,0.759375,177.81264428939647,2899.7052589414393
22.5,40.5,1.2040000000000002,0.759375,225.6783645503647,3670.261801364969
22.5,40.5,1.4030000000000002,0.759375,272.37090539317194,4421.932154023216
22.5,40.5,1.6020000000000003,0.759375,319.0634462359791,5173.602506681462
22.5,40.5,1.8010000000000004,0.759375,365.75598707878635,5925.272859339709
22.5,40.5,2.0,0.759375,412.44852792159344,6676.943211997954
27.0,0.0,0.01,1.0935,0.0,42.60348689095618
27.0,0.0,0.20900000000000002,1.0935,0.0,42.60348689095618
27.0,0.0,0.40800000000000003,1.0935,0.0,42.60348689095618
27.0,0.0,0.607,1.0935,0.0,42.60348689095618
27.0,0.0,0.806,1.0935,0.0,42.60348689095618
27.0,0.0,1.0050000000000001,1.0935,0.0,42.60348689095618
27.0,0.0,1.2040000000000002,1.0935,0.0,42.60348689095618
27.0,0.0,1.4030000000000002,1.0935,0.0,42.60348689095618
27.0,0.0,1.6020000000000003,1.0935,0.0,42.60348689095618
27.0,0.0,1.8010000000000004,1.0935,0.0,42.60348689095618
27.0,0.0,2.0,1.0935,0.0,42.60348689095618
27.0,4.5,0.01,1.0935,0.009554485341226117,42.75729782598508
27.0,4.5,0.20900000000000002,1.0935,0.19968874363162586,45.81813543306028
27.0,4.5,0.40800000000000003,1.0935,0.38982300192202557,48.87897304013547
27.0,4.5,0.607,1.0935,0.5926210072005078,52.14367539718332
27.0,4.5,0.806,1.0935,0.8063074678332296,55.58366333364691
27.0,4.5,1.0050000000000001,1.0935,1.0146249219173902,58.937219412410414
27.0,4.5,1.2040000000000002,1.0935,1.3766284948260419,64.76486015331278
27.0,4.5,1.4030000000000002,1.0935,1.729759431143795,70.4496665623303
27.0,4.5,1.6020000000000003,1.0935,2.082890367461548,76.1344729713478
27.0,4.5,1.8010000000000004,1.0935,2.4360213037793015,81.81927938036532
27.0,4.5,2.0,1.0935,2.7891522400970534,87.50408578938281
27.0,9.0,0.01,1.0935,0.04608288895225487,43.34534288690351
27.0,9.0,0.20900000000000002,1.0935,0.9631323791021268,58.108277206255416
27.0,9.0,0.40800000000000003,1.0935,1.880181869251999,72.87121152560734
27.0,9.0,0.607,1.0935,2.9189926178040078,89.59429464798471
27.0,9.0,0.806,1.0935,4.062495289468136,108.00273935801016
27.0,9.0,1.0050000000000001,1.0935,5.177266738226129,125.94866033160281
27.0,9.0,1.2040000000000002,1.0935,6.872980236302867,153.24675848817463
27.0,9.0,1.4030000000000002,1.0935,8.527132129034587,179.87578561149718
27.0,9.0,1.6020000000000003,1.0935,10.181284021766308,206.5048127348197
27.0,9.0,1.8010000000000004,1.0935,11.835435914498026,233.13383985814218
27.0,9.0,2.0,1.0935,13.489587807229743,259.76286698146464
27.0,13.5,0.01,1.0935,0.11568139741925759,44.46576029104524
27.0,13.5,0.20900000000000002,1.0935,2.417741206062484,81.52500095281763
27.0,13.5,0.40800000000000003,1.0935,4.71980101470571,118.58424161459003
27.0,13.5,0.607,1.0935,7.420683235033286,162.06384358948995
27.0,13.5,0.806,1.0935,10.464478183164228,211.06375622614445
27.0,13.5,1.0050000000000001,1.0935,13.431795871291879,258.83251527896334
27.0,13.5,1.2040000000000002,1.0935,17.61083419140916,326.107911973054
27.0,13.5,1.4030000000000002,1.0935,21.68744510171964,391.73440188542656
27.0,13.5,1.6020000000000003,1.0935,25.764056012030128,457.3608917977993
27.0,13.5,1.8010000000000004,1.0935,29.840666922340606,522.9873817101719
27.0,13.5,2.0,1.0935,33.91727783265108,588.6138716225445
27.0,18.0,0.01,1.0935,0.22226552015551373,46.181583068705734
27.0,18.0,0.20900000000000002,1.0935,4.645349371250238,117.38569700592194
27.0,18.0,0.40800000000000003,1.0935,9.06843322234496,188.58981094313813
27.0,18.0,0.607,1.0935,14.38842992989807,274.2326937061388
27.0,18.0,0.806,1.0935,20.479604046742505,372.29021882401946
27.0,18.0,1.0050000000000001,1.0935,26.417733587786824,467.88398702939054
27.0,18.0,1.2040000000000002,1.0935,34.3378187501759,595.383863875639
27.0,18.0,1.4030000000000002,1.0935,42.06378417819269,719.7587437403615
27.0,18.0,1.6020000000000003,1.0935,49.78974960620948,844.1336236050842
27.0,18.0,1.8010000000000004,1.0935,57.51571503422627,968.5085034698068
27.0,18.0,2.0,1.0935,65.24168046224304,1092.883383334529
27.0,22.5,0.01,1.0935,0.3688552706558553,48.54142829164245
27.0,22.5,0.20900000000000002,1.0935,7.709075156707377,166.70646216529934
27.0,22.5,0.40800000000000003,1.0935,15.049295042758898,284.8714960389562
27.0,22.5,0.607,1.0935,24.049642417968787,429.7617539571629
27.0,22.5,0.806,1.0935,34.47738912965129,597.6307091847024
27.0,22.5,1.0050000000000001,1.0935,44.643132155110614,761.2818514668261
27.0,22.5,1.2040000000000002,1.0935,57.64261729317712,970.551413622412
27.0,22.5,1.4030000000000002,1.0935,70.32348759942826,1174.6918198428123
27.0,22.5,1.6020000000000003,1.0935,83.0043579056794,1378.8322260632121
27.0,22.5,1.8010000000000004,1.0935,95.68522821193055,1582.972632283612
27.0,22.5,2.0,1.0935,108.36609851818164,1787.1130385040115
27.0,27.0,0.01,1.0935,0.5579508263109855,51.58554455603492
27.0,27.0,0.20900000000000002,1.0935,11.661172269899598,230.3284920911018
27.0,27.0,0.40800000000000003,1.0935,22.76439371348821,409.0714396261687
27.0,27.0,0.607,1.0935,36.594520823826294,631.7129222846909
27.0,27.0,0.806,1.0935,52.76927710557515,892.098939815717
27.0,27.0,1.0050000000000001,1.0935,68.53763247572226,1145.9425950972195
27.0,27.0,1.2040000000000002,1.0935,88.01993728335036,1459.5745084823989
27.0,27.0,1.4030000000000002,1.0935,107.02473462020326,1765.5193651669613
27.0,27.0,1.6020000000000003,1.0935,126.02953195705614,2071.4642218515232
27.0,27.0,1.8010000000000004,1.0935,145.03432929390905,2377.4090785360854
27.0,27.0,2.0,1.0935,164.0391266307619,2683.353935220647
27.0,31.5,0.01,1.0935,0.7917058825622894,55.34860268901575
27.0,31.5,0.20900000000000002,1.0935,16.546652945551852,308.9764070704014
27.0,31.5,0.40800000000000003,1.0935,32.301600008541406,562.6042114517871
27.0,31.5,0.607,1.0935,52.188242234828714,882.7452683659014
27.0,31.5,0.806,1.0935,75.62737002208232,1260.075290074512
27.0,31.5,1.0050000000000001,1.0935,98.47757500061095,1627.924657971348
27.0,31.5,1.2040000000000002,1.0935,125.90100306553941,2069.395125686069
27.0,31.5,1.4030000000000002,1.0935,152.6522882857392,2500.045238799939
27.0,31.5,1.6020000000000003,1.0935,179.403573505939,2930.6953519138087
27.0,31.5,1.8010000000000004,1.0935,206.15485872613877,3361.3454650276785
27.0,31.5,2.0,1.0935,232.90614394633852,3791.9955781415474
27.0,36.0,0.01,1.0935,1.072023967533481,59.86124625013904
27.0,36.0,0.20900000000000002,1.0935,22.405300921449754,403.29065749787804
27.0,36.0,0.40800000000000003,1.0935,43.738577875366026,746.720068745617
27.0,36.0,0.607,1.0935,70.97778704496162,1185.2249261182637
27.0,36.0,0.806,1.0935,103.29499400747778,1705.4768960469066
27.0,36.0,1.0050000000000001,1.0935,134.8002108453076,2212.6572084396535
27.0,36.0,1.2040000000000002,1.0935,171.6707094286947,2806.2094155504656
27.0,36.0,1.4030000000000002,1.0935,207.63751932131242,3385.2137744477764
27.0,36.0,1.6020000000000003,1.0935,243.60432921393024,3964.218133345088
27.0,36.0,1.8010000000000004,1.0935,279.571139106548,4543.222492242399
27.0,36.0,2.0,1.0935,315.5379489991657,5122.226851139709
27.0,40.5,0.01,1.0935,1.4006181631919166,65.15105294032428
27.0,40.5,0.20900000000000002,1.0935,29.272919610711057,513.8476173227496
27.0,40.5,0.40800000000000003,1.0935,57.1452210582302,962.5441817051748
27.0,40.5,0.607,1.0935,93.09619969137316,1541.2936842982956
27.0,40.5,0.806,1.0935,135.99333067103382,2231.864404792202
27.0,40.5,1.0050000000000001,1.0935,177.81264428939647,2905.0841021581205
27.0,40.5,1.2040000000000002,1.0935,225.6783645503647,3675.64064458165
27.0,40.5,1.4030000000000002,1.0935,272.37090539317194,4427.310997239897
27.0,40.5,1.6020000000000003,1.0935,319.0634462359791,5178.981349898142
27.0,40.5,1.8010000000000004,1.0935,365.75598707878635,5930.65170255639
27.0,40.5,2.0,1.0935,412.44852792159344,6682.322055214635
31.5,0.0,0.01,1.488375,0.0,48.96030160157924
31.5,0.0,0.20900000000000002,1.488375,0.0,48.96030160157924
31.5,0.0,0.40800000000000003,1.488375,0.0,48.96030160157924
31.5,0.0,0.607,1.488375,0.0,48.96030160157924
31.5,0.0,0.806,1.488375,0.0,48.96030160157924
31.5,0.0,1.0050000000000001,1.488375,0.0,48.96030160157924
31.5,0.0,1.2040000000000002,1.488375,0.0,48.96030160157924
31.5,0.0,1.4030000000000002,1.488375,0.0,48.96030160157924
31.5,0.0,1.6020000000000003,1.488375,0.0,48.96030160157924
31.5,0.0,1.8010000000000004,1.488375,0.0,48.96030160157924
31.5,0.0,2.0,1.488375,0.0,48.96030160157924
31.5,4.5,0.01,1.488375,0.009554485341226117,49.11411253660815
31.5,4.5,0.20900000000000002,1.488375,0.19968874363162586,52.17495014368333
31.5,4.5,0.40800000000000003,1.488375,0.38982300192202557,55.23578775075853
31.5,4.5,0.607,1.488375,0.5926210072005078,58.500490107806385
31.5,4.5,0.806,1.488375,0.8063074678332296,61.94047804426998
31.5,4.5,1.0050000000000001,1.488375,1.0146249219173902,65.29403412303347
31.5,4.5,1.2040000000000002,1.488375,1.3766284948260419,71.12167486393585
31.5,4.5,1.4030000000000002,1.488375,1.729759431143795,76.80648127295336
31.5,4.5,1.6020000000000003,1.488375,2.082890367461548,82.49128768197087
31.5,4.5,1.8010000000000004,1.488375,2.4360213037793015,88.17609409098839
31.5,4.5,2.0,1.488375,2.7891522400970534,93.86090050000588
31.5,9.0,0.01,1.488375,0.04608288895225487,49.70215759752657
31.5,9.0,0.20900000000000002,1.488375,0.9631323791021268,64.46509191687848
31.5,9.0,0.40800000000000003,1.488375,1.880181869251999,79.22802623623039
31.5,9.0,0.607,1.488375,2.9189926178040078,95.95110935860777
31.5,9.0,0.806,1.488375,4.062495289468136,114.35955406863323
31.5,9.0,1.0050000000000001,1.488375,5.177266738226129,132.30547504222585
31.5,9.0,1.2040000000000002,1.488375,6.872980236302867,159.60357319879773
31.5,9.0,1.4030000000000002,1.488375,8.527132129034587,186.23260032212025
31.5,9.0,1.6020000000000003,1.488375,10.181284021766308,212.86162744544274
31.5,9.0,1.8010000000000004,1.488375,11.835435914498026,239.49065456876525
31.5,9.0,2.0,1.488375,13.489587807229743,266.11968169208774
31.5,13.5,0.01,1.488375,0.11568139741925759,50.8225750016683
31.5,13.5,0.20900000000000002,1.488375,2.417741206062484,87.8818156634407
31.5,13.5,0.40800000000000003,1.488375,4.71980101470571,124.9410563252131
31.5,13.5,0.607,1.488375,7.420683235033286,168.42065830011302
31.5,13.5,0.806,1.488375,10.464478183164228,217.42057093676752
31.5,13.5,1.0050000000000001,1.488375,13.431795871291879,265.18932998958644
31.5,13.5,1.2040000000000002,1.488375,17.61083419140916,332.46472668367704
31.5,13.5,1.4030000000000002,1.488375,21.68744510171964,398.09121659604966
31.5,13.5,1.6020000000000003,1.488375,25.764056012030128,463.7177065084224
31.5,13.5,1.8010000000000004,1.488375,29.840666922340606,529.344196420795
31.5,13.5,2.0,1.488375,33.91727783265108,594.9706863331675
31.5,18.0,0.01,1.488375,0.22226552015551373,52.5383977793288
31.5,18.0,0.20900000000000002,1.488375,4.645349371250238,123.74251171654501
31.5,18.0,0.40800000000000003,1.488375,9.06843322234496,194.9466256537612
31.5,18.0,0.607,1.488375,14.38842992989807,280.5895084167618
31.5,18.0,0.806,1.488375,20.479604046742505,378.6470335346425
31.5,18.0,1.0050000000000001,1.488375,26.417733587786824,474.24080174001364
31.5,18.0,1.2040000000000002,1.488375,34.3378187501759,601.740678586262
31.5,18.0,1.4030000000000002,1.488375,42.06378417819269,726.1155584509846
31.5,18.0,1.6020000000000003,1.488375,49.78974960620948,850.4904383157073
31.5,18.0,1.8010000000000004,1.488375,57.51571503422627,974.8653181804298
31.5,18.0,2.0,1.488375,65.24168046224304,1099.240198045152
31.5,22.5,0.01,1.488375,0.3688552706558553,54.89824300226552
31.5,22.5,0.20900000000000002,1.488375,7.709075156707377,173.0632768759224
31.5,22.5,0.40800000000000003,1.488375,15.049295042758898,291.22831074957924
31.5,22.5,0.607,1.488375,24.049642417968787,436.118568667786
31.5,22.5,0.806,1.488375,34.47738912965129,603.9875238953255
31.5,22.5,1.0050000000000001,1.488375,44.643132155110614,767.6386661774492
31.5,22.5,1.2040000000000002,1.488375,57.64261729317712,976.9082283330351
31.5,22.5,1.4030000000000002,1.488375,70.32348759942826,1181.0486345534352
31.5,22.5,1.6020000000000003,1.488375,83.0043579056794,1385.1890407738351
31.5,22.5,1.8010000000000004,1.488375,95.68522821193055,1589.3294469942352
31.5,22.5,2.0,1.488375,108.36609851818164,1793.4698532146347
31.5,27.0,0.01,1.488375,0.5579508263109855,57.942359266657974
31.5,27.0,0.20900000000000002,1.488375,11.661172269899598,236.68530680172486
31.5,27.0,0.40800000000000003,1.488375,22.76439371348821,415.4282543367917
31.5,27.0,0.607,1.488375,36.594520823826294,638.069736995314
31.5,27.0,0.806,1.488375,52.76927710557515,898.4557545263401
31.5,27.0,1.0050000000000001,1.488375,68.53763247572226,1152.2994098078427
31.5,27.0,1.2040000000000002,1.488375,88.01993728335036,1465.931323193022
31.5,27.0,1.4030000000000002,1.488375,107.02473462020326,1771.8761798775845
31.5,27.0,1.6020000000000003,1.488375,126.02953195705614,2077.821036562146
31.5,27.0,1.8010000000000004,1.488375,145.03432929390905,2383.765893246709
31.5,27.0,2.0,1.488375,164.0391266307619,2689.71074993127
31.5,31.5,0.01,1.488375,0.7917058825622894,61.70541739963882
31.5,31.5,0.20900000000000002,1.488375,16.546652945551852,315.33322178102446
31.5,31.5,0.40800000000000003,1.488375,32.301600008541406,568.9610261624101
31.5,31.5,0.607,1.488375,52.188242234828714,889.1020830765245
31.5,31.5,0.806,1.488375,75.62737002208232,1266.432104785135
31.5,31.5,1.0050000000000001,1.488375,98.47757500061095,1634.281472681971
31.5,31.5,1.2040000000000002,1.488375,125.90100306553941,2075.751940396692
31.5,31.5,1.4030000000000002,1.488375,152.6522882857392,2506.402053510562
31.5,31.5,1.6020000000000003,1.488375,179.403573505939,2937.0521666244317
31.5,31.5,1.8010000000000004,1.488375,206.15485872613877,3367.702279738302
31.5,31.5,2.0,1.488375,232.90614394633852,3798.3523928521704
31.5,36.0,0.01,1.488375,1.072023967533481,66.2180609607621
31.5,36.0,0.20900000000000002,1.488375,22.405300921449754,409.6474722085011
31.5,36.0,0.40800000000000003,1.488375,43.738577875366026,753.0768834562401
31.5,36.0,0.607,1.488375,70.97778704496162,1191.5817408288867
31.5,36.0,0.806,1.488375,103.29499400747778,1711.8337107575296
31.5,36.0,1.0050000000000001,1.488375,134.8002108453076,2219.0140231502764
31.5,36.0,1.2040000000000002,1.488375,171.6707094286947,2812.5662302610885
31.5,36.0,1.4030000000000002,1.488375,207.63751932131242,3391.5705891583993
31.5,36.0,1.6020000000000003,1.488375,243.60432921393024,3970.574948055711
31.5,36.0,1.8010000000000004,1.488375,279.571139106548,4549.579306953022
31.5,36.0,2.0,1.488375,315.5379489991657,5128.583665850332
31.5,40.5,0.01,1.488375,1.4006181631919166,71.50786765094733
31.5,40.5,0.20900000000000002,1.488375,29.272919610711057,520.2044320333725
31.5,40.5,0.40800000000000003,1.488375,57.1452210582302,968.9009964157979
31.5,40.5,0.607,1.488375,93.09619969137316,1547.6504990089186
31.5,40.5,0.806,1.488375,135.99333067103382,2238.221219502825
31.5,40.5,1.0050000000000001,1.488375,177.81264428939647,2911.4409168687434
31.5,40.5,1.2040000000000002,1.488375,225.6783645503647,3681.997459292273
31.5,40.5,1.4030000000000002,1.488375,272.37090539317194,4433.6678119505195
31.5,40.5,1.6020000000000003,1.488375,319.0634462359791,5185.3381646087655
31.5,40.5,1.8010000000000004,1.488375,365.75598707878635,5937.008517267013
31.5,40.5,2.0,1.488375,412.44852792159344,6688.6788699252575
36.0,0.0,0.01,1.944,0.0,56.29508780614431
36.0,0.0,0.20900000000000002,1.944,0.0,56.29508780614431
36.0,0.0,0.40800000000000003,1.944,0.0,56.29508780614431
36.0,0.0,0.607,1.944,0.0,56.29508780614431
36.0,0.0,0.806,1.944,0.0,56.29508780614431
36.0,0.0,1.0050000000000001,1.944,0.0,56.29508780614431
36.0,0.0,1.2040000000000002,1.944,0.0,56.29508780614431
36.0,0.0,1.4030000000000002,1.944,0.0,56.29508780614431
36.0,0.0,1.6020000000000003,1.944,0.0,56.29508780614431
36.0,0.0,1.8010000000000004,1.944,0.0,56.29508780614431
36.0,0.0,2.0,1.944,0.0,56.29508780614431
36.0,4.5,0.01,1.944,0.009554485341226117,56.44889874117322
36.0,4.5,0.20900000000000002,1.944,0.19968874363162586,59.50973634824842
36.0,4.5,0.40800000000000003,1.944,0.38982300192202557,62.5705739553236
36.0,4.5,0.607,1.944,0.5926210072005078,65.83527631237146
36.0,4.5,0.806,1.944,0.8063074678332296,69.27526424883504
36.0,4.5,1.0050000000000001,1.944,1.0146249219173902,72.62882032759855
36.0,4.5,1.2040000000000002,1.944,1.3766284948260419,78.45646106850091
36.0,4.5,1.4030000000000002,1.944,1.729759431143795,84.14126747751844
36.0,4.5,1.6020000000000003,1.944,2.082890367461548,89.82607388653594
36.0,4.5,1.8010000000000004,1.944,2.4360213037793015,95.51088029555346
36.0,4.5,2.0,1.944,2.7891522400970534,101.19568670457095
36.0,9.0,0.01,1.944,0.04608288895225487,57.03694380209164
36.0,9.0,0.20900000000000002,1.944,0.9631323791021268,71.79987812144356
36.0,9.0,0.40800000000000003,1.944,1.880181869251999,86.56281244079547
36.0,9.0,0.607,1.944,2.9189926178040078,103.28589556317284
36.0,9.0,0.806,1.944,4.062495289468136,121.69434027319829
36.0,9.0,1.0050000000000001,1.944,5.177266738226129,139.64026124679094
36.0,9.0,1.2040000000000002,1.944,6.872980236302867,166.9383594033628
36.0,9.0,1.4030000000000002,1.944,8.527132129034587,193.5673865266853
36.0,9.0,1.6020000000000003,1.944,10.181284021766308,220.19641365000783
36.0,9.0,1.8010000000000004,1.944,11.835435914498026,246.82544077333034
36.0,9.0,2.0,1.944,13.489587807229743,273.4544678966528
36.0,13.5,0.01,1.944,0.11568139741925759,58.15736120623338
36.0,13.5,0.20900000000000002,1.944,2.417741206062484,95.21660186800577
36.0,13.5,0.40800000000000003,1.944,4.71980101470571,132.27584252977817
36.0,13.5,0.607,1.944,7.420683235033286,175.75544450467808
36.0,13.5,0.806,1.944,10.464478183164228,224.75535714133258
36.0,13.5,1.0050000000000001,1.944,13.431795871291879,272.5241161941515
36.0,13.5,1.2040000000000002,1.944,17.61083419140916,339.79951288824213
36.0,13.5,1.4030000000000002,1.944,21.68744510171964,405.4260028006147
36.0,13.5,1.6020000000000003,1.944,25.764056012030128,471.05249271298743
36.0,13.5,1.8010000000000004,1.944,29.840666922340606,536.67898262536
36.0,13.5,2.0,1.944,33.91727783265108,602.3054725377326
36.0,18.0,0.01,1.944,0.22226552015551373,59.87318398389387
36.0,18.0,0.20900000000000002,1.944,4.645349371250238,131.07729792111007
36.0,18.0,0.40800000000000003,1.944,9.06843322234496,202.28141185832627
36.0,18.0,0.607,1.944,14.38842992989807,287.9242946213269
36.0,18.0,0.806,1.944,20.479604046742505,385.9818197392076
36.0,18.0,1.0050000000000001,1.944,26.417733587786824,481.5755879445787
36.0,18.0,1.2040000000000002,1.944,34.3378187501759,609.0754647908271
36.0,18.0,1.4030000000000002,1.944,42.06378417819269,733.4503446555497
36.0,18.0,1.6020000000000003,1.944,49.78974960620948,857.8252245202723
36.0,18.0,1.8010000000000004,1.944,57.51571503422627,982.2001043849949
36.0,18.0,2.0,1.944,65.24168046224304,1106.574984249717
36.0,22.5,0.01,1.944,0.3688552706558553,62.23302920683059
36.0,22.5,0.20900000000000002,1.944,7.709075156707377,180.39806308048747
36.0,22.5,0.40800000000000003,1.944,15.049295042758898,298.5630969541443
36.0,22.5,0.607,1.944,24.049642417968787,443.45335487235104
36.0,22.5,0.806,1.944,34.47738912965129,611.3223100998905
36.0,22.5,1.0050000000000001,1.944,44.643132155110614,774.9734523820143
36.0,22.5,1.2040000000000002,1.944,57.64261729317712,984.2430145376002
36.0,22.5,1.4030000000000002,1.944,70.32348759942826,1188.3834207580003
36.0,22.5,1.6020000000000003,1.944,83.0043579056794,1392.5238269784002
36.0,22.5,1.8010000000000004,1.944,95.68522821193055,1596.6642331988003
36.0,22.5,2.0,1.944,108.36609851818164,1800.8046394191997
36.0,27.0,0.01,1.944,0.5579508263109855,65.27714547122305
36.0,27.0,0.20900000000000002,1.944,11.661172269899598,244.02009300628993
36.0,27.0,0.40800000000000003,1.944,22.76439371348821,422.7630405413568
36.0,27.0,0.607,1.944,36.594520823826294,645.404523199879
36.0,27.0,0.806,1.944,52.76927710557515,905.7905407309051
36.0,27.0,1.0050000000000001,1.944,68.53763247572226,1159.6341960124078
36.0,27.0,1.2040000000000002,1.944,88.01993728335036,1473.2661093975871
36.0,27.0,1.4030000000000002,1.944,107.02473462020326,1779.2109660821495
36.0,27.0,1.6020000000000003,1.944,126.02953195705614,2085.1558227667115
36.0,27.0,1.8010000000000004,1.944,145.03432929390905,2391.1006794512737
36.0,27.0,2.0,1.944,164.0391266307619,2697.045536135835
36.0,31.5,0.01,1.944,0.7917058825622894,69.0402036042039
36.0,31.5,0.20900000000000002,1.944,16.546652945551852,322.66800798558955
36.0,31.5,0.40800000000000003,1.944,32.301600008541406,576.2958123669753
36.0,31.5,0.607,1.944,52.188242234828714,896.4368692810896
36.0,31.5,0.806,1.944,75.62737002208232,1273.7668909897
36.0,31.5,1.0050000000000001,1.944,98.47757500061095,1641.6162588865361
36.0,31.5,1.2040000000000002,1.944,125.90100306553941,2083.0867266012574
36.0,31.5,1.4030000000000002,1.944,152.6522882857392,2513.736839715127
36.0,31.5,1.6020000000000003,1.944,179.403573505939,2944.386952828997
36.0,31.5,1.8010000000000004,1.944,206.15485872613877,3375.037065942867
36.0,31.5,2.0,1.944,232.90614394633852,3805.6871790567357
36.0,36.0,0.01,1.944,1.072023967533481,73.55284716532717
36.0,36.0,0.20900000000000002,1.944,22.405300921449754,416.9822584130662
36.0,36.0,0.40800000000000003,1.944,43.738577875366026,760.4116696608052
36.0,36.0,0.607,1.944,70.97778704496162,1198.916527033452
36.0,36.0,0.806,1.944,103.29499400747778,1719.1684969620947
36.0,36.0,1.0050000000000001,1.944,134.8002108453076,2226.3488093548417
36.0,36.0,1.2040000000000002,1.944,171.6707094286947,2819.901016465654
36.0,36.0,1.4030000000000002,1.944,207.63751932131242,3398.9053753629646
36.0,36.0,1.6020000000000003,1.944,243.60432921393024,3977.9097342602763
36.0,36.0,1.8010000000000004,1.944,279.571139106548,4556.914093157587
36.0,36.0,2.0,1.944,315.5379489991657,5135.918452054897
36.0,40.5,0.01,1.944,1.4006181631919166,78.84265385551242
36.0,40.5,0.20900000000000002,1.944,29.272919610711057,527.5392182379377
36.0,40.5,0.40800000000000003,1.944,57.1452210582302,976.2357826203629
36.0,40.5,0.607,1.944,93.09619969137316,1554.9852852134836
36.0,40.5,0.806,1.944,135.99333067103382,2245.55600570739
36.0,40.5,1.0050000000000001,1.944,177.81264428939647,2918.7757030733087
36.0,40.5,1.2040000000000002,1.944,225.6783645503647,3689.332245496838
36.0,40.5,1.4030000000000002,1.944,272.37090539317194,4441.002598155085
36.0,40.5,1.6020000000000003,1.944,319.0634462359791,5192.67295081333
36.0,40.5,1.8010000000000004,1.944,365.75598707878635,5944.343303471578
36.0,40.5,2.0,1.944,412.44852792159344,6696.013656129822
40.5,0.0,0.01,2.460375,0.0,64.6078455046514
40.5,0.0,0.20900000000000002,2.460375,0.0,64.6078455046514
40.5,0.0,0.40800000000000003,2.460375,0.0,64.6078455046514
40.5,0.0,0.607,2.460375,0.0,64.6078455046514
40.5,0.0,0.806,2.460375,0.0,64.6078455046514
40.5,0.0,1.0050000000000001,2.460375,0.0,64.6078455046514
40.5,0.0,1.2040000000000002,2.460375,0.0,64.6078455046514
40.5,0.0,1.4030000000000002,2.460375,0.0,64.6078455046514
40.5,0.0,1.6020000000000003,2.460375,0.0,64.6078455046514
40.5,0.0,1.8010000000000004,2.460375,0.0,64.6078455046514
40.5,0.0,2.0,2.460375,0.0,64.6078455046514
40.5,4.5,0.01,2.460375,0.009554485341226117,64.76165643968031
40.5,4.5,0.20900000000000002,2.460375,0.19968874363162586,67.8224940467555
40.5,4.5,0.40800000000000003,2.460375,0.38982300192202557,70.88333165383068
40.5,4.5,0.607,2.460375,0.5926210072005078,74.14803401087855
40.5,4.5,0.806,2.460375,0.8063074678332296,77.58802194734213
40.5,4.5,1.0050000000000001,2.460375,1.0146249219173902,80.94157802610563
40.5,4.5,1.2040000000000002,2.460375,1.3766284948260419,86.769218767008
40.5,4.5,1.4030000000000002,2.460375,1.729759431143795,92.45402517602552
40.5,4.5,1.6020000000000003,2.460375,2.082890367461548,98.13883158504304
40.5,4.5,1.8010000000000004,2.460375,2.4360213037793015,103.82363799406055
40.5,4.5,2.0,2.460375,2.7891522400970534,109.50844440307803
40.5,9.0,0.01,2.460375,0.04608288895225487,65.34970150059873
40.5,9.0,0.20900000000000002,2.460375,0.9631323791021268,80.11263581995064
40.5,9.0,0.40800000000000003,2.460375,1.880181869251999,94.87557013930255
40.5,9.0,0.607,2.460375,2.9189926178040078,111.59865326167993
40.5,9.0,0.806,2.460375,4.062495289468136,130.00709797170538
40.5,9.0,1.0050000000000001,2.460375,5.177266738226129,147.95301894529803
40.5,9.0,1.2040000000000002,2.460375,6.872980236302867,175.25111710186988
40.5,9.0,1.4030000000000002,2.460375,8.527132129034587,201.8801442251924
40.5,9.0,1.6020000000000003,2.460375,10.181284021766308,228.5091713485149
40.5,9.0,1.8010000000000004,2.460375,11.835435914498026,255.1381984718374
40.5,9.0,2.0,2.460375,13.489587807229743,281.7672255951599
40.5,13.5,0.01,2.460375,0.11568139741925759,66.47011890474046
40.5,13.5,0.20900000000000002,2.460375,2.417741206062484,103.52935956651285
40.5,13.5,0.40800000000000003,2.460375,4.71980101470571,140.58860022828526
40.5,13.5,0.607,2.460375,7.420683235033286,184.06820220318517
40.5,13.5,0.806,2.460375,10.464478183164228,233.06811483983967
40.5,13.5,1.0050000000000001,2.460375,13.431795871291879,280.83687389265856
40.5,13.5,1.2040000000000002,2.460375,17.61083419140916,348.1122705867492
40.5,13.5,1.4030000000000002,2.460375,21.68744510171964,413.7387604991218
40.5,13.5,1.6020000000000003,2.460375,25.764056012030128,479.3652504114945
40.5,13.5,1.8010000000000004,2.460375,29.840666922340606,544.9917403238671
40.5,13.5,2.0,2.460375,33.91727783265108,610.6182302362397
40.5,18.0,0.01,2.460375,0.22226552015551373,68.18594168240094
40.5,18.0,0.20900000000000002,2.460375,4.645349371250238,139.39005561961716
40.5,18.0,0.40800000000000003,2.460375,9.06843322234496,210.59416955683335
40.5,18.0,0.607,2.460375,14.38842992989807,296.23705231983394
40.5,18.0,0.806,2.460375,20.479604046742505,394.2945774377147
40.5,18.0,1.0050000000000001,2.460375,26.417733587786824,489.88834564308576
40.5,18.0,1.2040000000000002,2.460375,34.3378187501759,617.3882224893342
40.5,18.0,1.4030000000000002,2.460375,42.06378417819269,741.7631023540567
40.5,18.0,1.6020000000000003,2.460375,49.78974960620948,866.1379822187794
40.5,18.0,1.8010000000000004,2.460375,57.51571503422627,990.512862083502
40.5,18.0,2.0,2.460375,65.24168046224304,1114.8877419482242
40.5,22.5,0.01,2.460375,0.3688552706558553,70.54578690533766
40.5,22.5,0.20900000000000002,2.460375,7.709075156707377,188.71082077899456
40.5,22.5,0.40800000000000003,2.460375,15.049295042758898,306.8758546526514
40.5,22.5,0.607,2.460375,24.049642417968787,451.7661125708581
40.5,22.5,0.806,2.460375,34.47738912965129,619.6350677983976
40.5,22.5,1.0050000000000001,2.460375,44.643132155110614,783.2862100805213
40.5,22.5,1.2040000000000002,2.460375,57.64261729317712,992.5557722361073
40.5,22.5,1.4030000000000002,2.460375,70.32348759942826,1196.6961784565074
40.5,22.5,1.6020000000000003,2.460375,83.0043579056794,1400.8365846769073
40.5,22.5,1.8010000000000004,2.460375,95.68522821193055,1604.9769908973074
40.5,22.5,2.0,2.460375,108.36609851818164,1809.1173971177068
40.5,27.0,0.01,2.460375,0.5579508263109855,73.58990316973012
40.5,27.0,0.20900000000000002,2.460375,11.661172269899598,252.332850704797
40.5,27.0,0.40800000000000003,2.460375,22.76439371348821,431.0757982398639
40.5,27.0,0.607,2.460375,36.594520823826294,653.7172808983861
40.5,27.0,0.806,2.460375,52.76927710557515,914.1032984294122
40.5,27.0,1.0050000000000001,2.460375,68.53763247572226,1167.9469537109148
40.5,27.0,1.2040000000000002,2.460375,88.01993728335036,1481.5788670960942
40.5,27.0,1.4030000000000002,2.460375,107.02473462020326,1787.5237237806566
40.5,27.0,1.6020000000000003,2.460375,126.02953195705614,2093.4685804652186
40.5,27.0,1.8010000000000004,2.460375,145.03432929390905,2399.4134371497807
40.5,27.0,2.0,2.460375,164.0391266307619,2705.358293834342
40.5,31.5,0.01,2.460375,0.7917058825622894,77.35296130271098
40.5,31.5,0.20900000000000002,2.460375,16.546652945551852,330.98076568409664
40.5,31.5,0.40800000000000003,2.460375,32.301600008541406,584.6085700654824
40.5,31.5,0.607,2.460375,52.188242234828714,904.7496269795967
40.5,31.5,0.806,2.460375,75.62737002208232,1282.079648688207
40.5,31.5,1.0050000000000001,2.460375,98.47757500061095,1649.9290165850432
40.5,31.5,1.2040000000000002,2.460375,125.90100306553941,2091.3994842997645
40.5,31.5,1.4030000000000002,2.460375,152.6522882857392,2522.0495974136343
40.5,31.5,1.6020000000000003,2.460375,179.403573505939,2952.699710527504
40.5,31.5,1.8010000000000004,2.460375,206.15485872613877,3383.349823641374
40.5,31.5,2.0,2.460375,232.90614394633852,3813.9999367552427
40.5,36.0,0.01,2.460375,1.072023967533481,81.86560486383425
40.5,36.0,0.20900000000000002,2.460375,22.405300921449754,425.29501611157326
40.5,36.0,0.40800000000000003,2.460375,43.738577875366026,768.7244273593122
40.5,36.0,0.607,2.460375,70.97778704496162,1207.229284731959
40.5,36.0,0.806,2.460375,103.29499400747778,1727.4812546606017
40.5,36.0,1.0050000000000001,2.460375,134.8002108453076,2234.661567053349
40.5,36.0,1.2040000000000002,2.460375,171.6707094286947,2828.213774164161
40.5,36.0,1.4030000000000002,2.460375,207.63751932131242,3407.2181330614717
40.5,36.0,1.6020000000000003,2.460375,243.60432921393024,3986.2224919587834
40.5,36.0,1.8010000000000004,2.460375,279.571139106548,4565.226850856094
40.5,36.0,2.0,2.460375,315.5379489991657,5144.231209753404
40.5,40.5,0.01,2.460375,1.4006181631919166,87.1554115540195
40.5,40.5,0.20900000000000002,2.460375,29.272919610711057,535.8519759364448
40.5,40.5,0.40800000000000003,2.460375,57.1452210582302,984.54854031887
40.5,40.5,0.607,2.460375,93.09619969137316,1563.2980429119907
40.5,40.5,0.806,2.460375,135.99333067103382,2253.868763405897
40.5,40.5,1.0050000000000001,2.460375,177.81264428939647,2927.088460771816
40.5,40.5,1.2040000000000002,2.460375,225.6783645503647,3697.645003195345
40.5,40.5,1.4030000000000002,2.460375,272.37090539317194,4449.315355853592
40.5,40.5,1.6020000000000003,2.460375,319.0634462359791,5200.985708511837
40.5,40.5,1.8010000000000004,2.460375,365.75598707878635,5952.656061170085
40.5,40.5,2.0,2.460375,412.44852792159344,6704.326413828329
