0.0,2.25,0.01,0.0,0.007681909039675419,25.12368730088436
0.0,2.25,0.20900000000000002,0.0,0.16055189892921626,27.585064588483135
0.0,2.25,0.40800000000000003,0.0,0.3134218888187571,30.046441876081907
0.0,2.25,0.607,0.0,0.489522723233528,32.881861662979965
0.0,2.25,0.806,0.0,0.685597741726067,36.038888084789555
0.0,2.25,1.0050000000000001,0.0,0.8767462522162808,39.11659223469437
0.0,2.25,1.2040000000000002,0.0,1.1868062274155768,44.108903552961834
0.0,2.25,1.4030000000000002,0.0,1.4892666934188117,48.97885429970313
0.0,2.25,1.6020000000000003,0.0,1.7917271594220465,53.84880504644442
0.0,2.25,1.8010000000000004,0.0,2.094187625425281,58.71875579318571
0.0,2.25,2.0,0.0,2.3966480914285153,63.58870653992699
0.0,4.5,0.01,0.0,0.03850075630782705,25.619905104984536
0.0,4.5,0.20900000000000002,0.0,0.8046658068335855,37.956016694176796
0.0,4.5,0.40800000000000003,0.0,1.5708308573593437,50.29212828336906
0.0,4.5,0.607,0.0,2.44332557997701,64.34026615106083
0.0,4.5,0.806,0.0,3.407243945888654,79.86042661335031
0.0,4.5,1.0050000000000001,0.0,4.346943257380406,94.99063329518023
0.0,4.5,1.2040000000000002,0.0,5.7742635225302035,117.97208102934758
0.0,4.5,1.4030000000000002,0.0,7.166600447847899,140.3902579857167
0.0,4.5,1.6020000000000003,0.0,8.558937373165595,162.80843494208582
0.0,4.5,1.8010000000000004,0.0,9.951274298483288,185.2266118984549
0.0,4.5,2.0,0.0,11.343611223800979,207.644788854824
0.0,6.75,0.01,0.0,0.09884235177542741,26.59147207302544
0.0,6.75,0.20900000000000002,0.0,2.065805152106433,58.261766326231665
0.0,6.75,0.40800000000000003,0.0,4.032767952437439,89.9320605794379
0.0,6.75,0.607,0.0,6.257670065907437,125.7554653770871
0.0,6.75,0.806,0.0,8.704351775721243,165.14976896061256
0.0,6.75,1.0050000000000001,0.0,11.089559070715604,203.55426592143633
0.0,6.75,1.2040000000000002,0.0,14.572648617131549,259.63589127128853
0.0,6.75,1.4030000000000002,0.0,17.97036832172357,314.3429669802129
0.0,6.75,1.6020000000000003,0.0,21.368088026315593,369.0500426891373
0.0,6.75,1.8010000000000004,0.0,24.765807730907614,423.7571183980617
0.0,6.75,2.0,0.0,28.163527435499628,478.464194106986
0.0,9.0,0.01,0.0,0.19296092008104743,28.10688596515795
0.0,9.0,0.20900000000000002,0.0,4.0328832296938915,89.93391667180119
0.0,9.0,0.40800000000000003,0.0,7.872805539306734,151.7609473784444
0.0,9.0,0.607,0.0,12.195560613878254,221.36212396052417
0.0,9.0,0.806,0.0,16.933461617199292,297.64761288410085
0.0,9.0,1.0050000000000001,0.0,21.55231988174342,372.01638098045197
0.0,9.0,1.2040000000000002,0.0,28.10853256503346,477.57871537307835
0.0,9.0,1.4030000000000002,0.0,34.50405376098796,580.5537376482384
0.0,9.0,1.6020000000000003,0.0,40.899574956942466,683.5287599233985
0.0,9.0,1.8010000000000004,0.0,47.29509615289697,786.5037821985585
0.0,9.0,2.0,0.0,53.69061734885145,889.4788044737182
0.0,11.25,0.01,0.0,0.32420451598246086,30.2200541960707
0.0,11.25,0.20900000000000002,0.0,6.775874384033433,134.09913269787762
0.0,11.25,0.40800000000000003,0.0,13.227544252084405,237.97821119968452
0.0,11.25,0.607,0.0,20.46355470900032,354.48604772371004
0.0,11.25,0.806,0.0,28.37395146662255,481.8522556313256
0.0,11.25,1.0050000000000001,0.0,36.08559453686733,606.0183075613628
0.0,11.25,1.2040000000000002,0.0,46.790772516327785,778.3836093278234
0.0,11.25,1.4030000000000002,0.0,57.23356868256616,946.524271345106
0.0,11.25,1.6020000000000003,0.0,67.67636484880454,1114.6649333623886
0.0,11.25,1.8010000000000004,0.0,78.11916101504292,1282.805595379671
0.0,11.25,2.0,0.0,88.56195718128126,1450.9462573969533
0.0,13.5,0.01,0.0,0.49538536305801406,32.97625670101057
0.0,13.5,0.20900000000000002,0.0,10.353554087912494,191.70376505112097
0.0,13.5,0.40800000000000003,0.0,20.211722812766972,350.43127340123135
0.0,13.5,0.607,0.0,31.234895671783168,527.9166472935342
0.0,13.5,0.806,0.0,43.25975432839636,721.5302794090305
0.0,13.5,1.0050000000000001,0.0,54.98248085795896,910.2792474010218
0.0,13.5,1.2040000000000002,0.0,70.95950291270624,1167.527116897416
0.0,13.5,1.4030000000000002,0.0,86.5449312896411,1418.469891553212
0.0,13.5,1.6020000000000003,0.0,102.13035966657594,1669.4126662090077
0.0,13.5,1.8010000000000004,0.0,117.71578804351078,1920.3554408648038
0.0,13.5,2.0,0.0,133.3012164204456,2171.298215520599
0.0,15.75,0.01,0.0,0.7089537234627282,36.41494543272114
0.0,15.75,0.20900000000000002,0.0,14.817132820371022,263.5723595438719
0.0,15.75,0.40800000000000003,0.0,28.925311917279313,490.7297736550226
0.0,15.75,0.607,0.0,44.66035377771925,744.081492214616
0.0,15.75,0.806,0.0,61.79419352829857,1019.9554164681975
0.0,15.75,1.0050000000000001,0.0,78.49753479268242,1288.897835087267
0.0,15.75,1.2040000000000002,0.0,100.90886021895277,1649.7451631276865
0.0,15.75,1.4030000000000002,0.0,122.77088845340276,2001.748193912213
0.0,15.75,1.6020000000000003,0.0,144.63291668785277,2353.75122469674
0.0,15.75,1.8010000000000004,0.0,166.49494492230272,2705.7542554812662
0.0,15.75,2.0,0.0,188.35697315675267,3057.7572862657926
0.0,18.0,0.01,0.0,0.9670957209470419,40.57131942111729
0.0,18.0,0.20900000000000002,0.0,20.212300567793175,350.44057590135134
0.0,18.0,0.40800000000000003,0.0,39.45750541463931,660.3098323815854
0.0,18.0,0.607,0.0,60.87431775876304,1005.144390915156
0.0,18.0,0.806,0.0,84.15830664260211,1380.042573644119
0.0,18.0,1.0050000000000001,0.0,106.85727068011353,1745.5212040432082
0.0,18.0,1.2040000000000002,0.0,136.89965707324563,2229.2371222999745
0.0,18.0,1.4030000000000002,0.0,166.20571046654607,2701.0972582465256
0.0,18.0,1.6020000000000003,0.0,195.51176385984652,3172.957394193077
0.0,18.0,1.8010000000000004,0.0,224.81781725314696,3644.8175301396286
0.0,18.0,2.0,0.0,254.1238706464473,4116.677666086178
0.0,20.25,0.01,0.0,1.2717946091314487,45.47731126082114
0.0,20.25,0.20900000000000002,0.0,26.58050733084728,452.9758053511618
0.0,20.25,0.40800000000000003,0.0,51.889220052563104,860.4742994415025
0.0,20.25,0.607,0.0,79.9986060509897,1313.0667560437903
0.0,20.25,0.806,0.0,110.51604757705546,1804.4315916283135
0.0,20.25,1.0050000000000001,0.0,140.26671921553162,2283.450577072522
0.0,20.25,1.2040000000000002,0.0,179.16726541025255,2909.7927450026577
0.0,20.25,1.4030000000000002,0.0,217.11436684529892,3520.7833892090157
0.0,20.25,1.6020000000000003,0.0,255.06146828034525,4131.774033415373
0.0,20.25,1.8010000000000004,0.0,293.0085697153916,4742.764677621731
0.0,20.25,2.0,0.0,330.9556711504379,5353.755321828087
2.25,0.0,0.01,0.03796875,0.0,25.61133921024031
2.25,0.0,0.20900000000000002,0.03796875,0.0,25.61133921024031
2.25,0.0,0.40800000000000003,0.03796875,0.0,25.61133921024031
2.25,0.0,0.607,0.03796875,0.0,25.61133921024031
2.25,0.0,0.806,0.03796875,0.0,25.61133921024031
2.25,0.0,1.0050000000000001,0.03796875,0.0,25.61133921024031
2.25,0.0,1.2040000000000002,0.03796875,0.0,25.61133921024031
2.25,0.0,1.4030000000000002,0.03796875,0.0,25.61133921024031
2.25,0.0,1.6020000000000003,0.03796875,0.0,25.61133921024031
2.25,0.0,1.8010000000000004,0.03796875,0.0,25.61133921024031
2.25,0.0,2.0,0.03796875,0.0,25.61133921024031
2.25,2.25,0.01,0.03796875,0.007681909039675419,25.73502651112467
2.25,2.25,0.20900000000000002,0.03796875,0.16055189892921626,28.196403798723445
2.25,2.25,0.40800000000000003,0.03796875,0.3134218888187571,30.657781086322217
2.25,2.25,0.607,0.03796875,0.489522723233528,33.493200873220275
2.25,2.25,0.806,0.03796875,0.685597741726067,36.650227295029865
2.25,2.25,1.0050000000000001,0.03796875,0.8767462522162808,39.72793144493468
2.25,2.25,1.2040000000000002,0.03796875,1.1868062274155768,44.72024276320214
2.25,2.25,1.4030000000000002,0.03796875,1.4892666934188117,49.59019350994343
2.25,2.25,1.6020000000000003,0.03796875,1.7917271594220465,54.46014425668473
2.25,2.25,1.8010000000000004,0.03796875,2.094187625425281,59.33009500342602
2.25,2.25,2.0,0.03796875,2.3966480914285153,64.2000457501673
2.25,4.5,0.01,0.03796875,0.03850075630782705,26.231244315224846
2.25,4.5,0.20900000000000002,0.03796875,0.8046658068335855,38.567355904417106
2.25,4.5,0.40800000000000003,0.03796875,1.5708308573593437,50.90346749360937
2.25,4.5,0.607,0.03796875,2.44332557997701,64.95160536130113
2.25,4.5,0.806,0.03796875,3.407243945888654,80.47176582359062
2.25,4.5,1.0050000000000001,0.03796875,4.346943257380406,95.60197250542055
2.25,4.5,1.2040000000000002,0.03796875,5.7742635225302035,118.58342023958788
2.25,4.5,1.4030000000000002,0.03796875,7.166600447847899,141.001597195957
2.25,4.5,1.6020000000000003,0.03796875,8.558937373165595,163.41977415232614
2.25,4.5,1.8010000000000004,0.03796875,9.951274298483288,185.83795110869522
2.25,4.5,2.0,0.03796875,11.343611223800979,208.2561280650643
2.25,6.75,0.01,0.03796875,0.09884235177542741,27.20281128326575
2.25,6.75,0.20900000000000002,0.03796875,2.065805152106433,58.873105536471975
2.25,6.75,0.40800000000000003,0.03796875,4.032767952437439,90.5433997896782
2.25,6.75,0.607,0.03796875,6.257670065907437,126.36680458732742
2.25,6.75,0.806,0.03796875,8.704351775721243,165.76110817085285
2.25,6.75,1.0050000000000001,0.03796875,11.089559070715604,204.1656051316766
2.25,6.75,1.2040000000000002,0.03796875,14.572648617131549,260.2472304815288
2.25,6.75,1.4030000000000002,0.03796875,17.97036832172357,314.9543061904532
2.25,6.75,1.6020000000000003,0.03796875,21.368088026315593,369.6613818993776
2.25,6.75,1.8010000000000004,0.03796875,24.765807730907614,424.36845760830204
2.25,6.75,2.0,0.03796875,28.163527435499628,479.0755333172263
2.25,9.0,0.01,0.03796875,0.19296092008104743,28.71822517539826
2.25,9.0,0.20900000000000002,0.03796875,4.0328832296938915,90.54525588204149
2.25,9.0,0.40800000000000003,0.03796875,7.872805539306734,152.3722865886847
2.25,9.0,0.607,0.03796875,12.195560613878254,221.9734631707645
2.25,9.0,0.806,0.03796875,16.933461617199292,298.25895209434117
2.25,9.0,1.0050000000000001,0.03796875,21.55231988174342,372.6277201906923
2.25,9.0,1.2040000000000002,0.03796875,28.10853256503346,478.19005458331867
2.25,9.0,1.4030000000000002,0.03796875,34.50405376098796,581.1650768584786
2.25,9.0,1.6020000000000003,0.03796875,40.899574956942466,684.1400991336388
2.25,9.0,1.8010000000000004,0.03796875,47.29509615289697,787.1151214087988
2.25,9.0,2.0,0.03796875,53.69061734885145,890.0901436839586
2.25,11.25,0.01,0.03796875,0.32420451598246086,30.831393406311008
2.25,11.25,0.20900000000000002,0.03796875,6.775874384033433,134.71047190811794
2.25,11.25,0.40800000000000003,0.03796875,13.227544252084405,238.5895504099248
2.25,11.25,0.607,0.03796875,20.46355470900032,355.09738693395036
2.25,11.25,0.806,0.03796875,28.37395146662255,482.4635948415659
2.25,11.25,1.0050000000000001,0.03796875,36.08559453686733,606.6296467716031
2.25,11.25,1.2040000000000002,0.03796875,46.790772516327785,778.9949485380637
2.25,11.25,1.4030000000000002,0.03796875,57.23356868256616,947.1356105553463
2.25,11.25,1.6020000000000003,0.03796875,67.67636484880454,1115.2762725726288
2.25,11.25,1.8010000000000004,0.03796875,78.11916101504292,1283.4169345899115
2.25,11.25,2.0,0.03796875,88.56195718128126,1451.5575966071935
2.25,13.5,0.01,0.03796875,0.49538536305801406,33.58759591125088
2.25,13.5,0.20900000000000002,0.03796875,10.353554087912494,192.31510426136128
2.25,13.5,0.40800000000000003,0.03796875,20.211722812766972,351.04261261147167
2.25,13.5,0.607,0.03796875,31.234895671783168,528.5279865037744
2.25,13.5,0.806,0.03796875,43.25975432839636,722.1416186192708
2.25,13.5,1.0050000000000001,0.03796875,54.98248085795896,910.8905866112622
2.25,13.5,1.2040000000000002,0.03796875,70.95950291270624,1168.138456107656
2.25,13.5,1.4030000000000002,0.03796875,86.5449312896411,1419.0812307634521
2.25,13.5,1.6020000000000003,0.03796875,102.13035966657594,1670.0240054192482
2.25,13.5,1.8010000000000004,0.03796875,117.71578804351078,1920.966780075044
2.25,13.5,2.0,0.03796875,133.3012164204456,2171.9095547308393
2.25,15.75,0.01,0.03796875,0.7089537234627282,37.02628464296145
2.25,15.75,0.20900000000000002,0.03796875,14.817132820371022,264.18369875411224
2.25,15.75,0.40800000000000003,0.03796875,28.925311917279313,491.3411128652629
2.25,15.75,0.607,0.03796875,44.66035377771925,744.6928314248563
2.25,15.75,0.806,0.03796875,61.79419352829857,1020.5667556784379
2.25,15.75,1.0050000000000001,0.03796875,78.49753479268242,1289.5091742975071
2.25,15.75,1.2040000000000002,0.03796875,100.90886021895277,1650.3565023379267
2.25,15.75,1.4030000000000002,0.03796875,122.77088845340276,2002.3595331224535
2.25,15.75,1.6020000000000003,0.03796875,144.63291668785277,2354.36256390698
2.25,15.75,1.8010000000000004,0.03796875,166.49494492230272,2706.365594691507
2.25,15.75,2.0,0.03796875,188.35697315675267,3058.368625476033
2.25,18.0,0.01,0.03796875,0.9670957209470419,41.1826586313576
2.25,18.0,0.20900000000000002,0.03796875,20.212300567793175,351.05191511159165
2.25,18.0,0.40800000000000003,0.03796875,39.45750541463931,660.9211715918257
2.25,18.0,0.607,0.03796875,60.87431775876304,1005.7557301253963
2.25,18.0,0.806,0.03796875,84.15830664260211,1380.6539128543593
2.25,18.0,1.0050000000000001,0.03796875,106.85727068011353,1746.1325432534484
2.25,18.0,1.2040000000000002,0.03796875,136.89965707324563,2229.8484615102147
2.25,18.0,1.4030000000000002,0.03796875,166.20571046654607,2701.708597456766
2.25,18.0,1.6020000000000003,0.03796875,195.51176385984652,3173.5687334033173
2.25,18.0,1.8010000000000004,0.03796875,224.81781725314696,3645.428869349869
2.25,18.0,2.0,0.03796875,254.1238706464473,4117.2890052964185
2.25,20.25,0.01,0.03796875,1.2717946091314487,46.08865047106144
2.25,20.25,0.20900000000000002,0.03796875,26.58050733084728,453.5871445614021
2.25,20.25,0.40800000000000003,0.03796875,51.889220052563104,861.0856386517428
2.25,20.25,0.607,0.03796875,79.9986060509897,1313.6780952540305
2.25,20.25,0.806,0.03796875,110.51604757705546,1805.0429308385537
2.25,20.25,1.0050000000000001,0.03796875,140.26671921553162,2284.061916282762
2.25,20.25,1.2040000000000002,0.03796875,179.16726541025255,2910.4040842128984
2.25,20.25,1.4030000000000002,0.03796875,217.11436684529892,3521.394728419256
2.25,20.25,1.6020000000000003,0.03796875,255.06146828034525,4132.385372625614
2.25,20.25,1.8010000000000004,0.03796875,293.0085697153916,4743.376016831971
2.25,20.25,2.0,0.03796875,330.9556711504379,5354.366661038328
4.5,0.0,0.01,0.151875,0.0,27.44535684096124
4.5,0.0,0.20900000000000002,0.151875,0.0,27.44535684096124
4.5,0.0,0.40800000000000003,0.151875,0.0,27.44535684096124
4.5,0.0,0.607,0.151875,0.0,27.44535684096124
4.5,0.0,0.806,0.151875,0.0,27.44535684096124
4.5,0.0,1.0050000000000001,0.151875,0.0,27.44535684096124
4.5,0.0,1.2040000000000002,0.151875,0.0,27.44535684096124
4.5,0.0,1.4030000000000002,0.151875,0.0,27.44535684096124
4.5,0.0,1.6020000000000003,0.151875,0.0,27.44535684096124
4.5,0.0,1.8010000000000004,0.151875,0.0,27.44535684096124
4.5,0.0,2.0,0.151875,0.0,27.44535684096124
4.5,2.25,0.01,0.151875,0.007681909039675419,27.5690441418456
4.5,2.25,0.20900000000000002,0.151875,0.16055189892921626,30.03042142944437
4.5,2.25,0.40800000000000003,0.151875,0.3134218888187571,32.491798717043146
4.5,2.25,0.607,0.151875,0.489522723233528,35.3272185039412
4.5,2.25,0.806,0.151875,0.685597741726067,38.48424492575079
4.5,2.25,1.0050000000000001,0.151875,0.8767462522162808,41.56194907565562
4.5,2.25,1.2040000000000002,0.151875,1.1868062274155768,46.55426039392307
4.5,2.25,1.4030000000000002,0.151875,1.4892666934188117,51.42421114066436
4.5,2.25,1.6020000000000003,0.151875,1.7917271594220465,56.29416188740565
4.5,2.25,1.8010000000000004,0.151875,2.094187625425281,61.164112634146946
4.5,2.25,2.0,0.151875,2.3966480914285153,66.03406338088823
4.5,4.5,0.01,0.151875,0.03850075630782705,28.06526194594577
4.5,4.5,0.20900000000000002,0.151875,0.8046658068335855,40.401373535138035
4.5,4.5,0.40800000000000003,0.151875,1.5708308573593437,52.7374851243303
4.5,4.5,0.607,0.151875,2.44332557997701,66.78562299202207
4.5,4.5,0.806,0.151875,3.407243945888654,82.30578345431155
4.5,4.5,1.0050000000000001,0.151875,4.346943257380406,97.43599013614147
4.5,4.5,1.2040000000000002,0.151875,5.7742635225302035,120.41743787030882
4.5,4.5,1.4030000000000002,0.151875,7.166600447847899,142.83561482667795
4.5,4.5,1.6020000000000003,0.151875,8.558937373165595,165.25379178304706
4.5,4.5,1.8010000000000004,0.151875,9.951274298483288,187.67196873941614
4.5,4.5,2.0,0.151875,11.343611223800979,210.09014569578522
4.5,6.75,0.01,0.151875,0.09884235177542741,29.036828913986675
4.5,6.75,0.20900000000000002,0.151875,2.065805152106433,60.707123167192904
4.5,6.75,0.40800000000000003,0.151875,4.032767952437439,92.37741742039914
4.5,6.75,0.607,0.151875,6.257670065907437,128.20082221804836
4.5,6.75,0.806,0.151875,8.704351775721243,167.5951258015738
4.5,6.75,1.0050000000000001,0.151875,11.089559070715604,205.99962276239754
4.5,6.75,1.2040000000000002,0.151875,14.572648617131549,262.08124811224974
4.5,6.75,1.4030000000000002,0.151875,17.97036832172357,316.7883238211741
4.5,6.75,1.6020000000000003,0.151875,21.368088026315593,371.49539953009855
4.5,6.75,1.8010000000000004,0.151875,24.765807730907614,426.20247523902293
4.5,6.75,2.0,0.151875,28.163527435499628,480.90955094794725
4.5,9.0,0.01,0.151875,0.19296092008104743,30.55224280611919
4.5,9.0,0.20900000000000002,0.151875,4.0328832296938915,92.37927351276241
4.5,9.0,0.40800000000000003,0.151875,7.872805539306734,154.20630421940564
4.5,9.0,0.607,0.151875,12.195560613878254,223.8074808014854
4.5,9.0,0.806,0.151875,16.933461617199292,300.0929697250621
4.5,9.0,1.0050000000000001,0.151875,21.55231988174342,374.4617378214132
4.5,9.0,1.2040000000000002,0.151875,28.10853256503346,480.02407221403956
4.5,9.0,1.4030000000000002,0.151875,34.50405376098796,582.9990944891996
4.5,9.0,1.6020000000000003,0.151875,40.899574956942466,685.9741167643597
4.5,9.0,1.8010000000000004,0.151875,47.29509615289697,788.9491390395197
4.5,9.0,2.0,0.151875,53.69061734885145,891.9241613146794
4.5,11.25,0.01,0.151875,0.32420451598246086,32.66541103703194
4.5,11.25,0.20900000000000002,0.151875,6.775874384033433,136.54448953883883
4.5,11.25,0.40800000000000003,0.151875,13.227544252084405,240.42356804064576
4.5,11.25,0.607,0.151875,20.46355470900032,356.9314045646713
4.5,11.25,0.806,0.151875,28.37395146662255,484.29761247228686
4.5,11.25,1.0050000000000001,0.151875,36.08559453686733,608.4636644023241
4.5,11.25,1.2040000000000002,0.151875,46.790772516327785,780.8289661687846
4.5,11.25,1.4030000000000002,0.151875,57.23356868256616,948.9696281860672
4.5,11.25,1.6020000000000003,0.151875,67.67636484880454,1117.11029020335
4.5,11.25,1.8010000000000004,0.151875,78.11916101504292,1285.2509522206324
4.5,11.25,2.0,0.151875,88.56195718128126,1453.3916142379146
4.5,13.5,0.01,0.151875,0.49538536305801406,35.42161354197181
4.5,13.5,0.20900000000000002,0.151875,10.353554087912494,194.1491218920822
4.5,13.5,0.40800000000000003,0.151875,20.211722812766972,352.87663024219256
4.5,13.5,0.607,0.151875,31.234895671783168,530.3620041344955
4.5,13.5,0.806,0.151875,43.25975432839636,723.9756362499918
4.5,13.5,1.0050000000000001,0.151875,54.98248085795896,912.7246042419831
4.5,13.5,1.2040000000000002,0.151875,70.95950291270624,1169.972473738377
4.5,13.5,1.4030000000000002,0.151875,86.5449312896411,1420.9152483941732
4.5,13.5,1.6020000000000003,0.151875,102.13035966657594,1671.858023049969
4.5,13.5,1.8010000000000004,0.151875,117.71578804351078,1922.8007977057648
4.5,13.5,2.0,0.151875,133.3012164204456,2173.7435723615604
4.5,15.75,0.01,0.151875,0.7089537234627282,38.86030227368238
4.5,15.75,0.20900000000000002,0.151875,14.817132820371022,266.01771638483314
4.5,15.75,0.40800000000000003,0.151875,28.925311917279313,493.1751304959838
4.5,15.75,0.607,0.151875,44.66035377771925,746.5268490555771
4.5,15.75,0.806,0.151875,61.79419352829857,1022.4007733091588
4.5,15.75,1.0050000000000001,0.151875,78.49753479268242,1291.3431919282282
4.5,15.75,1.2040000000000002,0.151875,100.90886021895277,1652.1905199686478
4.5,15.75,1.4030000000000002,0.151875,122.77088845340276,2004.1935507531743
4.5,15.75,1.6020000000000003,0.151875,144.63291668785277,2356.196581537701
4.5,15.75,1.8010000000000004,0.151875,166.49494492230272,2708.1996123222275
4.5,15.75,2.0,0.151875,188.35697315675267,3060.2026431067534
4.5,18.0,0.01,0.151875,0.9670957209470419,43.016676262078526
4.5,18.0,0.20900000000000002,0.151875,20.212300567793175,352.8859327423126
4.5,18.0,0.40800000000000003,0.151875,39.45750541463931,662.7551892225466
4.5,18.0,0.607,0.151875,60.87431775876304,1007.5897477561172
4.5,18.0,0.806,0.151875,84.15830664260211,1382.4879304850801
4.5,18.0,1.0050000000000001,0.151875,106.85727068011353,1747.9665608841694
4.5,18.0,1.2040000000000002,0.151875,136.89965707324563,2231.682479140936
4.5,18.0,1.4030000000000002,0.151875,166.20571046654607,2703.542615087487
4.5,18.0,1.6020000000000003,0.151875,195.51176385984652,3175.4027510340384
4.5,18.0,1.8010000000000004,0.151875,224.81781725314696,3647.26288698059
4.5,18.0,2.0,0.151875,254.1238706464473,4119.12302292714
4.5,20.25,0.01,0.151875,1.2717946091314487,47.92266810178238
4.5,20.25,0.20900000000000002,0.151875,26.58050733084728,455.42116219212306
4.5,20.25,0.40800000000000003,0.151875,51.889220052563104,862.9196562824636
4.5,20.25,0.607,0.151875,79.9986060509897,1315.5121128847516
4.5,20.25,0.806,0.151875,110.51604757705546,1806.8769484692746
4.5,20.25,1.0050000000000001,0.151875,140.26671921553162,2285.895933913483
4.5,20.25,1.2040000000000002,0.151875,179.16726541025255,2912.238101843619
4.5,20.25,1.4030000000000002,0.151875,217.11436684529892,3523.228746049977
4.5,20.25,1.6020000000000003,0.151875,255.06146828034525,4134.219390256334
4.5,20.25,1.8010000000000004,0.151875,293.0085697153916,4745.210034462692
4.5,20.25,2.0,0.151875,330.9556711504379,5356.200678669049
6.75,0.0,0.01,0.34171875,0.0,30.502052892162784
6.75,0.0,0.20900000000000002,0.34171875,0.0,30.502052892162784
6.75,0.0,0.40800000000000003,0.34171875,0.0,30.502052892162784
6.75,0.0,0.607,0.34171875,0.0,30.502052892162784
6.75,0.0,0.806,0.34171875,0.0,30.502052892162784
6.75,0.0,1.0050000000000001,0.34171875,0.0,30.502052892162784
6.75,0.0,1.2040000000000002,0.34171875,0.0,30.502052892162784
6.75,0.0,1.4030000000000002,0.34171875,0.0,30.502052892162784
6.75,0.0,1.6020000000000003,0.34171875,0.0,30.502052892162784
6.75,0.0,1.8010000000000004,0.34171875,0.0,30.502052892162784
6.75,0.0,2.0,0.34171875,0.0,30.502052892162784
6.75,2.25,0.01,0.34171875,0.007681909039675419,30.625740193047143
6.75,2.25,0.20900000000000002,0.34171875,0.16055189892921626,33.087117480645915
6.75,2.25,0.40800000000000003,0.34171875,0.3134218888187571,35.548494768244694
6.75,2.25,0.607,0.34171875,0.489522723233528,38.383914555142745
6.75,2.25,0.806,0.34171875,0.685597741726067,41.540940976952335
6.75,2.25,1.0050000000000001,0.34171875,0.8767462522162808,44.61864512685716
6.75,2.25,1.2040000000000002,0.34171875,1.1868062274155768,49.610956445124614
6.75,2.25,1.4030000000000002,0.34171875,1.4892666934188117,54.48090719186591
6.75,2.25,1.6020000000000003,0.34171875,1.7917271594220465,59.3508579386072
6.75,2.25,1.8010000000000004,0.34171875,2.094187625425281,64.22080868534849
6.75,2.25,2.0,0.34171875,2.3966480914285153,69.09075943208978
6.75,4.5,0.01,0.34171875,0.03850075630782705,31.12195799714732
6.75,4.5,0.20900000000000002,0.34171875,0.8046658068335855,43.45806958633958
6.75,4.5,0.40800000000000003,0.34171875,1.5708308573593437,55.79418117553185
6.75,4.5,0.607,0.34171875,2.44332557997701,69.84231904322361
6.75,4.5,0.806,0.34171875,3.407243945888654,85.3624795055131
6.75,4.5,1.0050000000000001,0.34171875,4.346943257380406,100.49268618734303
6.75,4.5,1.2040000000000002,0.34171875,5.7742635225302035,123.47413392151036
6.75,4.5,1.4030000000000002,0.34171875,7.166600447847899,145.89231087787948
6.75,4.5,1.6020000000000003,0.34171875,8.558937373165595,168.31048783424862
6.75,4.5,1.8010000000000004,0.34171875,9.951274298483288,190.7286647906177
6.75,4.5,2.0,0.34171875,11.343611223800979,213.14684174698678
6.75,6.75,0.01,0.34171875,0.09884235177542741,32.09352496518822
6.75,6.75,0.20900000000000002,0.34171875,2.065805152106433,63.76381921839445
6.75,6.75,0.40800000000000003,0.34171875,4.032767952437439,95.43411347160068
6.75,6.75,0.607,0.34171875,6.257670065907437,131.25751826924989
6.75,6.75,0.806,0.34171875,8.704351775721243,170.65182185277533
6.75,6.75,1.0050000000000001,0.34171875,11.089559070715604,209.0563188135991
6.75,6.75,1.2040000000000002,0.34171875,14.572648617131549,265.13794416345127
6.75,6.75,1.4030000000000002,0.34171875,17.97036832172357,319.8450198723757
6.75,6.75,1.6020000000000003,0.34171875,21.368088026315593,374.5520955813001
6.75,6.75,1.8010000000000004,0.34171875,24.765807730907614,429.2591712902245
6.75,6.75,2.0,0.34171875,28.163527435499628,483.9662469991488
6.75,9.0,0.01,0.34171875,0.19296092008104743,33.60893885732074
6.75,9.0,0.20900000000000002,0.34171875,4.0328832296938915,95.43596956396395
6.75,9.0,0.40800000000000003,0.34171875,7.872805539306734,157.26300027060717
6.75,9.0,0.607,0.34171875,12.195560613878254,226.86417685268694
6.75,9.0,0.806,0.34171875,16.933461617199292,303.14966577626365
6.75,9.0,1.0050000000000001,0.34171875,21.55231988174342,377.5184338726147
6.75,9.0,1.2040000000000002,0.34171875,28.10853256503346,483.08076826524115
6.75,9.0,1.4030000000000002,0.34171875,34.50405376098796,586.0557905404012
6.75,9.0,1.6020000000000003,0.34171875,40.899574956942466,689.0308128155613
6.75,9.0,1.8010000000000004,0.34171875,47.29509615289697,792.0058350907212
6.75,9.0,2.0,0.34171875,53.69061734885145,894.980857365881
6.75,11.25,0.01,0.34171875,0.32420451598246086,35.722107088233486
6.75,11.25,0.20900000000000002,0.34171875,6.775874384033433,139.6011855900404
6.75,11.25,0.40800000000000003,0.34171875,13.227544252084405,243.4802640918473
6.75,11.25,0.607,0.34171875,20.46355470900032,359.98810061587284
6.75,11.25,0.806,0.34171875,28.37395146662255,487.3543085234884
6.75,11.25,1.0050000000000001,0.34171875,36.08559453686733,611.5203604535255
6.75,11.25,1.2040000000000002,0.34171875,46.790772516327785,783.8856622199862
6.75,11.25,1.4030000000000002,0.34171875,57.23356868256616,952.0263242372688
6.75,11.25,1.6020000000000003,0.34171875,67.67636484880454,1120.1669862545514
6.75,11.25,1.8010000000000004,0.34171875,78.11916101504292,1288.307648271834
6.75,11.25,2.0,0.34171875,88.56195718128126,1456.448310289116
6.75,13.5,0.01,0.34171875,0.49538536305801406,38.47830959317336
6.75,13.5,0.20900000000000002,0.34171875,10.353554087912494,197.20581794328376
6.75,13.5,0.40800000000000003,0.34171875,20.211722812766972,355.93332629339415
6.75,13.5,0.607,0.34171875,31.234895671783168,533.4187001856969
6.75,13.5,0.806,0.34171875,43.25975432839636,727.0323323011934
6.75,13.5,1.0050000000000001,0.34171875,54.98248085795896,915.7813002931847
6.75,13.5,1.2040000000000002,0.34171875,70.95950291270624,1173.0291697895786
6.75,13.5,1.4030000000000002,0.34171875,86.5449312896411,1423.9719444453747
6.75,13.5,1.6020000000000003,0.34171875,102.13035966657594,1674.9147191011705
6.75,13.5,1.8010000000000004,0.34171875,117.71578804351078,1925.8574937569665
6.75,13.5,2.0,0.34171875,133.3012164204456,2176.800268412762
6.75,15.75,0.01,0.34171875,0.7089537234627282,41.91699832488392
6.75,15.75,0.20900000000000002,0.34171875,14.817132820371022,269.07441243603466
6.75,15.75,0.40800000000000003,0.34171875,28.925311917279313,496.2318265471854
6.75,15.75,0.607,0.34171875,44.66035377771925,749.5835451067787
6.75,15.75,0.806,0.34171875,61.79419352829857,1025.4574693603604
6.75,15.75,1.0050000000000001,0.34171875,78.49753479268242,1294.3998879794296
6.75,15.75,1.2040000000000002,0.34171875,100.90886021895277,1655.2472160198492
6.75,15.75,1.4030000000000002,0.34171875,122.77088845340276,2007.2502468043758
6.75,15.75,1.6020000000000003,0.34171875,144.63291668785277,2359.2532775889026
6.75,15.75,1.8010000000000004,0.34171875,166.49494492230272,2711.2563083734294
6.75,15.75,2.0,0.34171875,188.35697315675267,3063.2593391579553
6.75,18.0,0.01,0.34171875,0.9670957209470419,46.073372313280075
6.75,18.0,0.20900000000000002,0.34171875,20.212300567793175,355.94262879351413
6.75,18.0,0.40800000000000003,0.34171875,39.45750541463931,665.8118852737482
6.75,18.0,0.607,0.34171875,60.87431775876304,1010.6464438073187
6.75,18.0,0.806,0.34171875,84.15830664260211,1385.5446265362818
6.75,18.0,1.0050000000000001,0.34171875,106.85727068011353,1751.023256935371
6.75,18.0,1.2040000000000002,0.34171875,136.89965707324563,2234.7391751921373
6.75,18.0,1.4030000000000002,0.34171875,166.20571046654607,2706.5993111386883
6.75,18.0,1.6020000000000003,0.34171875,195.51176385984652,3178.45944708524
6.75,18.0,1.8010000000000004,0.34171875,224.81781725314696,3650.3195830317914
6.75,18.0,2.0,0.34171875,254.1238706464473,4122.179718978341
6.75,20.25,0.01,0.34171875,1.2717946091314487,50.97936415298392
6.75,20.25,0.20900000000000002,0.34171875,26.58050733084728,458.4778582433246
6.75,20.25,0.40800000000000003,0.34171875,51.889220052563104,865.9763523336652
6.75,20.25,0.607,0.34171875,79.9986060509897,1318.568808935953
6.75,20.25,0.806,0.34171875,110.51604757705546,1809.9336445204763
6.75,20.25,1.0050000000000001,0.34171875,140.26671921553162,2288.9526299646845
6.75,20.25,1.2040000000000002,0.34171875,179.16726541025255,2915.294797894821
6.75,20.25,1.4030000000000002,0.34171875,217.11436684529892,3526.2854421011784
6.75,20.25,1.6020000000000003,0.34171875,255.06146828034525,4137.276086307536
6.75,20.25,1.8010000000000004,0.34171875,293.0085697153916,4748.266730513894
6.75,20.25,2.0,0.34171875,330.9556711504379,5359.2573747202505
9.0,0.0,0.01,0.6075,0.0,34.78142736384495
9.0,0.0,0.20900000000000002,0.6075,0.0,34.78142736384495
9.0,0.0,0.40800000000000003,0.6075,0.0,34.78142736384495
9.0,0.0,0.607,0.6075,0.0,34.78142736384495
9.0,0.0,0.806,0.6075,0.0,34.78142736384495
9.0,0.0,1.0050000000000001,0.6075,0.0,34.78142736384495
9.0,0.0,1.2040000000000002,0.6075,0.0,34.78142736384495
9.0,0.0,1.4030000000000002,0.6075,0.0,34.78142736384495
9.0,0.0,1.6020000000000003,0.6075,0.0,34.78142736384495
9.0,0.0,1.8010000000000004,0.6075,0.0,34.78142736384495
9.0,0.0,2.0,0.6075,0.0,34.78142736384495
9.0,2.25,0.01,0.6075,0.007681909039675419,34.90511466472931
9.0,2.25,0.20900000000000002,0.6075,0.16055189892921626,37.36649195232808
9.0,2.25,0.40800000000000003,0.6075,0.3134218888187571,39.827869239926855
9.0,2.25,0.607,0.6075,0.489522723233528,42.66328902682491
9.0,2.25,0.806,0.6075,0.685597741726067,45.8203154486345
9.0,2.25,1.0050000000000001,0.6075,0.8767462522162808,48.89801959853932
9.0,2.25,1.2040000000000002,0.6075,1.1868062274155768,53.890330916806775
9.0,2.25,1.4030000000000002,0.6075,1.4892666934188117,58.76028166354808
9.0,2.25,1.6020000000000003,0.6075,1.7917271594220465,63.630232410289366
9.0,2.25,1.8010000000000004,0.6075,2.094187625425281,68.50018315703065
9.0,2.25,2.0,0.6075,2.3966480914285153,73.37013390377194
9.0,4.5,0.01,0.6075,0.03850075630782705,35.40133246882948
9.0,4.5,0.20900000000000002,0.6075,0.8046658068335855,47.73744405802175
9.0,4.5,0.40800000000000003,0.6075,1.5708308573593437,60.073555647214015
9.0,4.5,0.607,0.6075,2.44332557997701,74.12169351490577
9.0,4.5,0.806,0.6075,3.407243945888654,89.64185397719525
9.0,4.5,1.0050000000000001,0.6075,4.346943257380406,104.77206065902519
9.0,4.5,1.2040000000000002,0.6075,5.7742635225302035,127.75350839319252
9.0,4.5,1.4030000000000002,0.6075,7.166600447847899,150.17168534956164
9.0,4.5,1.6020000000000003,0.6075,8.558937373165595,172.58986230593078
9.0,4.5,1.8010000000000004,0.6075,9.951274298483288,195.00803926229986
9.0,4.5,2.0,0.6075,11.343611223800979,217.42621621866894
9.0,6.75,0.01,0.6075,0.09884235177542741,36.372899436870384
9.0,6.75,0.20900000000000002,0.6075,2.065805152106433,68.0431936900766
9.0,6.75,0.40800000000000003,0.6075,4.032767952437439,99.71348794328284
9.0,6.75,0.607,0.6075,6.257670065907437,135.53689274093205
9.0,6.75,0.806,0.6075,8.704351775721243,174.9311963244575
9.0,6.75,1.0050000000000001,0.6075,11.089559070715604,213.33569328528125
9.0,6.75,1.2040000000000002,0.6075,14.572648617131549,269.4173186351334
9.0,6.75,1.4030000000000002,0.6075,17.97036832172357,324.12439434405786
9.0,6.75,1.6020000000000003,0.6075,21.368088026315593,378.83147005298224
9.0,6.75,1.8010000000000004,0.6075,24.765807730907614,433.5385457619067
9.0,6.75,2.0,0.6075,28.163527435499628,488.24562147083094
9.0,9.0,0.01,0.6075,0.19296092008104743,37.8883133290029
9.0,9.0,0.20900000000000002,0.6075,4.0328832296938915,99.71534403564613
9.0,9.0,0.40800000000000003,0.6075,7.872805539306734,161.54237474228933
9.0,9.0,0.607,0.6075,12.195560613878254,231.14355132436913
9.0,9.0,0.806,0.6075,16.933461617199292,307.4290402479458
9.0,9.0,1.0050000000000001,0.6075,21.55231988174342,381.7978083442969
9.0,9.0,1.2040000000000002,0.6075,28.10853256503346,487.3601427369233
9.0,9.0,1.4030000000000002,0.6075,34.50405376098796,590.3351650120833
9.0,9.0,1.6020000000000003,0.6075,40.899574956942466,693.3101872872435
9.0,9.0,1.8010000000000004,0.6075,47.29509615289697,796.2852095624035
9.0,9.0,2.0,0.6075,53.69061734885145,899.2602318375632
9.0,11.25,0.01,0.6075,0.32420451598246086,40.001481559915646
9.0,11.25,0.20900000000000002,0.6075,6.775874384033433,143.88056006172258
9.0,11.25,0.40800000000000003,0.6075,13.227544252084405,247.75963856352945
9.0,11.25,0.607,0.6075,20.46355470900032,364.267475087555
9.0,11.25,0.806,0.6075,28.37395146662255,491.63368299517055
9.0,11.25,1.0050000000000001,0.6075,36.08559453686733,615.7997349252078
9.0,11.25,1.2040000000000002,0.6075,46.790772516327785,788.1650366916683
9.0,11.25,1.4030000000000002,0.6075,57.23356868256616,956.3056987089509
9.0,11.25,1.6020000000000003,0.6075,67.67636484880454,1124.4463607262335
9.0,11.25,1.8010000000000004,0.6075,78.11916101504292,1292.5870227435162
9.0,11.25,2.0,0.6075,88.56195718128126,1460.7276847607982
9.0,13.5,0.01,0.6075,0.49538536305801406,42.757684064855525
9.0,13.5,0.20900000000000002,0.6075,10.353554087912494,201.48519241496592
9.0,13.5,0.40800000000000003,0.6075,20.211722812766972,360.2127007650763
9.0,13.5,0.607,0.6075,31.234895671783168,537.698074657379
9.0,13.5,0.806,0.6075,43.25975432839636,731.3117067728755
9.0,13.5,1.0050000000000001,0.6075,54.98248085795896,920.0606747648668
9.0,13.5,1.2040000000000002,0.6075,70.95950291270624,1177.3085442612607
9.0,13.5,1.4030000000000002,0.6075,86.5449312896411,1428.2513189170568
9.0,13.5,1.6020000000000003,0.6075,102.13035966657594,1679.1940935728528
9.0,13.5,1.8010000000000004,0.6075,117.71578804351078,1930.1368682286486
9.0,13.5,2.0,0.6075,133.3012164204456,2181.079642884444
9.0,15.75,0.01,0.6075,0.7089537234627282,46.19637279656609
9.0,15.75,0.20900000000000002,0.6075,14.817132820371022,273.3537869077169
9.0,15.75,0.40800000000000003,0.6075,28.925311917279313,500.51120101886755
9.0,15.75,0.607,0.6075,44.66035377771925,753.862919578461
9.0,15.75,0.806,0.6075,61.79419352829857,1029.7368438320425
9.0,15.75,1.0050000000000001,0.6075,78.49753479268242,1298.6792624511118
9.0,15.75,1.2040000000000002,0.6075,100.90886021895277,1659.5265904915314
9.0,15.75,1.4030000000000002,0.6075,122.77088845340276,2011.5296212760582
9.0,15.75,1.6020000000000003,0.6075,144.63291668785277,2363.532652060585
9.0,15.75,1.8010000000000004,0.6075,166.49494492230272,2715.5356828451113
9.0,15.75,2.0,0.6075,188.35697315675267,3067.538713629637
9.0,18.0,0.01,0.6075,0.9670957209470419,50.352746784962235
9.0,18.0,0.20900000000000002,0.6075,20.212300567793175,360.2220032651963
9.0,18.0,0.40800000000000003,0.6075,39.45750541463931,670.0912597454303
9.0,18.0,0.607,0.6075,60.87431775876304,1014.925818279001
9.0,18.0,0.806,0.6075,84.15830664260211,1389.824001007964
9.0,18.0,1.0050000000000001,0.6075,106.85727068011353,1755.302631407053
9.0,18.0,1.2040000000000002,0.6075,136.89965707324563,2239.0185496638196
9.0,18.0,1.4030000000000002,0.6075,166.20571046654607,2710.8786856103707
9.0,18.0,1.6020000000000003,0.6075,195.51176385984652,3182.738821556922
9.0,18.0,1.8010000000000004,0.6075,224.81781725314696,3654.5989575034737
9.0,18.0,2.0,0.6075,254.1238706464473,4126.459093450023
9.0,20.25,0.01,0.6075,1.2717946091314487,55.25873862466608
9.0,20.25,0.20900000000000002,0.6075,26.58050733084728,462.75723271500675
9.0,20.25,0.40800000000000003,0.6075,51.889220052563104,870.2557268053474
9.0,20.25,0.607,0.6075,79.9986060509897,1322.8481834076351
9.0,20.25,0.806,0.6075,110.51604757705546,1814.2130189921584
9.0,20.25,1.0050000000000001,0.6075,140.26671921553162,2293.232004436367
9.0,20.25,1.2040000000000002,0.6075,179.16726541025255,2919.574172366503
9.0,20.25,1.4030000000000002,0.6075,217.11436684529892,3530.5648165728603
9.0,20.25,1.6020000000000003,0.6075,255.06146828034525,4141.555460779218
9.0,20.25,1.8010000000000004,0.6075,293.0085697153916,4752.546104985576
9.0,20.25,2.0,0.6075,330.9556711504379,5363.536749191932
11.25,0.0,0.01,0.94921875,0.0,40.28348025600773
11.25,0.0,0.20900000000000002,0.94921875,0.0,40.28348025600773
11.25,0.0,0.40800000000000003,0.94921875,0.0,40.28348025600773
11.25,0.0,0.607,0.94921875,0.0,40.28348025600773
11.25,0.0,0.806,0.94921875,0.0,40.28348025600773
11.25,0.0,1.0050000000000001,0.94921875,0.0,40.28348025600773
11.25,0.0,1.2040000000000002,0.94921875,0.0,40.28348025600773
11.25,0.0,1.4030000000000002,0.94921875,0.0,40.28348025600773
11.25,0.0,1.6020000000000003,0.94921875,0.0,40.28348025600773
11.25,0.0,1.8010000000000004,0.94921875,0.0,40.28348025600773
11.25,0.0,2.0,0.94921875,0.0,40.28348025600773
11.25,2.25,0.01,0.94921875,0.007681909039675419,40.40716755689209
11.25,2.25,0.20900000000000002,0.94921875,0.16055189892921626,42.86854484449087
11.25,2.25,0.40800000000000003,0.94921875,0.3134218888187571,45.329922132089635
11.25,2.25,0.607,0.94921875,0.489522723233528,48.16534191898769
11.25,2.25,0.806,0.94921875,0.685597741726067,51.32236834079728
11.25,2.25,1.0050000000000001,0.94921875,0.8767462522162808,54.40007249070211
11.25,2.25,1.2040000000000002,0.94921875,1.1868062274155768,59.39238380896956
11.25,2.25,1.4030000000000002,0.94921875,1.4892666934188117,64.26233455571085
11.25,2.25,1.6020000000000003,0.94921875,1.7917271594220465,69.13228530245215
11.25,2.25,1.8010000000000004,0.94921875,2.094187625425281,74.00223604919344
11.25,2.25,2.0,0.94921875,2.3966480914285153,78.87218679593472
11.25,4.5,0.01,0.94921875,0.03850075630782705,40.90338536099227
11.25,4.5,0.20900000000000002,0.94921875,0.8046658068335855,53.23949695018453
11.25,4.5,0.40800000000000003,0.94921875,1.5708308573593437,65.57560853937679
11.25,4.5,0.607,0.94921875,2.44332557997701,79.62374640706855
11.25,4.5,0.806,0.94921875,3.407243945888654,95.14390686935803
11.25,4.5,1.0050000000000001,0.94921875,4.346943257380406,110.27411355118797
11.25,4.5,1.2040000000000002,0.94921875,5.7742635225302035,133.2555612853553
11.25,4.5,1.4030000000000002,0.94921875,7.166600447847899,155.67373824172444
11.25,4.5,1.6020000000000003,0.94921875,8.558937373165595,178.09191519809355
11.25,4.5,1.8010000000000004,0.94921875,9.951274298483288,200.51009215446265
11.25,4.5,2.0,0.94921875,11.343611223800979,222.9282691108317
11.25,6.75,0.01,0.94921875,0.09884235177542741,41.87495232903317
11.25,6.75,0.20900000000000002,0.94921875,2.065805152106433,73.5452465822394
11.25,6.75,0.40800000000000003,0.94921875,4.032767952437439,105.21554083544564
11.25,6.75,0.607,0.94921875,6.257670065907437,141.03894563309484
11.25,6.75,0.806,0.94921875,8.704351775721243,180.43324921662028
11.25,6.75,1.0050000000000001,0.94921875,11.089559070715604,218.83774617744405
11.25,6.75,1.2040000000000002,0.94921875,14.572648617131549,274.9193715272962
11.25,6.75,1.4030000000000002,0.94921875,17.97036832172357,329.6264472362206
11.25,6.75,1.6020000000000003,0.94921875,21.368088026315593,384.33352294514503
11.25,6.75,1.8010000000000004,0.94921875,24.765807730907614,439.0405986540694
11.25,6.75,2.0,0.94921875,28.163527435499628,493.74767436299373
11.25,9.0,0.01,0.94921875,0.19296092008104743,43.39036622116568
11.25,9.0,0.20900000000000002,0.94921875,4.0328832296938915,105.2173969278089
11.25,9.0,0.40800000000000003,0.94921875,7.872805539306734,167.04442763445212
11.25,9.0,0.607,0.94921875,12.195560613878254,236.6456042165319
11.25,9.0,0.806,0.94921875,16.933461617199292,312.9310931401086
11.25,9.0,1.0050000000000001,0.94921875,21.55231988174342,387.29986123645966
11.25,9.0,1.2040000000000002,0.94921875,28.10853256503346,492.8621956290861
11.25,9.0,1.4030000000000002,0.94921875,34.50405376098796,595.8372179042461
11.25,9.0,1.6020000000000003,0.94921875,40.899574956942466,698.8122401794062
11.25,9.0,1.8010000000000004,0.94921875,47.29509615289697,801.7872624545662
11.25,9.0,2.0,0.94921875,53.69061734885145,904.7622847297259
11.25,11.25,0.01,0.94921875,0.32420451598246086,45.503534452078426
11.25,11.25,0.20900000000000002,0.94921875,6.775874384033433,149.38261295388534
11.25,11.25,0.40800000000000003,0.94921875,13.227544252084405,253.26169145569224
11.25,11.25,0.607,0.94921875,20.46355470900032,369.7695279797178
11.25,11.25,0.806,0.94921875,28.37395146662255,497.13573588733334
11.25,11.25,1.0050000000000001,0.94921875,36.08559453686733,621.3017878173705
11.25,11.25,1.2040000000000002,0.94921875,46.790772516327785,793.6670895838312
11.25,11.25,1.4030000000000002,0.94921875,57.23356868256616,961.8077516011136
11.25,11.25,1.6020000000000003,0.94921875,67.67636484880454,1129.9484136183964
11.25,11.25,1.8010000000000004,0.94921875,78.11916101504292,1298.089075635679
11.25,11.25,2.0,0.94921875,88.56195718128126,1466.229737652961
11.25,13.5,0.01,0.94921875,0.49538536305801406,48.259736957018305
11.25,13.5,0.20900000000000002,0.94921875,10.353554087912494,206.98724530712872
11.25,13.5,0.40800000000000003,0.94921875,20.211722812766972,365.7147536572391
11.25,13.5,0.607,0.94921875,31.234895671783168,543.2001275495419
11.25,13.5,0.806,0.94921875,43.25975432839636,736.8137596650383
11.25,13.5,1.0050000000000001,0.94921875,54.98248085795896,925.5627276570297
11.25,13.5,1.2040000000000002,0.94921875,70.95950291270624,1182.8105971534235
11.25,13.5,1.4030000000000002,0.94921875,86.5449312896411,1433.7533718092197
11.25,13.5,1.6020000000000003,0.94921875,102.13035966657594,1684.6961464650155
11.25,13.5,1.8010000000000004,0.94921875,117.71578804351078,1935.6389211208113
11.25,13.5,2.0,0.94921875,133.3012164204456,2186.581695776607
11.25,15.75,0.01,0.94921875,0.7089537234627282,51.698425688728875
11.25,15.75,0.20900000000000002,0.94921875,14.817132820371022,278.8558397998796
11.25,15.75,0.40800000000000003,0.94921875,28.925311917279313,506.01325391103035
11.25,15.75,0.607,0.94921875,44.66035377771925,759.3649724706237
11.25,15.75,0.806,0.94921875,61.79419352829857,1035.2388967242055
11.25,15.75,1.0050000000000001,0.94921875,78.49753479268242,1304.1813153432747
11.25,15.75,1.2040000000000002,0.94921875,100.90886021895277,1665.028643383694
11.25,15.75,1.4030000000000002,0.94921875,122.77088845340276,2017.031674168221
11.25,15.75,1.6020000000000003,0.94921875,144.63291668785277,2369.0347049527477
11.25,15.75,1.8010000000000004,0.94921875,166.49494492230272,2721.037735737274
11.25,15.75,2.0,0.94921875,188.35697315675267,3073.0407665218
11.25,18.0,0.01,0.94921875,0.9670957209470419,55.854799677125015
11.25,18.0,0.20900000000000002,0.94921875,20.212300567793175,365.7240561573591
11.25,18.0,0.40800000000000003,0.94921875,39.45750541463931,675.5933126375932
11.25,18.0,0.607,0.94921875,60.87431775876304,1020.4278711711637
11.25,18.0,0.806,0.94921875,84.15830664260211,1395.3260539001267
11.25,18.0,1.0050000000000001,0.94921875,106.85727068011353,1760.8046842992158
11.25,18.0,1.2040000000000002,0.94921875,136.89965707324563,2244.5206025559824
11.25,18.0,1.4030000000000002,0.94921875,166.20571046654607,2716.3807385025334
11.25,18.0,1.6020000000000003,0.94921875,195.51176385984652,3188.240874449085
11.25,18.0,1.8010000000000004,0.94921875,224.81781725314696,3660.1010103956364
11.25,18.0,2.0,0.94921875,254.1238706464473,4131.961146342186
11.25,20.25,0.01,0.94921875,1.2717946091314487,60.760791516828874
11.25,20.25,0.20900000000000002,0.94921875,26.58050733084728,468.25928560716955
11.25,20.25,0.40800000000000003,0.94921875,51.889220052563104,875.7577796975102
11.25,20.25,0.607,0.94921875,79.9986060509897,1328.3502362997979
11.25,20.25,0.806,0.94921875,110.51604757705546,1819.715071884321
11.25,20.25,1.0050000000000001,0.94921875,140.26671921553162,2298.7340573285296
11.25,20.25,1.2040000000000002,0.94921875,179.16726541025255,2925.0762252586655
11.25,20.25,1.4030000000000002,0.94921875,217.11436684529892,3536.0668694650235
11.25,20.25,1.6020000000000003,0.94921875,255.06146828034525,4147.057513671381
11.25,20.25,1.8010000000000004,0.94921875,293.0085697153916,4758.048157877739
11.25,20.25,2.0,0.94921875,330.9556711504379,5369.038802084096
13.5,0.0,0.01,1.366875,0.0,47.008211568651134
13.5,0.0,0.20900000000000002,1.366875,0.0,47.008211568651134
13.5,0.0,0.40800000000000003,1.366875,0.0,47.008211568651134
13.5,0.0,0.607,1.366875,0.0,47.008211568651134
13.5,0.0,0.806,1.366875,0.0,47.008211568651134
13.5,0.0,1.0050000000000001,1.366875,0.0,47.008211568651134
13.5,0.0,1.2040000000000002,1.366875,0.0,47.008211568651134
13.5,0.0,1.4030000000000002,1.366875,0.0,47.008211568651134
13.5,0.0,1.6020000000000003,1.366875,0.0,47.008211568651134
13.5,0.0,1.8010000000000004,1.366875,0.0,47.008211568651134
13.5,0.0,2.0,1.366875,0.0,47.008211568651134
13.5,2.25,0.01,1.366875,0.007681909039675419,47.13189886953549
13.5,2.25,0.20900000000000002,1.366875,0.16055189892921626,49.59327615713427
13.5,2.25,0.40800000000000003,1.366875,0.3134218888187571,52.054653444733034
13.5,2.25,0.607,1.366875,0.489522723233528,54.89007323163109
13.5,2.25,0.806,1.366875,0.685597741726067,58.04709965344068
13.5,2.25,1.0050000000000001,1.366875,0.8767462522162808,61.12480380334551
13.5,2.25,1.2040000000000002,1.366875,1.1868062274155768,66.11711512161295
13.5,2.25,1.4030000000000002,1.366875,1.4892666934188117,70.98706586835425
13.5,2.25,1.6020000000000003,1.366875,1.7917271594220465,75.85701661509555
13.5,2.25,1.8010000000000004,1.366875,2.094187625425281,80.72696736183684
13.5,2.25,2.0,1.366875,2.3966480914285153,85.59691810857812
13.5,4.5,0.01,1.366875,0.03850075630782705,47.62811667363567
13.5,4.5,0.20900000000000002,1.366875,0.8046658068335855,59.96422826282793
13.5,4.5,0.40800000000000003,1.366875,1.5708308573593437,72.30033985202019
13.5,4.5,0.607,1.366875,2.44332557997701,86.34847771971195
13.5,4.5,0.806,1.366875,3.407243945888654,101.86863818200143
13.5,4.5,1.0050000000000001,1.366875,4.346943257380406,116.99884486383137
13.5,4.5,1.2040000000000002,1.366875,5.7742635225302035,139.9802925979987
13.5,4.5,1.4030000000000002,1.366875,7.166600447847899,162.39846955436784
13.5,4.5,1.6020000000000003,1.366875,8.558937373165595,184.81664651073694
13.5,4.5,1.8010000000000004,1.366875,9.951274298483288,207.23482346710605
13.5,4.5,2.0,1.366875,11.343611223800979,229.6530004234751
13.5,6.75,0.01,1.366875,0.09884235177542741,48.59968364167657
13.5,6.75,0.20900000000000002,1.366875,2.065805152106433,80.2699778948828
13.5,6.75,0.40800000000000003,1.366875,4.032767952437439,111.94027214808904
13.5,6.75,0.607,1.366875,6.257670065907437,147.76367694573824
13.5,6.75,0.806,1.366875,8.704351775721243,187.15798052926368
13.5,6.75,1.0050000000000001,1.366875,11.089559070715604,225.56247749008745
13.5,6.75,1.2040000000000002,1.366875,14.572648617131549,281.64410283993965
13.5,6.75,1.4030000000000002,1.366875,17.97036832172357,336.351178548864
13.5,6.75,1.6020000000000003,1.366875,21.368088026315593,391.0582542577884
13.5,6.75,1.8010000000000004,1.366875,24.765807730907614,445.76532996671284
13.5,6.75,2.0,1.366875,28.163527435499628,500.4724056756371
13.5,9.0,0.01,1.366875,0.19296092008104743,50.11509753380908
13.5,9.0,0.20900000000000002,1.366875,4.0328832296938915,111.9421282404523
13.5,9.0,0.40800000000000003,1.366875,7.872805539306734,173.76915894709552
13.5,9.0,0.607,1.366875,12.195560613878254,243.3703355291753
13.5,9.0,0.806,1.366875,16.933461617199292,319.65582445275203
13.5,9.0,1.0050000000000001,1.366875,21.55231988174342,394.0245925491031
13.5,9.0,1.2040000000000002,1.366875,28.10853256503346,499.5869269417295
13.5,9.0,1.4030000000000002,1.366875,34.50405376098796,602.5619492168895
13.5,9.0,1.6020000000000003,1.366875,40.899574956942466,705.5369714920496
13.5,9.0,1.8010000000000004,1.366875,47.29509615289697,808.5119937672096
13.5,9.0,2.0,1.366875,53.69061734885145,911.4870160423693
13.5,11.25,0.01,1.366875,0.32420451598246086,52.228265764721826
13.5,11.25,0.20900000000000002,1.366875,6.775874384033433,156.10734426652874
13.5,11.25,0.40800000000000003,1.366875,13.227544252084405,259.9864227683356
13.5,11.25,0.607,1.366875,20.46355470900032,376.4942592923612
13.5,11.25,0.806,1.366875,28.37395146662255,503.8604671999767
13.5,11.25,1.0050000000000001,1.366875,36.08559453686733,628.0265191300139
13.5,11.25,1.2040000000000002,1.366875,46.790772516327785,800.3918208964745
13.5,11.25,1.4030000000000002,1.366875,57.23356868256616,968.5324829137571
13.5,11.25,1.6020000000000003,1.366875,67.67636484880454,1136.6731449310398
13.5,11.25,1.8010000000000004,1.366875,78.11916101504292,1304.8138069483223
13.5,11.25,2.0,1.366875,88.56195718128126,1472.9544689656045
13.5,13.5,0.01,1.366875,0.49538536305801406,54.984468269661704
13.5,13.5,0.20900000000000002,1.366875,10.353554087912494,213.71197661977212
13.5,13.5,0.40800000000000003,1.366875,20.211722812766972,372.43948496988247
13.5,13.5,0.607,1.366875,31.234895671783168,549.9248588621853
13.5,13.5,0.806,1.366875,43.25975432839636,743.5384909776817
13.5,13.5,1.0050000000000001,1.366875,54.98248085795896,932.287458969673
13.5,13.5,1.2040000000000002,1.366875,70.95950291270624,1189.5353284660669
13.5,13.5,1.4030000000000002,1.366875,86.5449312896411,1440.4781031218631
13.5,13.5,1.6020000000000003,1.366875,102.13035966657594,1691.420877777659
13.5,13.5,1.8010000000000004,1.366875,117.71578804351078,1942.3636524334547
13.5,13.5,2.0,1.366875,133.3012164204456,2193.30642708925
13.5,15.75,0.01,1.366875,0.7089537234627282,58.423157001372275
13.5,15.75,0.20900000000000002,1.366875,14.817132820371022,285.58057111252305
13.5,15.75,0.40800000000000003,1.366875,28.925311917279313,512.7379852236737
13.5,15.75,0.607,1.366875,44.66035377771925,766.089703783267
13.5,15.75,0.806,1.366875,61.79419352829857,1041.9636280368486
13.5,15.75,1.0050000000000001,1.366875,78.49753479268242,1310.906046655918
13.5,15.75,1.2040000000000002,1.366875,100.90886021895277,1671.7533746963377
13.5,15.75,1.4030000000000002,1.366875,122.77088845340276,2023.7564054808643
13.5,15.75,1.6020000000000003,1.366875,144.63291668785277,2375.7594362653913
13.5,15.75,1.8010000000000004,1.366875,166.49494492230272,2727.7624670499176
13.5,15.75,2.0,1.366875,188.35697315675267,3079.7654978344435
13.5,18.0,0.01,1.366875,0.9670957209470419,62.579530989768415
13.5,18.0,0.20900000000000002,1.366875,20.212300567793175,372.44878747000246
13.5,18.0,0.40800000000000003,1.366875,39.45750541463931,682.3180439502365
13.5,18.0,0.607,1.366875,60.87431775876304,1027.1526024838072
13.5,18.0,0.806,1.366875,84.15830664260211,1402.05078521277
13.5,18.0,1.0050000000000001,1.366875,106.85727068011353,1767.5294156118593
13.5,18.0,1.2040000000000002,1.366875,136.89965707324563,2251.2453338686255
13.5,18.0,1.4030000000000002,1.366875,166.20571046654607,2723.1054698151765
13.5,18.0,1.6020000000000003,1.366875,195.51176385984652,3194.965605761728
13.5,18.0,1.8010000000000004,1.366875,224.81781725314696,3666.82574170828
13.5,18.0,2.0,1.366875,254.1238706464473,4138.68587765483
13.5,20.25,0.01,1.366875,1.2717946091314487,67.48552282947227
13.5,20.25,0.20900000000000002,1.366875,26.58050733084728,474.9840169198129
13.5,20.25,0.40800000000000003,1.366875,51.889220052563104,882.4825110101535
13.5,20.25,0.607,1.366875,79.9986060509897,1335.0749676124415
13.5,20.25,0.806,1.366875,110.51604757705546,1826.4398031969645
13.5,20.25,1.0050000000000001,1.366875,140.26671921553162,2305.4587886411728
13.5,20.25,1.2040000000000002,1.366875,179.16726541025255,2931.800956571309
13.5,20.25,1.4030000000000002,1.366875,217.11436684529892,3542.7916007776666
13.5,20.25,1.6020000000000003,1.366875,255.06146828034525,4153.782244984024
13.5,20.25,1.8010000000000004,1.366875,293.0085697153916,4764.772889190382
13.5,20.25,2.0,1.366875,330.9556711504379,5375.763533396738
15.75,0.0,0.01,1.86046875,0.0,54.95562130177515
15.75,0.0,0.20900000000000002,1.86046875,0.0,54.95562130177515
15.75,0.0,0.40800000000000003,1.86046875,0.0,54.95562130177515
15.75,0.0,0.607,1.86046875,0.0,54.95562130177515
15.75,0.0,0.806,1.86046875,0.0,54.95562130177515
15.75,0.0,1.0050000000000001,1.86046875,0.0,54.95562130177515
15.75,0.0,1.2040000000000002,1.86046875,0.0,54.95562130177515
15.75,0.0,1.4030000000000002,1.86046875,0.0,54.95562130177515
15.75,0.0,1.6020000000000003,1.86046875,0.0,54.95562130177515
15.75,0.0,1.8010000000000004,1.86046875,0.0,54.95562130177515
15.75,0.0,2.0,1.86046875,0.0,54.95562130177515
15.75,2.25,0.01,1.86046875,0.007681909039675419,55.07930860265951
15.75,2.25,0.20900000000000002,1.86046875,0.16055189892921626,57.54068589025829
15.75,2.25,0.40800000000000003,1.86046875,0.3134218888187571,60.00206317785706
15.75,2.25,0.607,1.86046875,0.489522723233528,62.83748296475512
15.75,2.25,0.806,1.86046875,0.685597741726067,65.9945093865647
15.75,2.25,1.0050000000000001,1.86046875,0.8767462522162808,69.07221353646952
15.75,2.25,1.2040000000000002,1.86046875,1.1868062274155768,74.06452485473699
15.75,2.25,1.4030000000000002,1.86046875,1.4892666934188117,78.93447560147828
15.75,2.25,1.6020000000000003,1.86046875,1.7917271594220465,83.80442634821958
15.75,2.25,1.8010000000000004,1.86046875,2.094187625425281,88.67437709496086
15.75,2.25,2.0,1.86046875,2.3966480914285153,93.54432784170214
15.75,4.5,0.01,1.86046875,0.03850075630782705,55.575526406759685
15.75,4.5,0.20900000000000002,1.86046875,0.8046658068335855,67.91163799595195
15.75,4.5,0.40800000000000003,1.86046875,1.5708308573593437,80.24774958514422
15.75,4.5,0.607,1.86046875,2.44332557997701,94.29588745283598
15.75,4.5,0.806,1.86046875,3.407243945888654,109.81604791512545
15.75,4.5,1.0050000000000001,1.86046875,4.346943257380406,124.94625459695538
15.75,4.5,1.2040000000000002,1.86046875,5.7742635225302035,147.92770233112273
15.75,4.5,1.4030000000000002,1.86046875,7.166600447847899,170.34587928749184
15.75,4.5,1.6020000000000003,1.86046875,8.558937373165595,192.76405624386098
15.75,4.5,1.8010000000000004,1.86046875,9.951274298483288,215.18223320023006
15.75,4.5,2.0,1.86046875,11.343611223800979,237.60041015659914
15.75,6.75,0.01,1.86046875,0.09884235177542741,56.547093374800596
15.75,6.75,0.20900000000000002,1.86046875,2.065805152106433,88.21738762800682
15.75,6.75,0.40800000000000003,1.86046875,4.032767952437439,119.88768188121306
15.75,6.75,0.607,1.86046875,6.257670065907437,155.71108667886227
15.75,6.75,0.806,1.86046875,8.704351775721243,195.10539026238771
15.75,6.75,1.0050000000000001,1.86046875,11.089559070715604,233.50988722321145
15.75,6.75,1.2040000000000002,1.86046875,14.572648617131549,289.59151257306365
15.75,6.75,1.4030000000000002,1.86046875,17.97036832172357,344.29858828198803
15.75,6.75,1.6020000000000003,1.86046875,21.368088026315593,399.00566399091247
15.75,6.75,1.8010000000000004,1.86046875,24.765807730907614,453.71273969983685
15.75,6.75,2.0,1.86046875,28.163527435499628,508.41981540876117
15.75,9.0,0.01,1.86046875,0.19296092008104743,58.0625072669331
15.75,9.0,0.20900000000000002,1.86046875,4.0328832296938915,119.88953797357632
15.75,9.0,0.40800000000000003,1.86046875,7.872805539306734,181.71656868021952
15.75,9.0,0.607,1.86046875,12.195560613878254,251.31774526229933
15.75,9.0,0.806,1.86046875,16.933461617199292,327.60323418587603
15.75,9.0,1.0050000000000001,1.86046875,21.55231988174342,401.9720022822271
15.75,9.0,1.2040000000000002,1.86046875,28.10853256503346,507.5343366748535
15.75,9.0,1.4030000000000002,1.86046875,34.50405376098796,610.5093589500135
15.75,9.0,1.6020000000000003,1.86046875,40.899574956942466,713.4843812251736
15.75,9.0,1.8010000000000004,1.86046875,47.29509615289697,816.4594035003336
15.75,9.0,2.0,1.86046875,53.69061734885145,919.4344257754933
15.75,11.25,0.01,1.86046875,0.32420451598246086,60.17567549784585
15.75,11.25,0.20900000000000002,1.86046875,6.775874384033433,164.05475399965275
15.75,11.25,0.40800000000000003,1.86046875,13.227544252084405,267.9338325014597
15.75,11.25,0.607,1.86046875,20.46355470900032,384.4416690254852
15.75,11.25,0.806,1.86046875,28.37395146662255,511.8078769331008
15.75,11.25,1.0050000000000001,1.86046875,36.08559453686733,635.973928863138
15.75,11.25,1.2040000000000002,1.86046875,46.790772516327785,808.3392306295985
15.75,11.25,1.4030000000000002,1.86046875,57.23356868256616,976.4798926468811
15.75,11.25,1.6020000000000003,1.86046875,67.67636484880454,1144.6205546641638
15.75,11.25,1.8010000000000004,1.86046875,78.11916101504292,1312.7612166814463
15.75,11.25,2.0,1.86046875,88.56195718128126,1480.9018786987285
15.75,13.5,0.01,1.86046875,0.49538536305801406,62.93187800278573
15.75,13.5,0.20900000000000002,1.86046875,10.353554087912494,221.65938635289612
15.75,13.5,0.40800000000000003,1.86046875,20.211722812766972,380.3868947030065
15.75,13.5,0.607,1.86046875,31.234895671783168,557.8722685953093
15.75,13.5,0.806,1.86046875,43.25975432839636,751.4859007108057
15.75,13.5,1.0050000000000001,1.86046875,54.98248085795896,940.234868702797
15.75,13.5,1.2040000000000002,1.86046875,70.95950291270624,1197.4827381991909
15.75,13.5,1.4030000000000002,1.86046875,86.5449312896411,1448.4255128549871
15.75,13.5,1.6020000000000003,1.86046875,102.13035966657594,1699.368287510783
15.75,13.5,1.8010000000000004,1.86046875,117.71578804351078,1950.3110621665787
15.75,13.5,2.0,1.86046875,133.3012164204456,2201.253836822374
15.75,15.75,0.01,1.86046875,0.7089537234627282,66.3705667344963
15.75,15.75,0.20900000000000002,1.86046875,14.817132820371022,293.52798084564705
15.75,15.75,0.40800000000000003,1.86046875,28.925311917279313,520.6853949567977
15.75,15.75,0.607,1.86046875,44.66035377771925,774.0371135163911
15.75,15.75,0.806,1.86046875,61.79419352829857,1049.9110377699726
15.75,15.75,1.0050000000000001,1.86046875,78.49753479268242,1318.853456389042
15.75,15.75,1.2040000000000002,1.86046875,100.90886021895277,1679.7007844294617
15.75,15.75,1.4030000000000002,1.86046875,122.77088845340276,2031.7038152139883
15.75,15.75,1.6020000000000003,1.86046875,144.63291668785277,2383.7068459985153
15.75,15.75,1.8010000000000004,1.86046875,166.49494492230272,2735.7098767830416
15.75,15.75,2.0,1.86046875,188.35697315675267,3087.7129075675675
15.75,18.0,0.01,1.86046875,0.9670957209470419,70.52694072289243
15.75,18.0,0.20900000000000002,1.86046875,20.212300567793175,380.3961972031265
15.75,18.0,0.40800000000000003,1.86046875,39.45750541463931,690.2654536833605
15.75,18.0,0.607,1.86046875,60.87431775876304,1035.1000122169312
15.75,18.0,0.806,1.86046875,84.15830664260211,1409.998194945894
15.75,18.0,1.0050000000000001,1.86046875,106.85727068011353,1775.4768253449834
15.75,18.0,1.2040000000000002,1.86046875,136.89965707324563,2259.1927436017495
15.75,18.0,1.4030000000000002,1.86046875,166.20571046654607,2731.0528795483006
15.75,18.0,1.6020000000000003,1.86046875,195.51176385984652,3202.913015494852
15.75,18.0,1.8010000000000004,1.86046875,224.81781725314696,3674.773151441404
15.75,18.0,2.0,1.86046875,254.1238706464473,4146.633287387954
15.75,20.25,0.01,1.86046875,1.2717946091314487,75.43293256259629
15.75,20.25,0.20900000000000002,1.86046875,26.58050733084728,482.931426652937
15.75,20.25,0.40800000000000003,1.86046875,51.889220052563104,890.4299207432775
15.75,20.25,0.607,1.86046875,79.9986060509897,1343.0223773455655
15.75,20.25,0.806,1.86046875,110.51604757705546,1834.3872129300885
15.75,20.25,1.0050000000000001,1.86046875,140.26671921553162,2313.4061983742968
15.75,20.25,1.2040000000000002,1.86046875,179.16726541025255,2939.748366304433
15.75,20.25,1.4030000000000002,1.86046875,217.11436684529892,3550.7390105107906
15.75,20.25,1.6020000000000003,1.86046875,255.06146828034525,4161.729654717148
15.75,20.25,1.8010000000000004,1.86046875,293.0085697153916,4772.720298923506
15.75,20.25,2.0,1.86046875,330.9556711504379,5383.710943129862
18.0,0.0,0.01,2.43,0.0,64.12570945537979
18.0,0.0,0.20900000000000002,2.43,0.0,64.12570945537979
18.0,0.0,0.40800000000000003,2.43,0.0,64.12570945537979
18.0,0.0,0.607,2.43,0.0,64.12570945537979
18.0,0.0,0.806,2.43,0.0,64.12570945537979
18.0,0.0,1.0050000000000001,2.43,0.0,64.12570945537979
18.0,0.0,1.2040000000000002,2.43,0.0,64.12570945537979
18.0,0.0,1.4030000000000002,2.43,0.0,64.12570945537979
18.0,0.0,1.6020000000000003,2.43,0.0,64.12570945537979
18.0,0.0,1.8010000000000004,2.43,0.0,64.12570945537979
18.0,0.0,2.0,2.43,0.0,64.12570945537979
18.0,2.25,0.01,2.43,0.007681909039675419,64.24939675626415
18.0,2.25,0.20900000000000002,2.43,0.16055189892921626,66.71077404386293
18.0,2.25,0.40800000000000003,2.43,0.3134218888187571,69.17215133146169
18.0,2.25,0.607,2.43,0.489522723233528,72.00757111835975
18.0,2.25,0.806,2.43,0.685597741726067,75.16459754016934
18.0,2.25,1.0050000000000001,2.43,0.8767462522162808,78.24230169007416
18.0,2.25,1.2040000000000002,2.43,1.1868062274155768,83.23461300834163
18.0,2.25,1.4030000000000002,2.43,1.4892666934188117,88.10456375508292
18.0,2.25,1.6020000000000003,2.43,1.7917271594220465,92.9745145018242
18.0,2.25,1.8010000000000004,2.43,2.094187625425281,97.8444652485655
18.0,2.25,2.0,2.43,2.3966480914285153,102.71441599530678
18.0,4.5,0.01,2.43,0.03850075630782705,64.74561456036432
18.0,4.5,0.20900000000000002,2.43,0.8046658068335855,77.08172614955659
18.0,4.5,0.40800000000000003,2.43,1.5708308573593437,89.41783773874886
18.0,4.5,0.607,2.43,2.44332557997701,103.46597560644062
18.0,4.5,0.806,2.43,3.407243945888654,118.9861360687301
18.0,4.5,1.0050000000000001,2.43,4.346943257380406,134.11634275056002
18.0,4.5,1.2040000000000002,2.43,5.7742635225302035,157.09779048472737
18.0,4.5,1.4030000000000002,2.43,7.166600447847899,179.51596744109648
18.0,4.5,1.6020000000000003,2.43,8.558937373165595,201.93414439746562
18.0,4.5,1.8010000000000004,2.43,9.951274298483288,224.3523213538347
18.0,4.5,2.0,2.43,11.343611223800979,246.77049831020378
18.0,6.75,0.01,2.43,0.09884235177542741,65.71718152840523
18.0,6.75,0.20900000000000002,2.43,2.065805152106433,97.38747578161147
18.0,6.75,0.40800000000000003,2.43,4.032767952437439,129.05777003481768
18.0,6.75,0.607,2.43,6.257670065907437,164.8811748324669
18.0,6.75,0.806,2.43,8.704351775721243,204.27547841599235
18.0,6.75,1.0050000000000001,2.43,11.089559070715604,242.6799753768161
18.0,6.75,1.2040000000000002,2.43,14.572648617131549,298.7616007266683
18.0,6.75,1.4030000000000002,2.43,17.97036832172357,353.46867643559267
18.0,6.75,1.6020000000000003,2.43,21.368088026315593,408.1757521445171
18.0,6.75,1.8010000000000004,2.43,24.765807730907614,462.8828278534415
18.0,6.75,2.0,2.43,28.163527435499628,517.5899035623659
18.0,9.0,0.01,2.43,0.19296092008104743,67.23259542053773
18.0,9.0,0.20900000000000002,2.43,4.0328832296938915,129.05962612718096
18.0,9.0,0.40800000000000003,2.43,7.872805539306734,190.88665683382416
18.0,9.0,0.607,2.43,12.195560613878254,260.487833415904
18.0,9.0,0.806,2.43,16.933461617199292,336.77332233948067
18.0,9.0,1.0050000000000001,2.43,21.55231988174342,411.14209043583173
18.0,9.0,1.2040000000000002,2.43,28.10853256503346,516.7044248284581
18.0,9.0,1.4030000000000002,2.43,34.50405376098796,619.6794471036181
18.0,9.0,1.6020000000000003,2.43,40.899574956942466,722.6544693787782
18.0,9.0,1.8010000000000004,2.43,47.29509615289697,825.6294916539382
18.0,9.0,2.0,2.43,53.69061734885145,928.604513929098
18.0,11.25,0.01,2.43,0.32420451598246086,69.34576365145048
18.0,11.25,0.20900000000000002,2.43,6.775874384033433,173.22484215325738
18.0,11.25,0.40800000000000003,2.43,13.227544252084405,277.1039206550643
18.0,11.25,0.607,2.43,20.46355470900032,393.61175717908986
18.0,11.25,0.806,2.43,28.37395146662255,520.9779650867054
18.0,11.25,1.0050000000000001,2.43,36.08559453686733,645.1440170167426
18.0,11.25,1.2040000000000002,2.43,46.790772516327785,817.5093187832032
18.0,11.25,1.4030000000000002,2.43,57.23356868256616,985.6499808004858
18.0,11.25,1.6020000000000003,2.43,67.67636484880454,1153.7906428177685
18.0,11.25,1.8010000000000004,2.43,78.11916101504292,1321.931304835051
18.0,11.25,2.0,2.43,88.56195718128126,1490.0719668523332
18.0,13.5,0.01,2.43,0.49538536305801406,72.10196615639038
18.0,13.5,0.20900000000000002,2.43,10.353554087912494,230.82947450650076
18.0,13.5,0.40800000000000003,2.43,20.211722812766972,389.5569828566111
18.0,13.5,0.607,2.43,31.234895671783168,567.0423567489139
18.0,13.5,0.806,2.43,43.25975432839636,760.6559888644103
18.0,13.5,1.0050000000000001,2.43,54.98248085795896,949.4049568564017
18.0,13.5,1.2040000000000002,2.43,70.95950291270624,1206.6528263527955
18.0,13.5,1.4030000000000002,2.43,86.5449312896411,1457.5956010085918
18.0,13.5,1.6020000000000003,2.43,102.13035966657594,1708.5383756643876
18.0,13.5,1.8010000000000004,2.43,117.71578804351078,1959.4811503201834
18.0,13.5,2.0,2.43,133.3012164204456,2210.423924975979
18.0,15.75,0.01,2.43,0.7089537234627282,75.54065488810093
18.0,15.75,0.20900000000000002,2.43,14.817132820371022,302.6980689992517
18.0,15.75,0.40800000000000003,2.43,28.925311917279313,529.8554831104024
18.0,15.75,0.607,2.43,44.66035377771925,783.2072016699957
18.0,15.75,0.806,2.43,61.79419352829857,1059.0811259235772
18.0,15.75,1.0050000000000001,2.43,78.49753479268242,1328.0235445426467
18.0,15.75,1.2040000000000002,2.43,100.90886021895277,1688.8708725830663
18.0,15.75,1.4030000000000002,2.43,122.77088845340276,2040.873903367593
18.0,15.75,1.6020000000000003,2.43,144.63291668785277,2392.8769341521197
18.0,15.75,1.8010000000000004,2.43,166.49494492230272,2744.879964936646
18.0,15.75,2.0,2.43,188.35697315675267,3096.882995721172
18.0,18.0,0.01,2.43,0.9670957209470419,79.69702887649707
18.0,18.0,0.20900000000000002,2.43,20.212300567793175,389.56628535673116
18.0,18.0,0.40800000000000003,2.43,39.45750541463931,699.4355418369652
18.0,18.0,0.607,2.43,60.87431775876304,1044.2701003705356
18.0,18.0,0.806,2.43,84.15830664260211,1419.1682830994987
18.0,18.0,1.0050000000000001,2.43,106.85727068011353,1784.646913498588
18.0,18.0,1.2040000000000002,2.43,136.89965707324563,2268.3628317553544
18.0,18.0,1.4030000000000002,2.43,166.20571046654607,2740.2229677019054
18.0,18.0,1.6020000000000003,2.43,195.51176385984652,3212.083103648457
18.0,18.0,1.8010000000000004,2.43,224.81781725314696,3683.9432395950084
18.0,18.0,2.0,2.43,254.1238706464473,4155.803375541558
18.0,20.25,0.01,2.43,1.2717946091314487,84.60302071620093
18.0,20.25,0.20900000000000002,2.43,26.58050733084728,492.1015148065416
18.0,20.25,0.40800000000000003,2.43,51.889220052563104,899.6000088968822
18.0,20.25,0.607,2.43,79.9986060509897,1352.19246549917
18.0,20.25,0.806,2.43,110.51604757705546,1843.5573010836931
18.0,20.25,1.0050000000000001,2.43,140.26671921553162,2322.5762865279016
18.0,20.25,1.2040000000000002,2.43,179.16726541025255,2948.9184544580376
18.0,20.25,1.4030000000000002,2.43,217.11436684529892,3559.9090986643955
18.0,20.25,1.6020000000000003,2.43,255.06146828034525,4170.899742870753
18.0,20.25,1.8010000000000004,2.43,293.0085697153916,4781.890387077111
18.0,20.25,2.0,2.43,330.9556711504379,5392.881031283468
20.25,0.0,0.01,3.07546875,0.0,74.51847602946505
20.25,0.0,0.20900000000000002,3.07546875,0.0,74.51847602946505
20.25,0.0,0.40800000000000003,3.07546875,0.0,74.51847602946505
20.25,0.0,0.607,3.07546875,0.0,74.51847602946505
20.25,0.0,0.806,3.07546875,0.0,74.51847602946505
20.25,0.0,1.0050000000000001,3.07546875,0.0,74.51847602946505
20.25,0.0,1.2040000000000002,3.07546875,0.0,74.51847602946505
20.25,0.0,1.4030000000000002,3.07546875,0.0,74.51847602946505
20.25,0.0,1.6020000000000003,3.07546875,0.0,74.51847602946505
20.25,0.0,1.8010000000000004,3.07546875,0.0,74.51847602946505
20.25,0.0,2.0,3.07546875,0.0,74.51847602946505
20.25,2.25,0.01,3.07546875,0.007681909039675419,74.6421633303494
20.25,2.25,0.20900000000000002,3.07546875,0.16055189892921626,77.10354061794818
20.25,2.25,0.40800000000000003,3.07546875,0.3134218888187571,79.56491790554696
20.25,2.25,0.607,3.07546875,0.489522723233528,82.40033769244502
20.25,2.25,0.806,3.07546875,0.685597741726067,85.5573641142546
20.25,2.25,1.0050000000000001,3.07546875,0.8767462522162808,88.63506826415943
20.25,2.25,1.2040000000000002,3.07546875,1.1868062274155768,93.62737958242687
20.25,2.25,1.4030000000000002,3.07546875,1.4892666934188117,98.49733032916818
20.25,2.25,1.6020000000000003,3.07546875,1.7917271594220465,103.36728107590946
20.25,2.25,1.8010000000000004,3.07546875,2.094187625425281,108.23723182265076
20.25,2.25,2.0,3.07546875,2.3966480914285153,113.10718256939202
20.25,4.5,0.01,3.07546875,0.03850075630782705,75.13838113444959
20.25,4.5,0.20900000000000002,3.07546875,0.8046658068335855,87.47449272364184
20.25,4.5,0.40800000000000003,3.07546875,1.5708308573593437,99.81060431283412
20.25,4.5,0.607,3.07546875,2.44332557997701,113.85874218052588
20.25,4.5,0.806,3.07546875,3.407243945888654,129.37890264281535
20.25,4.5,1.0050000000000001,3.07546875,4.346943257380406,144.5091093246453
20.25,4.5,1.2040000000000002,3.07546875,5.7742635225302035,167.4905570588126
20.25,4.5,1.4030000000000002,3.07546875,7.166600447847899,189.90873401518175
20.25,4.5,1.6020000000000003,3.07546875,8.558937373165595,212.32691097155086
20.25,4.5,1.8010000000000004,3.07546875,9.951274298483288,234.74508792791997
20.25,4.5,2.0,3.07546875,11.343611223800979,257.163264884289
20.25,6.75,0.01,3.07546875,0.09884235177542741,76.10994810249048
20.25,6.75,0.20900000000000002,3.07546875,2.065805152106433,107.78024235569673
20.25,6.75,0.40800000000000003,3.07546875,4.032767952437439,139.45053660890295
20.25,6.75,0.607,3.07546875,6.257670065907437,175.27394140655218
20.25,6.75,0.806,3.07546875,8.704351775721243,214.6682449900776
20.25,6.75,1.0050000000000001,3.07546875,11.089559070715604,253.07274195090136
20.25,6.75,1.2040000000000002,3.07546875,14.572648617131549,309.15436730075356
20.25,6.75,1.4030000000000002,3.07546875,17.97036832172357,363.86144300967794
20.25,6.75,1.6020000000000003,3.07546875,21.368088026315593,418.5685187186023
20.25,6.75,1.8010000000000004,3.07546875,24.765807730907614,473.27559442752676
20.25,6.75,2.0,3.07546875,28.163527435499628,527.982670136451
20.25,9.0,0.01,3.07546875,0.19296092008104743,77.625361994623
20.25,9.0,0.20900000000000002,3.07546875,4.0328832296938915,139.4523927012662
20.25,9.0,0.40800000000000003,3.07546875,7.872805539306734,201.27942340790943
20.25,9.0,0.607,3.07546875,12.195560613878254,270.8805999899892
20.25,9.0,0.806,3.07546875,16.933461617199292,347.16608891356594
20.25,9.0,1.0050000000000001,3.07546875,21.55231988174342,421.534857009917
20.25,9.0,1.2040000000000002,3.07546875,28.10853256503346,527.0971914025433
20.25,9.0,1.4030000000000002,3.07546875,34.50405376098796,630.0722136777034
20.25,9.0,1.6020000000000003,3.07546875,40.899574956942466,733.0472359528635
20.25,9.0,1.8010000000000004,3.07546875,47.29509615289697,836.0222582280235
20.25,9.0,2.0,3.07546875,53.69061734885145,938.9972805031832
20.25,11.25,0.01,3.07546875,0.32420451598246086,79.73853022553575
20.25,11.25,0.20900000000000002,3.07546875,6.775874384033433,183.61760872734263
20.25,11.25,0.40800000000000003,3.07546875,13.227544252084405,287.4966872291496
20.25,11.25,0.607,3.07546875,20.46355470900032,404.00452375317514
20.25,11.25,0.806,3.07546875,28.37395146662255,531.3707316607906
20.25,11.25,1.0050000000000001,3.07546875,36.08559453686733,655.5367835908278
20.25,11.25,1.2040000000000002,3.07546875,46.790772516327785,827.9020853572885
20.25,11.25,1.4030000000000002,3.07546875,57.23356868256616,996.042747374571
20.25,11.25,1.6020000000000003,3.07546875,67.67636484880454,1164.1834093918537
20.25,11.25,1.8010000000000004,3.07546875,78.11916101504292,1332.3240714091362
20.25,11.25,2.0,3.07546875,88.56195718128126,1500.4647334264184
20.25,13.5,0.01,3.07546875,0.49538536305801406,82.49473273047562
20.25,13.5,0.20900000000000002,3.07546875,10.353554087912494,241.22224108058603
20.25,13.5,0.40800000000000003,3.07546875,20.211722812766972,399.9497494306964
20.25,13.5,0.607,3.07546875,31.234895671783168,577.4351233229992
20.25,13.5,0.806,3.07546875,43.25975432839636,771.0487554384956
20.25,13.5,1.0050000000000001,3.07546875,54.98248085795896,959.7977234304869
20.25,13.5,1.2040000000000002,3.07546875,70.95950291270624,1217.0455929268808
20.25,13.5,1.4030000000000002,3.07546875,86.5449312896411,1467.988367582677
20.25,13.5,1.6020000000000003,3.07546875,102.13035966657594,1718.9311422384728
20.25,13.5,1.8010000000000004,3.07546875,117.71578804351078,1969.8739168942686
20.25,13.5,2.0,3.07546875,133.3012164204456,2220.816691550064
20.25,15.75,0.01,3.07546875,0.7089537234627282,85.93342146218619
20.25,15.75,0.20900000000000002,3.07546875,14.817132820371022,313.09083557333696
20.25,15.75,0.40800000000000003,3.07546875,28.925311917279313,540.2482496844876
20.25,15.75,0.607,3.07546875,44.66035377771925,793.599968244081
20.25,15.75,0.806,3.07546875,61.79419352829857,1069.4738924976625
20.25,15.75,1.0050000000000001,3.07546875,78.49753479268242,1338.416311116732
20.25,15.75,1.2040000000000002,3.07546875,100.90886021895277,1699.2636391571516
20.25,15.75,1.4030000000000002,3.07546875,122.77088845340276,2051.266669941678
20.25,15.75,1.6020000000000003,3.07546875,144.63291668785277,2403.269700726205
20.25,15.75,1.8010000000000004,3.07546875,166.49494492230272,2755.2727315107313
20.25,15.75,2.0,3.07546875,188.35697315675267,3107.275762295257
20.25,18.0,0.01,3.07546875,0.9670957209470419,90.08979545058233
20.25,18.0,0.20900000000000002,3.07546875,20.212300567793175,399.9590519308164
20.25,18.0,0.40800000000000003,3.07546875,39.45750541463931,709.8283084110504
20.25,18.0,0.607,3.07546875,60.87431775876304,1054.662866944621
20.25,18.0,0.806,3.07546875,84.15830664260211,1429.561049673584
20.25,18.0,1.0050000000000001,3.07546875,106.85727068011353,1795.0396800726733
20.25,18.0,1.2040000000000002,3.07546875,136.89965707324563,2278.7555983294396
20.25,18.0,1.4030000000000002,3.07546875,166.20571046654607,2750.6157342759907
20.25,18.0,1.6020000000000003,3.07546875,195.51176385984652,3222.475870222542
20.25,18.0,1.8010000000000004,3.07546875,224.81781725314696,3694.3360061690937
20.25,18.0,2.0,3.07546875,254.1238706464473,4166.196142115644
20.25,20.25,0.01,3.07546875,1.2717946091314487,94.99578729028619
20.25,20.25,0.20900000000000002,3.07546875,26.58050733084728,502.49428138062683
20.25,20.25,0.40800000000000003,3.07546875,51.889220052563104,909.9927754709674
20.25,20.25,0.607,3.07546875,79.9986060509897,1362.5852320732554
20.25,20.25,0.806,3.07546875,110.51604757705546,1853.9500676577784
20.25,20.25,1.0050000000000001,3.07546875,140.26671921553162,2332.969053101987
20.25,20.25,1.2040000000000002,3.07546875,179.16726541025255,2959.311221032123
20.25,20.25,1.4030000000000002,3.07546875,217.11436684529892,3570.301865238481
20.25,20.25,1.6020000000000003,3.07546875,255.06146828034525,4181.292509444838
20.25,20.25,1.8010000000000004,3.07546875,293.0085697153916,4792.283153651196
20.25,20.25,2.0,3.07546875,330.9556711504379,5403.273797857552
