0.0,5.0,0.01,0.0,0.0100844356866087,25.19517947813633
0.0,5.0,0.20900000000000002,0.0,0.21076470585012186,29.079251093049244
0.0,5.0,0.40800000000000003,0.0,0.41144497601363506,32.96332270796216
0.0,5.0,0.607,0.0,0.6275172975469531,37.14530018961539
0.0,5.0,0.806,0.0,0.8568239062393559,41.583421033325706
0.0,5.0,1.0050000000000001,0.0,1.0803690423515475,45.91003130307345
0.0,5.0,1.2040000000000002,0.0,1.4542496951922796,53.146314321232495
0.0,5.0,1.4030000000000002,0.0,1.818966606541817,60.20523746149547
0.0,5.0,1.6020000000000003,0.0,2.1836835178913545,67.26416060175845
0.0,5.0,1.8010000000000004,0.0,2.5484004292408917,74.32308374202142
0.0,5.0,2.0,0.0,2.913117340590429,81.3820068822844
0.0,10.0,0.01,0.0,0.04859299426165911,25.940494397090223
0.0,10.0,0.20900000000000002,0.0,1.0155935800686755,44.65633289918567
0.0,10.0,0.40800000000000003,0.0,1.982594165875692,63.372171401281115
0.0,10.0,0.607,0.0,3.089565831039321,84.79708387360179
0.0,10.0,0.806,0.0,4.316886461631068,108.55129359134983
0.0,10.0,1.0050000000000001,0.0,5.51336989044915,131.7086638689534
0.0,10.0,1.2040000000000002,0.0,7.222138220144588,164.78106585657497
0.0,10.0,1.4030000000000002,0.0,8.889024973131802,197.04286975626462
0.0,10.0,1.6020000000000003,0.0,10.555911726119017,229.30467365595428
0.0,10.0,1.8010000000000004,0.0,12.222798479106231,261.5664775556439
0.0,10.0,2.0,0.0,13.889685232093443,293.8282814553335
0.0,15.0,0.01,0.0,0.12191508811192307,27.359608808475794
0.0,15.0,0.20900000000000002,0.0,2.5480253415391925,74.31582409714409
0.0,15.0,0.40800000000000003,0.0,4.974135594966461,121.27203938581238
0.0,15.0,0.607,0.0,7.852476916406968,176.98097288250773
0.0,15.0,0.806,0.0,11.11965242716727,240.21560801601146
0.0,15.0,1.0050000000000001,0.0,14.304738100973797,301.86143322153765
0.0,15.0,1.2040000000000002,0.0,18.451744082090094,382.1247705441544
0.0,15.0,1.4030000000000002,0.0,22.497107759747657,460.420869206903
0.0,15.0,1.6020000000000003,0.0,26.54247143740522,538.7169678696515
0.0,15.0,1.8010000000000004,0.0,30.587835115062784,617.0130665324002
0.0,15.0,2.0,0.0,34.633198792720336,695.3091651951486
0.0,20.0,0.01,0.0,0.2341508404331656,29.53187865550231
0.0,20.0,0.20900000000000002,0.0,4.893752565053162,119.7162638999983
0.0,20.0,0.40800000000000003,0.0,9.553354289673157,209.90064914449428
0.0,20.0,0.607,0.0,15.223228894064958,319.6383876530693
0.0,20.0,0.806,0.0,21.76174933900822,446.18835513636657
0.0,20.0,1.0050000000000001,0.0,28.135985350661446,569.5586751954603
0.0,20.0,1.2040000000000002,0.0,35.9062955973902,719.9493510889863
0.0,20.0,1.4030000000000002,0.0,43.48615706356187,866.6539810047296
0.0,20.0,1.6020000000000003,0.0,51.06601852973354,1013.3586109204731
0.0,20.0,1.8010000000000004,0.0,58.64587999590521,1160.0632408362164
0.0,20.0,2.0,0.0,66.22574146207687,1306.7678707519597
0.0,25.0,0.01,0.0,0.38846108487566533,32.51848037694228
0.0,25.0,0.20900000000000002,0.0,8.118836673901406,182.1362398780937
0.0,25.0,0.40800000000000003,0.0,15.849212262927146,331.7539993792451
0.0,25.0,0.607,0.0,25.441911357194957,517.4161485884736
0.0,25.0,0.806,0.0,36.635860568119504,734.069735677544
0.0,25.0,1.0050000000000001,0.0,47.54855477374444,945.279765302065
0.0,25.0,1.2040000000000002,0.0,60.18601281424939,1189.8717823438212
0.0,25.0,1.4030000000000002,0.0,72.5137292361145,1428.4688970071031
0.0,25.0,1.6020000000000003,0.0,84.8414456579796,1667.0660116703848
0.0,25.0,1.8010000000000004,0.0,97.16916207984471,1905.6631263336665
0.0,25.0,2.0,0.0,109.4968785017098,2144.2602409969477
0.0,30.0,0.01,0.0,0.5874616449683165,36.370041998709375
0.0,30.0,0.20900000000000002,0.0,12.277948379837818,262.633877773026
0.0,30.0,0.40800000000000003,0.0,23.968435114707322,488.89771354734256
0.0,30.0,0.607,0.0,38.70931638171808,774.2004912511363
0.0,30.0,0.806,0.0,56.07296677916807,1110.2657236980322
0.0,30.0,1.0050000000000001,0.0,73.00034455356653,1437.8871060834479
0.0,30.0,1.2040000000000002,0.0,91.79487573247992,1801.646358590602
0.0,30.0,1.4030000000000002,0.0,110.12875663740031,2156.489943144149
0.0,30.0,1.6020000000000003,0.0,128.46263754232072,2511.3335276976964
0.0,30.0,1.8010000000000004,0.0,146.7965184472411,2866.177112251243
0.0,30.0,2.0,0.0,165.13039935216148,3221.02069680479
0.0,35.0,0.01,0.0,0.8334052032283277,41.13016312436885
0.0,35.0,0.20900000000000002,0.0,17.41816874747205,362.120409299309
0.0,35.0,0.40800000000000003,0.0,34.00293229171577,683.1106554742493
0.0,35.0,0.607,0.0,55.19981104842965,1093.3662079339942
0.0,35.0,0.806,0.0,80.36224681025807,1580.3732386946936
0.0,35.0,1.0050000000000001,0.0,104.89246056802044,2055.143911898591
0.0,35.0,1.2040000000000002,0.0,131.1719160852367,2563.77033116053
0.0,35.0,1.4030000000000002,0.0,156.80726730056034,3059.930416617029
0.0,35.0,1.6020000000000003,0.0,182.44261851588402,3556.090502073528
0.0,35.0,1.8010000000000004,0.0,208.07796973120767,4052.250587530027
0.0,35.0,2.0,0.0,233.71332094653127,4548.410672986525
0.0,40.0,0.01,0.0,1.1282823153546053,46.83737001702434
0.0,40.0,0.20900000000000002,0.0,23.581100390911256,481.40103335580886
0.0,40.0,0.40800000000000003,0.0,46.0339184664679,915.9646966945934
0.0,40.0,0.607,0.0,75.0685474313893,1477.9161935721547
0.0,40.0,0.806,0.0,109.76230351613837,2149.3974164830574
0.0,40.0,1.0050000000000001,0.0,143.58435718669773,2804.0072518836355
0.0,40.0,1.2040000000000002,0.0,178.7088025862572,3483.824262568485
0.0,40.0,1.4030000000000002,0.0,212.97235471621957,4146.979091618901
0.0,40.0,1.6020000000000003,0.0,247.23590684618196,4810.133920669317
0.0,40.0,1.8010000000000004,0.0,281.4994589761443,5473.2887497197335
0.0,40.0,2.0,0.0,315.7630111061066,6136.443578770149
0.0,45.0,0.01,0.0,1.4738840299289315,53.526327573986194
0.0,45.0,0.20900000000000002,0.0,30.80417622551467,621.2002462963114
0.0,45.0,0.40800000000000003,0.0,60.134468421100415,1188.8741650186369
0.0,45.0,0.607,0.0,98.45596250091266,1930.5685392347737
0.0,45.0,0.806,0.0,144.5082096026767,2821.8879779876456
0.0,45.0,1.0050000000000001,0.0,189.40336506871802,3690.812455967833
0.0,45.0,1.2040000000000002,0.0,234.76084565435664,4568.685017745326
0.0,45.0,1.4030000000000002,0.0,279.0066232844649,5425.0410951655285
0.0,45.0,1.6020000000000003,0.0,323.25240091457323,6281.397172585731
0.0,45.0,1.8010000000000004,0.0,367.4981785446815,7137.7532500059315
0.0,45.0,2.0,0.0,411.7439561747896,7994.109327426131
5.0,0.0,0.01,0.03,0.0,25.580635796196837
5.0,0.0,0.20900000000000002,0.03,0.0,25.580635796196837
5.0,0.0,0.40800000000000003,0.03,0.0,25.580635796196837
5.0,0.0,0.607,0.03,0.0,25.580635796196837
5.0,0.0,0.806,0.03,0.0,25.580635796196837
5.0,0.0,1.0050000000000001,0.03,0.0,25.580635796196837
5.0,0.0,1.2040000000000002,0.03,0.0,25.580635796196837
5.0,0.0,1.4030000000000002,0.03,0.0,25.580635796196837
5.0,0.0,1.6020000000000003,0.03,0.0,25.580635796196837
5.0,0.0,1.8010000000000004,0.03,0.0,25.580635796196837
5.0,0.0,2.0,0.03,0.0,25.580635796196837
5.0,5.0,0.01,0.03,0.0100844356866087,25.775815274333162
5.0,5.0,0.20900000000000002,0.03,0.21076470585012186,29.65988688924608
5.0,5.0,0.40800000000000003,0.03,0.41144497601363506,33.543958504159
5.0,5.0,0.607,0.03,0.6275172975469531,37.72593598581222
5.0,5.0,0.806,0.03,0.8568239062393559,42.164056829522536
5.0,5.0,1.0050000000000001,0.03,1.0803690423515475,46.49066709927028
5.0,5.0,1.2040000000000002,0.03,1.4542496951922796,53.726950117429325
5.0,5.0,1.4030000000000002,0.03,1.818966606541817,60.7858732576923
5.0,5.0,1.6020000000000003,0.03,2.1836835178913545,67.84479639795528
5.0,5.0,1.8010000000000004,0.03,2.5484004292408917,74.90371953821825
5.0,5.0,2.0,0.03,2.913117340590429,81.96264267848123
5.0,10.0,0.01,0.03,0.04859299426165911,26.52113019328706
5.0,10.0,0.20900000000000002,0.03,1.0155935800686755,45.23696869538251
5.0,10.0,0.40800000000000003,0.03,1.982594165875692,63.95280719747795
5.0,10.0,0.607,0.03,3.089565831039321,85.37771966979864
5.0,10.0,0.806,0.03,4.316886461631068,109.13192938754668
5.0,10.0,1.0050000000000001,0.03,5.51336989044915,132.28929966515025
5.0,10.0,1.2040000000000002,0.03,7.222138220144588,165.3617016527718
5.0,10.0,1.4030000000000002,0.03,8.889024973131802,197.62350555246144
5.0,10.0,1.6020000000000003,0.03,10.555911726119017,229.8853094521511
5.0,10.0,1.8010000000000004,0.03,12.222798479106231,262.14711335184074
5.0,10.0,2.0,0.03,13.889685232093443,294.40891725153034
5.0,15.0,0.01,0.03,0.12191508811192307,27.94024460467263
5.0,15.0,0.20900000000000002,0.03,2.5480253415391925,74.89645989334093
5.0,15.0,0.40800000000000003,0.03,4.974135594966461,121.85267518200922
5.0,15.0,0.607,0.03,7.852476916406968,177.56160867870457
5.0,15.0,0.806,0.03,11.11965242716727,240.7962438122083
5.0,15.0,1.0050000000000001,0.03,14.304738100973797,302.44206901773447
5.0,15.0,1.2040000000000002,0.03,18.451744082090094,382.7054063403512
5.0,15.0,1.4030000000000002,0.03,22.497107759747657,461.0015050030998
5.0,15.0,1.6020000000000003,0.03,26.54247143740522,539.2976036658483
5.0,15.0,1.8010000000000004,0.03,30.587835115062784,617.593702328597
5.0,15.0,2.0,0.03,34.633198792720336,695.8898009913454
5.0,20.0,0.01,0.03,0.2341508404331656,30.11251445169915
5.0,20.0,0.20900000000000002,0.03,4.893752565053162,120.29689969619513
5.0,20.0,0.40800000000000003,0.03,9.553354289673157,210.48128494069113
5.0,20.0,0.607,0.03,15.223228894064958,320.21902344926616
5.0,20.0,0.806,0.03,21.76174933900822,446.76899093256344
5.0,20.0,1.0050000000000001,0.03,28.135985350661446,570.1393109916571
5.0,20.0,1.2040000000000002,0.03,35.9062955973902,720.5299868851831
5.0,20.0,1.4030000000000002,0.03,43.48615706356187,867.2346168009266
5.0,20.0,1.6020000000000003,0.03,51.06601852973354,1013.9392467166699
5.0,20.0,1.8010000000000004,0.03,58.64587999590521,1160.6438766324134
5.0,20.0,2.0,0.03,66.22574146207687,1307.3485065481564
5.0,25.0,0.01,0.03,0.38846108487566533,33.099116173139116
5.0,25.0,0.20900000000000002,0.03,8.118836673901406,182.71687567429055
5.0,25.0,0.40800000000000003,0.03,15.849212262927146,332.334635175442
5.0,25.0,0.607,0.03,25.441911357194957,517.9967843846704
5.0,25.0,0.806,0.03,36.635860568119504,734.6503714737408
5.0,25.0,1.0050000000000001,0.03,47.54855477374444,945.8604010982618
5.0,25.0,1.2040000000000002,0.03,60.18601281424939,1190.4524181400182
5.0,25.0,1.4030000000000002,0.03,72.5137292361145,1429.0495328032998
5.0,25.0,1.6020000000000003,0.03,84.8414456579796,1667.6466474665817
5.0,25.0,1.8010000000000004,0.03,97.16916207984471,1906.2437621298634
5.0,25.0,2.0,0.03,109.4968785017098,2144.8408767931446
5.0,30.0,0.01,0.03,0.5874616449683165,36.95067779490621
5.0,30.0,0.20900000000000002,0.03,12.277948379837818,263.2145135692228
5.0,30.0,0.40800000000000003,0.03,23.968435114707322,489.4783493435394
5.0,30.0,0.607,0.03,38.70931638171808,774.7811270473331
5.0,30.0,0.806,0.03,56.07296677916807,1110.8463594942289
5.0,30.0,1.0050000000000001,0.03,73.00034455356653,1438.4677418796446
5.0,30.0,1.2040000000000002,0.03,91.79487573247992,1802.2269943867987
5.0,30.0,1.4030000000000002,0.03,110.12875663740031,2157.070578940346
5.0,30.0,1.6020000000000003,0.03,128.46263754232072,2511.9141634938933
5.0,30.0,1.8010000000000004,0.03,146.7965184472411,2866.75774804744
5.0,30.0,2.0,0.03,165.13039935216148,3221.6013326009866
5.0,35.0,0.01,0.03,0.8334052032283277,41.710798920565686
5.0,35.0,0.20900000000000002,0.03,17.41816874747205,362.7010450955059
5.0,35.0,0.40800000000000003,0.03,34.00293229171577,683.6912912704461
5.0,35.0,0.607,0.03,55.19981104842965,1093.9468437301912
5.0,35.0,0.806,0.03,80.36224681025807,1580.9538744908903
5.0,35.0,1.0050000000000001,0.03,104.89246056802044,2055.7245476947874
5.0,35.0,1.2040000000000002,0.03,131.1719160852367,2564.3509669567266
5.0,35.0,1.4030000000000002,0.03,156.80726730056034,3060.511052413226
5.0,35.0,1.6020000000000003,0.03,182.44261851588402,3556.671137869725
5.0,35.0,1.8010000000000004,0.03,208.07796973120767,4052.831223326224
5.0,35.0,2.0,0.03,233.71332094653127,4548.991308782722
5.0,40.0,0.01,0.03,1.1282823153546053,47.418005813221185
5.0,40.0,0.20900000000000002,0.03,23.581100390911256,481.98166915200574
5.0,40.0,0.40800000000000003,0.03,46.0339184664679,916.5453324907903
5.0,40.0,0.607,0.03,75.0685474313893,1478.4968293683517
5.0,40.0,0.806,0.03,109.76230351613837,2149.9780522792544
5.0,40.0,1.0050000000000001,0.03,143.58435718669773,2804.5878876798324
5.0,40.0,1.2040000000000002,0.03,178.7088025862572,3484.4048983646817
5.0,40.0,1.4030000000000002,0.03,212.97235471621957,4147.559727415098
5.0,40.0,1.6020000000000003,0.03,247.23590684618196,4810.714556465515
5.0,40.0,1.8010000000000004,0.03,281.4994589761443,5473.86938551593
5.0,40.0,2.0,0.03,315.7630111061066,6137.024214566345
5.0,45.0,0.01,0.03,1.4738840299289315,54.106963370183024
5.0,45.0,0.20900000000000002,0.03,30.80417622551467,621.7808820925083
5.0,45.0,0.40800000000000003,0.03,60.134468421100415,1189.4548008148336
5.0,45.0,0.607,0.03,98.45596250091266,1931.1491750309704
5.0,45.0,0.806,0.03,144.5082096026767,2822.4686137838426
5.0,45.0,1.0050000000000001,0.03,189.40336506871802,3691.39309176403
5.0,45.0,1.2040000000000002,0.03,234.76084565435664,4569.2656535415235
5.0,45.0,1.4030000000000002,0.03,279.0066232844649,5425.621730961725
5.0,45.0,1.6020000000000003,0.03,323.25240091457323,6281.977808381927
5.0,45.0,1.8010000000000004,0.03,367.4981785446815,7138.333885802129
5.0,45.0,2.0,0.03,411.7439561747896,7994.6899632223285
10.0,0.0,0.01,0.12,0.0,27.322543184787342
10.0,0.0,0.20900000000000002,0.12,0.0,27.322543184787342
10.0,0.0,0.40800000000000003,0.12,0.0,27.322543184787342
10.0,0.0,0.607,0.12,0.0,27.322543184787342
10.0,0.0,0.806,0.12,0.0,27.322543184787342
10.0,0.0,1.0050000000000001,0.12,0.0,27.322543184787342
10.0,0.0,1.2040000000000002,0.12,0.0,27.322543184787342
10.0,0.0,1.4030000000000002,0.12,0.0,27.322543184787342
10.0,0.0,1.6020000000000003,0.12,0.0,27.322543184787342
10.0,0.0,1.8010000000000004,0.12,0.0,27.322543184787342
10.0,0.0,2.0,0.12,0.0,27.322543184787342
10.0,5.0,0.01,0.12,0.0100844356866087,27.51772266292367
10.0,5.0,0.20900000000000002,0.12,0.21076470585012186,31.401794277836586
10.0,5.0,0.40800000000000003,0.12,0.41144497601363506,35.285865892749506
10.0,5.0,0.607,0.12,0.6275172975469531,39.46784337440273
10.0,5.0,0.806,0.12,0.8568239062393559,43.90596421811305
10.0,5.0,1.0050000000000001,0.12,1.0803690423515475,48.23257448786079
10.0,5.0,1.2040000000000002,0.12,1.4542496951922796,55.46885750601983
10.0,5.0,1.4030000000000002,0.12,1.818966606541817,62.527780646282814
10.0,5.0,1.6020000000000003,0.12,2.1836835178913545,69.58670378654578
10.0,5.0,1.8010000000000004,0.12,2.5484004292408917,76.64562692680877
10.0,5.0,2.0,0.12,2.913117340590429,83.70455006707174
10.0,10.0,0.01,0.12,0.04859299426165911,28.263037581877565
10.0,10.0,0.20900000000000002,0.12,1.0155935800686755,46.97887608397301
10.0,10.0,0.40800000000000003,0.12,1.982594165875692,65.69471458606846
10.0,10.0,0.607,0.12,3.089565831039321,87.11962705838914
10.0,10.0,0.806,0.12,4.316886461631068,110.87383677613718
10.0,10.0,1.0050000000000001,0.12,5.51336989044915,134.03120705374076
10.0,10.0,1.2040000000000002,0.12,7.222138220144588,167.10360904136232
10.0,10.0,1.4030000000000002,0.12,8.889024973131802,199.36541294105194
10.0,10.0,1.6020000000000003,0.12,10.555911726119017,231.6272168407416
10.0,10.0,1.8010000000000004,0.12,12.222798479106231,263.88902074043125
10.0,10.0,2.0,0.12,13.889685232093443,296.15082464012085
10.0,15.0,0.01,0.12,0.12191508811192307,29.682151993263137
10.0,15.0,0.20900000000000002,0.12,2.5480253415391925,76.63836728193144
10.0,15.0,0.40800000000000003,0.12,4.974135594966461,123.59458257059973
10.0,15.0,0.607,0.12,7.852476916406968,179.30351606729508
10.0,15.0,0.806,0.12,11.11965242716727,242.5381512007988
10.0,15.0,1.0050000000000001,0.12,14.304738100973797,304.183976406325
10.0,15.0,1.2040000000000002,0.12,18.451744082090094,384.4473137289417
10.0,15.0,1.4030000000000002,0.12,22.497107759747657,462.7434123916903
10.0,15.0,1.6020000000000003,0.12,26.54247143740522,541.0395110544389
10.0,15.0,1.8010000000000004,0.12,30.587835115062784,619.3356097171875
10.0,15.0,2.0,0.12,34.633198792720336,697.6317083799358
10.0,20.0,0.01,0.12,0.2341508404331656,31.854421840289653
10.0,20.0,0.20900000000000002,0.12,4.893752565053162,122.03880708478563
10.0,20.0,0.40800000000000003,0.12,9.553354289673157,212.22319232928163
10.0,20.0,0.607,0.12,15.223228894064958,321.96093083785667
10.0,20.0,0.806,0.12,21.76174933900822,448.51089832115395
10.0,20.0,1.0050000000000001,0.12,28.135985350661446,571.8812183802477
10.0,20.0,1.2040000000000002,0.12,35.9062955973902,722.2718942737737
10.0,20.0,1.4030000000000002,0.12,43.48615706356187,868.976524189517
10.0,20.0,1.6020000000000003,0.12,51.06601852973354,1015.6811541052604
10.0,20.0,1.8010000000000004,0.12,58.64587999590521,1162.3857840210037
10.0,20.0,2.0,0.12,66.22574146207687,1309.090413936747
10.0,25.0,0.01,0.12,0.38846108487566533,34.84102356172963
10.0,25.0,0.20900000000000002,0.12,8.118836673901406,184.45878306288103
10.0,25.0,0.40800000000000003,0.12,15.849212262927146,334.0765425640325
10.0,25.0,0.607,0.12,25.441911357194957,519.7386917732608
10.0,25.0,0.806,0.12,36.635860568119504,736.3922788623313
10.0,25.0,1.0050000000000001,0.12,47.54855477374444,947.6023084868524
10.0,25.0,1.2040000000000002,0.12,60.18601281424939,1192.1943255286087
10.0,25.0,1.4030000000000002,0.12,72.5137292361145,1430.7914401918904
10.0,25.0,1.6020000000000003,0.12,84.8414456579796,1669.3885548551723
10.0,25.0,1.8010000000000004,0.12,97.16916207984471,1907.9856695184537
10.0,25.0,2.0,0.12,109.4968785017098,2146.582784181735
10.0,30.0,0.01,0.12,0.5874616449683165,38.69258518349672
10.0,30.0,0.20900000000000002,0.12,12.277948379837818,264.9564209578133
10.0,30.0,0.40800000000000003,0.12,23.968435114707322,491.2202567321299
10.0,30.0,0.607,0.12,38.70931638171808,776.5230344359236
10.0,30.0,0.806,0.12,56.07296677916807,1112.5882668828194
10.0,30.0,1.0050000000000001,0.12,73.00034455356653,1440.2096492682351
10.0,30.0,1.2040000000000002,0.12,91.79487573247992,1803.9689017753892
10.0,30.0,1.4030000000000002,0.12,110.12875663740031,2158.8124863289363
10.0,30.0,1.6020000000000003,0.12,128.46263754232072,2513.6560708824836
10.0,30.0,1.8010000000000004,0.12,146.7965184472411,2868.4996554360305
10.0,30.0,2.0,0.12,165.13039935216148,3223.3432399895773
10.0,35.0,0.01,0.12,0.8334052032283277,43.4527063091562
10.0,35.0,0.20900000000000002,0.12,17.41816874747205,364.4429524840964
10.0,35.0,0.40800000000000003,0.12,34.00293229171577,685.4331986590365
10.0,35.0,0.607,0.12,55.19981104842965,1095.6887511187817
10.0,35.0,0.806,0.12,80.36224681025807,1582.6957818794808
10.0,35.0,1.0050000000000001,0.12,104.89246056802044,2057.466455083378
10.0,35.0,1.2040000000000002,0.12,131.1719160852367,2566.0928743453173
10.0,35.0,1.4030000000000002,0.12,156.80726730056034,3062.2529598018164
10.0,35.0,1.6020000000000003,0.12,182.44261851588402,3558.4130452583154
10.0,35.0,1.8010000000000004,0.12,208.07796973120767,4054.5731307148144
10.0,35.0,2.0,0.12,233.71332094653127,4550.733216171313
10.0,40.0,0.01,0.12,1.1282823153546053,49.15991320181169
10.0,40.0,0.20900000000000002,0.12,23.581100390911256,483.72357654059624
10.0,40.0,0.40800000000000003,0.12,46.0339184664679,918.2872398793808
10.0,40.0,0.607,0.12,75.0685474313893,1480.2387367569422
10.0,40.0,0.806,0.12,109.76230351613837,2151.7199596678447
10.0,40.0,1.0050000000000001,0.12,143.58435718669773,2806.329795068423
10.0,40.0,1.2040000000000002,0.12,178.7088025862572,3486.1468057532725
10.0,40.0,1.4030000000000002,0.12,212.97235471621957,4149.301634803688
10.0,40.0,1.6020000000000003,0.12,247.23590684618196,4812.456463854105
10.0,40.0,1.8010000000000004,0.12,281.4994589761443,5475.611292904521
10.0,40.0,2.0,0.12,315.7630111061066,6138.766121954935
10.0,45.0,0.01,0.12,1.4738840299289315,55.848870758773536
10.0,45.0,0.20900000000000002,0.12,30.80417622551467,623.5227894810988
10.0,45.0,0.40800000000000003,0.12,60.134468421100415,1191.1967082034241
10.0,45.0,0.607,0.12,98.45596250091266,1932.891082419561
10.0,45.0,0.806,0.12,144.5082096026767,2824.210521172433
10.0,45.0,1.0050000000000001,0.12,189.40336506871802,3693.1349991526204
10.0,45.0,1.2040000000000002,0.12,234.76084565435664,4571.007560930114
10.0,45.0,1.4030000000000002,0.12,279.0066232844649,5427.363638350316
10.0,45.0,1.6020000000000003,0.12,323.25240091457323,6283.719715770518
10.0,45.0,1.8010000000000004,0.12,367.4981785446815,7140.075793190719
10.0,45.0,2.0,0.12,411.7439561747896,7996.431870610919
15.0,0.0,0.01,0.27,0.0,30.225722165771522
15.0,0.0,0.20900000000000002,0.27,0.0,30.225722165771522
15.0,0.0,0.40800000000000003,0.27,0.0,30.225722165771522
15.0,0.0,0.607,0.27,0.0,30.225722165771522
15.0,0.0,0.806,0.27,0.0,30.225722165771522
15.0,0.0,1.0050000000000001,0.27,0.0,30.225722165771522
15.0,0.0,1.2040000000000002,0.27,0.0,30.225722165771522
15.0,0.0,1.4030000000000002,0.27,0.0,30.225722165771522
15.0,0.0,1.6020000000000003,0.27,0.0,30.225722165771522
15.0,0.0,1.8010000000000004,0.27,0.0,30.225722165771522
15.0,0.0,2.0,0.27,0.0,30.225722165771522
15.0,5.0,0.01,0.27,0.0100844356866087,30.420901643907847
15.0,5.0,0.20900000000000002,0.27,0.21076470585012186,34.304973258820766
15.0,5.0,0.40800000000000003,0.27,0.41144497601363506,38.18904487373368
15.0,5.0,0.607,0.27,0.6275172975469531,42.37102235538691
15.0,5.0,0.806,0.27,0.8568239062393559,46.80914319909722
15.0,5.0,1.0050000000000001,0.27,1.0803690423515475,51.13575346884497
15.0,5.0,1.2040000000000002,0.27,1.4542496951922796,58.37203648700401
15.0,5.0,1.4030000000000002,0.27,1.818966606541817,65.43095962726699
15.0,5.0,1.6020000000000003,0.27,2.1836835178913545,72.48988276752996
15.0,5.0,1.8010000000000004,0.27,2.5484004292408917,79.54880590779294
15.0,5.0,2.0,0.27,2.913117340590429,86.60772904805592
15.0,10.0,0.01,0.27,0.04859299426165911,31.16621656286174
15.0,10.0,0.20900000000000002,0.27,1.0155935800686755,49.88205506495719
15.0,10.0,0.40800000000000003,0.27,1.982594165875692,68.59789356705264
15.0,10.0,0.607,0.27,3.089565831039321,90.02280603937332
15.0,10.0,0.806,0.27,4.316886461631068,113.77701575712136
15.0,10.0,1.0050000000000001,0.27,5.51336989044915,136.93438603472492
15.0,10.0,1.2040000000000002,0.27,7.222138220144588,170.0067880223465
15.0,10.0,1.4030000000000002,0.27,8.889024973131802,202.26859192203614
15.0,10.0,1.6020000000000003,0.27,10.555911726119017,234.5303958217258
15.0,10.0,1.8010000000000004,0.27,12.222798479106231,266.79219972141544
15.0,10.0,2.0,0.27,13.889685232093443,299.05400362110504
15.0,15.0,0.01,0.27,0.12191508811192307,32.58533097424731
15.0,15.0,0.20900000000000002,0.27,2.5480253415391925,79.54154626291562
15.0,15.0,0.40800000000000003,0.27,4.974135594966461,126.4977615515839
15.0,15.0,0.607,0.27,7.852476916406968,182.20669504827927
15.0,15.0,0.806,0.27,11.11965242716727,245.44133018178297
15.0,15.0,1.0050000000000001,0.27,14.304738100973797,307.08715538730917
15.0,15.0,1.2040000000000002,0.27,18.451744082090094,387.3504927099259
15.0,15.0,1.4030000000000002,0.27,22.497107759747657,465.6465913726745
15.0,15.0,1.6020000000000003,0.27,26.54247143740522,543.9426900354231
15.0,15.0,1.8010000000000004,0.27,30.587835115062784,622.2387886981717
15.0,15.0,2.0,0.27,34.633198792720336,700.53488736092
15.0,20.0,0.01,0.27,0.2341508404331656,34.75760082127383
15.0,20.0,0.20900000000000002,0.27,4.893752565053162,124.94198606576981
15.0,20.0,0.40800000000000003,0.27,9.553354289673157,215.1263713102658
15.0,20.0,0.607,0.27,15.223228894064958,324.8641098188408
15.0,20.0,0.806,0.27,21.76174933900822,451.4140773021381
15.0,20.0,1.0050000000000001,0.27,28.135985350661446,574.7843973612319
15.0,20.0,1.2040000000000002,0.27,35.9062955973902,725.1750732547579
15.0,20.0,1.4030000000000002,0.27,43.48615706356187,871.8797031705012
15.0,20.0,1.6020000000000003,0.27,51.06601852973354,1018.5843330862446
15.0,20.0,1.8010000000000004,0.27,58.64587999590521,1165.288963001988
15.0,20.0,2.0,0.27,66.22574146207687,1311.9935929177311
15.0,25.0,0.01,0.27,0.38846108487566533,37.7442025427138
15.0,25.0,0.20900000000000002,0.27,8.118836673901406,187.36196204386522
15.0,25.0,0.40800000000000003,0.27,15.849212262927146,336.9797215450167
15.0,25.0,0.607,0.27,25.441911357194957,522.641870754245
15.0,25.0,0.806,0.27,36.635860568119504,739.2954578433155
15.0,25.0,1.0050000000000001,0.27,47.54855477374444,950.5054874678366
15.0,25.0,1.2040000000000002,0.27,60.18601281424939,1195.097504509593
15.0,25.0,1.4030000000000002,0.27,72.5137292361145,1433.6946191728746
15.0,25.0,1.6020000000000003,0.27,84.8414456579796,1672.2917338361565
15.0,25.0,1.8010000000000004,0.27,97.16916207984471,1910.888848499438
15.0,25.0,2.0,0.27,109.4968785017098,2149.485963162719
15.0,30.0,0.01,0.27,0.5874616449683165,41.5957641644809
15.0,30.0,0.20900000000000002,0.27,12.277948379837818,267.8595999387975
15.0,30.0,0.40800000000000003,0.27,23.968435114707322,494.1234357131141
15.0,30.0,0.607,0.27,38.70931638171808,779.4262134169078
15.0,30.0,0.806,0.27,56.07296677916807,1115.4914458638036
15.0,30.0,1.0050000000000001,0.27,73.00034455356653,1443.1128282492193
15.0,30.0,1.2040000000000002,0.27,91.79487573247992,1806.8720807563734
15.0,30.0,1.4030000000000002,0.27,110.12875663740031,2161.7156653099205
15.0,30.0,1.6020000000000003,0.27,128.46263754232072,2516.559249863468
15.0,30.0,1.8010000000000004,0.27,146.7965184472411,2871.4028344170147
15.0,30.0,2.0,0.27,165.13039935216148,3226.2464189705615
15.0,35.0,0.01,0.27,0.8334052032283277,46.35588529014037
15.0,35.0,0.20900000000000002,0.27,17.41816874747205,367.34613146508053
15.0,35.0,0.40800000000000003,0.27,34.00293229171577,688.3363776400207
15.0,35.0,0.607,0.27,55.19981104842965,1098.5919300997657
15.0,35.0,0.806,0.27,80.36224681025807,1585.598960860465
15.0,35.0,1.0050000000000001,0.27,104.89246056802044,2060.3696340643623
15.0,35.0,1.2040000000000002,0.27,131.1719160852367,2568.9960533263015
15.0,35.0,1.4030000000000002,0.27,156.80726730056034,3065.1561387828006
15.0,35.0,1.6020000000000003,0.27,182.44261851588402,3561.3162242392996
15.0,35.0,1.8010000000000004,0.27,208.07796973120767,4057.4763096957986
15.0,35.0,2.0,0.27,233.71332094653127,4553.636395152296
15.0,40.0,0.01,0.27,1.1282823153546053,52.06309218279587
15.0,40.0,0.20900000000000002,0.27,23.581100390911256,486.62675552158044
15.0,40.0,0.40800000000000003,0.27,46.0339184664679,921.190418860365
15.0,40.0,0.607,0.27,75.0685474313893,1483.1419157379264
15.0,40.0,0.806,0.27,109.76230351613837,2154.623138648829
15.0,40.0,1.0050000000000001,0.27,143.58435718669773,2809.2329740494074
15.0,40.0,1.2040000000000002,0.27,178.7088025862572,3489.0499847342567
15.0,40.0,1.4030000000000002,0.27,212.97235471621957,4152.204813784672
15.0,40.0,1.6020000000000003,0.27,247.23590684618196,4815.359642835089
15.0,40.0,1.8010000000000004,0.27,281.4994589761443,5478.514471885505
15.0,40.0,2.0,0.27,315.7630111061066,6141.66930093592
15.0,45.0,0.01,0.27,1.4738840299289315,58.752049739757716
15.0,45.0,0.20900000000000002,0.27,30.80417622551467,626.425968462083
15.0,45.0,0.40800000000000003,0.27,60.134468421100415,1194.0998871844083
15.0,45.0,0.607,0.27,98.45596250091266,1935.794261400545
15.0,45.0,0.806,0.27,144.5082096026767,2827.113700153417
15.0,45.0,1.0050000000000001,0.27,189.40336506871802,3696.0381781336046
15.0,45.0,1.2040000000000002,0.27,234.76084565435664,4573.910739911098
15.0,45.0,1.4030000000000002,0.27,279.0066232844649,5430.2668173313
15.0,45.0,1.6020000000000003,0.27,323.25240091457323,6286.622894751502
15.0,45.0,1.8010000000000004,0.27,367.4981785446815,7142.978972171703
15.0,45.0,2.0,0.27,411.7439561747896,7999.335049591903
20.0,0.0,0.01,0.48,0.0,34.29017273914937
20.0,0.0,0.20900000000000002,0.48,0.0,34.29017273914937
20.0,0.0,0.40800000000000003,0.48,0.0,34.29017273914937
20.0,0.0,0.607,0.48,0.0,34.29017273914937
20.0,0.0,0.806,0.48,0.0,34.29017273914937
20.0,0.0,1.0050000000000001,0.48,0.0,34.29017273914937
20.0,0.0,1.2040000000000002,0.48,0.0,34.29017273914937
20.0,0.0,1.4030000000000002,0.48,0.0,34.29017273914937
20.0,0.0,1.6020000000000003,0.48,0.0,34.29017273914937
20.0,0.0,1.8010000000000004,0.48,0.0,34.29017273914937
20.0,0.0,2.0,0.48,0.0,34.29017273914937
20.0,5.0,0.01,0.48,0.0100844356866087,34.485352217285694
20.0,5.0,0.20900000000000002,0.48,0.21076470585012186,38.36942383219861
20.0,5.0,0.40800000000000003,0.48,0.41144497601363506,42.25349544711153
20.0,5.0,0.607,0.48,0.6275172975469531,46.43547292876476
20.0,5.0,0.806,0.48,0.8568239062393559,50.873593772475076
20.0,5.0,1.0050000000000001,0.48,1.0803690423515475,55.20020404222282
20.0,5.0,1.2040000000000002,0.48,1.4542496951922796,62.43648706038186
20.0,5.0,1.4030000000000002,0.48,1.818966606541817,69.49541020064484
20.0,5.0,1.6020000000000003,0.48,2.1836835178913545,76.55433334090782
20.0,5.0,1.8010000000000004,0.48,2.5484004292408917,83.6132564811708
20.0,5.0,2.0,0.48,2.913117340590429,90.67217962143376
20.0,10.0,0.01,0.48,0.04859299426165911,35.23066713623959
20.0,10.0,0.20900000000000002,0.48,1.0155935800686755,53.94650563833504
20.0,10.0,0.40800000000000003,0.48,1.982594165875692,72.66234414043049
20.0,10.0,0.607,0.48,3.089565831039321,94.08725661275118
20.0,10.0,0.806,0.48,4.316886461631068,117.8414663304992
20.0,10.0,1.0050000000000001,0.48,5.51336989044915,140.99883660810278
20.0,10.0,1.2040000000000002,0.48,7.222138220144588,174.07123859572434
20.0,10.0,1.4030000000000002,0.48,8.889024973131802,206.333042495414
20.0,10.0,1.6020000000000003,0.48,10.555911726119017,238.59484639510364
20.0,10.0,1.8010000000000004,0.48,12.222798479106231,270.8566502947933
20.0,10.0,2.0,0.48,13.889685232093443,303.11845419448287
20.0,15.0,0.01,0.48,0.12191508811192307,36.64978154762516
20.0,15.0,0.20900000000000002,0.48,2.5480253415391925,83.60599683629346
20.0,15.0,0.40800000000000003,0.48,4.974135594966461,130.56221212496175
20.0,15.0,0.607,0.48,7.852476916406968,186.27114562165713
20.0,15.0,0.806,0.48,11.11965242716727,249.50578075516083
20.0,15.0,1.0050000000000001,0.48,14.304738100973797,311.15160596068705
20.0,15.0,1.2040000000000002,0.48,18.451744082090094,391.4149432833037
20.0,15.0,1.4030000000000002,0.48,22.497107759747657,469.7110419460523
20.0,15.0,1.6020000000000003,0.48,26.54247143740522,548.0071406088009
20.0,15.0,1.8010000000000004,0.48,30.587835115062784,626.3032392715495
20.0,15.0,2.0,0.48,34.633198792720336,704.599337934298
20.0,20.0,0.01,0.48,0.2341508404331656,38.82205139465168
20.0,20.0,0.20900000000000002,0.48,4.893752565053162,129.00643663914767
20.0,20.0,0.40800000000000003,0.48,9.553354289673157,219.19082188364365
20.0,20.0,0.607,0.48,15.223228894064958,328.9285603922187
20.0,20.0,0.806,0.48,21.76174933900822,455.47852787551597
20.0,20.0,1.0050000000000001,0.48,28.135985350661446,578.8488479346097
20.0,20.0,1.2040000000000002,0.48,35.9062955973902,729.2395238281357
20.0,20.0,1.4030000000000002,0.48,43.48615706356187,875.944153743879
20.0,20.0,1.6020000000000003,0.48,51.06601852973354,1022.6487836596225
20.0,20.0,1.8010000000000004,0.48,58.64587999590521,1169.3534135753657
20.0,20.0,2.0,0.48,66.22574146207687,1316.058043491109
20.0,25.0,0.01,0.48,0.38846108487566533,41.80865311609165
20.0,25.0,0.20900000000000002,0.48,8.118836673901406,191.42641261724305
20.0,25.0,0.40800000000000003,0.48,15.849212262927146,341.0441721183945
20.0,25.0,0.607,0.48,25.441911357194957,526.7063213276228
20.0,25.0,0.806,0.48,36.635860568119504,743.3599084166934
20.0,25.0,1.0050000000000001,0.48,47.54855477374444,954.5699380412144
20.0,25.0,1.2040000000000002,0.48,60.18601281424939,1199.1619550829707
20.0,25.0,1.4030000000000002,0.48,72.5137292361145,1437.7590697462524
20.0,25.0,1.6020000000000003,0.48,84.8414456579796,1676.3561844095343
20.0,25.0,1.8010000000000004,0.48,97.16916207984471,1914.9532990728158
20.0,25.0,2.0,0.48,109.4968785017098,2153.550413736097
20.0,30.0,0.01,0.48,0.5874616449683165,45.660214737858745
20.0,30.0,0.20900000000000002,0.48,12.277948379837818,271.9240505121753
20.0,30.0,0.40800000000000003,0.48,23.968435114707322,498.1878862864919
20.0,30.0,0.607,0.48,38.70931638171808,783.4906639902856
20.0,30.0,0.806,0.48,56.07296677916807,1119.5558964371814
20.0,30.0,1.0050000000000001,0.48,73.00034455356653,1447.1772788225971
20.0,30.0,1.2040000000000002,0.48,91.79487573247992,1810.9365313297512
20.0,30.0,1.4030000000000002,0.48,110.12875663740031,2165.7801158832985
20.0,30.0,1.6020000000000003,0.48,128.46263754232072,2520.623700436846
20.0,30.0,1.8010000000000004,0.48,146.7965184472411,2875.4672849903927
20.0,30.0,2.0,0.48,165.13039935216148,3230.310869543939
20.0,35.0,0.01,0.48,0.8334052032283277,50.42033586351822
20.0,35.0,0.20900000000000002,0.48,17.41816874747205,371.4105820384584
20.0,35.0,0.40800000000000003,0.48,34.00293229171577,692.4008282133985
20.0,35.0,0.607,0.48,55.19981104842965,1102.6563806731438
20.0,35.0,0.806,0.48,80.36224681025807,1589.6634114338428
20.0,35.0,1.0050000000000001,0.48,104.89246056802044,2064.43408463774
20.0,35.0,1.2040000000000002,0.48,131.1719160852367,2573.060503899679
20.0,35.0,1.4030000000000002,0.48,156.80726730056034,3069.2205893561786
20.0,35.0,1.6020000000000003,0.48,182.44261851588402,3565.3806748126776
20.0,35.0,1.8010000000000004,0.48,208.07796973120767,4061.5407602691766
20.0,35.0,2.0,0.48,233.71332094653127,4557.700845725674
20.0,40.0,0.01,0.48,1.1282823153546053,56.12754275617371
20.0,40.0,0.20900000000000002,0.48,23.581100390911256,490.69120609495826
20.0,40.0,0.40800000000000003,0.48,46.0339184664679,925.2548694337428
20.0,40.0,0.607,0.48,75.0685474313893,1487.2063663113042
20.0,40.0,0.806,0.48,109.76230351613837,2158.687589222207
20.0,40.0,1.0050000000000001,0.48,143.58435718669773,2813.297424622785
20.0,40.0,1.2040000000000002,0.48,178.7088025862572,3493.1144353076343
20.0,40.0,1.4030000000000002,0.48,212.97235471621957,4156.26926435805
20.0,40.0,1.6020000000000003,0.48,247.23590684618196,4819.424093408466
20.0,40.0,1.8010000000000004,0.48,281.4994589761443,5482.5789224588825
20.0,40.0,2.0,0.48,315.7630111061066,6145.733751509298
20.0,45.0,0.01,0.48,1.4738840299289315,62.81650031313556
20.0,45.0,0.20900000000000002,0.48,30.80417622551467,630.4904190354608
20.0,45.0,0.40800000000000003,0.48,60.134468421100415,1198.1643377577861
20.0,45.0,0.607,0.48,98.45596250091266,1939.858711973923
20.0,45.0,0.806,0.48,144.5082096026767,2831.178150726795
20.0,45.0,1.0050000000000001,0.48,189.40336506871802,3700.102628706982
20.0,45.0,1.2040000000000002,0.48,234.76084565435664,4577.975190484476
20.0,45.0,1.4030000000000002,0.48,279.0066232844649,5434.331267904678
20.0,45.0,1.6020000000000003,0.48,323.25240091457323,6290.68734532488
20.0,45.0,1.8010000000000004,0.48,367.4981785446815,7147.0434227450805
20.0,45.0,2.0,0.48,411.7439561747896,8003.399500165281
25.0,0.0,0.01,0.75,0.0,39.51589490492089
25.0,0.0,0.20900000000000002,0.75,0.0,39.51589490492089
25.0,0.0,0.40800000000000003,0.75,0.0,39.51589490492089
25.0,0.0,0.607,0.75,0.0,39.51589490492089
25.0,0.0,0.806,0.75,0.0,39.51589490492089
25.0,0.0,1.0050000000000001,0.75,0.0,39.51589490492089
25.0,0.0,1.2040000000000002,0.75,0.0,39.51589490492089
25.0,0.0,1.4030000000000002,0.75,0.0,39.51589490492089
25.0,0.0,1.6020000000000003,0.75,0.0,39.51589490492089
25.0,0.0,1.8010000000000004,0.75,0.0,39.51589490492089
25.0,0.0,2.0,0.75,0.0,39.51589490492089
25.0,5.0,0.01,0.75,0.0100844356866087,39.711074383057216
25.0,5.0,0.20900000000000002,0.75,0.21076470585012186,43.595145997970135
25.0,5.0,0.40800000000000003,0.75,0.41144497601363506,47.47921761288305
25.0,5.0,0.607,0.75,0.6275172975469531,51.66119509453628
25.0,5.0,0.806,0.75,0.8568239062393559,56.09931593824659
25.0,5.0,1.0050000000000001,0.75,1.0803690423515475,60.42592620799434
25.0,5.0,1.2040000000000002,0.75,1.4542496951922796,67.66220922615338
25.0,5.0,1.4030000000000002,0.75,1.818966606541817,74.72113236641636
25.0,5.0,1.6020000000000003,0.75,2.1836835178913545,81.78005550667933
25.0,5.0,1.8010000000000004,0.75,2.5484004292408917,88.83897864694231
25.0,5.0,2.0,0.75,2.913117340590429,95.89790178720529
25.0,10.0,0.01,0.75,0.04859299426165911,40.45638930201111
25.0,10.0,0.20900000000000002,0.75,1.0155935800686755,59.17222780410656
25.0,10.0,0.40800000000000003,0.75,1.982594165875692,77.888066306202
25.0,10.0,0.607,0.75,3.089565831039321,99.31297877852269
25.0,10.0,0.806,0.75,4.316886461631068,123.06718849627073
25.0,10.0,1.0050000000000001,0.75,5.51336989044915,146.22455877387432
25.0,10.0,1.2040000000000002,0.75,7.222138220144588,179.29696076149588
25.0,10.0,1.4030000000000002,0.75,8.889024973131802,211.5587646611855
25.0,10.0,1.6020000000000003,0.75,10.555911726119017,243.82056856087516
25.0,10.0,1.8010000000000004,0.75,12.222798479106231,276.0823724605648
25.0,10.0,2.0,0.75,13.889685232093443,308.3441763602544
25.0,15.0,0.01,0.75,0.12191508811192307,41.87550371339668
25.0,15.0,0.20900000000000002,0.75,2.5480253415391925,88.83171900206499
25.0,15.0,0.40800000000000003,0.75,4.974135594966461,135.7879342907333
25.0,15.0,0.607,0.75,7.852476916406968,191.49686778742864
25.0,15.0,0.806,0.75,11.11965242716727,254.73150292093234
25.0,15.0,1.0050000000000001,0.75,14.304738100973797,316.37732812645856
25.0,15.0,1.2040000000000002,0.75,18.451744082090094,396.64066544907524
25.0,15.0,1.4030000000000002,0.75,22.497107759747657,474.93676411182383
25.0,15.0,1.6020000000000003,0.75,26.54247143740522,553.2328627745725
25.0,15.0,1.8010000000000004,0.75,30.587835115062784,631.5289614373211
25.0,15.0,2.0,0.75,34.633198792720336,709.8250601000694
25.0,20.0,0.01,0.75,0.2341508404331656,44.047773560423195
25.0,20.0,0.20900000000000002,0.75,4.893752565053162,134.23215880491918
25.0,20.0,0.40800000000000003,0.75,9.553354289673157,224.41654404941517
25.0,20.0,0.607,0.75,15.223228894064958,334.1542825579902
25.0,20.0,0.806,0.75,21.76174933900822,460.7042500412875
25.0,20.0,1.0050000000000001,0.75,28.135985350661446,584.0745701003813
25.0,20.0,1.2040000000000002,0.75,35.9062955973902,734.4652459939072
25.0,20.0,1.4030000000000002,0.75,43.48615706356187,881.1698759096506
25.0,20.0,1.6020000000000003,0.75,51.06601852973354,1027.874505825394
25.0,20.0,1.8010000000000004,0.75,58.64587999590521,1174.5791357411374
25.0,20.0,2.0,0.75,66.22574146207687,1321.2837656568804
25.0,25.0,0.01,0.75,0.38846108487566533,47.03437528186317
25.0,25.0,0.20900000000000002,0.75,8.118836673901406,196.6521347830146
25.0,25.0,0.40800000000000003,0.75,15.849212262927146,346.269894284166
25.0,25.0,0.607,0.75,25.441911357194957,531.9320434933944
25.0,25.0,0.806,0.75,36.635860568119504,748.5856305824649
25.0,25.0,1.0050000000000001,0.75,47.54855477374444,959.7956602069859
25.0,25.0,1.2040000000000002,0.75,60.18601281424939,1204.3876772487422
25.0,25.0,1.4030000000000002,0.75,72.5137292361145,1442.9847919120239
25.0,25.0,1.6020000000000003,0.75,84.8414456579796,1681.5819065753058
25.0,25.0,1.8010000000000004,0.75,97.16916207984471,1920.1790212385874
25.0,25.0,2.0,0.75,109.4968785017098,2158.7761359018687
25.0,30.0,0.01,0.75,0.5874616449683165,50.88593690363027
25.0,30.0,0.20900000000000002,0.75,12.277948379837818,277.1497726779469
25.0,30.0,0.40800000000000003,0.75,23.968435114707322,503.4136084522635
25.0,30.0,0.607,0.75,38.70931638171808,788.7163861560572
25.0,30.0,0.806,0.75,56.07296677916807,1124.781618602953
25.0,30.0,1.0050000000000001,0.75,73.00034455356653,1452.4030009883686
25.0,30.0,1.2040000000000002,0.75,91.79487573247992,1816.162253495523
25.0,30.0,1.4030000000000002,0.75,110.12875663740031,2171.00583804907
25.0,30.0,1.6020000000000003,0.75,128.46263754232072,2525.8494226026173
25.0,30.0,1.8010000000000004,0.75,146.7965184472411,2880.693007156164
25.0,30.0,2.0,0.75,165.13039935216148,3235.5365917097106
25.0,35.0,0.01,0.75,0.8334052032283277,55.64605802928974
25.0,35.0,0.20900000000000002,0.75,17.41816874747205,376.63630420422993
25.0,35.0,0.40800000000000003,0.75,34.00293229171577,697.6265503791701
25.0,35.0,0.607,0.75,55.19981104842965,1107.8821028389152
25.0,35.0,0.806,0.75,80.36224681025807,1594.8891335996143
25.0,35.0,1.0050000000000001,0.75,104.89246056802044,2069.659806803512
25.0,35.0,1.2040000000000002,0.75,131.1719160852367,2578.286226065451
25.0,35.0,1.4030000000000002,0.75,156.80726730056034,3074.44631152195
25.0,35.0,1.6020000000000003,0.75,182.44261851588402,3570.606396978449
25.0,35.0,1.8010000000000004,0.75,208.07796973120767,4066.766482434948
25.0,35.0,2.0,0.75,233.71332094653127,4562.926567891446
25.0,40.0,0.01,0.75,1.1282823153546053,61.35326492194523
25.0,40.0,0.20900000000000002,0.75,23.581100390911256,495.9169282607298
25.0,40.0,0.40800000000000003,0.75,46.0339184664679,930.4805915995144
25.0,40.0,0.607,0.75,75.0685474313893,1492.4320884770757
25.0,40.0,0.806,0.75,109.76230351613837,2163.9133113879784
25.0,40.0,1.0050000000000001,0.75,143.58435718669773,2818.5231467885565
25.0,40.0,1.2040000000000002,0.75,178.7088025862572,3498.3401574734057
25.0,40.0,1.4030000000000002,0.75,212.97235471621957,4161.494986523822
25.0,40.0,1.6020000000000003,0.75,247.23590684618196,4824.649815574238
25.0,40.0,1.8010000000000004,0.75,281.4994589761443,5487.804644624654
25.0,40.0,2.0,0.75,315.7630111061066,6150.95947367507
25.0,45.0,0.01,0.75,1.4738840299289315,68.04222247890708
25.0,45.0,0.20900000000000002,0.75,30.80417622551467,635.7161412012323
25.0,45.0,0.40800000000000003,0.75,60.134468421100415,1203.3900599235576
25.0,45.0,0.607,0.75,98.45596250091266,1945.0844341396944
25.0,45.0,0.806,0.75,144.5082096026767,2836.4038728925666
25.0,45.0,1.0050000000000001,0.75,189.40336506871802,3705.328350872754
25.0,45.0,1.2040000000000002,0.75,234.76084565435664,4583.200912650247
25.0,45.0,1.4030000000000002,0.75,279.0066232844649,5439.5569900704495
25.0,45.0,1.6020000000000003,0.75,323.25240091457323,6295.913067490652
25.0,45.0,1.8010000000000004,0.75,367.4981785446815,7152.269144910852
25.0,45.0,2.0,0.75,411.7439561747896,8008.625222331052
30.0,0.0,0.01,1.08,0.0,45.90288866308608
30.0,0.0,0.20900000000000002,1.08,0.0,45.90288866308608
30.0,0.0,0.40800000000000003,1.08,0.0,45.90288866308608
30.0,0.0,0.607,1.08,0.0,45.90288866308608
30.0,0.0,0.806,1.08,0.0,45.90288866308608
30.0,0.0,1.0050000000000001,1.08,0.0,45.90288866308608
30.0,0.0,1.2040000000000002,1.08,0.0,45.90288866308608
30.0,0.0,1.4030000000000002,1.08,0.0,45.90288866308608
30.0,0.0,1.6020000000000003,1.08,0.0,45.90288866308608
30.0,0.0,1.8010000000000004,1.08,0.0,45.90288866308608
30.0,0.0,2.0,1.08,0.0,45.90288866308608
30.0,5.0,0.01,1.08,0.0100844356866087,46.098068141222406
30.0,5.0,0.20900000000000002,1.08,0.21076470585012186,49.982139756135325
30.0,5.0,0.40800000000000003,1.08,0.41144497601363506,53.86621137104824
30.0,5.0,0.607,1.08,0.6275172975469531,58.04818885270147
30.0,5.0,0.806,1.08,0.8568239062393559,62.48630969641179
30.0,5.0,1.0050000000000001,1.08,1.0803690423515475,66.81291996615953
30.0,5.0,1.2040000000000002,1.08,1.4542496951922796,74.04920298431857
30.0,5.0,1.4030000000000002,1.08,1.818966606541817,81.10812612458155
30.0,5.0,1.6020000000000003,1.08,2.1836835178913545,88.16704926484452
30.0,5.0,1.8010000000000004,1.08,2.5484004292408917,95.2259724051075
30.0,5.0,2.0,1.08,2.913117340590429,102.28489554537047
30.0,10.0,0.01,1.08,0.04859299426165911,46.84338306017631
30.0,10.0,0.20900000000000002,1.08,1.0155935800686755,65.55922156227174
30.0,10.0,0.40800000000000003,1.08,1.982594165875692,84.2750600643672
30.0,10.0,0.607,1.08,3.089565831039321,105.69997253668788
30.0,10.0,0.806,1.08,4.316886461631068,129.45418225443592
30.0,10.0,1.0050000000000001,1.08,5.51336989044915,152.6115525320395
30.0,10.0,1.2040000000000002,1.08,7.222138220144588,185.68395451966109
30.0,10.0,1.4030000000000002,1.08,8.889024973131802,217.94575841935068
30.0,10.0,1.6020000000000003,1.08,10.555911726119017,250.20756231904033
30.0,10.0,1.8010000000000004,1.08,12.222798479106231,282.46936621873
30.0,10.0,2.0,1.08,13.889685232093443,314.7311701184196
30.0,15.0,0.01,1.08,0.12191508811192307,48.26249747156187
30.0,15.0,0.20900000000000002,1.08,2.5480253415391925,95.21871276023018
30.0,15.0,0.40800000000000003,1.08,4.974135594966461,142.17492804889847
30.0,15.0,0.607,1.08,7.852476916406968,197.88386154559385
30.0,15.0,0.806,1.08,11.11965242716727,261.1184966790976
30.0,15.0,1.0050000000000001,1.08,14.304738100973797,322.7643218846237
30.0,15.0,1.2040000000000002,1.08,18.451744082090094,403.02765920724045
30.0,15.0,1.4030000000000002,1.08,22.497107759747657,481.32375786998904
30.0,15.0,1.6020000000000003,1.08,26.54247143740522,559.6198565327376
30.0,15.0,1.8010000000000004,1.08,30.587835115062784,637.9159551954863
30.0,15.0,2.0,1.08,34.633198792720336,716.2120538582346
30.0,20.0,0.01,1.08,0.2341508404331656,50.43476731858839
30.0,20.0,0.20900000000000002,1.08,4.893752565053162,140.61915256308436
30.0,20.0,0.40800000000000003,1.08,9.553354289673157,230.80353780758037
30.0,20.0,0.607,1.08,15.223228894064958,340.5412763161554
30.0,20.0,0.806,1.08,21.76174933900822,467.0912437994527
30.0,20.0,1.0050000000000001,1.08,28.135985350661446,590.4615638585464
30.0,20.0,1.2040000000000002,1.08,35.9062955973902,740.8522397520724
30.0,20.0,1.4030000000000002,1.08,43.48615706356187,887.5568696678158
30.0,20.0,1.6020000000000003,1.08,51.06601852973354,1034.2614995835593
30.0,20.0,1.8010000000000004,1.08,58.64587999590521,1180.9661294993025
30.0,20.0,2.0,1.08,66.22574146207687,1327.6707594150457
30.0,25.0,0.01,1.08,0.38846108487566533,53.42136904002837
30.0,25.0,0.20900000000000002,1.08,8.118836673901406,203.03912854117976
30.0,25.0,0.40800000000000003,1.08,15.849212262927146,352.6568880423312
30.0,25.0,0.607,1.08,25.441911357194957,538.3190372515596
30.0,25.0,0.806,1.08,36.635860568119504,754.9726243406301
30.0,25.0,1.0050000000000001,1.08,47.54855477374444,966.1826539651511
30.0,25.0,1.2040000000000002,1.08,60.18601281424939,1210.7746710069073
30.0,25.0,1.4030000000000002,1.08,72.5137292361145,1449.3717856701892
30.0,25.0,1.6020000000000003,1.08,84.8414456579796,1687.968900333471
30.0,25.0,1.8010000000000004,1.08,97.16916207984471,1926.5660149967525
30.0,25.0,2.0,1.08,109.4968785017098,2165.163129660034
30.0,30.0,0.01,1.08,0.5874616449683165,57.272930661795456
30.0,30.0,0.20900000000000002,1.08,12.277948379837818,283.53676643611203
30.0,30.0,0.40800000000000003,1.08,23.968435114707322,509.8006022104286
30.0,30.0,0.607,1.08,38.70931638171808,795.1033799142224
30.0,30.0,0.806,1.08,56.07296677916807,1131.1686123611182
30.0,30.0,1.0050000000000001,1.08,73.00034455356653,1458.789994746534
30.0,30.0,1.2040000000000002,1.08,91.79487573247992,1822.549247253688
30.0,30.0,1.4030000000000002,1.08,110.12875663740031,2177.3928318072353
30.0,30.0,1.6020000000000003,1.08,128.46263754232072,2532.236416360782
30.0,30.0,1.8010000000000004,1.08,146.7965184472411,2887.0800009143295
30.0,30.0,2.0,1.08,165.13039935216148,3241.923585467876
30.0,35.0,0.01,1.08,0.8334052032283277,62.03305178745493
30.0,35.0,0.20900000000000002,1.08,17.41816874747205,383.02329796239513
30.0,35.0,0.40800000000000003,1.08,34.00293229171577,704.0135441373353
30.0,35.0,0.607,1.08,55.19981104842965,1114.2690965970803
30.0,35.0,0.806,1.08,80.36224681025807,1601.2761273577796
30.0,35.0,1.0050000000000001,1.08,104.89246056802044,2076.0468005616767
30.0,35.0,1.2040000000000002,1.08,131.1719160852367,2584.673219823616
30.0,35.0,1.4030000000000002,1.08,156.80726730056034,3080.833305280115
30.0,35.0,1.6020000000000003,1.08,182.44261851588402,3576.9933907366144
30.0,35.0,1.8010000000000004,1.08,208.07796973120767,4073.1534761931134
30.0,35.0,2.0,1.08,233.71332094653127,4569.313561649611
30.0,40.0,0.01,1.08,1.1282823153546053,67.74025868011043
30.0,40.0,0.20900000000000002,1.08,23.581100390911256,502.303922018895
30.0,40.0,0.40800000000000003,1.08,46.0339184664679,936.8675853576796
30.0,40.0,0.607,1.08,75.0685474313893,1498.8190822352408
30.0,40.0,0.806,1.08,109.76230351613837,2170.3003051461437
30.0,40.0,1.0050000000000001,1.08,143.58435718669773,2824.910140546722
30.0,40.0,1.2040000000000002,1.08,178.7088025862572,3504.727151231571
30.0,40.0,1.4030000000000002,1.08,212.97235471621957,4167.881980281987
30.0,40.0,1.6020000000000003,1.08,247.23590684618196,4831.036809332403
30.0,40.0,1.8010000000000004,1.08,281.4994589761443,5494.191638382819
30.0,40.0,2.0,1.08,315.7630111061066,6157.3464674332345
30.0,45.0,0.01,1.08,1.4738840299289315,74.42921623707227
30.0,45.0,0.20900000000000002,1.08,30.80417622551467,642.1031349593975
30.0,45.0,0.40800000000000003,1.08,60.134468421100415,1209.777053681723
30.0,45.0,0.607,1.08,98.45596250091266,1951.4714278978597
30.0,45.0,0.806,1.08,144.5082096026767,2842.790866650732
30.0,45.0,1.0050000000000001,1.08,189.40336506871802,3711.715344630919
30.0,45.0,1.2040000000000002,1.08,234.76084565435664,4589.587906408412
30.0,45.0,1.4030000000000002,1.08,279.0066232844649,5445.943983828614
30.0,45.0,1.6020000000000003,1.08,323.25240091457323,6302.300061248817
30.0,45.0,1.8010000000000004,1.08,367.4981785446815,7158.656138669017
30.0,45.0,2.0,1.08,411.7439561747896,8015.012216089218
35.0,0.0,0.01,1.47,0.0,53.45115401364494
35.0,0.0,0.20900000000000002,1.47,0.0,53.45115401364494
35.0,0.0,0.40800000000000003,1.47,0.0,53.45115401364494
35.0,0.0,0.607,1.47,0.0,53.45115401364494
35.0,0.0,0.806,1.47,0.0,53.45115401364494
35.0,0.0,1.0050000000000001,1.47,0.0,53.45115401364494
35.0,0.0,1.2040000000000002,1.47,0.0,53.45115401364494
35.0,0.0,1.4030000000000002,1.47,0.0,53.45115401364494
35.0,0.0,1.6020000000000003,1.47,0.0,53.45115401364494
35.0,0.0,1.8010000000000004,1.47,0.0,53.45115401364494
35.0,0.0,2.0,1.47,0.0,53.45115401364494
35.0,5.0,0.01,1.47,0.0100844356866087,53.64633349178127
35.0,5.0,0.20900000000000002,1.47,0.21076470585012186,57.53040510669418
35.0,5.0,0.40800000000000003,1.47,0.41144497601363506,61.4144767216071
35.0,5.0,0.607,1.47,0.6275172975469531,65.59645420326032
35.0,5.0,0.806,1.47,0.8568239062393559,70.03457504697064
35.0,5.0,1.0050000000000001,1.47,1.0803690423515475,74.36118531671839
35.0,5.0,1.2040000000000002,1.47,1.4542496951922796,81.59746833487742
35.0,5.0,1.4030000000000002,1.47,1.818966606541817,88.65639147514041
35.0,5.0,1.6020000000000003,1.47,2.1836835178913545,95.71531461540339
35.0,5.0,1.8010000000000004,1.47,2.5484004292408917,102.77423775566636
35.0,5.0,2.0,1.47,2.913117340590429,109.83316089592932
35.0,10.0,0.01,1.47,0.04859299426165911,54.39164841073517
35.0,10.0,0.20900000000000002,1.47,1.0155935800686755,73.10748691283061
35.0,10.0,0.40800000000000003,1.47,1.982594165875692,91.82332541492606
35.0,10.0,0.607,1.47,3.089565831039321,113.24823788724675
35.0,10.0,0.806,1.47,4.316886461631068,137.00244760499476
35.0,10.0,1.0050000000000001,1.47,5.51336989044915,160.15981788259836
35.0,10.0,1.2040000000000002,1.47,7.222138220144588,193.23221987021995
35.0,10.0,1.4030000000000002,1.47,8.889024973131802,225.49402376990955
35.0,10.0,1.6020000000000003,1.47,10.555911726119017,257.75582766959917
35.0,10.0,1.8010000000000004,1.47,12.222798479106231,290.0176315692889
35.0,10.0,2.0,1.47,13.889685232093443,322.2794354689784
35.0,15.0,0.01,1.47,0.12191508811192307,55.810762822120736
35.0,15.0,0.20900000000000002,1.47,2.5480253415391925,102.76697811078904
35.0,15.0,0.40800000000000003,1.47,4.974135594966461,149.72319339945733
35.0,15.0,0.607,1.47,7.852476916406968,205.4321268961527
35.0,15.0,0.806,1.47,11.11965242716727,268.6667620296564
35.0,15.0,1.0050000000000001,1.47,14.304738100973797,330.3125872351826
35.0,15.0,1.2040000000000002,1.47,18.451744082090094,410.57592455779934
35.0,15.0,1.4030000000000002,1.47,22.497107759747657,488.8720232205479
35.0,15.0,1.6020000000000003,1.47,26.54247143740522,567.1681218832965
35.0,15.0,1.8010000000000004,1.47,30.587835115062784,645.4642205460451
35.0,15.0,2.0,1.47,34.633198792720336,723.7603192087935
35.0,20.0,0.01,1.47,0.2341508404331656,57.983032669147256
35.0,20.0,0.20900000000000002,1.47,4.893752565053162,148.16741791364325
35.0,20.0,0.40800000000000003,1.47,9.553354289673157,238.35180315813923
35.0,20.0,0.607,1.47,15.223228894064958,348.0895416667143
35.0,20.0,0.806,1.47,21.76174933900822,474.6395091500115
35.0,20.0,1.0050000000000001,1.47,28.135985350661446,598.0098292091053
35.0,20.0,1.2040000000000002,1.47,35.9062955973902,748.4005051026312
35.0,20.0,1.4030000000000002,1.47,43.48615706356187,895.1051350183747
35.0,20.0,1.6020000000000003,1.47,51.06601852973354,1041.809764934118
35.0,20.0,1.8010000000000004,1.47,58.64587999590521,1188.5143948498614
35.0,20.0,2.0,1.47,66.22574146207687,1335.2190247656044
35.0,25.0,0.01,1.47,0.38846108487566533,60.969634390587224
35.0,25.0,0.20900000000000002,1.47,8.118836673901406,210.58739389173863
35.0,25.0,0.40800000000000003,1.47,15.849212262927146,360.20515339289005
35.0,25.0,0.607,1.47,25.441911357194957,545.8673026021185
35.0,25.0,0.806,1.47,36.635860568119504,762.5208896911889
35.0,25.0,1.0050000000000001,1.47,47.54855477374444,973.7309193157099
35.0,25.0,1.2040000000000002,1.47,60.18601281424939,1218.3229363574662
35.0,25.0,1.4030000000000002,1.47,72.5137292361145,1456.920051020748
35.0,25.0,1.6020000000000003,1.47,84.8414456579796,1695.5171656840298
35.0,25.0,1.8010000000000004,1.47,97.16916207984471,1934.1142803473115
35.0,25.0,2.0,1.47,109.4968785017098,2172.7113950105927
35.0,30.0,0.01,1.47,0.5874616449683165,64.82119601235432
35.0,30.0,0.20900000000000002,1.47,12.277948379837818,291.0850317866709
35.0,30.0,0.40800000000000003,1.47,23.968435114707322,517.3488675609875
35.0,30.0,0.607,1.47,38.70931638171808,802.6516452647812
35.0,30.0,0.806,1.47,56.07296677916807,1138.716877711677
35.0,30.0,1.0050000000000001,1.47,73.00034455356653,1466.3382600970926
35.0,30.0,1.2040000000000002,1.47,91.79487573247992,1830.097512604247
35.0,30.0,1.4030000000000002,1.47,110.12875663740031,2184.941097157794
35.0,30.0,1.6020000000000003,1.47,128.46263754232072,2539.7846817113414
35.0,30.0,1.8010000000000004,1.47,146.7965184472411,2894.628266264888
35.0,30.0,2.0,1.47,165.13039935216148,3249.4718508184346
35.0,35.0,0.01,1.47,0.8334052032283277,69.58131713801379
35.0,35.0,0.20900000000000002,1.47,17.41816874747205,390.57156331295397
35.0,35.0,0.40800000000000003,1.47,34.00293229171577,711.5618094878942
35.0,35.0,0.607,1.47,55.19981104842965,1121.8173619476393
35.0,35.0,0.806,1.47,80.36224681025807,1608.8243927083386
35.0,35.0,1.0050000000000001,1.47,104.89246056802044,2083.595065912236
35.0,35.0,1.2040000000000002,1.47,131.1719160852367,2592.221485174175
35.0,35.0,1.4030000000000002,1.47,156.80726730056034,3088.381570630674
35.0,35.0,1.6020000000000003,1.47,182.44261851588402,3584.541656087173
35.0,35.0,1.8010000000000004,1.47,208.07796973120767,4080.701741543672
35.0,35.0,2.0,1.47,233.71332094653127,4576.86182700017
35.0,40.0,0.01,1.47,1.1282823153546053,75.28852403066928
35.0,40.0,0.20900000000000002,1.47,23.581100390911256,509.8521873694538
35.0,40.0,0.40800000000000003,1.47,46.0339184664679,944.4158507082384
35.0,40.0,0.607,1.47,75.0685474313893,1506.3673475857997
35.0,40.0,0.806,1.47,109.76230351613837,2177.8485704967025
35.0,40.0,1.0050000000000001,1.47,143.58435718669773,2832.4584058972805
35.0,40.0,1.2040000000000002,1.47,178.7088025862572,3512.2754165821298
35.0,40.0,1.4030000000000002,1.47,212.97235471621957,4175.430245632546
35.0,40.0,1.6020000000000003,1.47,247.23590684618196,4838.585074682963
35.0,40.0,1.8010000000000004,1.47,281.4994589761443,5501.739903733378
35.0,40.0,2.0,1.47,315.7630111061066,6164.894732783793
35.0,45.0,0.01,1.47,1.4738840299289315,81.97748158763113
35.0,45.0,0.20900000000000002,1.47,30.80417622551467,649.6514003099564
35.0,45.0,0.40800000000000003,1.47,60.134468421100415,1217.3253190322816
35.0,45.0,0.607,1.47,98.45596250091266,1959.0196932484184
35.0,45.0,0.806,1.47,144.5082096026767,2850.3391320012906
35.0,45.0,1.0050000000000001,1.47,189.40336506871802,3719.263609981478
35.0,45.0,1.2040000000000002,1.47,234.76084565435664,4597.136171758972
35.0,45.0,1.4030000000000002,1.47,279.0066232844649,5453.492249179173
35.0,45.0,1.6020000000000003,1.47,323.25240091457323,6309.8483265993755
35.0,45.0,1.8010000000000004,1.47,367.4981785446815,7166.204404019577
35.0,45.0,2.0,1.47,411.7439561747896,8022.560481439777
40.0,0.0,0.01,1.92,0.0,62.16069095659748
40.0,0.0,0.20900000000000002,1.92,0.0,62.16069095659748
40.0,0.0,0.40800000000000003,1.92,0.0,62.16069095659748
40.0,0.0,0.607,1.92,0.0,62.16069095659748
40.0,0.0,0.806,1.92,0.0,62.16069095659748
40.0,0.0,1.0050000000000001,1.92,0.0,62.16069095659748
40.0,0.0,1.2040000000000002,1.92,0.0,62.16069095659748
40.0,0.0,1.4030000000000002,1.92,0.0,62.16069095659748
40.0,0.0,1.6020000000000003,1.92,0.0,62.16069095659748
40.0,0.0,1.8010000000000004,1.92,0.0,62.16069095659748
40.0,0.0,2.0,1.92,0.0,62.16069095659748
40.0,5.0,0.01,1.92,0.0100844356866087,62.3558704347338
40.0,5.0,0.20900000000000002,1.92,0.21076470585012186,66.23994204964671
40.0,5.0,0.40800000000000003,1.92,0.41144497601363506,70.12401366455964
40.0,5.0,0.607,1.92,0.6275172975469531,74.30599114621288
40.0,5.0,0.806,1.92,0.8568239062393559,78.74411198992318
40.0,5.0,1.0050000000000001,1.92,1.0803690423515475,83.07072225967093
40.0,5.0,1.2040000000000002,1.92,1.4542496951922796,90.30700527782996
40.0,5.0,1.4030000000000002,1.92,1.818966606541817,97.36592841809293
40.0,5.0,1.6020000000000003,1.92,2.1836835178913545,104.42485155835593
40.0,5.0,1.8010000000000004,1.92,2.5484004292408917,111.4837746986189
40.0,5.0,2.0,1.92,2.913117340590429,118.54269783888186
40.0,10.0,0.01,1.92,0.04859299426165911,63.1011853536877
40.0,10.0,0.20900000000000002,1.92,1.0155935800686755,81.81702385578315
40.0,10.0,0.40800000000000003,1.92,1.982594165875692,100.53286235787859
40.0,10.0,0.607,1.92,3.089565831039321,121.95777483019927
40.0,10.0,0.806,1.92,4.316886461631068,145.7119845479473
40.0,10.0,1.0050000000000001,1.92,5.51336989044915,168.8693548255509
40.0,10.0,1.2040000000000002,1.92,7.222138220144588,201.94175681317247
40.0,10.0,1.4030000000000002,1.92,8.889024973131802,234.2035607128621
40.0,10.0,1.6020000000000003,1.92,10.555911726119017,266.46536461255175
40.0,10.0,1.8010000000000004,1.92,12.222798479106231,298.7271685122414
40.0,10.0,2.0,1.92,13.889685232093443,330.98897241193094
40.0,15.0,0.01,1.92,0.12191508811192307,64.52029976507328
40.0,15.0,0.20900000000000002,1.92,2.5480253415391925,111.47651505374158
40.0,15.0,0.40800000000000003,1.92,4.974135594966461,158.43273034240985
40.0,15.0,0.607,1.92,7.852476916406968,214.14166383910523
40.0,15.0,0.806,1.92,11.11965242716727,277.37629897260894
40.0,15.0,1.0050000000000001,1.92,14.304738100973797,339.02212417813513
40.0,15.0,1.2040000000000002,1.92,18.451744082090094,419.28546150075186
40.0,15.0,1.4030000000000002,1.92,22.497107759747657,497.58156016350046
40.0,15.0,1.6020000000000003,1.92,26.54247143740522,575.877658826249
40.0,15.0,1.8010000000000004,1.92,30.587835115062784,654.1737574889977
40.0,15.0,2.0,1.92,34.633198792720336,732.4698561517461
40.0,20.0,0.01,1.92,0.2341508404331656,66.69256961209979
40.0,20.0,0.20900000000000002,1.92,4.893752565053162,156.87695485659577
40.0,20.0,0.40800000000000003,1.92,9.553354289673157,247.06134010109176
40.0,20.0,0.607,1.92,15.223228894064958,356.7990786096668
40.0,20.0,0.806,1.92,21.76174933900822,483.34904609296404
40.0,20.0,1.0050000000000001,1.92,28.135985350661446,606.7193661520578
40.0,20.0,1.2040000000000002,1.92,35.9062955973902,757.1100420455838
40.0,20.0,1.4030000000000002,1.92,43.48615706356187,903.8146719613271
40.0,20.0,1.6020000000000003,1.92,51.06601852973354,1050.5193018770706
40.0,20.0,1.8010000000000004,1.92,58.64587999590521,1197.223931792814
40.0,20.0,2.0,1.92,66.22574146207687,1343.928561708557
40.0,25.0,0.01,1.92,0.38846108487566533,69.67917133353976
40.0,25.0,0.20900000000000002,1.92,8.118836673901406,219.29693083469115
40.0,25.0,0.40800000000000003,1.92,15.849212262927146,368.9146903358426
40.0,25.0,0.607,1.92,25.441911357194957,554.576839545071
40.0,25.0,0.806,1.92,36.635860568119504,771.2304266341415
40.0,25.0,1.0050000000000001,1.92,47.54855477374444,982.4404562586625
40.0,25.0,1.2040000000000002,1.92,60.18601281424939,1227.0324733004188
40.0,25.0,1.4030000000000002,1.92,72.5137292361145,1465.6295879637005
40.0,25.0,1.6020000000000003,1.92,84.8414456579796,1704.2267026269824
40.0,25.0,1.8010000000000004,1.92,97.16916207984471,1942.823817290264
40.0,25.0,2.0,1.92,109.4968785017098,2181.4209319535453
40.0,30.0,0.01,1.92,0.5874616449683165,73.53073295530686
40.0,30.0,0.20900000000000002,1.92,12.277948379837818,299.79456872962345
40.0,30.0,0.40800000000000003,1.92,23.968435114707322,526.05840450394
40.0,30.0,0.607,1.92,38.70931638171808,811.3611822077338
40.0,30.0,0.806,1.92,56.07296677916807,1147.4264146546295
40.0,30.0,1.0050000000000001,1.92,73.00034455356653,1475.0477970400452
40.0,30.0,1.2040000000000002,1.92,91.79487573247992,1838.8070495471993
40.0,30.0,1.4030000000000002,1.92,110.12875663740031,2193.6506341007466
40.0,30.0,1.6020000000000003,1.92,128.46263754232072,2548.494218654294
40.0,30.0,1.8010000000000004,1.92,146.7965184472411,2903.337803207841
40.0,30.0,2.0,1.92,165.13039935216148,3258.181387761387
40.0,35.0,0.01,1.92,0.8334052032283277,78.29085408096633
40.0,35.0,0.20900000000000002,1.92,17.41816874747205,399.2811002559065
40.0,35.0,0.40800000000000003,1.92,34.00293229171577,720.2713464308466
40.0,35.0,0.607,1.92,55.19981104842965,1130.5268988905918
40.0,35.0,0.806,1.92,80.36224681025807,1617.533929651291
40.0,35.0,1.0050000000000001,1.92,104.89246056802044,2092.3046028551885
40.0,35.0,1.2040000000000002,1.92,131.1719160852367,2600.931022117127
40.0,35.0,1.4030000000000002,1.92,156.80726730056034,3097.0911075736267
40.0,35.0,1.6020000000000003,1.92,182.44261851588402,3593.2511930301257
40.0,35.0,1.8010000000000004,1.92,208.07796973120767,4089.4112784866247
40.0,35.0,2.0,1.92,233.71332094653127,4585.571363943122
40.0,40.0,0.01,1.92,1.1282823153546053,83.99806097362182
40.0,40.0,0.20900000000000002,1.92,23.581100390911256,518.5617243124063
40.0,40.0,0.40800000000000003,1.92,46.0339184664679,953.1253876511909
40.0,40.0,0.607,1.92,75.0685474313893,1515.0768845287523
40.0,40.0,0.806,1.92,109.76230351613837,2186.558107439655
40.0,40.0,1.0050000000000001,1.92,143.58435718669773,2841.167942840233
40.0,40.0,1.2040000000000002,1.92,178.7088025862572,3520.9849535250823
40.0,40.0,1.4030000000000002,1.92,212.97235471621957,4184.139782575498
40.0,40.0,1.6020000000000003,1.92,247.23590684618196,4847.294611625915
40.0,40.0,1.8010000000000004,1.92,281.4994589761443,5510.449440676331
40.0,40.0,2.0,1.92,315.7630111061066,6173.604269726746
40.0,45.0,0.01,1.92,1.4738840299289315,90.68701853058366
40.0,45.0,0.20900000000000002,1.92,30.80417622551467,658.3609372529089
40.0,45.0,0.40800000000000003,1.92,60.134468421100415,1226.0348559752342
40.0,45.0,0.607,1.92,98.45596250091266,1967.729230191371
40.0,45.0,0.806,1.92,144.5082096026767,2859.048668944243
40.0,45.0,1.0050000000000001,1.92,189.40336506871802,3727.9731469244302
40.0,45.0,1.2040000000000002,1.92,234.76084565435664,4605.845708701924
40.0,45.0,1.4030000000000002,1.92,279.0066232844649,5462.201786122126
40.0,45.0,1.6020000000000003,1.92,323.25240091457323,6318.557863542328
40.0,45.0,1.8010000000000004,1.92,367.4981785446815,7174.9139409625295
40.0,45.0,2.0,1.92,411.7439561747896,8031.270018382729
45.0,0.0,0.01,2.43,0.0,72.03149949194368
45.0,0.0,0.20900000000000002,2.43,0.0,72.03149949194368
45.0,0.0,0.40800000000000003,2.43,0.0,72.03149949194368
45.0,0.0,0.607,2.43,0.0,72.03149949194368
45.0,0.0,0.806,2.43,0.0,72.03149949194368
45.0,0.0,1.0050000000000001,2.43,0.0,72.03149949194368
45.0,0.0,1.2040000000000002,2.43,0.0,72.03149949194368
45.0,0.0,1.4030000000000002,2.43,0.0,72.03149949194368
45.0,0.0,1.6020000000000003,2.43,0.0,72.03149949194368
45.0,0.0,1.8010000000000004,2.43,0.0,72.03149949194368
45.0,0.0,2.0,2.43,0.0,72.03149949194368
45.0,5.0,0.01,2.43,0.0100844356866087,72.22667897008
45.0,5.0,0.20900000000000002,2.43,0.21076470585012186,76.11075058499293
45.0,5.0,0.40800000000000003,2.43,0.41144497601363506,79.99482219990584
45.0,5.0,0.607,2.43,0.6275172975469531,84.17679968155906
45.0,5.0,0.806,2.43,0.8568239062393559,88.61492052526938
45.0,5.0,1.0050000000000001,2.43,1.0803690423515475,92.94153079501713
45.0,5.0,1.2040000000000002,2.43,1.4542496951922796,100.17781381317617
45.0,5.0,1.4030000000000002,2.43,1.818966606541817,107.23673695343915
45.0,5.0,1.6020000000000003,2.43,2.1836835178913545,114.29566009370212
45.0,5.0,1.8010000000000004,2.43,2.5484004292408917,121.3545832339651
45.0,5.0,2.0,2.43,2.913117340590429,128.41350637422806
45.0,10.0,0.01,2.43,0.04859299426165911,72.97199388903391
45.0,10.0,0.20900000000000002,2.43,1.0155935800686755,91.68783239112935
45.0,10.0,0.40800000000000003,2.43,1.982594165875692,110.4036708932248
45.0,10.0,0.607,2.43,3.089565831039321,131.82858336554548
45.0,10.0,0.806,2.43,4.316886461631068,155.58279308329352
45.0,10.0,1.0050000000000001,2.43,5.51336989044915,178.7401633608971
45.0,10.0,1.2040000000000002,2.43,7.222138220144588,211.8125653485187
45.0,10.0,1.4030000000000002,2.43,8.889024973131802,244.07436924820828
45.0,10.0,1.6020000000000003,2.43,10.555911726119017,276.33617314789797
45.0,10.0,1.8010000000000004,2.43,12.222798479106231,308.5979770475876
45.0,10.0,2.0,2.43,13.889685232093443,340.85978094727716
45.0,15.0,0.01,2.43,0.12191508811192307,74.39110830041948
45.0,15.0,0.20900000000000002,2.43,2.5480253415391925,121.34732358908778
45.0,15.0,0.40800000000000003,2.43,4.974135594966461,168.30353887775607
45.0,15.0,0.607,2.43,7.852476916406968,224.01247237445145
45.0,15.0,0.806,2.43,11.11965242716727,287.24710750795515
45.0,15.0,1.0050000000000001,2.43,14.304738100973797,348.8929327134813
45.0,15.0,1.2040000000000002,2.43,18.451744082090094,429.1562700360981
45.0,15.0,1.4030000000000002,2.43,22.497107759747657,507.4523686988466
45.0,15.0,1.6020000000000003,2.43,26.54247143740522,585.7484673615952
45.0,15.0,1.8010000000000004,2.43,30.587835115062784,664.0445660243439
45.0,15.0,2.0,2.43,34.633198792720336,742.3406646870923
45.0,20.0,0.01,2.43,0.2341508404331656,76.563378147446
45.0,20.0,0.20900000000000002,2.43,4.893752565053162,166.74776339194196
45.0,20.0,0.40800000000000003,2.43,9.553354289673157,256.93214863643794
45.0,20.0,0.607,2.43,15.223228894064958,366.66988714501304
45.0,20.0,0.806,2.43,21.76174933900822,493.21985462831026
45.0,20.0,1.0050000000000001,2.43,28.135985350661446,616.590174687404
45.0,20.0,1.2040000000000002,2.43,35.9062955973902,766.98085058093
45.0,20.0,1.4030000000000002,2.43,43.48615706356187,913.6854804966733
45.0,20.0,1.6020000000000003,2.43,51.06601852973354,1060.3901104124168
45.0,20.0,1.8010000000000004,2.43,58.64587999590521,1207.0947403281602
45.0,20.0,2.0,2.43,66.22574146207687,1353.7993702439032
45.0,25.0,0.01,2.43,0.38846108487566533,79.54997986888596
45.0,25.0,0.20900000000000002,2.43,8.118836673901406,229.16773937003737
45.0,25.0,0.40800000000000003,2.43,15.849212262927146,378.7854988711888
45.0,25.0,0.607,2.43,25.441911357194957,564.4476480804173
45.0,25.0,0.806,2.43,36.635860568119504,781.1012351694877
45.0,25.0,1.0050000000000001,2.43,47.54855477374444,992.3112647940087
45.0,25.0,1.2040000000000002,2.43,60.18601281424939,1236.903281835765
45.0,25.0,1.4030000000000002,2.43,72.5137292361145,1475.5003964990467
45.0,25.0,1.6020000000000003,2.43,84.8414456579796,1714.0975111623286
45.0,25.0,1.8010000000000004,2.43,97.16916207984471,1952.6946258256103
45.0,25.0,2.0,2.43,109.4968785017098,2191.2917404888913
45.0,30.0,0.01,2.43,0.5874616449683165,83.40154149065306
45.0,30.0,0.20900000000000002,2.43,12.277948379837818,309.66537726496966
45.0,30.0,0.40800000000000003,2.43,23.968435114707322,535.9292130392862
45.0,30.0,0.607,2.43,38.70931638171808,821.23199074308
45.0,30.0,0.806,2.43,56.07296677916807,1157.2972231899757
45.0,30.0,1.0050000000000001,2.43,73.00034455356653,1484.9186055753914
45.0,30.0,1.2040000000000002,2.43,91.79487573247992,1848.6778580825455
45.0,30.0,1.4030000000000002,2.43,110.12875663740031,2203.5214426360926
45.0,30.0,1.6020000000000003,2.43,128.46263754232072,2558.36502718964
45.0,30.0,1.8010000000000004,2.43,146.7965184472411,2913.208611743187
45.0,30.0,2.0,2.43,165.13039935216148,3268.0521962967337
45.0,35.0,0.01,2.43,0.8334052032283277,88.16166261631253
45.0,35.0,0.20900000000000002,2.43,17.41816874747205,409.1519087912527
45.0,35.0,0.40800000000000003,2.43,34.00293229171577,730.1421549661928
45.0,35.0,0.607,2.43,55.19981104842965,1140.397707425938
45.0,35.0,0.806,2.43,80.36224681025807,1627.4047381866371
45.0,35.0,1.0050000000000001,2.43,104.89246056802044,2102.1754113905345
45.0,35.0,1.2040000000000002,2.43,131.1719160852367,2610.8018306524737
45.0,35.0,1.4030000000000002,2.43,156.80726730056034,3106.9619161089727
45.0,35.0,1.6020000000000003,2.43,182.44261851588402,3603.1220015654717
45.0,35.0,1.8010000000000004,2.43,208.07796973120767,4099.282087021971
45.0,35.0,2.0,2.43,233.71332094653127,4595.442172478469
45.0,40.0,0.01,2.43,1.1282823153546053,93.86886950896802
45.0,40.0,0.20900000000000002,2.43,23.581100390911256,528.4325328477526
45.0,40.0,0.40800000000000003,2.43,46.0339184664679,962.9961961865371
45.0,40.0,0.607,2.43,75.0685474313893,1524.9476930640985
45.0,40.0,0.806,2.43,109.76230351613837,2196.4289159750015
45.0,40.0,1.0050000000000001,2.43,143.58435718669773,2851.0387513755795
45.0,40.0,1.2040000000000002,2.43,178.7088025862572,3530.855762060429
45.0,40.0,1.4030000000000002,2.43,212.97235471621957,4194.010591110845
45.0,40.0,1.6020000000000003,2.43,247.23590684618196,4857.165420161261
45.0,40.0,1.8010000000000004,2.43,281.4994589761443,5520.320249211677
45.0,40.0,2.0,2.43,315.7630111061066,6183.475078262092
45.0,45.0,0.01,2.43,1.4738840299289315,100.55782706592987
45.0,45.0,0.20900000000000002,2.43,30.80417622551467,668.2317457882552
45.0,45.0,0.40800000000000003,2.43,60.134468421100415,1235.9056645105804
45.0,45.0,0.607,2.43,98.45596250091266,1977.6000387267172
45.0,45.0,0.806,2.43,144.5082096026767,2868.919477479589
45.0,45.0,1.0050000000000001,2.43,189.40336506871802,3737.8439554597767
45.0,45.0,1.2040000000000002,2.43,234.76084565435664,4615.71651723727
45.0,45.0,1.4030000000000002,2.43,279.0066232844649,5472.072594657472
45.0,45.0,1.6020000000000003,2.43,323.25240091457323,6328.4286720776745
45.0,45.0,1.8010000000000004,2.43,367.4981785446815,7184.784749497875
45.0,45.0,2.0,2.43,411.7439561747896,8041.140826918075
