0.0,2.4,0.01,0.0,0.011188346497045846,25.149417020526787
0.0,2.4,0.20900000000000002,0.0,0.2338364417882582,28.122815729009858
0.0,2.4,0.40800000000000003,0.0,0.4564845370794705,31.09621443749293
0.0,2.4,0.607,0.0,0.7295879779911535,34.743429193257924
0.0,2.4,0.806,0.0,1.046073585230718,38.969999802760654
0.0,2.4,1.0050000000000001,0.0,1.354607292790896,43.09037517081859
0.0,2.4,1.2040000000000002,0.0,1.833563237660273,49.486688537129716
0.0,2.4,1.4030000000000002,0.0,2.3007800662338314,55.72622951701164
0.0,2.4,1.6020000000000003,0.0,2.76799689480739,61.96577049689357
0.0,2.4,1.8010000000000004,0.0,3.235213723380948,68.20531147677548
0.0,2.4,2.0,0.0,3.7024305519545058,74.4448524566574
0.0,4.8,0.01,0.0,0.05613405031406438,25.749653449707058
0.0,4.8,0.20900000000000002,0.0,1.1732016515639456,40.66775709887748
0.0,4.8,0.40800000000000003,0.0,2.2902692528138267,55.58586074804791
0.0,4.8,0.607,0.0,3.5676373827562298,72.64473000475735
0.0,4.8,0.806,0.0,4.982834004658559,91.54425754084615
0.0,4.8,1.0050000000000001,0.0,6.36247292249299,109.96892257602818
0.0,4.8,1.2040000000000002,0.0,8.505465234013293,138.58794383030573
0.0,4.8,1.4030000000000002,0.0,10.595933224172802,166.5055184852137
0.0,4.8,1.6020000000000003,0.0,12.686401214332312,194.42309314012172
0.0,4.8,1.8010000000000004,0.0,14.776869204491824,222.34066779502973
0.0,4.8,2.0,0.0,16.86733719465133,250.25824244993763
0.0,7.199999999999999,0.01,0.0,0.1442014039836045,26.925766613028905
0.0,7.199999999999999,0.20900000000000002,0.0,3.0138093432573347,65.24852221230415
0.0,7.199999999999999,0.40800000000000003,0.0,5.883417282531064,103.57127781157939
0.0,7.199999999999999,0.607,0.0,9.032423521902643,145.62531412797335
0.0,7.199999999999999,0.806,0.0,12.421660075377051,190.8875544254414
0.0,7.199999999999999,1.0050000000000001,0.0,15.725739931527976,235.01255250438004
0.0,7.199999999999999,1.2040000000000002,0.0,20.87197555503901,303.73898978417486
0.0,7.199999999999999,1.4030000000000002,0.0,25.892077952483593,370.78095556201384
0.0,7.199999999999999,1.6020000000000003,0.0,30.912180349928175,437.82292133985277
0.0,7.199999999999999,1.8010000000000004,0.0,35.93228274737276,504.8648871176918
0.0,7.199999999999999,2.0,0.0,40.95238514481733,571.9068528955306
0.0,9.6,0.01,0.0,0.2816351464887063,28.761153131526527
0.0,9.6,0.20900000000000002,0.0,5.886174561613962,103.60810044890442
0.0,9.6,0.40800000000000003,0.0,11.490713976739219,178.45504776628232
0.0,9.6,0.607,0.0,17.463433679041053,258.2189326795012
0.0,9.6,0.806,0.0,23.75271960956949,342.21046487138744
0.0,9.6,1.0050000000000001,0.0,29.8839832805369,424.09165705845226
0.0,9.6,1.2040000000000002,0.0,39.463688431739,552.0257536289931
0.0,9.6,1.4030000000000002,0.0,48.80859688805869,676.8242105777069
0.0,9.6,1.6020000000000003,0.0,58.15350534437838,801.6226675264207
0.0,9.6,1.8010000000000004,0.0,67.49841380069806,926.4211244751344
0.0,9.6,2.0,0.0,76.84332225701775,1051.2195814238482
0.0,12.0,0.01,0.0,0.473352588748358,31.32148222153256
0.0,12.0,0.20900000000000002,0.0,9.893069104840684,157.11897843003052
0.0,12.0,0.40800000000000003,0.0,19.31278562093301,282.9164746385285
0.0,12.0,0.607,0.0,29.125466418859435,413.9618912775032
0.0,12.0,0.806,0.0,39.27602304789556,549.5195385669814
0.0,12.0,1.0050000000000001,0.0,49.17154056564937,681.6712148190355
0.0,12.0,1.2040000000000002,0.0,64.68197223480954,888.808389887948
0.0,12.0,1.4030000000000002,0.0,79.81224626501968,1090.8686734110536
0.0,12.0,1.6020000000000003,0.0,94.94252029522983,1292.928956934159
0.0,12.0,1.8010000000000004,0.0,110.07279432543999,1494.989240457265
0.0,12.0,2.0,0.0,125.20306835565009,1697.04952398037
0.0,14.399999999999999,0.01,0.0,0.7234857151333013,34.66193529825456
0.0,14.399999999999999,0.20900000000000002,0.0,15.120851446285998,226.9344477335203
0.0,14.399999999999999,0.40800000000000003,0.0,29.518217177438697,419.20696016878605
0.0,14.399999999999999,0.607,0.0,44.239549913732894,615.8059550445099
0.0,14.399999999999999,0.806,0.0,59.239433719868394,816.1249161307211
0.0,14.399999999999999,1.0050000000000001,0.0,73.86243602333717,1011.4107374911482
0.0,14.399999999999999,1.2040000000000002,0.0,96.85451576140818,1318.4630844205153
0.0,14.399999999999999,1.4030000000000002,0.0,119.28306413334998,1617.989638532986
0.0,14.399999999999999,1.6020000000000003,0.0,141.71161250529178,1917.5161926454568
0.0,14.399999999999999,1.8010000000000004,0.0,164.1401608772336,2217.0427467579275
0.0,14.399999999999999,2.0,0.0,186.56870924917536,2516.5693008703975
0.0,16.8,0.01,0.0,1.0356358148108402,38.83060650121315
0.0,16.8,0.20900000000000002,0.0,21.644788529546563,314.0596758753548
0.0,16.8,0.40800000000000003,0.0,42.25394124428229,589.2887452494964
0.0,16.8,0.607,0.0,62.997332640827736,866.3105320623363
0.0,16.8,0.806,0.0,83.85614421238715,1144.873720785085
0.0,16.8,1.0050000000000001,0.0,104.19086504094257,1416.4378344142974
0.0,16.8,1.2040000000000002,0.0,136.2605326655038,1844.7186520499974
0.0,16.8,1.4030000000000002,0.0,167.5441790247571,2262.502390822077
0.0,16.8,1.6020000000000003,0.0,198.82782538401045,2680.2861295941566
0.0,16.8,1.8010000000000004,0.0,230.11147174326373,3098.0698683662363
0.0,16.8,2.0,0.0,261.39511810251696,3515.8536071383146
0.0,19.2,0.01,0.0,1.4130167927298463,43.87041656957594
0.0,19.2,0.20900000000000002,0.0,29.532050968053788,419.39170630413713
0.0,19.2,0.40800000000000003,0.0,57.65108514337773,794.9129960386983
0.0,19.2,0.607,0.0,85.56912994701436,1167.7501328394012
0.0,19.2,0.806,0.0,113.31436145910678,1538.279399827815
0.0,19.2,1.0050000000000001,0.0,140.36247660154862,1899.4988862386301
0.0,19.2,1.2040000000000002,0.0,183.14459461587236,2470.8412742504324
0.0,19.2,1.4030000000000002,0.0,224.8781313063156,3028.180172359984
0.0,19.2,1.6020000000000003,0.0,266.61166799675885,3585.519070469536
0.0,19.2,1.8010000000000004,0.0,308.3452046872021,4142.857968579088
0.0,19.2,2.0,0.0,350.07874137764526,4700.196866688639
0.0,21.599999999999998,0.01,0.0,1.8585449526731357,49.82031186796389
0.0,21.599999999999998,0.20900000000000002,0.0,38.84358951086853,543.7445180404452
0.0,21.599999999999998,0.40800000000000003,0.0,75.82863406906394,1037.6687242129265
0.0,21.599999999999998,0.607,0.0,112.10893926863716,1522.1813470704749
0.0,21.599999999999998,0.806,0.0,147.78330034677825,1998.6017674516327
0.0,21.599999999999998,1.0050000000000001,0.0,182.56132069431274,2463.0518255116554
0.0,21.599999999999998,1.2040000000000002,0.0,237.72512555869795,3199.747937482612
0.0,21.599999999999998,1.4030000000000002,0.0,291.5368763822894,3918.387772199378
0.0,21.599999999999998,1.6020000000000003,0.0,345.3486272058808,4637.027606916144
0.0,21.599999999999998,1.8010000000000004,0.0,399.16037802947227,5355.66744163291
0.0,21.599999999999998,2.0,0.0,452.97212885306357,6074.307276349674
2.4,0.0,0.01,0.029952,0.0,25.4
2.4,0.0,0.20900000000000002,0.029952,0.0,25.4
2.4,0.0,0.40800000000000003,0.029952,0.0,25.4
2.4,0.0,0.607,0.029952,0.0,25.4
2.4,0.0,0.806,0.029952,0.0,25.4
2.4,0.0,1.0050000000000001,0.029952,0.0,25.4
2.4,0.0,1.2040000000000002,0.029952,0.0,25.4
2.4,0.0,1.4030000000000002,0.029952,0.0,25.4
2.4,0.0,1.6020000000000003,0.029952,0.0,25.4
2.4,0.0,1.8010000000000004,0.029952,0.0,25.4
2.4,0.0,2.0,0.029952,0.0,25.4
2.4,2.4,0.01,0.029952,0.011188346497045846,25.54941702052679
2.4,2.4,0.20900000000000002,0.029952,0.2338364417882582,28.522815729009857
2.4,2.4,0.40800000000000003,0.029952,0.4564845370794705,31.49621443749293
2.4,2.4,0.607,0.029952,0.7295879779911535,35.14342919325793
2.4,2.4,0.806,0.029952,1.046073585230718,39.36999980276066
2.4,2.4,1.0050000000000001,0.029952,1.354607292790896,43.490375170818595
2.4,2.4,1.2040000000000002,0.029952,1.833563237660273,49.886688537129714
2.4,2.4,1.4030000000000002,0.029952,2.3007800662338314,56.12622951701164
2.4,2.4,1.6020000000000003,0.029952,2.76799689480739,62.365770496893575
2.4,2.4,1.8010000000000004,0.029952,3.235213723380948,68.60531147677548
2.4,2.4,2.0,0.029952,3.7024305519545058,74.8448524566574
2.4,4.8,0.01,0.029952,0.05613405031406438,26.149653449707056
2.4,4.8,0.20900000000000002,0.029952,1.1732016515639456,41.06775709887748
2.4,4.8,0.40800000000000003,0.029952,2.2902692528138267,55.985860748047905
2.4,4.8,0.607,0.029952,3.5676373827562298,73.04473000475734
2.4,4.8,0.806,0.029952,4.982834004658559,91.94425754084615
2.4,4.8,1.0050000000000001,0.029952,6.36247292249299,110.36892257602818
2.4,4.8,1.2040000000000002,0.029952,8.505465234013293,138.9879438303057
2.4,4.8,1.4030000000000002,0.029952,10.595933224172802,166.90551848521372
2.4,4.8,1.6020000000000003,0.029952,12.686401214332312,194.8230931401217
2.4,4.8,1.8010000000000004,0.029952,14.776869204491824,222.7406677950297
2.4,4.8,2.0,0.029952,16.86733719465133,250.65824244993766
2.4,7.199999999999999,0.01,0.029952,0.1442014039836045,27.325766613028907
2.4,7.199999999999999,0.20900000000000002,0.029952,3.0138093432573347,65.64852221230416
2.4,7.199999999999999,0.40800000000000003,0.029952,5.883417282531064,103.9712778115794
2.4,7.199999999999999,0.607,0.029952,9.032423521902643,146.02531412797333
2.4,7.199999999999999,0.806,0.029952,12.421660075377051,191.28755442544139
2.4,7.199999999999999,1.0050000000000001,0.029952,15.725739931527976,235.41255250438005
2.4,7.199999999999999,1.2040000000000002,0.029952,20.87197555503901,304.13898978417484
2.4,7.199999999999999,1.4030000000000002,0.029952,25.892077952483593,371.1809555620138
2.4,7.199999999999999,1.6020000000000003,0.029952,30.912180349928175,438.2229213398528
2.4,7.199999999999999,1.8010000000000004,0.029952,35.93228274737276,505.2648871176918
2.4,7.199999999999999,2.0,0.029952,40.95238514481733,572.3068528955306
2.4,9.6,0.01,0.029952,0.2816351464887063,29.161153131526525
2.4,9.6,0.20900000000000002,0.029952,5.886174561613962,104.00810044890443
2.4,9.6,0.40800000000000003,0.029952,11.490713976739219,178.8550477662823
2.4,9.6,0.607,0.029952,17.463433679041053,258.6189326795013
2.4,9.6,0.806,0.029952,23.75271960956949,342.6104648713874
2.4,9.6,1.0050000000000001,0.029952,29.8839832805369,424.49165705845223
2.4,9.6,1.2040000000000002,0.029952,39.463688431739,552.4257536289931
2.4,9.6,1.4030000000000002,0.029952,48.80859688805869,677.2242105777069
2.4,9.6,1.6020000000000003,0.029952,58.15350534437838,802.0226675264207
2.4,9.6,1.8010000000000004,0.029952,67.49841380069806,926.8211244751345
2.4,9.6,2.0,0.029952,76.84332225701775,1051.6195814238483
2.4,12.0,0.01,0.029952,0.473352588748358,31.72148222153256
2.4,12.0,0.20900000000000002,0.029952,9.893069104840684,157.5189784300305
2.4,12.0,0.40800000000000003,0.029952,19.31278562093301,283.31647463852846
2.4,12.0,0.607,0.029952,29.125466418859435,414.3618912775032
2.4,12.0,0.806,0.029952,39.27602304789556,549.9195385669814
2.4,12.0,1.0050000000000001,0.029952,49.17154056564937,682.0712148190355
2.4,12.0,1.2040000000000002,0.029952,64.68197223480954,889.208389887948
2.4,12.0,1.4030000000000002,0.029952,79.81224626501968,1091.2686734110537
2.4,12.0,1.6020000000000003,0.029952,94.94252029522983,1293.3289569341591
2.4,12.0,1.8010000000000004,0.029952,110.07279432543999,1495.389240457265
2.4,12.0,2.0,0.029952,125.20306835565009,1697.44952398037
2.4,14.399999999999999,0.01,0.029952,0.7234857151333013,35.06193529825456
2.4,14.399999999999999,0.20900000000000002,0.029952,15.120851446285998,227.33444773352028
2.4,14.399999999999999,0.40800000000000003,0.029952,29.518217177438697,419.60696016878603
2.4,14.399999999999999,0.607,0.029952,44.239549913732894,616.2059550445098
2.4,14.399999999999999,0.806,0.029952,59.239433719868394,816.5249161307211
2.4,14.399999999999999,1.0050000000000001,0.029952,73.86243602333717,1011.8107374911483
2.4,14.399999999999999,1.2040000000000002,0.029952,96.85451576140818,1318.8630844205154
2.4,14.399999999999999,1.4030000000000002,0.029952,119.28306413334998,1618.389638532986
2.4,14.399999999999999,1.6020000000000003,0.029952,141.71161250529178,1917.9161926454567
2.4,14.399999999999999,1.8010000000000004,0.029952,164.1401608772336,2217.4427467579276
2.4,14.399999999999999,2.0,0.029952,186.56870924917536,2516.9693008703975
2.4,16.8,0.01,0.029952,1.0356358148108402,39.230606501213146
2.4,16.8,0.20900000000000002,0.029952,21.644788529546563,314.4596758753548
2.4,16.8,0.40800000000000003,0.029952,42.25394124428229,589.6887452494964
2.4,16.8,0.607,0.029952,62.997332640827736,866.7105320623363
2.4,16.8,0.806,0.029952,83.85614421238715,1145.273720785085
2.4,16.8,1.0050000000000001,0.029952,104.19086504094257,1416.8378344142975
2.4,16.8,1.2040000000000002,0.029952,136.2605326655038,1845.1186520499973
2.4,16.8,1.4030000000000002,0.029952,167.5441790247571,2262.902390822077
2.4,16.8,1.6020000000000003,0.029952,198.82782538401045,2680.6861295941567
2.4,16.8,1.8010000000000004,0.029952,230.11147174326373,3098.469868366236
2.4,16.8,2.0,0.029952,261.39511810251696,3516.2536071383147
2.4,19.2,0.01,0.029952,1.4130167927298463,44.27041656957594
2.4,19.2,0.20900000000000002,0.029952,29.532050968053788,419.79170630413716
2.4,19.2,0.40800000000000003,0.029952,57.65108514337773,795.3129960386983
2.4,19.2,0.607,0.029952,85.56912994701436,1168.1501328394013
2.4,19.2,0.806,0.029952,113.31436145910678,1538.6793998278151
2.4,19.2,1.0050000000000001,0.029952,140.36247660154862,1899.89888623863
2.4,19.2,1.2040000000000002,0.029952,183.14459461587236,2471.2412742504325
2.4,19.2,1.4030000000000002,0.029952,224.8781313063156,3028.580172359984
2.4,19.2,1.6020000000000003,0.029952,266.61166799675885,3585.9190704695357
2.4,19.2,1.8010000000000004,0.029952,308.3452046872021,4143.257968579088
2.4,19.2,2.0,0.029952,350.07874137764526,4700.596866688638
2.4,21.599999999999998,0.01,0.029952,1.8585449526731357,50.220311867963886
2.4,21.599999999999998,0.20900000000000002,0.029952,38.84358951086853,544.1445180404452
2.4,21.599999999999998,0.40800000000000003,0.029952,75.82863406906394,1038.0687242129266
2.4,21.599999999999998,0.607,0.029952,112.10893926863716,1522.581347070475
2.4,21.599999999999998,0.806,0.029952,147.78330034677825,1999.0017674516325
2.4,21.599999999999998,1.0050000000000001,0.029952,182.56132069431274,2463.4518255116554
2.4,21.599999999999998,1.2040000000000002,0.029952,237.72512555869795,3200.1479374826117
2.4,21.599999999999998,1.4030000000000002,0.029952,291.5368763822894,3918.7877721993777
2.4,21.599999999999998,1.6020000000000003,0.029952,345.3486272058808,4637.427606916143
2.4,21.599999999999998,1.8010000000000004,0.029952,399.16037802947227,5356.067441632909
2.4,21.599999999999998,2.0,0.029952,452.97212885306357,6074.707276349674
4.8,0.0,0.01,0.119808,0.0,26.6
4.8,0.0,0.20900000000000002,0.119808,0.0,26.6
4.8,0.0,0.40800000000000003,0.119808,0.0,26.6
4.8,0.0,0.607,0.119808,0.0,26.6
4.8,0.0,0.806,0.119808,0.0,26.6
4.8,0.0,1.0050000000000001,0.119808,0.0,26.6
4.8,0.0,1.2040000000000002,0.119808,0.0,26.6
4.8,0.0,1.4030000000000002,0.119808,0.0,26.6
4.8,0.0,1.6020000000000003,0.119808,0.0,26.6
4.8,0.0,1.8010000000000004,0.119808,0.0,26.6
4.8,0.0,2.0,0.119808,0.0,26.6
4.8,2.4,0.01,0.119808,0.011188346497045846,26.74941702052679
4.8,2.4,0.20900000000000002,0.119808,0.2338364417882582,29.72281572900986
4.8,2.4,0.40800000000000003,0.119808,0.4564845370794705,32.69621443749293
4.8,2.4,0.607,0.119808,0.7295879779911535,36.343429193257926
4.8,2.4,0.806,0.119808,1.046073585230718,40.569999802760655
4.8,2.4,1.0050000000000001,0.119808,1.354607292790896,44.69037517081859
4.8,2.4,1.2040000000000002,0.119808,1.833563237660273,51.08668853712972
4.8,2.4,1.4030000000000002,0.119808,2.3007800662338314,57.32622951701164
4.8,2.4,1.6020000000000003,0.119808,2.76799689480739,63.56577049689357
4.8,2.4,1.8010000000000004,0.119808,3.235213723380948,69.80531147677549
4.8,2.4,2.0,0.119808,3.7024305519545058,76.0448524566574
4.8,4.8,0.01,0.119808,0.05613405031406438,27.349653449707056
4.8,4.8,0.20900000000000002,0.119808,1.1732016515639456,42.26775709887748
4.8,4.8,0.40800000000000003,0.119808,2.2902692528138267,57.1858607480479
4.8,4.8,0.607,0.119808,3.5676373827562298,74.24473000475734
4.8,4.8,0.806,0.119808,4.982834004658559,93.14425754084614
4.8,4.8,1.0050000000000001,0.119808,6.36247292249299,111.56892257602819
4.8,4.8,1.2040000000000002,0.119808,8.505465234013293,140.18794383030576
4.8,4.8,1.4030000000000002,0.119808,10.595933224172802,168.1055184852137
4.8,4.8,1.6020000000000003,0.119808,12.686401214332312,196.02309314012172
4.8,4.8,1.8010000000000004,0.119808,14.776869204491824,223.94066779502973
4.8,4.8,2.0,0.119808,16.86733719465133,251.85824244993765
4.8,7.199999999999999,0.01,0.119808,0.1442014039836045,28.525766613028907
4.8,7.199999999999999,0.20900000000000002,0.119808,3.0138093432573347,66.84852221230415
4.8,7.199999999999999,0.40800000000000003,0.119808,5.883417282531064,105.17127781157939
4.8,7.199999999999999,0.607,0.119808,9.032423521902643,147.22531412797332
4.8,7.199999999999999,0.806,0.119808,12.421660075377051,192.4875544254414
4.8,7.199999999999999,1.0050000000000001,0.119808,15.725739931527976,236.61255250438006
4.8,7.199999999999999,1.2040000000000002,0.119808,20.87197555503901,305.3389897841749
4.8,7.199999999999999,1.4030000000000002,0.119808,25.892077952483593,372.3809555620138
4.8,7.199999999999999,1.6020000000000003,0.119808,30.912180349928175,439.4229213398528
4.8,7.199999999999999,1.8010000000000004,0.119808,35.93228274737276,506.4648871176918
4.8,7.199999999999999,2.0,0.119808,40.95238514481733,573.5068528955306
4.8,9.6,0.01,0.119808,0.2816351464887063,30.361153131526528
4.8,9.6,0.20900000000000002,0.119808,5.886174561613962,105.20810044890442
4.8,9.6,0.40800000000000003,0.119808,11.490713976739219,180.0550477662823
4.8,9.6,0.607,0.119808,17.463433679041053,259.81893267950124
4.8,9.6,0.806,0.119808,23.75271960956949,343.81046487138747
4.8,9.6,1.0050000000000001,0.119808,29.8839832805369,425.6916570584522
4.8,9.6,1.2040000000000002,0.119808,39.463688431739,553.625753628993
4.8,9.6,1.4030000000000002,0.119808,48.80859688805869,678.4242105777068
4.8,9.6,1.6020000000000003,0.119808,58.15350534437838,803.2226675264208
4.8,9.6,1.8010000000000004,0.119808,67.49841380069806,928.0211244751346
4.8,9.6,2.0,0.119808,76.84332225701775,1052.8195814238481
4.8,12.0,0.01,0.119808,0.473352588748358,32.92148222153256
4.8,12.0,0.20900000000000002,0.119808,9.893069104840684,158.71897843003052
4.8,12.0,0.40800000000000003,0.119808,19.31278562093301,284.51647463852845
4.8,12.0,0.607,0.119808,29.125466418859435,415.5618912775032
4.8,12.0,0.806,0.119808,39.27602304789556,551.1195385669813
4.8,12.0,1.0050000000000001,0.119808,49.17154056564937,683.2712148190354
4.8,12.0,1.2040000000000002,0.119808,64.68197223480954,890.4083898879479
4.8,12.0,1.4030000000000002,0.119808,79.81224626501968,1092.4686734110537
4.8,12.0,1.6020000000000003,0.119808,94.94252029522983,1294.5289569341592
4.8,12.0,1.8010000000000004,0.119808,110.07279432543999,1496.589240457265
4.8,12.0,2.0,0.119808,125.20306835565009,1698.64952398037
4.8,14.399999999999999,0.01,0.119808,0.7234857151333013,36.261935298254556
4.8,14.399999999999999,0.20900000000000002,0.119808,15.120851446285998,228.5344477335203
4.8,14.399999999999999,0.40800000000000003,0.119808,29.518217177438697,420.806960168786
4.8,14.399999999999999,0.607,0.119808,44.239549913732894,617.4059550445098
4.8,14.399999999999999,0.806,0.119808,59.239433719868394,817.7249161307211
4.8,14.399999999999999,1.0050000000000001,0.119808,73.86243602333717,1013.0107374911482
4.8,14.399999999999999,1.2040000000000002,0.119808,96.85451576140818,1320.0630844205155
4.8,14.399999999999999,1.4030000000000002,0.119808,119.28306413334998,1619.589638532986
4.8,14.399999999999999,1.6020000000000003,0.119808,141.71161250529178,1919.1161926454567
4.8,14.399999999999999,1.8010000000000004,0.119808,164.1401608772336,2218.6427467579274
4.8,14.399999999999999,2.0,0.119808,186.56870924917536,2518.1693008703974
4.8,16.8,0.01,0.119808,1.0356358148108402,40.43060650121315
4.8,16.8,0.20900000000000002,0.119808,21.644788529546563,315.65967587535476
4.8,16.8,0.40800000000000003,0.119808,42.25394124428229,590.8887452494963
4.8,16.8,0.607,0.119808,62.997332640827736,867.9105320623362
4.8,16.8,0.806,0.119808,83.85614421238715,1146.473720785085
4.8,16.8,1.0050000000000001,0.119808,104.19086504094257,1418.0378344142973
4.8,16.8,1.2040000000000002,0.119808,136.2605326655038,1846.3186520499974
4.8,16.8,1.4030000000000002,0.119808,167.5441790247571,2264.102390822077
4.8,16.8,1.6020000000000003,0.119808,198.82782538401045,2681.8861295941565
4.8,16.8,1.8010000000000004,0.119808,230.11147174326373,3099.669868366236
4.8,16.8,2.0,0.119808,261.39511810251696,3517.4536071383145
4.8,19.2,0.01,0.119808,1.4130167927298463,45.47041656957594
4.8,19.2,0.20900000000000002,0.119808,29.532050968053788,420.99170630413715
4.8,19.2,0.40800000000000003,0.119808,57.65108514337773,796.5129960386984
4.8,19.2,0.607,0.119808,85.56912994701436,1169.3501328394013
4.8,19.2,0.806,0.119808,113.31436145910678,1539.879399827815
4.8,19.2,1.0050000000000001,0.119808,140.36247660154862,1901.09888623863
4.8,19.2,1.2040000000000002,0.119808,183.14459461587236,2472.4412742504323
4.8,19.2,1.4030000000000002,0.119808,224.8781313063156,3029.780172359984
4.8,19.2,1.6020000000000003,0.119808,266.61166799675885,3587.1190704695364
4.8,19.2,1.8010000000000004,0.119808,308.3452046872021,4144.457968579089
4.8,19.2,2.0,0.119808,350.07874137764526,4701.796866688639
4.8,21.599999999999998,0.01,0.119808,1.8585449526731357,51.42031186796389
4.8,21.599999999999998,0.20900000000000002,0.119808,38.84358951086853,545.3445180404452
4.8,21.599999999999998,0.40800000000000003,0.119808,75.82863406906394,1039.2687242129266
4.8,21.599999999999998,0.607,0.119808,112.10893926863716,1523.781347070475
4.8,21.599999999999998,0.806,0.119808,147.78330034677825,2000.2017674516326
4.8,21.599999999999998,1.0050000000000001,0.119808,182.56132069431274,2464.6518255116553
4.8,21.599999999999998,1.2040000000000002,0.119808,237.72512555869795,3201.347937482612
4.8,21.599999999999998,1.4030000000000002,0.119808,291.5368763822894,3919.987772199378
4.8,21.599999999999998,1.6020000000000003,0.119808,345.3486272058808,4638.627606916144
4.8,21.599999999999998,1.8010000000000004,0.119808,399.16037802947227,5357.26744163291
4.8,21.599999999999998,2.0,0.119808,452.97212885306357,6075.907276349674
7.199999999999999,0.0,0.01,0.2695679999999999,0.0,28.599999999999998
7.199999999999999,0.0,0.20900000000000002,0.2695679999999999,0.0,28.599999999999998
7.199999999999999,0.0,0.40800000000000003,0.2695679999999999,0.0,28.599999999999998
7.199999999999999,0.0,0.607,0.2695679999999999,0.0,28.599999999999998
7.199999999999999,0.0,0.806,0.2695679999999999,0.0,28.599999999999998
7.199999999999999,0.0,1.0050000000000001,0.2695679999999999,0.0,28.599999999999998
7.199999999999999,0.0,1.2040000000000002,0.2695679999999999,0.0,28.599999999999998
7.199999999999999,0.0,1.4030000000000002,0.2695679999999999,0.0,28.599999999999998
7.199999999999999,0.0,1.6020000000000003,0.2695679999999999,0.0,28.599999999999998
7.199999999999999,0.0,1.8010000000000004,0.2695679999999999,0.0,28.599999999999998
7.199999999999999,0.0,2.0,0.2695679999999999,0.0,28.599999999999998
7.199999999999999,2.4,0.01,0.2695679999999999,0.011188346497045846,28.74941702052679
7.199999999999999,2.4,0.20900000000000002,0.2695679999999999,0.2338364417882582,31.72281572900986
7.199999999999999,2.4,0.40800000000000003,0.2695679999999999,0.4564845370794705,34.69621443749293
7.199999999999999,2.4,0.607,0.2695679999999999,0.7295879779911535,38.343429193257926
7.199999999999999,2.4,0.806,0.2695679999999999,1.046073585230718,42.56999980276066
7.199999999999999,2.4,1.0050000000000001,0.2695679999999999,1.354607292790896,46.69037517081859
7.199999999999999,2.4,1.2040000000000002,0.2695679999999999,1.833563237660273,53.08668853712972
7.199999999999999,2.4,1.4030000000000002,0.2695679999999999,2.3007800662338314,59.32622951701163
7.199999999999999,2.4,1.6020000000000003,0.2695679999999999,2.76799689480739,65.56577049689356
7.199999999999999,2.4,1.8010000000000004,0.2695679999999999,3.235213723380948,71.80531147677547
7.199999999999999,2.4,2.0,0.2695679999999999,3.7024305519545058,78.0448524566574
7.199999999999999,4.8,0.01,0.2695679999999999,0.05613405031406438,29.349653449707056
7.199999999999999,4.8,0.20900000000000002,0.2695679999999999,1.1732016515639456,44.26775709887748
7.199999999999999,4.8,0.40800000000000003,0.2695679999999999,2.2902692528138267,59.1858607480479
7.199999999999999,4.8,0.607,0.2695679999999999,3.5676373827562298,76.24473000475734
7.199999999999999,4.8,0.806,0.2695679999999999,4.982834004658559,95.14425754084616
7.199999999999999,4.8,1.0050000000000001,0.2695679999999999,6.36247292249299,113.56892257602819
7.199999999999999,4.8,1.2040000000000002,0.2695679999999999,8.505465234013293,142.18794383030573
7.199999999999999,4.8,1.4030000000000002,0.2695679999999999,10.595933224172802,170.1055184852137
7.199999999999999,4.8,1.6020000000000003,0.2695679999999999,12.686401214332312,198.0230931401217
7.199999999999999,4.8,1.8010000000000004,0.2695679999999999,14.776869204491824,225.94066779502973
7.199999999999999,4.8,2.0,0.2695679999999999,16.86733719465133,253.85824244993762
7.199999999999999,7.199999999999999,0.01,0.2695679999999999,0.1442014039836045,30.525766613028907
7.199999999999999,7.199999999999999,0.20900000000000002,0.2695679999999999,3.0138093432573347,68.84852221230415
7.199999999999999,7.199999999999999,0.40800000000000003,0.2695679999999999,5.883417282531064,107.1712778115794
7.199999999999999,7.199999999999999,0.607,0.2695679999999999,9.032423521902643,149.22531412797332
7.199999999999999,7.199999999999999,0.806,0.2695679999999999,12.421660075377051,194.4875544254414
7.199999999999999,7.199999999999999,1.0050000000000001,0.2695679999999999,15.725739931527976,238.61255250438003
7.199999999999999,7.199999999999999,1.2040000000000002,0.2695679999999999,20.87197555503901,307.3389897841748
7.199999999999999,7.199999999999999,1.4030000000000002,0.2695679999999999,25.892077952483593,374.3809555620138
7.199999999999999,7.199999999999999,1.6020000000000003,0.2695679999999999,30.912180349928175,441.4229213398528
7.199999999999999,7.199999999999999,1.8010000000000004,0.2695679999999999,35.93228274737276,508.4648871176918
7.199999999999999,7.199999999999999,2.0,0.2695679999999999,40.95238514481733,575.5068528955306
7.199999999999999,9.6,0.01,0.2695679999999999,0.2816351464887063,32.36115313152653
7.199999999999999,9.6,0.20900000000000002,0.2695679999999999,5.886174561613962,107.20810044890442
7.199999999999999,9.6,0.40800000000000003,0.2695679999999999,11.490713976739219,182.05504776628229
7.199999999999999,9.6,0.607,0.2695679999999999,17.463433679041053,261.81893267950124
7.199999999999999,9.6,0.806,0.2695679999999999,23.75271960956949,345.8104648713874
7.199999999999999,9.6,1.0050000000000001,0.2695679999999999,29.8839832805369,427.6916570584522
7.199999999999999,9.6,1.2040000000000002,0.2695679999999999,39.463688431739,555.625753628993
7.199999999999999,9.6,1.4030000000000002,0.2695679999999999,48.80859688805869,680.4242105777068
7.199999999999999,9.6,1.6020000000000003,0.2695679999999999,58.15350534437838,805.2226675264208
7.199999999999999,9.6,1.8010000000000004,0.2695679999999999,67.49841380069806,930.0211244751345
7.199999999999999,9.6,2.0,0.2695679999999999,76.84332225701775,1054.8195814238481
7.199999999999999,12.0,0.01,0.2695679999999999,0.473352588748358,34.92148222153256
7.199999999999999,12.0,0.20900000000000002,0.2695679999999999,9.893069104840684,160.71897843003052
7.199999999999999,12.0,0.40800000000000003,0.2695679999999999,19.31278562093301,286.51647463852845
7.199999999999999,12.0,0.607,0.2695679999999999,29.125466418859435,417.56189127750315
7.199999999999999,12.0,0.806,0.2695679999999999,39.27602304789556,553.1195385669814
7.199999999999999,12.0,1.0050000000000001,0.2695679999999999,49.17154056564937,685.2712148190355
7.199999999999999,12.0,1.2040000000000002,0.2695679999999999,64.68197223480954,892.4083898879479
7.199999999999999,12.0,1.4030000000000002,0.2695679999999999,79.81224626501968,1094.4686734110535
7.199999999999999,12.0,1.6020000000000003,0.2695679999999999,94.94252029522983,1296.5289569341592
7.199999999999999,12.0,1.8010000000000004,0.2695679999999999,110.07279432543999,1498.5892404572649
7.199999999999999,12.0,2.0,0.2695679999999999,125.20306835565009,1700.6495239803698
7.199999999999999,14.399999999999999,0.01,0.2695679999999999,0.7234857151333013,38.261935298254556
7.199999999999999,14.399999999999999,0.20900000000000002,0.2695679999999999,15.120851446285998,230.5344477335203
7.199999999999999,14.399999999999999,0.40800000000000003,0.2695679999999999,29.518217177438697,422.806960168786
7.199999999999999,14.399999999999999,0.607,0.2695679999999999,44.239549913732894,619.4059550445098
7.199999999999999,14.399999999999999,0.806,0.2695679999999999,59.239433719868394,819.7249161307211
7.199999999999999,14.399999999999999,1.0050000000000001,0.2695679999999999,73.86243602333717,1015.0107374911481
7.199999999999999,14.399999999999999,1.2040000000000002,0.2695679999999999,96.85451576140818,1322.0630844205155
7.199999999999999,14.399999999999999,1.4030000000000002,0.2695679999999999,119.28306413334998,1621.5896385329859
7.199999999999999,14.399999999999999,1.6020000000000003,0.2695679999999999,141.71161250529178,1921.1161926454567
7.199999999999999,14.399999999999999,1.8010000000000004,0.2695679999999999,164.1401608772336,2220.6427467579274
7.199999999999999,14.399999999999999,2.0,0.2695679999999999,186.56870924917536,2520.169300870398
7.199999999999999,16.8,0.01,0.2695679999999999,1.0356358148108402,42.43060650121315
7.199999999999999,16.8,0.20900000000000002,0.2695679999999999,21.644788529546563,317.65967587535476
7.199999999999999,16.8,0.40800000000000003,0.2695679999999999,42.25394124428229,592.8887452494964
7.199999999999999,16.8,0.607,0.2695679999999999,62.997332640827736,869.9105320623363
7.199999999999999,16.8,0.806,0.2695679999999999,83.85614421238715,1148.4737207850849
7.199999999999999,16.8,1.0050000000000001,0.2695679999999999,104.19086504094257,1420.0378344142973
7.199999999999999,16.8,1.2040000000000002,0.2695679999999999,136.2605326655038,1848.3186520499974
7.199999999999999,16.8,1.4030000000000002,0.2695679999999999,167.5441790247571,2266.1023908220773
7.199999999999999,16.8,1.6020000000000003,0.2695679999999999,198.82782538401045,2683.886129594157
7.199999999999999,16.8,1.8010000000000004,0.2695679999999999,230.11147174326373,3101.669868366236
7.199999999999999,16.8,2.0,0.2695679999999999,261.39511810251696,3519.4536071383145
7.199999999999999,19.2,0.01,0.2695679999999999,1.4130167927298463,47.47041656957594
7.199999999999999,19.2,0.20900000000000002,0.2695679999999999,29.532050968053788,422.99170630413715
7.199999999999999,19.2,0.40800000000000003,0.2695679999999999,57.65108514337773,798.5129960386984
7.199999999999999,19.2,0.607,0.2695679999999999,85.56912994701436,1171.350132839401
7.199999999999999,19.2,0.806,0.2695679999999999,113.31436145910678,1541.879399827815
7.199999999999999,19.2,1.0050000000000001,0.2695679999999999,140.36247660154862,1903.09888623863
7.199999999999999,19.2,1.2040000000000002,0.2695679999999999,183.14459461587236,2474.4412742504323
7.199999999999999,19.2,1.4030000000000002,0.2695679999999999,224.8781313063156,3031.780172359984
7.199999999999999,19.2,1.6020000000000003,0.2695679999999999,266.61166799675885,3589.1190704695364
7.199999999999999,19.2,1.8010000000000004,0.2695679999999999,308.3452046872021,4146.457968579089
7.199999999999999,19.2,2.0,0.2695679999999999,350.07874137764526,4703.796866688639
7.199999999999999,21.599999999999998,0.01,0.2695679999999999,1.8585449526731357,53.42031186796389
7.199999999999999,21.599999999999998,0.20900000000000002,0.2695679999999999,38.84358951086853,547.3445180404452
7.199999999999999,21.599999999999998,0.40800000000000003,0.2695679999999999,75.82863406906394,1041.2687242129264
7.199999999999999,21.599999999999998,0.607,0.2695679999999999,112.10893926863716,1525.781347070475
7.199999999999999,21.599999999999998,0.806,0.2695679999999999,147.78330034677825,2002.2017674516326
7.199999999999999,21.599999999999998,1.0050000000000001,0.2695679999999999,182.56132069431274,2466.6518255116553
7.199999999999999,21.599999999999998,1.2040000000000002,0.2695679999999999,237.72512555869795,3203.347937482612
7.199999999999999,21.599999999999998,1.4030000000000002,0.2695679999999999,291.5368763822894,3921.9877721993785
7.199999999999999,21.599999999999998,1.6020000000000003,0.2695679999999999,345.3486272058808,4640.627606916144
7.199999999999999,21.599999999999998,1.8010000000000004,0.2695679999999999,399.16037802947227,5359.26744163291
7.199999999999999,21.599999999999998,2.0,0.2695679999999999,452.97212885306357,6077.907276349674
9.6,0.0,0.01,0.479232,0.0,31.4
9.6,0.0,0.20900000000000002,0.479232,0.0,31.4
9.6,0.0,0.40800000000000003,0.479232,0.0,31.4
9.6,0.0,0.607,0.479232,0.0,31.4
9.6,0.0,0.806,0.479232,0.0,31.4
9.6,0.0,1.0050000000000001,0.479232,0.0,31.4
9.6,0.0,1.2040000000000002,0.479232,0.0,31.4
9.6,0.0,1.4030000000000002,0.479232,0.0,31.4
9.6,0.0,1.6020000000000003,0.479232,0.0,31.4
9.6,0.0,1.8010000000000004,0.479232,0.0,31.4
9.6,0.0,2.0,0.479232,0.0,31.4
9.6,2.4,0.01,0.479232,0.011188346497045846,31.54941702052679
9.6,2.4,0.20900000000000002,0.479232,0.2338364417882582,34.52281572900986
9.6,2.4,0.40800000000000003,0.479232,0.4564845370794705,37.49621443749293
9.6,2.4,0.607,0.479232,0.7295879779911535,41.14342919325793
9.6,2.4,0.806,0.479232,1.046073585230718,45.36999980276066
9.6,2.4,1.0050000000000001,0.479232,1.354607292790896,49.490375170818595
9.6,2.4,1.2040000000000002,0.479232,1.833563237660273,55.886688537129714
9.6,2.4,1.4030000000000002,0.479232,2.3007800662338314,62.12622951701164
9.6,2.4,1.6020000000000003,0.479232,2.76799689480739,68.36577049689356
9.6,2.4,1.8010000000000004,0.479232,3.235213723380948,74.60531147677548
9.6,2.4,2.0,0.479232,3.7024305519545058,80.8448524566574
9.6,4.8,0.01,0.479232,0.05613405031406438,32.14965344970705
9.6,4.8,0.20900000000000002,0.479232,1.1732016515639456,47.06775709887748
9.6,4.8,0.40800000000000003,0.479232,2.2902692528138267,61.985860748047905
9.6,4.8,0.607,0.479232,3.5676373827562298,79.04473000475735
9.6,4.8,0.806,0.479232,4.982834004658559,97.94425754084615
9.6,4.8,1.0050000000000001,0.479232,6.36247292249299,116.36892257602818
9.6,4.8,1.2040000000000002,0.479232,8.505465234013293,144.98794383030574
9.6,4.8,1.4030000000000002,0.479232,10.595933224172802,172.90551848521372
9.6,4.8,1.6020000000000003,0.479232,12.686401214332312,200.8230931401217
9.6,4.8,1.8010000000000004,0.479232,14.776869204491824,228.74066779502974
9.6,4.8,2.0,0.479232,16.86733719465133,256.65824244993763
9.6,7.199999999999999,0.01,0.479232,0.1442014039836045,33.325766613028904
9.6,7.199999999999999,0.20900000000000002,0.479232,3.0138093432573347,71.64852221230416
9.6,7.199999999999999,0.40800000000000003,0.479232,5.883417282531064,109.9712778115794
9.6,7.199999999999999,0.607,0.479232,9.032423521902643,152.02531412797333
9.6,7.199999999999999,0.806,0.479232,12.421660075377051,197.28755442544139
9.6,7.199999999999999,1.0050000000000001,0.479232,15.725739931527976,241.41255250438005
9.6,7.199999999999999,1.2040000000000002,0.479232,20.87197555503901,310.13898978417484
9.6,7.199999999999999,1.4030000000000002,0.479232,25.892077952483593,377.1809555620138
9.6,7.199999999999999,1.6020000000000003,0.479232,30.912180349928175,444.2229213398528
9.6,7.199999999999999,1.8010000000000004,0.479232,35.93228274737276,511.2648871176917
9.6,7.199999999999999,2.0,0.479232,40.95238514481733,578.3068528955306
9.6,9.6,0.01,0.479232,0.2816351464887063,35.161153131526525
9.6,9.6,0.20900000000000002,0.479232,5.886174561613962,110.00810044890441
9.6,9.6,0.40800000000000003,0.479232,11.490713976739219,184.8550477662823
9.6,9.6,0.607,0.479232,17.463433679041053,264.61893267950126
9.6,9.6,0.806,0.479232,23.75271960956949,348.6104648713874
9.6,9.6,1.0050000000000001,0.479232,29.8839832805369,430.49165705845223
9.6,9.6,1.2040000000000002,0.479232,39.463688431739,558.425753628993
9.6,9.6,1.4030000000000002,0.479232,48.80859688805869,683.2242105777069
9.6,9.6,1.6020000000000003,0.479232,58.15350534437838,808.0226675264208
9.6,9.6,1.8010000000000004,0.479232,67.49841380069806,932.8211244751345
9.6,9.6,2.0,0.479232,76.84332225701775,1057.6195814238483
9.6,12.0,0.01,0.479232,0.473352588748358,37.72148222153256
9.6,12.0,0.20900000000000002,0.479232,9.893069104840684,163.51897843003053
9.6,12.0,0.40800000000000003,0.479232,19.31278562093301,289.31647463852846
9.6,12.0,0.607,0.479232,29.125466418859435,420.36189127750316
9.6,12.0,0.806,0.479232,39.27602304789556,555.9195385669815
9.6,12.0,1.0050000000000001,0.479232,49.17154056564937,688.0712148190355
9.6,12.0,1.2040000000000002,0.479232,64.68197223480954,895.208389887948
9.6,12.0,1.4030000000000002,0.479232,79.81224626501968,1097.2686734110537
9.6,12.0,1.6020000000000003,0.479232,94.94252029522983,1299.3289569341591
9.6,12.0,1.8010000000000004,0.479232,110.07279432543999,1501.389240457265
9.6,12.0,2.0,0.479232,125.20306835565009,1703.44952398037
9.6,14.399999999999999,0.01,0.479232,0.7234857151333013,41.061935298254554
9.6,14.399999999999999,0.20900000000000002,0.479232,15.120851446285998,233.3344477335203
9.6,14.399999999999999,0.40800000000000003,0.479232,29.518217177438697,425.60696016878603
9.6,14.399999999999999,0.607,0.479232,44.239549913732894,622.2059550445098
9.6,14.399999999999999,0.806,0.479232,59.239433719868394,822.5249161307212
9.6,14.399999999999999,1.0050000000000001,0.479232,73.86243602333717,1017.8107374911482
9.6,14.399999999999999,1.2040000000000002,0.479232,96.85451576140818,1324.8630844205154
9.6,14.399999999999999,1.4030000000000002,0.479232,119.28306413334998,1624.389638532986
9.6,14.399999999999999,1.6020000000000003,0.479232,141.71161250529178,1923.9161926454567
9.6,14.399999999999999,1.8010000000000004,0.479232,164.1401608772336,2223.4427467579276
9.6,14.399999999999999,2.0,0.479232,186.56870924917536,2522.9693008703975
9.6,16.8,0.01,0.479232,1.0356358148108402,45.230606501213146
9.6,16.8,0.20900000000000002,0.479232,21.644788529546563,320.4596758753548
9.6,16.8,0.40800000000000003,0.479232,42.25394124428229,595.6887452494964
9.6,16.8,0.607,0.479232,62.997332640827736,872.7105320623364
9.6,16.8,0.806,0.479232,83.85614421238715,1151.273720785085
9.6,16.8,1.0050000000000001,0.479232,104.19086504094257,1422.8378344142973
9.6,16.8,1.2040000000000002,0.479232,136.2605326655038,1851.1186520499973
9.6,16.8,1.4030000000000002,0.479232,167.5441790247571,2268.902390822077
9.6,16.8,1.6020000000000003,0.479232,198.82782538401045,2686.6861295941567
9.6,16.8,1.8010000000000004,0.479232,230.11147174326373,3104.469868366236
9.6,16.8,2.0,0.479232,261.39511810251696,3522.2536071383147
9.6,19.2,0.01,0.479232,1.4130167927298463,50.27041656957594
9.6,19.2,0.20900000000000002,0.479232,29.532050968053788,425.79170630413716
9.6,19.2,0.40800000000000003,0.479232,57.65108514337773,801.3129960386984
9.6,19.2,0.607,0.479232,85.56912994701436,1174.1501328394013
9.6,19.2,0.806,0.479232,113.31436145910678,1544.679399827815
9.6,19.2,1.0050000000000001,0.479232,140.36247660154862,1905.89888623863
9.6,19.2,1.2040000000000002,0.479232,183.14459461587236,2477.2412742504325
9.6,19.2,1.4030000000000002,0.479232,224.8781313063156,3034.580172359984
9.6,19.2,1.6020000000000003,0.479232,266.61166799675885,3591.919070469536
9.6,19.2,1.8010000000000004,0.479232,308.3452046872021,4149.257968579089
9.6,19.2,2.0,0.479232,350.07874137764526,4706.596866688639
9.6,21.599999999999998,0.01,0.479232,1.8585449526731357,56.220311867963886
9.6,21.599999999999998,0.20900000000000002,0.479232,38.84358951086853,550.1445180404453
9.6,21.599999999999998,0.40800000000000003,0.479232,75.82863406906394,1044.0687242129266
9.6,21.599999999999998,0.607,0.479232,112.10893926863716,1528.581347070475
9.6,21.599999999999998,0.806,0.479232,147.78330034677825,2005.0017674516325
9.6,21.599999999999998,1.0050000000000001,0.479232,182.56132069431274,2469.4518255116554
9.6,21.599999999999998,1.2040000000000002,0.479232,237.72512555869795,3206.1479374826117
9.6,21.599999999999998,1.4030000000000002,0.479232,291.5368763822894,3924.787772199378
9.6,21.599999999999998,1.6020000000000003,0.479232,345.3486272058808,4643.427606916144
9.6,21.599999999999998,1.8010000000000004,0.479232,399.16037802947227,5362.06744163291
9.6,21.599999999999998,2.0,0.479232,452.97212885306357,6080.707276349674
12.0,0.0,0.01,0.7488,0.0,35.0
12.0,0.0,0.20900000000000002,0.7488,0.0,35.0
12.0,0.0,0.40800000000000003,0.7488,0.0,35.0
12.0,0.0,0.607,0.7488,0.0,35.0
12.0,0.0,0.806,0.7488,0.0,35.0
12.0,0.0,1.0050000000000001,0.7488,0.0,35.0
12.0,0.0,1.2040000000000002,0.7488,0.0,35.0
12.0,0.0,1.4030000000000002,0.7488,0.0,35.0
12.0,0.0,1.6020000000000003,0.7488,0.0,35.0
12.0,0.0,1.8010000000000004,0.7488,0.0,35.0
12.0,0.0,2.0,0.7488,0.0,35.0
12.0,2.4,0.01,0.7488,0.011188346497045846,35.14941702052679
12.0,2.4,0.20900000000000002,0.7488,0.2338364417882582,38.12281572900986
12.0,2.4,0.40800000000000003,0.7488,0.4564845370794705,41.09621443749293
12.0,2.4,0.607,0.7488,0.7295879779911535,44.743429193257924
12.0,2.4,0.806,0.7488,1.046073585230718,48.96999980276066
12.0,2.4,1.0050000000000001,0.7488,1.354607292790896,53.09037517081859
12.0,2.4,1.2040000000000002,0.7488,1.833563237660273,59.48668853712972
12.0,2.4,1.4030000000000002,0.7488,2.3007800662338314,65.72622951701165
12.0,2.4,1.6020000000000003,0.7488,2.76799689480739,71.96577049689357
12.0,2.4,1.8010000000000004,0.7488,3.235213723380948,78.20531147677549
12.0,2.4,2.0,0.7488,3.7024305519545058,84.4448524566574
12.0,4.8,0.01,0.7488,0.05613405031406438,35.74965344970706
12.0,4.8,0.20900000000000002,0.7488,1.1732016515639456,50.66775709887749
12.0,4.8,0.40800000000000003,0.7488,2.2902692528138267,65.5858607480479
12.0,4.8,0.607,0.7488,3.5676373827562298,82.64473000475735
12.0,4.8,0.806,0.7488,4.982834004658559,101.54425754084615
12.0,4.8,1.0050000000000001,0.7488,6.36247292249299,119.96892257602819
12.0,4.8,1.2040000000000002,0.7488,8.505465234013293,148.58794383030573
12.0,4.8,1.4030000000000002,0.7488,10.595933224172802,176.5055184852137
12.0,4.8,1.6020000000000003,0.7488,12.686401214332312,204.4230931401217
12.0,4.8,1.8010000000000004,0.7488,14.776869204491824,232.3406677950297
12.0,4.8,2.0,0.7488,16.86733719465133,260.2582424499376
12.0,7.199999999999999,0.01,0.7488,0.1442014039836045,36.92576661302891
12.0,7.199999999999999,0.20900000000000002,0.7488,3.0138093432573347,75.24852221230415
12.0,7.199999999999999,0.40800000000000003,0.7488,5.883417282531064,113.57127781157939
12.0,7.199999999999999,0.607,0.7488,9.032423521902643,155.62531412797333
12.0,7.199999999999999,0.806,0.7488,12.421660075377051,200.88755442544138
12.0,7.199999999999999,1.0050000000000001,0.7488,15.725739931527976,245.01255250438004
12.0,7.199999999999999,1.2040000000000002,0.7488,20.87197555503901,313.73898978417486
12.0,7.199999999999999,1.4030000000000002,0.7488,25.892077952483593,380.7809555620138
12.0,7.199999999999999,1.6020000000000003,0.7488,30.912180349928175,447.82292133985277
12.0,7.199999999999999,1.8010000000000004,0.7488,35.93228274737276,514.8648871176919
12.0,7.199999999999999,2.0,0.7488,40.95238514481733,581.9068528955306
12.0,9.6,0.01,0.7488,0.2816351464887063,38.76115313152653
12.0,9.6,0.20900000000000002,0.7488,5.886174561613962,113.60810044890442
12.0,9.6,0.40800000000000003,0.7488,11.490713976739219,188.4550477662823
12.0,9.6,0.607,0.7488,17.463433679041053,268.2189326795012
12.0,9.6,0.806,0.7488,23.75271960956949,352.21046487138744
12.0,9.6,1.0050000000000001,0.7488,29.8839832805369,434.0916570584522
12.0,9.6,1.2040000000000002,0.7488,39.463688431739,562.0257536289931
12.0,9.6,1.4030000000000002,0.7488,48.80859688805869,686.8242105777069
12.0,9.6,1.6020000000000003,0.7488,58.15350534437838,811.6226675264209
12.0,9.6,1.8010000000000004,0.7488,67.49841380069806,936.4211244751345
12.0,9.6,2.0,0.7488,76.84332225701775,1061.2195814238482
12.0,12.0,0.01,0.7488,0.473352588748358,41.32148222153256
12.0,12.0,0.20900000000000002,0.7488,9.893069104840684,167.1189784300305
12.0,12.0,0.40800000000000003,0.7488,19.31278562093301,292.9164746385284
12.0,12.0,0.607,0.7488,29.125466418859435,423.9618912775032
12.0,12.0,0.806,0.7488,39.27602304789556,559.5195385669814
12.0,12.0,1.0050000000000001,0.7488,49.17154056564937,691.6712148190355
12.0,12.0,1.2040000000000002,0.7488,64.68197223480954,898.808389887948
12.0,12.0,1.4030000000000002,0.7488,79.81224626501968,1100.8686734110536
12.0,12.0,1.6020000000000003,0.7488,94.94252029522983,1302.9289569341593
12.0,12.0,1.8010000000000004,0.7488,110.07279432543999,1504.989240457265
12.0,12.0,2.0,0.7488,125.20306835565009,1707.04952398037
12.0,14.399999999999999,0.01,0.7488,0.7234857151333013,44.66193529825456
12.0,14.399999999999999,0.20900000000000002,0.7488,15.120851446285998,236.9344477335203
12.0,14.399999999999999,0.40800000000000003,0.7488,29.518217177438697,429.206960168786
12.0,14.399999999999999,0.607,0.7488,44.239549913732894,625.8059550445099
12.0,14.399999999999999,0.806,0.7488,59.239433719868394,826.1249161307212
12.0,14.399999999999999,1.0050000000000001,0.7488,73.86243602333717,1021.4107374911482
12.0,14.399999999999999,1.2040000000000002,0.7488,96.85451576140818,1328.4630844205153
12.0,14.399999999999999,1.4030000000000002,0.7488,119.28306413334998,1627.989638532986
12.0,14.399999999999999,1.6020000000000003,0.7488,141.71161250529178,1927.5161926454566
12.0,14.399999999999999,1.8010000000000004,0.7488,164.1401608772336,2227.0427467579275
12.0,14.399999999999999,2.0,0.7488,186.56870924917536,2526.5693008703975
12.0,16.8,0.01,0.7488,1.0356358148108402,48.83060650121315
12.0,16.8,0.20900000000000002,0.7488,21.644788529546563,324.05967587535474
12.0,16.8,0.40800000000000003,0.7488,42.25394124428229,599.2887452494964
12.0,16.8,0.607,0.7488,62.997332640827736,876.3105320623363
12.0,16.8,0.806,0.7488,83.85614421238715,1154.873720785085
12.0,16.8,1.0050000000000001,0.7488,104.19086504094257,1426.4378344142974
12.0,16.8,1.2040000000000002,0.7488,136.2605326655038,1854.7186520499972
12.0,16.8,1.4030000000000002,0.7488,167.5441790247571,2272.502390822077
12.0,16.8,1.6020000000000003,0.7488,198.82782538401045,2690.2861295941566
12.0,16.8,1.8010000000000004,0.7488,230.11147174326373,3108.069868366236
12.0,16.8,2.0,0.7488,261.39511810251696,3525.8536071383146
12.0,19.2,0.01,0.7488,1.4130167927298463,53.87041656957594
12.0,19.2,0.20900000000000002,0.7488,29.532050968053788,429.39170630413713
12.0,19.2,0.40800000000000003,0.7488,57.65108514337773,804.9129960386983
12.0,19.2,0.607,0.7488,85.56912994701436,1177.7501328394012
12.0,19.2,0.806,0.7488,113.31436145910678,1548.279399827815
12.0,19.2,1.0050000000000001,0.7488,140.36247660154862,1909.49888623863
12.0,19.2,1.2040000000000002,0.7488,183.14459461587236,2480.8412742504324
12.0,19.2,1.4030000000000002,0.7488,224.8781313063156,3038.180172359984
12.0,19.2,1.6020000000000003,0.7488,266.61166799675885,3595.5190704695356
12.0,19.2,1.8010000000000004,0.7488,308.3452046872021,4152.857968579088
12.0,19.2,2.0,0.7488,350.07874137764526,4710.196866688639
12.0,21.599999999999998,0.01,0.7488,1.8585449526731357,59.82031186796389
12.0,21.599999999999998,0.20900000000000002,0.7488,38.84358951086853,553.7445180404453
12.0,21.599999999999998,0.40800000000000003,0.7488,75.82863406906394,1047.6687242129265
12.0,21.599999999999998,0.607,0.7488,112.10893926863716,1532.181347070475
12.0,21.599999999999998,0.806,0.7488,147.78330034677825,2008.6017674516324
12.0,21.599999999999998,1.0050000000000001,0.7488,182.56132069431274,2473.0518255116554
12.0,21.599999999999998,1.2040000000000002,0.7488,237.72512555869795,3209.747937482612
12.0,21.599999999999998,1.4030000000000002,0.7488,291.5368763822894,3928.3877721993777
12.0,21.599999999999998,1.6020000000000003,0.7488,345.3486272058808,4647.027606916144
12.0,21.599999999999998,1.8010000000000004,0.7488,399.16037802947227,5365.66744163291
12.0,21.599999999999998,2.0,0.7488,452.97212885306357,6084.307276349674
14.399999999999999,0.0,0.01,1.0782719999999997,0.0,39.4
14.399999999999999,0.0,0.20900000000000002,1.0782719999999997,0.0,39.4
14.399999999999999,0.0,0.40800000000000003,1.0782719999999997,0.0,39.4
14.399999999999999,0.0,0.607,1.0782719999999997,0.0,39.4
14.399999999999999,0.0,0.806,1.0782719999999997,0.0,39.4
14.399999999999999,0.0,1.0050000000000001,1.0782719999999997,0.0,39.4
14.399999999999999,0.0,1.2040000000000002,1.0782719999999997,0.0,39.4
14.399999999999999,0.0,1.4030000000000002,1.0782719999999997,0.0,39.4
14.399999999999999,0.0,1.6020000000000003,1.0782719999999997,0.0,39.4
14.399999999999999,0.0,1.8010000000000004,1.0782719999999997,0.0,39.4
14.399999999999999,0.0,2.0,1.0782719999999997,0.0,39.4
14.399999999999999,2.4,0.01,1.0782719999999997,0.011188346497045846,39.54941702052678
14.399999999999999,2.4,0.20900000000000002,1.0782719999999997,0.2338364417882582,42.52281572900986
14.399999999999999,2.4,0.40800000000000003,1.0782719999999997,0.4564845370794705,45.496214437492924
14.399999999999999,2.4,0.607,1.0782719999999997,0.7295879779911535,49.14342919325793
14.399999999999999,2.4,0.806,1.0782719999999997,1.046073585230718,53.36999980276066
14.399999999999999,2.4,1.0050000000000001,1.0782719999999997,1.354607292790896,57.49037517081859
14.399999999999999,2.4,1.2040000000000002,1.0782719999999997,1.833563237660273,63.88668853712971
14.399999999999999,2.4,1.4030000000000002,1.0782719999999997,2.3007800662338314,70.12622951701164
14.399999999999999,2.4,1.6020000000000003,1.0782719999999997,2.76799689480739,76.36577049689356
14.399999999999999,2.4,1.8010000000000004,1.0782719999999997,3.235213723380948,82.60531147677548
14.399999999999999,2.4,2.0,1.0782719999999997,3.7024305519545058,88.8448524566574
14.399999999999999,4.8,0.01,1.0782719999999997,0.05613405031406438,40.14965344970705
14.399999999999999,4.8,0.20900000000000002,1.0782719999999997,1.1732016515639456,55.06775709887748
14.399999999999999,4.8,0.40800000000000003,1.0782719999999997,2.2902692528138267,69.98586074804791
14.399999999999999,4.8,0.607,1.0782719999999997,3.5676373827562298,87.04473000475734
14.399999999999999,4.8,0.806,1.0782719999999997,4.982834004658559,105.94425754084615
14.399999999999999,4.8,1.0050000000000001,1.0782719999999997,6.36247292249299,124.36892257602818
14.399999999999999,4.8,1.2040000000000002,1.0782719999999997,8.505465234013293,152.9879438303057
14.399999999999999,4.8,1.4030000000000002,1.0782719999999997,10.595933224172802,180.90551848521372
14.399999999999999,4.8,1.6020000000000003,1.0782719999999997,12.686401214332312,208.8230931401217
14.399999999999999,4.8,1.8010000000000004,1.0782719999999997,14.776869204491824,236.7406677950297
14.399999999999999,4.8,2.0,1.0782719999999997,16.86733719465133,264.6582424499377
14.399999999999999,7.199999999999999,0.01,1.0782719999999997,0.1442014039836045,41.325766613028904
14.399999999999999,7.199999999999999,0.20900000000000002,1.0782719999999997,3.0138093432573347,79.64852221230414
14.399999999999999,7.199999999999999,0.40800000000000003,1.0782719999999997,5.883417282531064,117.9712778115794
14.399999999999999,7.199999999999999,0.607,1.0782719999999997,9.032423521902643,160.02531412797333
14.399999999999999,7.199999999999999,0.806,1.0782719999999997,12.421660075377051,205.28755442544139
14.399999999999999,7.199999999999999,1.0050000000000001,1.0782719999999997,15.725739931527976,249.41255250438005
14.399999999999999,7.199999999999999,1.2040000000000002,1.0782719999999997,20.87197555503901,318.13898978417484
14.399999999999999,7.199999999999999,1.4030000000000002,1.0782719999999997,25.892077952483593,385.1809555620138
14.399999999999999,7.199999999999999,1.6020000000000003,1.0782719999999997,30.912180349928175,452.2229213398528
14.399999999999999,7.199999999999999,1.8010000000000004,1.0782719999999997,35.93228274737276,519.2648871176918
14.399999999999999,7.199999999999999,2.0,1.0782719999999997,40.95238514481733,586.3068528955306
14.399999999999999,9.6,0.01,1.0782719999999997,0.2816351464887063,43.161153131526525
14.399999999999999,9.6,0.20900000000000002,1.0782719999999997,5.886174561613962,118.00810044890441
14.399999999999999,9.6,0.40800000000000003,1.0782719999999997,11.490713976739219,192.8550477662823
14.399999999999999,9.6,0.607,1.0782719999999997,17.463433679041053,272.61893267950126
14.399999999999999,9.6,0.806,1.0782719999999997,23.75271960956949,356.6104648713874
14.399999999999999,9.6,1.0050000000000001,1.0782719999999997,29.8839832805369,438.49165705845223
14.399999999999999,9.6,1.2040000000000002,1.0782719999999997,39.463688431739,566.4257536289931
14.399999999999999,9.6,1.4030000000000002,1.0782719999999997,48.80859688805869,691.2242105777068
14.399999999999999,9.6,1.6020000000000003,1.0782719999999997,58.15350534437838,816.0226675264207
14.399999999999999,9.6,1.8010000000000004,1.0782719999999997,67.49841380069806,940.8211244751344
14.399999999999999,9.6,2.0,1.0782719999999997,76.84332225701775,1065.619581423848
14.399999999999999,12.0,0.01,1.0782719999999997,0.473352588748358,45.721482221532554
14.399999999999999,12.0,0.20900000000000002,1.0782719999999997,9.893069104840684,171.5189784300305
14.399999999999999,12.0,0.40800000000000003,1.0782719999999997,19.31278562093301,297.31647463852846
14.399999999999999,12.0,0.607,1.0782719999999997,29.125466418859435,428.3618912775032
14.399999999999999,12.0,0.806,1.0782719999999997,39.27602304789556,563.9195385669814
14.399999999999999,12.0,1.0050000000000001,1.0782719999999997,49.17154056564937,696.0712148190355
14.399999999999999,12.0,1.2040000000000002,1.0782719999999997,64.68197223480954,903.208389887948
14.399999999999999,12.0,1.4030000000000002,1.0782719999999997,79.81224626501968,1105.2686734110534
14.399999999999999,12.0,1.6020000000000003,1.0782719999999997,94.94252029522983,1307.3289569341591
14.399999999999999,12.0,1.8010000000000004,1.0782719999999997,110.07279432543999,1509.3892404572648
14.399999999999999,12.0,2.0,1.0782719999999997,125.20306835565009,1711.4495239803698
14.399999999999999,14.399999999999999,0.01,1.0782719999999997,0.7234857151333013,49.061935298254554
14.399999999999999,14.399999999999999,0.20900000000000002,1.0782719999999997,15.120851446285998,241.33444773352028
14.399999999999999,14.399999999999999,0.40800000000000003,1.0782719999999997,29.518217177438697,433.60696016878603
14.399999999999999,14.399999999999999,0.607,1.0782719999999997,44.239549913732894,630.2059550445098
14.399999999999999,14.399999999999999,0.806,1.0782719999999997,59.239433719868394,830.5249161307211
14.399999999999999,14.399999999999999,1.0050000000000001,1.0782719999999997,73.86243602333717,1025.8107374911483
14.399999999999999,14.399999999999999,1.2040000000000002,1.0782719999999997,96.85451576140818,1332.8630844205154
14.399999999999999,14.399999999999999,1.4030000000000002,1.0782719999999997,119.28306413334998,1632.389638532986
14.399999999999999,14.399999999999999,1.6020000000000003,1.0782719999999997,141.71161250529178,1931.9161926454567
14.399999999999999,14.399999999999999,1.8010000000000004,1.0782719999999997,164.1401608772336,2231.4427467579276
14.399999999999999,14.399999999999999,2.0,1.0782719999999997,186.56870924917536,2530.9693008703975
14.399999999999999,16.8,0.01,1.0782719999999997,1.0356358148108402,53.230606501213146
14.399999999999999,16.8,0.20900000000000002,1.0782719999999997,21.644788529546563,328.4596758753548
14.399999999999999,16.8,0.40800000000000003,1.0782719999999997,42.25394124428229,603.6887452494964
14.399999999999999,16.8,0.607,1.0782719999999997,62.997332640827736,880.7105320623363
14.399999999999999,16.8,0.806,1.0782719999999997,83.85614421238715,1159.2737207850848
14.399999999999999,16.8,1.0050000000000001,1.0782719999999997,104.19086504094257,1430.8378344142973
14.399999999999999,16.8,1.2040000000000002,1.0782719999999997,136.2605326655038,1859.1186520499973
14.399999999999999,16.8,1.4030000000000002,1.0782719999999997,167.5441790247571,2276.902390822077
14.399999999999999,16.8,1.6020000000000003,1.0782719999999997,198.82782538401045,2694.6861295941567
14.399999999999999,16.8,1.8010000000000004,1.0782719999999997,230.11147174326373,3112.469868366236
14.399999999999999,16.8,2.0,1.0782719999999997,261.39511810251696,3530.2536071383147
14.399999999999999,19.2,0.01,1.0782719999999997,1.4130167927298463,58.27041656957594
14.399999999999999,19.2,0.20900000000000002,1.0782719999999997,29.532050968053788,433.79170630413716
14.399999999999999,19.2,0.40800000000000003,1.0782719999999997,57.65108514337773,809.3129960386983
14.399999999999999,19.2,0.607,1.0782719999999997,85.56912994701436,1182.1501328394013
14.399999999999999,19.2,0.806,1.0782719999999997,113.31436145910678,1552.679399827815
14.399999999999999,19.2,1.0050000000000001,1.0782719999999997,140.36247660154862,1913.89888623863
14.399999999999999,19.2,1.2040000000000002,1.0782719999999997,183.14459461587236,2485.2412742504325
14.399999999999999,19.2,1.4030000000000002,1.0782719999999997,224.8781313063156,3042.5801723599843
14.399999999999999,19.2,1.6020000000000003,1.0782719999999997,266.61166799675885,3599.919070469536
14.399999999999999,19.2,1.8010000000000004,1.0782719999999997,308.3452046872021,4157.257968579089
14.399999999999999,19.2,2.0,1.0782719999999997,350.07874137764526,4714.596866688638
14.399999999999999,21.599999999999998,0.01,1.0782719999999997,1.8585449526731357,64.22031186796389
14.399999999999999,21.599999999999998,0.20900000000000002,1.0782719999999997,38.84358951086853,558.1445180404452
14.399999999999999,21.599999999999998,0.40800000000000003,1.0782719999999997,75.82863406906394,1052.0687242129266
14.399999999999999,21.599999999999998,0.607,1.0782719999999997,112.10893926863716,1536.581347070475
14.399999999999999,21.599999999999998,0.806,1.0782719999999997,147.78330034677825,2013.0017674516325
14.399999999999999,21.599999999999998,1.0050000000000001,1.0782719999999997,182.56132069431274,2477.4518255116554
14.399999999999999,21.599999999999998,1.2040000000000002,1.0782719999999997,237.72512555869795,3214.147937482612
14.399999999999999,21.599999999999998,1.4030000000000002,1.0782719999999997,291.5368763822894,3932.7877721993777
14.399999999999999,21.599999999999998,1.6020000000000003,1.0782719999999997,345.3486272058808,4651.427606916144
14.399999999999999,21.599999999999998,1.8010000000000004,1.0782719999999997,399.16037802947227,5370.067441632909
14.399999999999999,21.599999999999998,2.0,1.0782719999999997,452.97212885306357,6088.707276349674
16.8,0.0,0.01,1.467648,0.0,44.60000000000001
16.8,0.0,0.20900000000000002,1.467648,0.0,44.60000000000001
16.8,0.0,0.40800000000000003,1.467648,0.0,44.60000000000001
16.8,0.0,0.607,1.467648,0.0,44.60000000000001
16.8,0.0,0.806,1.467648,0.0,44.60000000000001
16.8,0.0,1.0050000000000001,1.467648,0.0,44.60000000000001
16.8,0.0,1.2040000000000002,1.467648,0.0,44.60000000000001
16.8,0.0,1.4030000000000002,1.467648,0.0,44.60000000000001
16.8,0.0,1.6020000000000003,1.467648,0.0,44.60000000000001
16.8,0.0,1.8010000000000004,1.467648,0.0,44.60000000000001
16.8,0.0,2.0,1.467648,0.0,44.60000000000001
16.8,2.4,0.01,1.467648,0.011188346497045846,44.74941702052679
16.8,2.4,0.20900000000000002,1.467648,0.2338364417882582,47.72281572900986
16.8,2.4,0.40800000000000003,1.467648,0.4564845370794705,50.696214437492934
16.8,2.4,0.607,1.467648,0.7295879779911535,54.34342919325793
16.8,2.4,0.806,1.467648,1.046073585230718,58.56999980276066
16.8,2.4,1.0050000000000001,1.467648,1.354607292790896,62.6903751708186
16.8,2.4,1.2040000000000002,1.467648,1.833563237660273,69.08668853712972
16.8,2.4,1.4030000000000002,1.467648,2.3007800662338314,75.32622951701164
16.8,2.4,1.6020000000000003,1.467648,2.76799689480739,81.56577049689358
16.8,2.4,1.8010000000000004,1.467648,3.235213723380948,87.80531147677549
16.8,2.4,2.0,1.467648,3.7024305519545058,94.04485245665741
16.8,4.8,0.01,1.467648,0.05613405031406438,45.34965344970706
16.8,4.8,0.20900000000000002,1.467648,1.1732016515639456,60.26775709887748
16.8,4.8,0.40800000000000003,1.467648,2.2902692528138267,75.1858607480479
16.8,4.8,0.607,1.467648,3.5676373827562298,92.24473000475736
16.8,4.8,0.806,1.467648,4.982834004658559,111.14425754084616
16.8,4.8,1.0050000000000001,1.467648,6.36247292249299,129.56892257602817
16.8,4.8,1.2040000000000002,1.467648,8.505465234013293,158.18794383030576
16.8,4.8,1.4030000000000002,1.467648,10.595933224172802,186.1055184852137
16.8,4.8,1.6020000000000003,1.467648,12.686401214332312,214.02309314012172
16.8,4.8,1.8010000000000004,1.467648,14.776869204491824,241.94066779502973
16.8,4.8,2.0,1.467648,16.86733719465133,269.8582424499376
16.8,7.199999999999999,0.01,1.467648,0.1442014039836045,46.52576661302891
16.8,7.199999999999999,0.20900000000000002,1.467648,3.0138093432573347,84.84852221230415
16.8,7.199999999999999,0.40800000000000003,1.467648,5.883417282531064,123.1712778115794
16.8,7.199999999999999,0.607,1.467648,9.032423521902643,165.22531412797335
16.8,7.199999999999999,0.806,1.467648,12.421660075377051,210.4875544254414
16.8,7.199999999999999,1.0050000000000001,1.467648,15.725739931527976,254.61255250438006
16.8,7.199999999999999,1.2040000000000002,1.467648,20.87197555503901,323.3389897841749
16.8,7.199999999999999,1.4030000000000002,1.467648,25.892077952483593,390.3809555620138
16.8,7.199999999999999,1.6020000000000003,1.467648,30.912180349928175,457.4229213398528
16.8,7.199999999999999,1.8010000000000004,1.467648,35.93228274737276,524.4648871176919
16.8,7.199999999999999,2.0,1.467648,40.95238514481733,591.5068528955306
16.8,9.6,0.01,1.467648,0.2816351464887063,48.361153131526535
16.8,9.6,0.20900000000000002,1.467648,5.886174561613962,123.20810044890442
16.8,9.6,0.40800000000000003,1.467648,11.490713976739219,198.0550477662823
16.8,9.6,0.607,1.467648,17.463433679041053,277.81893267950124
16.8,9.6,0.806,1.467648,23.75271960956949,361.81046487138747
16.8,9.6,1.0050000000000001,1.467648,29.8839832805369,443.6916570584522
16.8,9.6,1.2040000000000002,1.467648,39.463688431739,571.6257536289932
16.8,9.6,1.4030000000000002,1.467648,48.80859688805869,696.424210577707
16.8,9.6,1.6020000000000003,1.467648,58.15350534437838,821.2226675264208
16.8,9.6,1.8010000000000004,1.467648,67.49841380069806,946.0211244751345
16.8,9.6,2.0,1.467648,76.84332225701775,1070.8195814238481
16.8,12.0,0.01,1.467648,0.473352588748358,50.92148222153256
16.8,12.0,0.20900000000000002,1.467648,9.893069104840684,176.71897843003055
16.8,12.0,0.40800000000000003,1.467648,19.31278562093301,302.51647463852845
16.8,12.0,0.607,1.467648,29.125466418859435,433.5618912775032
16.8,12.0,0.806,1.467648,39.27602304789556,569.1195385669814
16.8,12.0,1.0050000000000001,1.467648,49.17154056564937,701.2712148190355
16.8,12.0,1.2040000000000002,1.467648,64.68197223480954,908.408389887948
16.8,12.0,1.4030000000000002,1.467648,79.81224626501968,1110.4686734110535
16.8,12.0,1.6020000000000003,1.467648,94.94252029522983,1312.5289569341592
16.8,12.0,1.8010000000000004,1.467648,110.07279432543999,1514.5892404572649
16.8,12.0,2.0,1.467648,125.20306835565009,1716.6495239803698
16.8,14.399999999999999,0.01,1.467648,0.7234857151333013,54.261935298254556
16.8,14.399999999999999,0.20900000000000002,1.467648,15.120851446285998,246.5344477335203
16.8,14.399999999999999,0.40800000000000003,1.467648,29.518217177438697,438.806960168786
16.8,14.399999999999999,0.607,1.467648,44.239549913732894,635.4059550445099
16.8,14.399999999999999,0.806,1.467648,59.239433719868394,835.7249161307211
16.8,14.399999999999999,1.0050000000000001,1.467648,73.86243602333717,1031.0107374911481
16.8,14.399999999999999,1.2040000000000002,1.467648,96.85451576140818,1338.0630844205155
16.8,14.399999999999999,1.4030000000000002,1.467648,119.28306413334998,1637.589638532986
16.8,14.399999999999999,1.6020000000000003,1.467648,141.71161250529178,1937.1161926454565
16.8,14.399999999999999,1.8010000000000004,1.467648,164.1401608772336,2236.6427467579274
16.8,14.399999999999999,2.0,1.467648,186.56870924917536,2536.1693008703974
16.8,16.8,0.01,1.467648,1.0356358148108402,58.43060650121315
16.8,16.8,0.20900000000000002,1.467648,21.644788529546563,333.6596758753548
16.8,16.8,0.40800000000000003,1.467648,42.25394124428229,608.8887452494964
16.8,16.8,0.607,1.467648,62.997332640827736,885.9105320623363
16.8,16.8,0.806,1.467648,83.85614421238715,1164.4737207850849
16.8,16.8,1.0050000000000001,1.467648,104.19086504094257,1436.0378344142973
16.8,16.8,1.2040000000000002,1.467648,136.2605326655038,1864.3186520499971
16.8,16.8,1.4030000000000002,1.467648,167.5441790247571,2282.102390822077
16.8,16.8,1.6020000000000003,1.467648,198.82782538401045,2699.8861295941565
16.8,16.8,1.8010000000000004,1.467648,230.11147174326373,3117.6698683662357
16.8,16.8,2.0,1.467648,261.39511810251696,3535.4536071383145
16.8,19.2,0.01,1.467648,1.4130167927298463,63.470416569575946
16.8,19.2,0.20900000000000002,1.467648,29.532050968053788,438.99170630413715
16.8,19.2,0.40800000000000003,1.467648,57.65108514337773,814.5129960386984
16.8,19.2,0.607,1.467648,85.56912994701436,1187.3501328394013
16.8,19.2,0.806,1.467648,113.31436145910678,1557.879399827815
16.8,19.2,1.0050000000000001,1.467648,140.36247660154862,1919.0988862386298
16.8,19.2,1.2040000000000002,1.467648,183.14459461587236,2490.4412742504323
16.8,19.2,1.4030000000000002,1.467648,224.8781313063156,3047.780172359984
16.8,19.2,1.6020000000000003,1.467648,266.61166799675885,3605.119070469536
16.8,19.2,1.8010000000000004,1.467648,308.3452046872021,4162.457968579089
16.8,19.2,2.0,1.467648,350.07874137764526,4719.796866688638
16.8,21.599999999999998,0.01,1.467648,1.8585449526731357,69.42031186796389
16.8,21.599999999999998,0.20900000000000002,1.467648,38.84358951086853,563.3445180404452
16.8,21.599999999999998,0.40800000000000003,1.467648,75.82863406906394,1057.2687242129266
16.8,21.599999999999998,0.607,1.467648,112.10893926863716,1541.781347070475
16.8,21.599999999999998,0.806,1.467648,147.78330034677825,2018.2017674516326
16.8,21.599999999999998,1.0050000000000001,1.467648,182.56132069431274,2482.6518255116553
16.8,21.599999999999998,1.2040000000000002,1.467648,237.72512555869795,3219.347937482612
16.8,21.599999999999998,1.4030000000000002,1.467648,291.5368763822894,3937.9877721993776
16.8,21.599999999999998,1.6020000000000003,1.467648,345.3486272058808,4656.627606916144
16.8,21.599999999999998,1.8010000000000004,1.467648,399.16037802947227,5375.26744163291
16.8,21.599999999999998,2.0,1.467648,452.97212885306357,6093.907276349674
19.2,0.0,0.01,1.916928,0.0,50.6
19.2,0.0,0.20900000000000002,1.916928,0.0,50.6
19.2,0.0,0.40800000000000003,1.916928,0.0,50.6
19.2,0.0,0.607,1.916928,0.0,50.6
19.2,0.0,0.806,1.916928,0.0,50.6
19.2,0.0,1.0050000000000001,1.916928,0.0,50.6
19.2,0.0,1.2040000000000002,1.916928,0.0,50.6
19.2,0.0,1.4030000000000002,1.916928,0.0,50.6
19.2,0.0,1.6020000000000003,1.916928,0.0,50.6
19.2,0.0,1.8010000000000004,1.916928,0.0,50.6
19.2,0.0,2.0,1.916928,0.0,50.6
19.2,2.4,0.01,1.916928,0.011188346497045846,50.74941702052679
19.2,2.4,0.20900000000000002,1.916928,0.2338364417882582,53.72281572900986
19.2,2.4,0.40800000000000003,1.916928,0.4564845370794705,56.69621443749293
19.2,2.4,0.607,1.916928,0.7295879779911535,60.343429193257926
19.2,2.4,0.806,1.916928,1.046073585230718,64.56999980276066
19.2,2.4,1.0050000000000001,1.916928,1.354607292790896,68.6903751708186
19.2,2.4,1.2040000000000002,1.916928,1.833563237660273,75.08668853712972
19.2,2.4,1.4030000000000002,1.916928,2.3007800662338314,81.32622951701164
19.2,2.4,1.6020000000000003,1.916928,2.76799689480739,87.56577049689358
19.2,2.4,1.8010000000000004,1.916928,3.235213723380948,93.80531147677549
19.2,2.4,2.0,1.916928,3.7024305519545058,100.04485245665741
19.2,4.8,0.01,1.916928,0.05613405031406438,51.349653449707056
19.2,4.8,0.20900000000000002,1.916928,1.1732016515639456,66.26775709887748
19.2,4.8,0.40800000000000003,1.916928,2.2902692528138267,81.1858607480479
19.2,4.8,0.607,1.916928,3.5676373827562298,98.24473000475734
19.2,4.8,0.806,1.916928,4.982834004658559,117.14425754084614
19.2,4.8,1.0050000000000001,1.916928,6.36247292249299,135.5689225760282
19.2,4.8,1.2040000000000002,1.916928,8.505465234013293,164.18794383030573
19.2,4.8,1.4030000000000002,1.916928,10.595933224172802,192.1055184852137
19.2,4.8,1.6020000000000003,1.916928,12.686401214332312,220.02309314012172
19.2,4.8,1.8010000000000004,1.916928,14.776869204491824,247.94066779502973
19.2,4.8,2.0,1.916928,16.86733719465133,275.8582424499376
19.2,7.199999999999999,0.01,1.916928,0.1442014039836045,52.52576661302891
19.2,7.199999999999999,0.20900000000000002,1.916928,3.0138093432573347,90.84852221230416
19.2,7.199999999999999,0.40800000000000003,1.916928,5.883417282531064,129.1712778115794
19.2,7.199999999999999,0.607,1.916928,9.032423521902643,171.22531412797335
19.2,7.199999999999999,0.806,1.916928,12.421660075377051,216.4875544254414
19.2,7.199999999999999,1.0050000000000001,1.916928,15.725739931527976,260.61255250438
19.2,7.199999999999999,1.2040000000000002,1.916928,20.87197555503901,329.3389897841748
19.2,7.199999999999999,1.4030000000000002,1.916928,25.892077952483593,396.3809555620138
19.2,7.199999999999999,1.6020000000000003,1.916928,30.912180349928175,463.4229213398528
19.2,7.199999999999999,1.8010000000000004,1.916928,35.93228274737276,530.4648871176919
19.2,7.199999999999999,2.0,1.916928,40.95238514481733,597.5068528955306
19.2,9.6,0.01,1.916928,0.2816351464887063,54.36115313152652
19.2,9.6,0.20900000000000002,1.916928,5.886174561613962,129.20810044890442
19.2,9.6,0.40800000000000003,1.916928,11.490713976739219,204.0550477662823
19.2,9.6,0.607,1.916928,17.463433679041053,283.81893267950124
19.2,9.6,0.806,1.916928,23.75271960956949,367.8104648713874
19.2,9.6,1.0050000000000001,1.916928,29.8839832805369,449.6916570584522
19.2,9.6,1.2040000000000002,1.916928,39.463688431739,577.625753628993
19.2,9.6,1.4030000000000002,1.916928,48.80859688805869,702.4242105777068
19.2,9.6,1.6020000000000003,1.916928,58.15350534437838,827.2226675264208
19.2,9.6,1.8010000000000004,1.916928,67.49841380069806,952.0211244751345
19.2,9.6,2.0,1.916928,76.84332225701775,1076.8195814238481
19.2,12.0,0.01,1.916928,0.473352588748358,56.92148222153256
19.2,12.0,0.20900000000000002,1.916928,9.893069104840684,182.71897843003052
19.2,12.0,0.40800000000000003,1.916928,19.31278562093301,308.51647463852845
19.2,12.0,0.607,1.916928,29.125466418859435,439.5618912775032
19.2,12.0,0.806,1.916928,39.27602304789556,575.1195385669814
19.2,12.0,1.0050000000000001,1.916928,49.17154056564937,707.2712148190355
19.2,12.0,1.2040000000000002,1.916928,64.68197223480954,914.4083898879479
19.2,12.0,1.4030000000000002,1.916928,79.81224626501968,1116.4686734110535
19.2,12.0,1.6020000000000003,1.916928,94.94252029522983,1318.5289569341592
19.2,12.0,1.8010000000000004,1.916928,110.07279432543999,1520.5892404572649
19.2,12.0,2.0,1.916928,125.20306835565009,1722.6495239803698
19.2,14.399999999999999,0.01,1.916928,0.7234857151333013,60.261935298254556
19.2,14.399999999999999,0.20900000000000002,1.916928,15.120851446285998,252.53444773352027
19.2,14.399999999999999,0.40800000000000003,1.916928,29.518217177438697,444.806960168786
19.2,14.399999999999999,0.607,1.916928,44.239549913732894,641.4059550445098
19.2,14.399999999999999,0.806,1.916928,59.239433719868394,841.7249161307211
19.2,14.399999999999999,1.0050000000000001,1.916928,73.86243602333717,1037.0107374911481
19.2,14.399999999999999,1.2040000000000002,1.916928,96.85451576140818,1344.0630844205155
19.2,14.399999999999999,1.4030000000000002,1.916928,119.28306413334998,1643.589638532986
19.2,14.399999999999999,1.6020000000000003,1.916928,141.71161250529178,1943.1161926454565
19.2,14.399999999999999,1.8010000000000004,1.916928,164.1401608772336,2242.642746757928
19.2,14.399999999999999,2.0,1.916928,186.56870924917536,2542.1693008703974
19.2,16.8,0.01,1.916928,1.0356358148108402,64.43060650121315
19.2,16.8,0.20900000000000002,1.916928,21.644788529546563,339.65967587535476
19.2,16.8,0.40800000000000003,1.916928,42.25394124428229,614.8887452494964
19.2,16.8,0.607,1.916928,62.997332640827736,891.9105320623363
19.2,16.8,0.806,1.916928,83.85614421238715,1170.4737207850849
19.2,16.8,1.0050000000000001,1.916928,104.19086504094257,1442.0378344142973
19.2,16.8,1.2040000000000002,1.916928,136.2605326655038,1870.3186520499976
19.2,16.8,1.4030000000000002,1.916928,167.5441790247571,2288.1023908220773
19.2,16.8,1.6020000000000003,1.916928,198.82782538401045,2705.886129594157
19.2,16.8,1.8010000000000004,1.916928,230.11147174326373,3123.6698683662357
19.2,16.8,2.0,1.916928,261.39511810251696,3541.453607138315
19.2,19.2,0.01,1.916928,1.4130167927298463,69.47041656957595
19.2,19.2,0.20900000000000002,1.916928,29.532050968053788,444.99170630413715
19.2,19.2,0.40800000000000003,1.916928,57.65108514337773,820.5129960386984
19.2,19.2,0.607,1.916928,85.56912994701436,1193.3501328394013
19.2,19.2,0.806,1.916928,113.31436145910678,1563.879399827815
19.2,19.2,1.0050000000000001,1.916928,140.36247660154862,1925.0988862386303
19.2,19.2,1.2040000000000002,1.916928,183.14459461587236,2496.441274250433
19.2,19.2,1.4030000000000002,1.916928,224.8781313063156,3053.7801723599846
19.2,19.2,1.6020000000000003,1.916928,266.61166799675885,3611.119070469536
19.2,19.2,1.8010000000000004,1.916928,308.3452046872021,4168.457968579089
19.2,19.2,2.0,1.916928,350.07874137764526,4725.796866688639
19.2,21.599999999999998,0.01,1.916928,1.8585449526731357,75.42031186796387
19.2,21.599999999999998,0.20900000000000002,1.916928,38.84358951086853,569.3445180404452
19.2,21.599999999999998,0.40800000000000003,1.916928,75.82863406906394,1063.2687242129266
19.2,21.599999999999998,0.607,1.916928,112.10893926863716,1547.781347070475
19.2,21.599999999999998,0.806,1.916928,147.78330034677825,2024.2017674516328
19.2,21.599999999999998,1.0050000000000001,1.916928,182.56132069431274,2488.6518255116557
19.2,21.599999999999998,1.2040000000000002,1.916928,237.72512555869795,3225.347937482612
19.2,21.599999999999998,1.4030000000000002,1.916928,291.5368763822894,3943.987772199378
19.2,21.599999999999998,1.6020000000000003,1.916928,345.3486272058808,4662.627606916144
19.2,21.599999999999998,1.8010000000000004,1.916928,399.16037802947227,5381.26744163291
19.2,21.599999999999998,2.0,1.916928,452.97212885306357,6099.907276349674
21.599999999999998,0.0,0.01,2.426112,0.0,57.4
21.599999999999998,0.0,0.20900000000000002,2.426112,0.0,57.4
21.599999999999998,0.0,0.40800000000000003,2.426112,0.0,57.4
21.599999999999998,0.0,0.607,2.426112,0.0,57.4
21.599999999999998,0.0,0.806,2.426112,0.0,57.4
21.599999999999998,0.0,1.0050000000000001,2.426112,0.0,57.4
21.599999999999998,0.0,1.2040000000000002,2.426112,0.0,57.4
21.599999999999998,0.0,1.4030000000000002,2.426112,0.0,57.4
21.599999999999998,0.0,1.6020000000000003,2.426112,0.0,57.4
21.599999999999998,0.0,1.8010000000000004,2.426112,0.0,57.4
21.599999999999998,0.0,2.0,2.426112,0.0,57.4
21.599999999999998,2.4,0.01,2.426112,0.011188346497045846,57.54941702052679
21.599999999999998,2.4,0.20900000000000002,2.426112,0.2338364417882582,60.52281572900986
21.599999999999998,2.4,0.40800000000000003,2.426112,0.4564845370794705,63.49621443749293
21.599999999999998,2.4,0.607,2.426112,0.7295879779911535,67.14342919325793
21.599999999999998,2.4,0.806,2.426112,1.046073585230718,71.36999980276065
21.599999999999998,2.4,1.0050000000000001,2.426112,1.354607292790896,75.4903751708186
21.599999999999998,2.4,1.2040000000000002,2.426112,1.833563237660273,81.88668853712971
21.599999999999998,2.4,1.4030000000000002,2.426112,2.3007800662338314,88.12622951701164
21.599999999999998,2.4,1.6020000000000003,2.426112,2.76799689480739,94.36577049689357
21.599999999999998,2.4,1.8010000000000004,2.426112,3.235213723380948,100.60531147677548
21.599999999999998,2.4,2.0,2.426112,3.7024305519545058,106.8448524566574
21.599999999999998,4.8,0.01,2.426112,0.05613405031406438,58.14965344970706
21.599999999999998,4.8,0.20900000000000002,2.426112,1.1732016515639456,73.06775709887748
21.599999999999998,4.8,0.40800000000000003,2.426112,2.2902692528138267,87.9858607480479
21.599999999999998,4.8,0.607,2.426112,3.5676373827562298,105.04473000475734
21.599999999999998,4.8,0.806,2.426112,4.982834004658559,123.94425754084615
21.599999999999998,4.8,1.0050000000000001,2.426112,6.36247292249299,142.36892257602818
21.599999999999998,4.8,1.2040000000000002,2.426112,8.505465234013293,170.9879438303057
21.599999999999998,4.8,1.4030000000000002,2.426112,10.595933224172802,198.90551848521372
21.599999999999998,4.8,1.6020000000000003,2.426112,12.686401214332312,226.8230931401217
21.599999999999998,4.8,1.8010000000000004,2.426112,14.776869204491824,254.74066779502974
21.599999999999998,4.8,2.0,2.426112,16.86733719465133,282.65824244993763
21.599999999999998,7.199999999999999,0.01,2.426112,0.1442014039836045,59.325766613028904
21.599999999999998,7.199999999999999,0.20900000000000002,2.426112,3.0138093432573347,97.64852221230414
21.599999999999998,7.199999999999999,0.40800000000000003,2.426112,5.883417282531064,135.9712778115794
21.599999999999998,7.199999999999999,0.607,2.426112,9.032423521902643,178.02531412797333
21.599999999999998,7.199999999999999,0.806,2.426112,12.421660075377051,223.28755442544139
21.599999999999998,7.199999999999999,1.0050000000000001,2.426112,15.725739931527976,267.4125525043801
21.599999999999998,7.199999999999999,1.2040000000000002,2.426112,20.87197555503901,336.13898978417484
21.599999999999998,7.199999999999999,1.4030000000000002,2.426112,25.892077952483593,403.1809555620138
21.599999999999998,7.199999999999999,1.6020000000000003,2.426112,30.912180349928175,470.2229213398528
21.599999999999998,7.199999999999999,1.8010000000000004,2.426112,35.93228274737276,537.2648871176918
21.599999999999998,7.199999999999999,2.0,2.426112,40.95238514481733,604.3068528955306
21.599999999999998,9.6,0.01,2.426112,0.2816351464887063,61.161153131526525
21.599999999999998,9.6,0.20900000000000002,2.426112,5.886174561613962,136.00810044890443
21.599999999999998,9.6,0.40800000000000003,2.426112,11.490713976739219,210.8550477662823
21.599999999999998,9.6,0.607,2.426112,17.463433679041053,290.61893267950126
21.599999999999998,9.6,0.806,2.426112,23.75271960956949,374.6104648713874
21.599999999999998,9.6,1.0050000000000001,2.426112,29.8839832805369,456.49165705845223
21.599999999999998,9.6,1.2040000000000002,2.426112,39.463688431739,584.4257536289931
21.599999999999998,9.6,1.4030000000000002,2.426112,48.80859688805869,709.2242105777069
21.599999999999998,9.6,1.6020000000000003,2.426112,58.15350534437838,834.0226675264208
21.599999999999998,9.6,1.8010000000000004,2.426112,67.49841380069806,958.8211244751344
21.599999999999998,9.6,2.0,2.426112,76.84332225701775,1083.619581423848
21.599999999999998,12.0,0.01,2.426112,0.473352588748358,63.721482221532554
21.599999999999998,12.0,0.20900000000000002,2.426112,9.893069104840684,189.5189784300305
21.599999999999998,12.0,0.40800000000000003,2.426112,19.31278562093301,315.31647463852846
21.599999999999998,12.0,0.607,2.426112,29.125466418859435,446.3618912775032
21.599999999999998,12.0,0.806,2.426112,39.27602304789556,581.9195385669814
21.599999999999998,12.0,1.0050000000000001,2.426112,49.17154056564937,714.0712148190355
21.599999999999998,12.0,1.2040000000000002,2.426112,64.68197223480954,921.2083898879479
21.599999999999998,12.0,1.4030000000000002,2.426112,79.81224626501968,1123.2686734110534
21.599999999999998,12.0,1.6020000000000003,2.426112,94.94252029522983,1325.3289569341591
21.599999999999998,12.0,1.8010000000000004,2.426112,110.07279432543999,1527.3892404572648
21.599999999999998,12.0,2.0,2.426112,125.20306835565009,1729.4495239803698
21.599999999999998,14.399999999999999,0.01,2.426112,0.7234857151333013,67.06193529825455
21.599999999999998,14.399999999999999,0.20900000000000002,2.426112,15.120851446285998,259.3344477335203
21.599999999999998,14.399999999999999,0.40800000000000003,2.426112,29.518217177438697,451.60696016878603
21.599999999999998,14.399999999999999,0.607,2.426112,44.239549913732894,648.2059550445099
21.599999999999998,14.399999999999999,0.806,2.426112,59.239433719868394,848.5249161307212
21.599999999999998,14.399999999999999,1.0050000000000001,2.426112,73.86243602333717,1043.810737491148
21.599999999999998,14.399999999999999,1.2040000000000002,2.426112,96.85451576140818,1350.8630844205154
21.599999999999998,14.399999999999999,1.4030000000000002,2.426112,119.28306413334998,1650.3896385329858
21.599999999999998,14.399999999999999,1.6020000000000003,2.426112,141.71161250529178,1949.9161926454567
21.599999999999998,14.399999999999999,1.8010000000000004,2.426112,164.1401608772336,2249.4427467579276
21.599999999999998,14.399999999999999,2.0,2.426112,186.56870924917536,2548.9693008703975
21.599999999999998,16.8,0.01,2.426112,1.0356358148108402,71.23060650121315
21.599999999999998,16.8,0.20900000000000002,2.426112,21.644788529546563,346.4596758753548
21.599999999999998,16.8,0.40800000000000003,2.426112,42.25394124428229,621.6887452494964
21.599999999999998,16.8,0.607,2.426112,62.997332640827736,898.7105320623363
21.599999999999998,16.8,0.806,2.426112,83.85614421238715,1177.2737207850848
21.599999999999998,16.8,1.0050000000000001,2.426112,104.19086504094257,1448.8378344142973
21.599999999999998,16.8,1.2040000000000002,2.426112,136.2605326655038,1877.1186520499973
21.599999999999998,16.8,1.4030000000000002,2.426112,167.5441790247571,2294.902390822077
21.599999999999998,16.8,1.6020000000000003,2.426112,198.82782538401045,2712.6861295941567
21.599999999999998,16.8,1.8010000000000004,2.426112,230.11147174326373,3130.469868366236
21.599999999999998,16.8,2.0,2.426112,261.39511810251696,3548.253607138315
21.599999999999998,19.2,0.01,2.426112,1.4130167927298463,76.27041656957593
21.599999999999998,19.2,0.20900000000000002,2.426112,29.532050968053788,451.79170630413716
21.599999999999998,19.2,0.40800000000000003,2.426112,57.65108514337773,827.3129960386983
21.599999999999998,19.2,0.607,2.426112,85.56912994701436,1200.150132839401
21.599999999999998,19.2,0.806,2.426112,113.31436145910678,1570.679399827815
21.599999999999998,19.2,1.0050000000000001,2.426112,140.36247660154862,1931.89888623863
21.599999999999998,19.2,1.2040000000000002,2.426112,183.14459461587236,2503.2412742504325
21.599999999999998,19.2,1.4030000000000002,2.426112,224.8781313063156,3060.5801723599843
21.599999999999998,19.2,1.6020000000000003,2.426112,266.61166799675885,3617.919070469536
21.599999999999998,19.2,1.8010000000000004,2.426112,308.3452046872021,4175.257968579089
21.599999999999998,19.2,2.0,2.426112,350.07874137764526,4732.596866688639
21.599999999999998,21.599999999999998,0.01,2.426112,1.8585449526731357,82.22031186796389
21.599999999999998,21.599999999999998,0.20900000000000002,2.426112,38.84358951086853,576.1445180404453
21.599999999999998,21.599999999999998,0.40800000000000003,2.426112,75.82863406906394,1070.0687242129266
21.599999999999998,21.599999999999998,0.607,2.426112,112.10893926863716,1554.581347070475
21.599999999999998,21.599999999999998,0.806,2.426112,147.78330034677825,2031.0017674516325
21.599999999999998,21.599999999999998,1.0050000000000001,2.426112,182.56132069431274,2495.4518255116554
21.599999999999998,21.599999999999998,1.2040000000000002,2.426112,237.72512555869795,3232.1479374826117
21.599999999999998,21.599999999999998,1.4030000000000002,2.426112,291.5368763822894,3950.787772199378
21.599999999999998,21.599999999999998,1.6020000000000003,2.426112,345.3486272058808,4669.427606916144
21.599999999999998,21.599999999999998,1.8010000000000004,2.426112,399.16037802947227,5388.06744163291
21.599999999999998,21.599999999999998,2.0,2.426112,452.97212885306357,6106.707276349674
