0.0,3.4,0.01,0.0,0.01313332660360246,25.24284997417904
0.0,3.4,0.20900000000000002,0.0,0.2744865260152915,30.075564460341926
0.0,3.4,0.40800000000000003,0.0,0.5358397254269804,34.908278946504815
0.0,3.4,0.607,0.0,0.8656816186437206,41.007426380246315
0.0,3.4,0.806,0.0,1.2544109869077948,48.19546943246662
0.0,3.4,1.0050000000000001,0.0,1.6333732856174952,55.202908387897466
0.0,3.4,1.2040000000000002,0.0,2.195910737862874,65.60485831847029
0.0,3.4,1.4030000000000002,0.0,2.7446605074551798,75.75185849584281
0.0,3.4,1.6020000000000003,0.0,3.2934102770474856,85.89885867321533
0.0,3.4,1.8010000000000004,0.0,3.842160046639792,96.04585885058785
0.0,3.4,2.0,0.0,4.390909816232096,106.19285902796034
0.0,6.8,0.01,0.0,0.06744184656653222,26.247075565209546
0.0,6.8,0.20900000000000002,0.0,1.4095345932405234,51.06387931287949
0.0,6.8,0.40800000000000003,0.0,2.751627339914515,75.88068306054944
0.0,6.8,0.607,0.0,4.353566410972515,105.50233748100065
0.0,6.8,0.806,0.0,6.178924751594339,139.25526537711426
0.0,6.8,1.0050000000000001,0.0,7.958419817326166,172.1601297582501
0.0,6.8,1.2040000000000002,0.0,10.412407132459464,217.53711413571492
0.0,6.8,1.4030000000000002,0.0,12.806247699672829,261.801917523536
0.0,6.8,1.6020000000000003,0.0,15.200088266886192,306.06672091135704
0.0,6.8,1.8010000000000004,0.0,17.593928834099554,350.3315242991781
0.0,6.8,2.0,0.0,19.987769401312914,394.59632768699913
0.0,10.2,0.01,0.0,0.17562135024617637,28.24743621017338
0.0,10.2,0.20900000000000002,0.0,3.6704862201450865,92.87141679262363
0.0,10.2,0.40800000000000003,0.0,7.165351090043996,157.49539737507388
0.0,10.2,0.607,0.0,11.202662604708284,232.14982627049335
0.0,10.2,0.806,0.0,15.706376841974581,315.42856586491456
0.0,10.2,1.0050000000000001,0.0,20.09693243006333,396.61487481625977
0.0,10.2,1.2040000000000002,0.0,25.892312177866494,503.777961868833
0.0,10.2,1.4030000000000002,0.0,31.54564830439997,608.3145026701177
0.0,10.2,1.6020000000000003,0.0,37.19898443093344,712.8510434714024
0.0,10.2,1.8010000000000004,0.0,42.852320557466925,817.3875842726871
0.0,10.2,2.0,0.0,48.505656684000385,921.9241250739715
0.0,13.6,0.01,0.0,0.34632525372939793,31.40394330120928
0.0,13.6,0.20900000000000002,0.0,7.238197802944418,158.84241499527397
0.0,13.6,0.40800000000000003,0.0,14.130070352159438,286.2808866893387
0.0,13.6,0.607,0.0,21.908746498707014,430.11735389620947
0.0,13.6,0.806,0.0,30.449907981278848,588.0530321982035
0.0,13.6,1.0050000000000001,0.0,38.77646741654988,742.0204773770317
0.0,13.6,1.2040000000000002,0.0,49.42719371668698,938.9643808558981
0.0,13.6,1.4030000000000002,0.0,59.81687280358542,1131.0812278769492
0.0,13.6,1.6020000000000003,0.0,70.20655189048385,1323.198074898
0.0,13.6,1.8010000000000004,0.0,80.5962309773823,1515.3149219190514
0.0,13.6,2.0,0.0,90.98591006428072,1707.4317689401018
0.0,17.0,0.01,0.0,0.5864509371330118,35.84413715112817
0.0,17.0,0.20900000000000002,0.0,12.256824586079947,251.64246645857887
0.0,17.0,0.40800000000000003,0.0,23.927198235026882,467.4407957660295
0.0,17.0,0.607,0.0,36.86361625590572,706.6497088739961
0.0,17.0,0.806,0.0,50.88859579283815,965.9873482403503
0.0,17.0,1.0050000000000001,0.0,64.56118890924465,1218.8089665170976
0.0,17.0,1.2040000000000002,0.0,81.62504980446211,1534.3389386919766
0.0,17.0,1.4030000000000002,0.0,98.27067881499286,1842.1353331174712
0.0,17.0,1.6020000000000003,0.0,114.9163078255236,2149.9317275429657
0.0,17.0,1.8010000000000004,0.0,131.56193683605434,2457.72812196846
0.0,17.0,2.0,0.0,148.20756584658506,2765.524516393954
0.0,20.4,0.01,0.0,0.9018452456562668,41.676132501040435
0.0,20.4,0.20900000000000002,0.0,18.84856563421598,373.5311692717451
0.0,20.4,0.40800000000000003,0.0,36.79528602277569,705.3862060424498
0.0,20.4,0.607,0.0,56.39738678084714,1067.8510869239485
0.0,20.4,0.806,0.0,77.4228052398072,1456.6347122745412
0.0,20.4,1.0050000000000001,0.0,97.91994685306474,1835.6499048273804
0.0,20.4,1.2040000000000002,0.0,122.98780258878614,2299.1827401772584
0.0,20.4,1.4030000000000002,0.0,147.44125009569083,2751.354476621502
0.0,20.4,1.6020000000000003,0.0,171.8946976025955,3203.5262130657447
0.0,20.4,1.8010000000000004,0.0,196.3481451095002,3655.697949509988
0.0,20.4,2.0,0.0,220.8015926164048,4107.869685954231
0.0,23.8,0.01,0.0,1.2976393363421292,48.994810213426945
0.0,23.8,0.20900000000000002,0.0,27.120662129550503,526.4915334606231
0.0,23.8,0.40800000000000003,0.0,52.94368492275888,1003.9882567078193
0.0,23.8,0.607,0.0,80.79840291819916,1519.053308398653
0.0,23.8,0.806,0.0,110.39999903144633,2066.420100433548
0.0,23.8,1.0050000000000001,0.0,139.25783644838074,2600.033957995206
0.0,23.8,1.2040000000000002,0.0,173.94689628775654,3241.473673959995
0.0,23.8,1.4030000000000002,0.0,207.7857340722456,3867.1918282589786
0.0,23.8,1.6020000000000003,0.0,241.6245718567347,4492.909982557963
0.0,23.8,1.8010000000000004,0.0,275.46340964122385,5118.628136856949
0.0,23.8,2.0,0.0,309.30224742571284,5744.346291155932
0.0,27.2,0.01,0.0,1.778438573036526,57.88532864342688
0.0,27.2,0.20900000000000002,0.0,37.16936617646339,712.3033686476218
0.0,27.2,0.40800000000000003,0.0,72.56029377989026,1366.7214086518168
0.0,27.2,0.607,0.0,110.32446716340672,2065.0234312760113
0.0,27.2,0.806,0.0,150.12918832045818,2801.057476339833
0.0,27.2,1.0050000000000001,0.0,188.93379085547318,3518.5982036884825
0.0,27.2,1.2040000000000002,0.0,234.88301220198792,4368.250965273445
0.0,27.2,1.4030000000000002,0.0,279.70602714295086,5197.07890427054
0.0,27.2,1.6020000000000003,0.0,324.52904208391374,6025.906843267635
0.0,27.2,1.8010000000000004,0.0,369.35205702487673,6854.734782264731
0.0,27.2,2.0,0.0,414.1750719658395,7683.562721261824
0.0,30.599999999999998,0.01,0.0,2.3484422182746894,68.42533687638108
0.0,30.599999999999998,0.20900000000000002,0.0,49.08244236194101,932.5895407163648
0.0,30.599999999999998,0.40800000000000003,0.0,95.81644250560734,1796.7537445563485
0.0,30.599999999999998,0.607,0.0,145.20988420094287,2710.094012591399
0.0,30.599999999999998,0.806,0.0,196.88994853883517,3665.7165040465075
0.0,30.599999999999998,1.0050000000000001,0.0,247.2715187978859,4597.328380138422
0.0,30.599999999999998,1.2040000000000002,0.0,306.13826309893443,5685.840663811657
0.0,30.599999999999998,1.4030000000000002,0.0,363.56219503966304,6747.673724845839
0.0,30.599999999999998,1.6020000000000003,0.0,420.9861269803917,7809.506785880022
0.0,30.599999999999998,1.8010000000000004,0.0,478.4100589211203,8871.339846914205
0.0,30.599999999999998,2.0,0.0,535.8339908618489,9933.172907948387
3.4,0.0,0.01,0.036992,0.0,25.684023668639053
3.4,0.0,0.20900000000000002,0.036992,0.0,25.684023668639053
3.4,0.0,0.40800000000000003,0.036992,0.0,25.684023668639053
3.4,0.0,0.607,0.036992,0.0,25.684023668639053
3.4,0.0,0.806,0.036992,0.0,25.684023668639053
3.4,0.0,1.0050000000000001,0.036992,0.0,25.684023668639053
3.4,0.0,1.2040000000000002,0.036992,0.0,25.684023668639053
3.4,0.0,1.4030000000000002,0.036992,0.0,25.684023668639053
3.4,0.0,1.6020000000000003,0.036992,0.0,25.684023668639053
3.4,0.0,1.8010000000000004,0.036992,0.0,25.684023668639053
3.4,0.0,2.0,0.036992,0.0,25.684023668639053
3.4,3.4,0.01,0.036992,0.01313332660360246,25.926873642818094
3.4,3.4,0.20900000000000002,0.036992,0.2744865260152915,30.75958812898098
3.4,3.4,0.40800000000000003,0.036992,0.5358397254269804,35.592302615143865
3.4,3.4,0.607,0.036992,0.8656816186437206,41.691450048885365
3.4,3.4,0.806,0.036992,1.2544109869077948,48.87949310110567
3.4,3.4,1.0050000000000001,0.036992,1.6333732856174952,55.88693205653652
3.4,3.4,1.2040000000000002,0.036992,2.195910737862874,66.28888198710936
3.4,3.4,1.4030000000000002,0.036992,2.7446605074551798,76.43588216448188
3.4,3.4,1.6020000000000003,0.036992,3.2934102770474856,86.58288234185439
3.4,3.4,1.8010000000000004,0.036992,3.842160046639792,96.7298825192269
3.4,3.4,2.0,0.036992,4.390909816232096,106.8768826965994
3.4,6.8,0.01,0.036992,0.06744184656653222,26.9310992338486
3.4,6.8,0.20900000000000002,0.036992,1.4095345932405234,51.74790298151855
3.4,6.8,0.40800000000000003,0.036992,2.751627339914515,76.56470672918852
3.4,6.8,0.607,0.036992,4.353566410972515,106.18636114963971
3.4,6.8,0.806,0.036992,6.178924751594339,139.9392890457533
3.4,6.8,1.0050000000000001,0.036992,7.958419817326166,172.84415342688914
3.4,6.8,1.2040000000000002,0.036992,10.412407132459464,218.221137804354
3.4,6.8,1.4030000000000002,0.036992,12.806247699672829,262.48594119217506
3.4,6.8,1.6020000000000003,0.036992,15.200088266886192,306.75074457999614
3.4,6.8,1.8010000000000004,0.036992,17.593928834099554,351.01554796781716
3.4,6.8,2.0,0.036992,19.987769401312914,395.2803513556381
3.4,10.2,0.01,0.036992,0.17562135024617637,28.931459878812433
3.4,10.2,0.20900000000000002,0.036992,3.6704862201450865,93.55544046126269
3.4,10.2,0.40800000000000003,0.036992,7.165351090043996,158.17942104371292
3.4,10.2,0.607,0.036992,11.202662604708284,232.83384993913242
3.4,10.2,0.806,0.036992,15.706376841974581,316.1125895335536
3.4,10.2,1.0050000000000001,0.036992,20.09693243006333,397.29889848489876
3.4,10.2,1.2040000000000002,0.036992,25.892312177866494,504.46198553747206
3.4,10.2,1.4030000000000002,0.036992,31.54564830439997,608.9985263387567
3.4,10.2,1.6020000000000003,0.036992,37.19898443093344,713.5350671400414
3.4,10.2,1.8010000000000004,0.036992,42.852320557466925,818.0716079413262
3.4,10.2,2.0,0.036992,48.505656684000385,922.6081487426105
3.4,13.6,0.01,0.036992,0.34632525372939793,32.08796696984834
3.4,13.6,0.20900000000000002,0.036992,7.238197802944418,159.52643866391304
3.4,13.6,0.40800000000000003,0.036992,14.130070352159438,286.9649103579777
3.4,13.6,0.607,0.036992,21.908746498707014,430.8013775648485
3.4,13.6,0.806,0.036992,30.449907981278848,588.7370558668425
3.4,13.6,1.0050000000000001,0.036992,38.77646741654988,742.7045010456707
3.4,13.6,1.2040000000000002,0.036992,49.42719371668698,939.6484045245371
3.4,13.6,1.4030000000000002,0.036992,59.81687280358542,1131.7652515455882
3.4,13.6,1.6020000000000003,0.036992,70.20655189048385,1323.8820985666391
3.4,13.6,1.8010000000000004,0.036992,80.5962309773823,1515.9989455876903
3.4,13.6,2.0,0.036992,90.98591006428072,1708.1157926087408
3.4,17.0,0.01,0.036992,0.5864509371330118,36.52816081976722
3.4,17.0,0.20900000000000002,0.036992,12.256824586079947,252.32649012721794
3.4,17.0,0.40800000000000003,0.036992,23.927198235026882,468.12481943466855
3.4,17.0,0.607,0.036992,36.86361625590572,707.3337325426352
3.4,17.0,0.806,0.036992,50.88859579283815,966.6713719089894
3.4,17.0,1.0050000000000001,0.036992,64.56118890924465,1219.4929901857367
3.4,17.0,1.2040000000000002,0.036992,81.62504980446211,1535.0229623606156
3.4,17.0,1.4030000000000002,0.036992,98.27067881499286,1842.8193567861103
3.4,17.0,1.6020000000000003,0.036992,114.9163078255236,2150.6157512116047
3.4,17.0,1.8010000000000004,0.036992,131.56193683605434,2458.412145637099
3.4,17.0,2.0,0.036992,148.20756584658506,2766.208540062593
3.4,20.4,0.01,0.036992,0.9018452456562668,42.360156169679485
3.4,20.4,0.20900000000000002,0.036992,18.84856563421598,374.21519294038416
3.4,20.4,0.40800000000000003,0.036992,36.79528602277569,706.0702297110888
3.4,20.4,0.607,0.036992,56.39738678084714,1068.5351105925874
3.4,20.4,0.806,0.036992,77.4228052398072,1457.3187359431804
3.4,20.4,1.0050000000000001,0.036992,97.91994685306474,1836.3339284960193
3.4,20.4,1.2040000000000002,0.036992,122.98780258878614,2299.8667638458974
3.4,20.4,1.4030000000000002,0.036992,147.44125009569083,2752.0385002901407
3.4,20.4,1.6020000000000003,0.036992,171.8946976025955,3204.2102367343837
3.4,20.4,1.8010000000000004,0.036992,196.3481451095002,3656.381973178627
3.4,20.4,2.0,0.036992,220.8015926164048,4108.553709622869
3.4,23.8,0.01,0.036992,1.2976393363421292,49.678833882066
3.4,23.8,0.20900000000000002,0.036992,27.120662129550503,527.1755571292622
3.4,23.8,0.40800000000000003,0.036992,52.94368492275888,1004.6722803764583
3.4,23.8,0.607,0.036992,80.79840291819916,1519.737332067292
3.4,23.8,0.806,0.036992,110.39999903144633,2067.1041241021876
3.4,23.8,1.0050000000000001,0.036992,139.25783644838074,2600.717981663845
3.4,23.8,1.2040000000000002,0.036992,173.94689628775654,3242.1576976286337
3.4,23.8,1.4030000000000002,0.036992,207.7857340722456,3867.8758519276175
3.4,23.8,1.6020000000000003,0.036992,241.6245718567347,4493.594006226603
3.4,23.8,1.8010000000000004,0.036992,275.46340964122385,5119.312160525588
3.4,23.8,2.0,0.036992,309.30224742571284,5745.030314824571
3.4,27.2,0.01,0.036992,1.778438573036526,58.56935231206593
3.4,27.2,0.20900000000000002,0.036992,37.16936617646339,712.9873923162609
3.4,27.2,0.40800000000000003,0.036992,72.56029377989026,1367.4054323204557
3.4,27.2,0.607,0.036992,110.32446716340672,2065.7074549446506
3.4,27.2,0.806,0.036992,150.12918832045818,2801.741500008472
3.4,27.2,1.0050000000000001,0.036992,188.93379085547318,3519.282227357122
3.4,27.2,1.2040000000000002,0.036992,234.88301220198792,4368.934988942084
3.4,27.2,1.4030000000000002,0.036992,279.70602714295086,5197.7629279391795
3.4,27.2,1.6020000000000003,0.036992,324.52904208391374,6026.590866936274
3.4,27.2,1.8010000000000004,0.036992,369.35205702487673,6855.41880593337
3.4,27.2,2.0,0.036992,414.1750719658395,7684.246744930463
3.4,30.599999999999998,0.01,0.036992,2.3484422182746894,69.10936054502014
3.4,30.599999999999998,0.20900000000000002,0.036992,49.08244236194101,933.2735643850039
3.4,30.599999999999998,0.40800000000000003,0.036992,95.81644250560734,1797.4377682249874
3.4,30.599999999999998,0.607,0.036992,145.20988420094287,2710.778036260038
3.4,30.599999999999998,0.806,0.036992,196.88994853883517,3666.400527715147
3.4,30.599999999999998,1.0050000000000001,0.036992,247.2715187978859,4598.012403807062
3.4,30.599999999999998,1.2040000000000002,0.036992,306.13826309893443,5686.524687480296
3.4,30.599999999999998,1.4030000000000002,0.036992,363.56219503966304,6748.357748514479
3.4,30.599999999999998,1.6020000000000003,0.036992,420.9861269803917,7810.190809548662
3.4,30.599999999999998,1.8010000000000004,0.036992,478.4100589211203,8872.023870582845
3.4,30.599999999999998,2.0,0.036992,535.8339908618489,9933.856931617025
6.8,0.0,0.01,0.147968,0.0,27.736094674556213
6.8,0.0,0.20900000000000002,0.147968,0.0,27.736094674556213
6.8,0.0,0.40800000000000003,0.147968,0.0,27.736094674556213
6.8,0.0,0.607,0.147968,0.0,27.736094674556213
6.8,0.0,0.806,0.147968,0.0,27.736094674556213
6.8,0.0,1.0050000000000001,0.147968,0.0,27.736094674556213
6.8,0.0,1.2040000000000002,0.147968,0.0,27.736094674556213
6.8,0.0,1.4030000000000002,0.147968,0.0,27.736094674556213
6.8,0.0,1.6020000000000003,0.147968,0.0,27.736094674556213
6.8,0.0,1.8010000000000004,0.147968,0.0,27.736094674556213
6.8,0.0,2.0,0.147968,0.0,27.736094674556213
6.8,3.4,0.01,0.147968,0.01313332660360246,27.97894464873525
6.8,3.4,0.20900000000000002,0.147968,0.2744865260152915,32.811659134898136
6.8,3.4,0.40800000000000003,0.147968,0.5358397254269804,37.64437362106103
6.8,3.4,0.607,0.147968,0.8656816186437206,43.74352105480253
6.8,3.4,0.806,0.147968,1.2544109869077948,50.93156410702284
6.8,3.4,1.0050000000000001,0.147968,1.6333732856174952,57.93900306245368
6.8,3.4,1.2040000000000002,0.147968,2.195910737862874,68.34095299302652
6.8,3.4,1.4030000000000002,0.147968,2.7446605074551798,78.48795317039902
6.8,3.4,1.6020000000000003,0.147968,3.2934102770474856,88.63495334777154
6.8,3.4,1.8010000000000004,0.147968,3.842160046639792,98.78195352514406
6.8,3.4,2.0,0.147968,4.390909816232096,108.92895370251655
6.8,6.8,0.01,0.147968,0.06744184656653222,28.98317023976576
6.8,6.8,0.20900000000000002,0.147968,1.4095345932405234,53.79997398743571
6.8,6.8,0.40800000000000003,0.147968,2.751627339914515,78.61677773510567
6.8,6.8,0.607,0.147968,4.353566410972515,108.23843215555686
6.8,6.8,0.806,0.147968,6.178924751594339,141.99136005167043
6.8,6.8,1.0050000000000001,0.147968,7.958419817326166,174.8962244328063
6.8,6.8,1.2040000000000002,0.147968,10.412407132459464,220.27320881027114
6.8,6.8,1.4030000000000002,0.147968,12.806247699672829,264.53801219809225
6.8,6.8,1.6020000000000003,0.147968,15.200088266886192,308.80281558591327
6.8,6.8,1.8010000000000004,0.147968,17.593928834099554,353.06761897373434
6.8,6.8,2.0,0.147968,19.987769401312914,397.33242236155536
6.8,10.2,0.01,0.147968,0.17562135024617637,30.983530884729593
6.8,10.2,0.20900000000000002,0.147968,3.6704862201450865,95.60751146717983
6.8,10.2,0.40800000000000003,0.147968,7.165351090043996,160.23149204963008
6.8,10.2,0.607,0.147968,11.202662604708284,234.88592094504958
6.8,10.2,0.806,0.147968,15.706376841974581,318.1646605394708
6.8,10.2,1.0050000000000001,0.147968,20.09693243006333,399.350969490816
6.8,10.2,1.2040000000000002,0.147968,25.892312177866494,506.51405654338924
6.8,10.2,1.4030000000000002,0.147968,31.54564830439997,611.0505973446739
6.8,10.2,1.6020000000000003,0.147968,37.19898443093344,715.5871381459585
6.8,10.2,1.8010000000000004,0.147968,42.852320557466925,820.1236789472433
6.8,10.2,2.0,0.147968,48.505656684000385,924.6602197485278
6.8,13.6,0.01,0.147968,0.34632525372939793,34.140037975765495
6.8,13.6,0.20900000000000002,0.147968,7.238197802944418,161.5785096698302
6.8,13.6,0.40800000000000003,0.147968,14.130070352159438,289.0169813638949
6.8,13.6,0.607,0.147968,21.908746498707014,432.8534485707657
6.8,13.6,0.806,0.147968,30.449907981278848,590.7891268727597
6.8,13.6,1.0050000000000001,0.147968,38.77646741654988,744.7565720515879
6.8,13.6,1.2040000000000002,0.147968,49.42719371668698,941.7004755304544
6.8,13.6,1.4030000000000002,0.147968,59.81687280358542,1133.8173225515054
6.8,13.6,1.6020000000000003,0.147968,70.20655189048385,1325.9341695725561
6.8,13.6,1.8010000000000004,0.147968,80.5962309773823,1518.0510165936073
6.8,13.6,2.0,0.147968,90.98591006428072,1710.1678636146578
6.8,17.0,0.01,0.147968,0.5864509371330118,38.580231825684386
6.8,17.0,0.20900000000000002,0.147968,12.256824586079947,254.3785611331351
6.8,17.0,0.40800000000000003,0.147968,23.927198235026882,470.17689044058574
6.8,17.0,0.607,0.147968,36.86361625590572,709.3858035485524
6.8,17.0,0.806,0.147968,50.88859579283815,968.7234429149065
6.8,17.0,1.0050000000000001,0.147968,64.56118890924465,1221.545061191654
6.8,17.0,1.2040000000000002,0.147968,81.62504980446211,1537.0750333665326
6.8,17.0,1.4030000000000002,0.147968,98.27067881499286,1844.8714277920274
6.8,17.0,1.6020000000000003,0.147968,114.9163078255236,2152.667822217522
6.8,17.0,1.8010000000000004,0.147968,131.56193683605434,2460.4642166430162
6.8,17.0,2.0,0.147968,148.20756584658506,2768.26061106851
6.8,20.4,0.01,0.147968,0.9018452456562668,44.41222717559665
6.8,20.4,0.20900000000000002,0.147968,18.84856563421598,376.26726394630134
6.8,20.4,0.40800000000000003,0.147968,36.79528602277569,708.122300717006
6.8,20.4,0.607,0.147968,56.39738678084714,1070.5871815985047
6.8,20.4,0.806,0.147968,77.4228052398072,1459.3708069490974
6.8,20.4,1.0050000000000001,0.147968,97.91994685306474,1838.3859995019363
6.8,20.4,1.2040000000000002,0.147968,122.98780258878614,2301.918834851814
6.8,20.4,1.4030000000000002,0.147968,147.44125009569083,2754.090571296058
6.8,20.4,1.6020000000000003,0.147968,171.8946976025955,3206.262307740301
6.8,20.4,1.8010000000000004,0.147968,196.3481451095002,3658.4340441845443
6.8,20.4,2.0,0.147968,220.8015926164048,4110.605780628786
6.8,23.8,0.01,0.147968,1.2976393363421292,51.73090488798316
6.8,23.8,0.20900000000000002,0.147968,27.120662129550503,529.2276281351794
6.8,23.8,0.40800000000000003,0.147968,52.94368492275888,1006.7243513823755
6.8,23.8,0.607,0.147968,80.79840291819916,1521.789403073209
6.8,23.8,0.806,0.147968,110.39999903144633,2069.156195108105
6.8,23.8,1.0050000000000001,0.147968,139.25783644838074,2602.7700526697618
6.8,23.8,1.2040000000000002,0.147968,173.94689628775654,3244.2097686345505
6.8,23.8,1.4030000000000002,0.147968,207.7857340722456,3869.927922933535
6.8,23.8,1.6020000000000003,0.147968,241.6245718567347,4495.646077232519
6.8,23.8,1.8010000000000004,0.147968,275.46340964122385,5121.3642315315055
6.8,23.8,2.0,0.147968,309.30224742571284,5747.0823858304875
6.8,27.2,0.01,0.147968,1.778438573036526,60.621423317983094
6.8,27.2,0.20900000000000002,0.147968,37.16936617646339,715.0394633221781
6.8,27.2,0.40800000000000003,0.147968,72.56029377989026,1369.4575033263727
6.8,27.2,0.607,0.147968,110.32446716340672,2067.759525950568
6.8,27.2,0.806,0.147968,150.12918832045818,2803.7935710143893
6.8,27.2,1.0050000000000001,0.147968,188.93379085547318,3521.3342983630387
6.8,27.2,1.2040000000000002,0.147968,234.88301220198792,4370.987059948001
6.8,27.2,1.4030000000000002,0.147968,279.70602714295086,5199.814998945097
6.8,27.2,1.6020000000000003,0.147968,324.52904208391374,6028.642937942192
6.8,27.2,1.8010000000000004,0.147968,369.35205702487673,6857.470876939287
6.8,27.2,2.0,0.147968,414.1750719658395,7686.2988159363795
6.8,30.599999999999998,0.01,0.147968,2.3484422182746894,71.1614315509373
6.8,30.599999999999998,0.20900000000000002,0.147968,49.08244236194101,935.325635390921
6.8,30.599999999999998,0.40800000000000003,0.147968,95.81644250560734,1799.4898392309046
6.8,30.599999999999998,0.607,0.147968,145.20988420094287,2712.830107265955
6.8,30.599999999999998,0.806,0.147968,196.88994853883517,3668.4525987210636
6.8,30.599999999999998,1.0050000000000001,0.147968,247.2715187978859,4600.064474812978
6.8,30.599999999999998,1.2040000000000002,0.147968,306.13826309893443,5688.576758486212
6.8,30.599999999999998,1.4030000000000002,0.147968,363.56219503966304,6750.409819520396
6.8,30.599999999999998,1.6020000000000003,0.147968,420.9861269803917,7812.242880554579
6.8,30.599999999999998,1.8010000000000004,0.147968,478.4100589211203,8874.075941588762
6.8,30.599999999999998,2.0,0.147968,535.8339908618489,9935.909002622942
10.2,0.0,0.01,0.332928,0.0,31.15621301775148
10.2,0.0,0.20900000000000002,0.332928,0.0,31.15621301775148
10.2,0.0,0.40800000000000003,0.332928,0.0,31.15621301775148
10.2,0.0,0.607,0.332928,0.0,31.15621301775148
10.2,0.0,0.806,0.332928,0.0,31.15621301775148
10.2,0.0,1.0050000000000001,0.332928,0.0,31.15621301775148
10.2,0.0,1.2040000000000002,0.332928,0.0,31.15621301775148
10.2,0.0,1.4030000000000002,0.332928,0.0,31.15621301775148
10.2,0.0,1.6020000000000003,0.332928,0.0,31.15621301775148
10.2,0.0,1.8010000000000004,0.332928,0.0,31.15621301775148
10.2,0.0,2.0,0.332928,0.0,31.15621301775148
10.2,3.4,0.01,0.332928,0.01313332660360246,31.399062991930517
10.2,3.4,0.20900000000000002,0.332928,0.2744865260152915,36.231777478093406
10.2,3.4,0.40800000000000003,0.332928,0.5358397254269804,41.06449196425629
10.2,3.4,0.607,0.332928,0.8656816186437206,47.16363939799779
10.2,3.4,0.806,0.332928,1.2544109869077948,54.3516824502181
10.2,3.4,1.0050000000000001,0.332928,1.6333732856174952,61.35912140564894
10.2,3.4,1.2040000000000002,0.332928,2.195910737862874,71.76107133622178
10.2,3.4,1.4030000000000002,0.332928,2.7446605074551798,81.9080715135943
10.2,3.4,1.6020000000000003,0.332928,3.2934102770474856,92.05507169096681
10.2,3.4,1.8010000000000004,0.332928,3.842160046639792,102.20207186833935
10.2,3.4,2.0,0.332928,4.390909816232096,112.34907204571182
10.2,6.8,0.01,0.332928,0.06744184656653222,32.403288582961025
10.2,6.8,0.20900000000000002,0.332928,1.4095345932405234,57.220092330630976
10.2,6.8,0.40800000000000003,0.332928,2.751627339914515,82.03689607830093
10.2,6.8,0.607,0.332928,4.353566410972515,111.65855049875212
10.2,6.8,0.806,0.332928,6.178924751594339,145.4114783948657
10.2,6.8,1.0050000000000001,0.332928,7.958419817326166,178.3163427760016
10.2,6.8,1.2040000000000002,0.332928,10.412407132459464,223.69332715346638
10.2,6.8,1.4030000000000002,0.332928,12.806247699672829,267.95813054128746
10.2,6.8,1.6020000000000003,0.332928,15.200088266886192,312.22293392910854
10.2,6.8,1.8010000000000004,0.332928,17.593928834099554,356.4877373169296
10.2,6.8,2.0,0.332928,19.987769401312914,400.7525407047506
10.2,10.2,0.01,0.332928,0.17562135024617637,34.40364922792486
10.2,10.2,0.20900000000000002,0.332928,3.6704862201450865,99.0276298103751
10.2,10.2,0.40800000000000003,0.332928,7.165351090043996,163.65161039282535
10.2,10.2,0.607,0.332928,11.202662604708284,238.30603928824485
10.2,10.2,0.806,0.332928,15.706376841974581,321.584778882666
10.2,10.2,1.0050000000000001,0.332928,20.09693243006333,402.7710878340112
10.2,10.2,1.2040000000000002,0.332928,25.892312177866494,509.9341748865845
10.2,10.2,1.4030000000000002,0.332928,31.54564830439997,614.4707156878692
10.2,10.2,1.6020000000000003,0.332928,37.19898443093344,719.0072564891539
10.2,10.2,1.8010000000000004,0.332928,42.852320557466925,823.5437972904386
10.2,10.2,2.0,0.332928,48.505656684000385,928.080338091723
10.2,13.6,0.01,0.332928,0.34632525372939793,37.560156318960765
10.2,13.6,0.20900000000000002,0.332928,7.238197802944418,164.99862801302547
10.2,13.6,0.40800000000000003,0.332928,14.130070352159438,292.4370997070901
10.2,13.6,0.607,0.332928,21.908746498707014,436.27356691396096
10.2,13.6,0.806,0.332928,30.449907981278848,594.209245215955
10.2,13.6,1.0050000000000001,0.332928,38.77646741654988,748.1766903947831
10.2,13.6,1.2040000000000002,0.332928,49.42719371668698,945.1205938736496
10.2,13.6,1.4030000000000002,0.332928,59.81687280358542,1137.2374408947007
10.2,13.6,1.6020000000000003,0.332928,70.20655189048385,1329.3542879157515
10.2,13.6,1.8010000000000004,0.332928,80.5962309773823,1521.4711349368029
10.2,13.6,2.0,0.332928,90.98591006428072,1713.5879819578533
10.2,17.0,0.01,0.332928,0.5864509371330118,42.00035016887965
10.2,17.0,0.20900000000000002,0.332928,12.256824586079947,257.79867947633034
10.2,17.0,0.40800000000000003,0.332928,23.927198235026882,473.597008783781
10.2,17.0,0.607,0.332928,36.86361625590572,712.8059218917476
10.2,17.0,0.806,0.332928,50.88859579283815,972.1435612581018
10.2,17.0,1.0050000000000001,0.332928,64.56118890924465,1224.965179534849
10.2,17.0,1.2040000000000002,0.332928,81.62504980446211,1540.4951517097281
10.2,17.0,1.4030000000000002,0.332928,98.27067881499286,1848.2915461352227
10.2,17.0,1.6020000000000003,0.332928,114.9163078255236,2156.087940560717
10.2,17.0,1.8010000000000004,0.332928,131.56193683605434,2463.884334986212
10.2,17.0,2.0,0.332928,148.20756584658506,2771.6807294117057
10.2,20.4,0.01,0.332928,0.9018452456562668,47.83234551879191
10.2,20.4,0.20900000000000002,0.332928,18.84856563421598,379.6873822894966
10.2,20.4,0.40800000000000003,0.332928,36.79528602277569,711.5424190602013
10.2,20.4,0.607,0.332928,56.39738678084714,1074.0072999417
10.2,20.4,0.806,0.332928,77.4228052398072,1462.7909252922927
10.2,20.4,1.0050000000000001,0.332928,97.91994685306474,1841.806117845132
10.2,20.4,1.2040000000000002,0.332928,122.98780258878614,2305.3389531950097
10.2,20.4,1.4030000000000002,0.332928,147.44125009569083,2757.5106896392535
10.2,20.4,1.6020000000000003,0.332928,171.8946976025955,3209.6824260834965
10.2,20.4,1.8010000000000004,0.332928,196.3481451095002,3661.85416252774
10.2,20.4,2.0,0.332928,220.8015926164048,4114.025898971982
10.2,23.8,0.01,0.332928,1.2976393363421292,55.15102323117842
10.2,23.8,0.20900000000000002,0.332928,27.120662129550503,532.6477464783745
10.2,23.8,0.40800000000000003,0.332928,52.94368492275888,1010.1444697255707
10.2,23.8,0.607,0.332928,80.79840291819916,1525.2095214164044
10.2,23.8,0.806,0.332928,110.39999903144633,2072.5763134513
10.2,23.8,1.0050000000000001,0.332928,139.25783644838074,2606.1901710129578
10.2,23.8,1.2040000000000002,0.332928,173.94689628775654,3247.6298869777465
10.2,23.8,1.4030000000000002,0.332928,207.7857340722456,3873.3480412767303
10.2,23.8,1.6020000000000003,0.332928,241.6245718567347,4499.066195575715
10.2,23.8,1.8010000000000004,0.332928,275.46340964122385,5124.784349874701
10.2,23.8,2.0,0.332928,309.30224742571284,5750.5025041736835
10.2,27.2,0.01,0.332928,1.778438573036526,64.04154166117836
10.2,27.2,0.20900000000000002,0.332928,37.16936617646339,718.4595816653733
10.2,27.2,0.40800000000000003,0.332928,72.56029377989026,1372.877621669568
10.2,27.2,0.607,0.332928,110.32446716340672,2071.179644293763
10.2,27.2,0.806,0.332928,150.12918832045818,2807.213689357585
10.2,27.2,1.0050000000000001,0.332928,188.93379085547318,3524.754416706234
10.2,27.2,1.2040000000000002,0.332928,234.88301220198792,4374.407178291197
10.2,27.2,1.4030000000000002,0.332928,279.70602714295086,5203.235117288292
10.2,27.2,1.6020000000000003,0.332928,324.52904208391374,6032.063056285387
10.2,27.2,1.8010000000000004,0.332928,369.35205702487673,6860.890995282482
10.2,27.2,2.0,0.332928,414.1750719658395,7689.7189342795755
10.2,30.599999999999998,0.01,0.332928,2.3484422182746894,74.58154989413256
10.2,30.599999999999998,0.20900000000000002,0.332928,49.08244236194101,938.7457537341163
10.2,30.599999999999998,0.40800000000000003,0.332928,95.81644250560734,1802.9099575741
10.2,30.599999999999998,0.607,0.332928,145.20988420094287,2716.2502256091507
10.2,30.599999999999998,0.806,0.332928,196.88994853883517,3671.872717064259
10.2,30.599999999999998,1.0050000000000001,0.332928,247.2715187978859,4603.484593156174
10.2,30.599999999999998,1.2040000000000002,0.332928,306.13826309893443,5691.996876829408
10.2,30.599999999999998,1.4030000000000002,0.332928,363.56219503966304,6753.829937863591
10.2,30.599999999999998,1.6020000000000003,0.332928,420.9861269803917,7815.662998897774
10.2,30.599999999999998,1.8010000000000004,0.332928,478.4100589211203,8877.496059931957
10.2,30.599999999999998,2.0,0.332928,535.8339908618489,9939.329120966137
13.6,0.0,0.01,0.591872,0.0,35.94437869822485
13.6,0.0,0.20900000000000002,0.591872,0.0,35.94437869822485
13.6,0.0,0.40800000000000003,0.591872,0.0,35.94437869822485
13.6,0.0,0.607,0.591872,0.0,35.94437869822485
13.6,0.0,0.806,0.591872,0.0,35.94437869822485
13.6,0.0,1.0050000000000001,0.591872,0.0,35.94437869822485
13.6,0.0,1.2040000000000002,0.591872,0.0,35.94437869822485
13.6,0.0,1.4030000000000002,0.591872,0.0,35.94437869822485
13.6,0.0,1.6020000000000003,0.591872,0.0,35.94437869822485
13.6,0.0,1.8010000000000004,0.591872,0.0,35.94437869822485
13.6,0.0,2.0,0.591872,0.0,35.94437869822485
13.6,3.4,0.01,0.591872,0.01313332660360246,36.18722867240389
13.6,3.4,0.20900000000000002,0.591872,0.2744865260152915,41.019943158566775
13.6,3.4,0.40800000000000003,0.591872,0.5358397254269804,45.85265764472966
13.6,3.4,0.607,0.591872,0.8656816186437206,51.95180507847117
13.6,3.4,0.806,0.591872,1.2544109869077948,59.13984813069147
13.6,3.4,1.0050000000000001,0.591872,1.6333732856174952,66.1472870861223
13.6,3.4,1.2040000000000002,0.591872,2.195910737862874,76.54923701669514
13.6,3.4,1.4030000000000002,0.591872,2.7446605074551798,86.69623719406766
13.6,3.4,1.6020000000000003,0.591872,3.2934102770474856,96.84323737144018
13.6,3.4,1.8010000000000004,0.591872,3.842160046639792,106.9902375488127
13.6,3.4,2.0,0.591872,4.390909816232096,117.1372377261852
13.6,6.8,0.01,0.591872,0.06744184656653222,37.191454263434395
13.6,6.8,0.20900000000000002,0.591872,1.4095345932405234,62.008258011104346
13.6,6.8,0.40800000000000003,0.591872,2.751627339914515,86.8250617587743
13.6,6.8,0.607,0.591872,4.353566410972515,116.4467161792255
13.6,6.8,0.806,0.591872,6.178924751594339,150.1996440753391
13.6,6.8,1.0050000000000001,0.591872,7.958419817326166,183.10450845647495
13.6,6.8,1.2040000000000002,0.591872,10.412407132459464,228.48149283393977
13.6,6.8,1.4030000000000002,0.591872,12.806247699672829,272.7462962217609
13.6,6.8,1.6020000000000003,0.591872,15.200088266886192,317.0110996095819
13.6,6.8,1.8010000000000004,0.591872,17.593928834099554,361.27590299740297
13.6,6.8,2.0,0.591872,19.987769401312914,405.5407063852239
13.6,10.2,0.01,0.591872,0.17562135024617637,39.19181490839823
13.6,10.2,0.20900000000000002,0.591872,3.6704862201450865,103.81579549084847
13.6,10.2,0.40800000000000003,0.591872,7.165351090043996,168.43977607329873
13.6,10.2,0.607,0.591872,11.202662604708284,243.0942049687182
13.6,10.2,0.806,0.591872,15.706376841974581,326.3729445631394
13.6,10.2,1.0050000000000001,0.591872,20.09693243006333,407.5592535144846
13.6,10.2,1.2040000000000002,0.591872,25.892312177866494,514.7223405670579
13.6,10.2,1.4030000000000002,0.591872,31.54564830439997,619.2588813683425
13.6,10.2,1.6020000000000003,0.591872,37.19898443093344,723.7954221696273
13.6,10.2,1.8010000000000004,0.591872,42.852320557466925,828.3319629709121
13.6,10.2,2.0,0.591872,48.505656684000385,932.8685037721964
13.6,13.6,0.01,0.591872,0.34632525372939793,42.348321999434134
13.6,13.6,0.20900000000000002,0.591872,7.238197802944418,169.78679369349885
13.6,13.6,0.40800000000000003,0.591872,14.130070352159438,297.2252653875635
13.6,13.6,0.607,0.591872,21.908746498707014,441.0617325944343
13.6,13.6,0.806,0.591872,30.449907981278848,598.9974108964283
13.6,13.6,1.0050000000000001,0.591872,38.77646741654988,752.9648560752566
13.6,13.6,1.2040000000000002,0.591872,49.42719371668698,949.908759554123
13.6,13.6,1.4030000000000002,0.591872,59.81687280358542,1142.0256065751742
13.6,13.6,1.6020000000000003,0.591872,70.20655189048385,1334.1424535962249
13.6,13.6,1.8010000000000004,0.591872,80.5962309773823,1526.2593006172763
13.6,13.6,2.0,0.591872,90.98591006428072,1718.3761476383268
13.6,17.0,0.01,0.591872,0.5864509371330118,46.78851584935302
13.6,17.0,0.20900000000000002,0.591872,12.256824586079947,262.58684515680375
13.6,17.0,0.40800000000000003,0.591872,23.927198235026882,478.38517446425436
13.6,17.0,0.607,0.591872,36.86361625590572,717.594087572221
13.6,17.0,0.806,0.591872,50.88859579283815,976.9317269385753
13.6,17.0,1.0050000000000001,0.591872,64.56118890924465,1229.7533452153225
13.6,17.0,1.2040000000000002,0.591872,81.62504980446211,1545.2833173902015
13.6,17.0,1.4030000000000002,0.591872,98.27067881499286,1853.079711815696
13.6,17.0,1.6020000000000003,0.591872,114.9163078255236,2160.8761062411904
13.6,17.0,1.8010000000000004,0.591872,131.56193683605434,2468.672500666685
13.6,17.0,2.0,0.591872,148.20756584658506,2776.468895092179
13.6,20.4,0.01,0.591872,0.9018452456562668,52.62051119926528
13.6,20.4,0.20900000000000002,0.591872,18.84856563421598,384.47554796996997
13.6,20.4,0.40800000000000003,0.591872,36.79528602277569,716.3305847406747
13.6,20.4,0.607,0.591872,56.39738678084714,1078.7954656221734
13.6,20.4,0.806,0.591872,77.4228052398072,1467.5790909727662
13.6,20.4,1.0050000000000001,0.591872,97.91994685306474,1846.5942835256053
13.6,20.4,1.2040000000000002,0.591872,122.98780258878614,2310.127118875483
13.6,20.4,1.4030000000000002,0.591872,147.44125009569083,2762.2988553197265
13.6,20.4,1.6020000000000003,0.591872,171.8946976025955,3214.4705917639694
13.6,20.4,1.8010000000000004,0.591872,196.3481451095002,3666.642328208213
13.6,20.4,2.0,0.591872,220.8015926164048,4118.814064652455
13.6,23.8,0.01,0.591872,1.2976393363421292,59.93918891165179
13.6,23.8,0.20900000000000002,0.591872,27.120662129550503,537.4359121588479
13.6,23.8,0.40800000000000003,0.591872,52.94368492275888,1014.9326354060443
13.6,23.8,0.607,0.591872,80.79840291819916,1529.9976870968778
13.6,23.8,0.806,0.591872,110.39999903144633,2077.3644791317734
13.6,23.8,1.0050000000000001,0.591872,139.25783644838074,2610.9783366934307
13.6,23.8,1.2040000000000002,0.591872,173.94689628775654,3252.4180526582195
13.6,23.8,1.4030000000000002,0.591872,207.7857340722456,3878.1362069572037
13.6,23.8,1.6020000000000003,0.591872,241.6245718567347,4503.854361256188
13.6,23.8,1.8010000000000004,0.591872,275.46340964122385,5129.572515555174
13.6,23.8,2.0,0.591872,309.30224742571284,5755.290669854156
13.6,27.2,0.01,0.591872,1.778438573036526,68.82970734165173
13.6,27.2,0.20900000000000002,0.591872,37.16936617646339,723.2477473458467
13.6,27.2,0.40800000000000003,0.591872,72.56029377989026,1377.6657873500417
13.6,27.2,0.607,0.591872,110.32446716340672,2075.9678099742364
13.6,27.2,0.806,0.591872,150.12918832045818,2812.0018550380582
13.6,27.2,1.0050000000000001,0.591872,188.93379085547318,3529.5425823867076
13.6,27.2,1.2040000000000002,0.591872,234.88301220198792,4379.19534397167
13.6,27.2,1.4030000000000002,0.591872,279.70602714295086,5208.023282968765
13.6,27.2,1.6020000000000003,0.591872,324.52904208391374,6036.85122196586
13.6,27.2,1.8010000000000004,0.591872,369.35205702487673,6865.679160962955
13.6,27.2,2.0,0.591872,414.1750719658395,7694.5070999600475
13.6,30.599999999999998,0.01,0.591872,2.3484422182746894,79.36971557460593
13.6,30.599999999999998,0.20900000000000002,0.591872,49.08244236194101,943.5339194145897
13.6,30.599999999999998,0.40800000000000003,0.591872,95.81644250560734,1807.6981232545734
13.6,30.599999999999998,0.607,0.591872,145.20988420094287,2721.038391289624
13.6,30.599999999999998,0.806,0.591872,196.88994853883517,3676.6608827447326
13.6,30.599999999999998,1.0050000000000001,0.591872,247.2715187978859,4608.272758836647
13.6,30.599999999999998,1.2040000000000002,0.591872,306.13826309893443,5696.785042509881
13.6,30.599999999999998,1.4030000000000002,0.591872,363.56219503966304,6758.618103544064
13.6,30.599999999999998,1.6020000000000003,0.591872,420.9861269803917,7820.451164578247
13.6,30.599999999999998,1.8010000000000004,0.591872,478.4100589211203,8882.28422561243
13.6,30.599999999999998,2.0,0.591872,535.8339908618489,9944.117286646611
17.0,0.0,0.01,0.9248000000000001,0.0,42.10059171597633
17.0,0.0,0.20900000000000002,0.9248000000000001,0.0,42.10059171597633
17.0,0.0,0.40800000000000003,0.9248000000000001,0.0,42.10059171597633
17.0,0.0,0.607,0.9248000000000001,0.0,42.10059171597633
17.0,0.0,0.806,0.9248000000000001,0.0,42.10059171597633
17.0,0.0,1.0050000000000001,0.9248000000000001,0.0,42.10059171597633
17.0,0.0,1.2040000000000002,0.9248000000000001,0.0,42.10059171597633
17.0,0.0,1.4030000000000002,0.9248000000000001,0.0,42.10059171597633
17.0,0.0,1.6020000000000003,0.9248000000000001,0.0,42.10059171597633
17.0,0.0,1.8010000000000004,0.9248000000000001,0.0,42.10059171597633
17.0,0.0,2.0,0.9248000000000001,0.0,42.10059171597633
17.0,3.4,0.01,0.9248000000000001,0.01313332660360246,42.34344169015537
17.0,3.4,0.20900000000000002,0.9248000000000001,0.2744865260152915,47.17615617631826
17.0,3.4,0.40800000000000003,0.9248000000000001,0.5358397254269804,52.008870662481144
17.0,3.4,0.607,0.9248000000000001,0.8656816186437206,58.10801809622264
17.0,3.4,0.806,0.9248000000000001,1.2544109869077948,65.29606114844294
17.0,3.4,1.0050000000000001,0.9248000000000001,1.6333732856174952,72.3035001038738
17.0,3.4,1.2040000000000002,0.9248000000000001,2.195910737862874,82.70545003444664
17.0,3.4,1.4030000000000002,0.9248000000000001,2.7446605074551798,92.85245021181915
17.0,3.4,1.6020000000000003,0.9248000000000001,3.2934102770474856,102.99945038919167
17.0,3.4,1.8010000000000004,0.9248000000000001,3.842160046639792,113.14645056656418
17.0,3.4,2.0,0.9248000000000001,4.390909816232096,123.29345074393667
17.0,6.8,0.01,0.9248000000000001,0.06744184656653222,43.34766728118588
17.0,6.8,0.20900000000000002,0.9248000000000001,1.4095345932405234,68.16447102885583
17.0,6.8,0.40800000000000003,0.9248000000000001,2.751627339914515,92.98127477652578
17.0,6.8,0.607,0.9248000000000001,4.353566410972515,122.60292919697699
17.0,6.8,0.806,0.9248000000000001,6.178924751594339,156.35585709309058
17.0,6.8,1.0050000000000001,0.9248000000000001,7.958419817326166,189.26072147422641
17.0,6.8,1.2040000000000002,0.9248000000000001,10.412407132459464,234.63770585169124
17.0,6.8,1.4030000000000002,0.9248000000000001,12.806247699672829,278.9025092395123
17.0,6.8,1.6020000000000003,0.9248000000000001,15.200088266886192,323.1673126273334
17.0,6.8,1.8010000000000004,0.9248000000000001,17.593928834099554,367.43211601515446
17.0,6.8,2.0,0.9248000000000001,19.987769401312914,411.6969194029754
17.0,10.2,0.01,0.9248000000000001,0.17562135024617637,45.34802792614971
17.0,10.2,0.20900000000000002,0.9248000000000001,3.6704862201450865,109.97200850859996
17.0,10.2,0.40800000000000003,0.9248000000000001,7.165351090043996,174.5959890910502
17.0,10.2,0.607,0.9248000000000001,11.202662604708284,249.25041798646967
17.0,10.2,0.806,0.9248000000000001,15.706376841974581,332.5291575808909
17.0,10.2,1.0050000000000001,0.9248000000000001,20.09693243006333,413.71546653223606
17.0,10.2,1.2040000000000002,0.9248000000000001,25.892312177866494,520.8785535848093
17.0,10.2,1.4030000000000002,0.9248000000000001,31.54564830439997,625.415094386094
17.0,10.2,1.6020000000000003,0.9248000000000001,37.19898443093344,729.9516351873788
17.0,10.2,1.8010000000000004,0.9248000000000001,42.852320557466925,834.4881759886636
17.0,10.2,2.0,0.9248000000000001,48.505656684000385,939.0247167899479
17.0,13.6,0.01,0.9248000000000001,0.34632525372939793,48.50453501718562
17.0,13.6,0.20900000000000002,0.9248000000000001,7.238197802944418,175.94300671125032
17.0,13.6,0.40800000000000003,0.9248000000000001,14.130070352159438,303.38147840531497
17.0,13.6,0.607,0.9248000000000001,21.908746498707014,447.2179456121858
17.0,13.6,0.806,0.9248000000000001,30.449907981278848,605.1536239141798
17.0,13.6,1.0050000000000001,0.9248000000000001,38.77646741654988,759.121069093008
17.0,13.6,1.2040000000000002,0.9248000000000001,49.42719371668698,956.0649725718745
17.0,13.6,1.4030000000000002,0.9248000000000001,59.81687280358542,1148.1818195929256
17.0,13.6,1.6020000000000003,0.9248000000000001,70.20655189048385,1340.2986666139764
17.0,13.6,1.8010000000000004,0.9248000000000001,80.5962309773823,1532.4155136350278
17.0,13.6,2.0,0.9248000000000001,90.98591006428072,1724.5323606560783
17.0,17.0,0.01,0.9248000000000001,0.5864509371330118,52.9447288671045
17.0,17.0,0.20900000000000002,0.9248000000000001,12.256824586079947,268.7430581745552
17.0,17.0,0.40800000000000003,0.9248000000000001,23.927198235026882,484.54138748200586
17.0,17.0,0.607,0.9248000000000001,36.86361625590572,723.7503005899725
17.0,17.0,0.806,0.9248000000000001,50.88859579283815,983.0879399563267
17.0,17.0,1.0050000000000001,0.9248000000000001,64.56118890924465,1235.909558233074
17.0,17.0,1.2040000000000002,0.9248000000000001,81.62504980446211,1551.439530407953
17.0,17.0,1.4030000000000002,0.9248000000000001,98.27067881499286,1859.2359248334476
17.0,17.0,1.6020000000000003,0.9248000000000001,114.9163078255236,2167.032319258942
17.0,17.0,1.8010000000000004,0.9248000000000001,131.56193683605434,2474.8287136844365
17.0,17.0,2.0,0.9248000000000001,148.20756584658506,2782.6251081099304
17.0,20.4,0.01,0.9248000000000001,0.9018452456562668,58.77672421701676
17.0,20.4,0.20900000000000002,0.9248000000000001,18.84856563421598,390.6317609877214
17.0,20.4,0.40800000000000003,0.9248000000000001,36.79528602277569,722.4867977584262
17.0,20.4,0.607,0.9248000000000001,56.39738678084714,1084.951678639925
17.0,20.4,0.806,0.9248000000000001,77.4228052398072,1473.7353039905177
17.0,20.4,1.0050000000000001,0.9248000000000001,97.91994685306474,1852.7504965433568
17.0,20.4,1.2040000000000002,0.9248000000000001,122.98780258878614,2316.283331893235
17.0,20.4,1.4030000000000002,0.9248000000000001,147.44125009569083,2768.4550683374778
17.0,20.4,1.6020000000000003,0.9248000000000001,171.8946976025955,3220.6268047817207
17.0,20.4,1.8010000000000004,0.9248000000000001,196.3481451095002,3672.798541225964
17.0,20.4,2.0,0.9248000000000001,220.8015926164048,4124.970277670207
17.0,23.8,0.01,0.9248000000000001,1.2976393363421292,66.09540192940327
17.0,23.8,0.20900000000000002,0.9248000000000001,27.120662129550503,543.5921251765994
17.0,23.8,0.40800000000000003,0.9248000000000001,52.94368492275888,1021.0888484237956
17.0,23.8,0.607,0.9248000000000001,80.79840291819916,1536.1539001146293
17.0,23.8,0.806,0.9248000000000001,110.39999903144633,2083.520692149525
17.0,23.8,1.0050000000000001,0.9248000000000001,139.25783644838074,2617.134549711182
17.0,23.8,1.2040000000000002,0.9248000000000001,173.94689628775654,3258.5742656759708
17.0,23.8,1.4030000000000002,0.9248000000000001,207.7857340722456,3884.292419974955
17.0,23.8,1.6020000000000003,0.9248000000000001,241.6245718567347,4510.01057427394
17.0,23.8,1.8010000000000004,0.9248000000000001,275.46340964122385,5135.728728572925
17.0,23.8,2.0,0.9248000000000001,309.30224742571284,5761.446882871907
17.0,27.2,0.01,0.9248000000000001,1.778438573036526,74.98592035940321
17.0,27.2,0.20900000000000002,0.9248000000000001,37.16936617646339,729.4039603635982
17.0,27.2,0.40800000000000003,0.9248000000000001,72.56029377989026,1383.822000367793
17.0,27.2,0.607,0.9248000000000001,110.32446716340672,2082.124022991988
17.0,27.2,0.806,0.9248000000000001,150.12918832045818,2818.158068055809
17.0,27.2,1.0050000000000001,0.9248000000000001,188.93379085547318,3535.698795404459
17.0,27.2,1.2040000000000002,0.9248000000000001,234.88301220198792,4385.351556989421
17.0,27.2,1.4030000000000002,0.9248000000000001,279.70602714295086,5214.1794959865165
17.0,27.2,1.6020000000000003,0.9248000000000001,324.52904208391374,6043.007434983611
17.0,27.2,1.8010000000000004,0.9248000000000001,369.35205702487673,6871.835373980707
17.0,27.2,2.0,0.9248000000000001,414.1750719658395,7700.6633129778
17.0,30.599999999999998,0.01,0.9248000000000001,2.3484422182746894,85.52592859235742
17.0,30.599999999999998,0.20900000000000002,0.9248000000000001,49.08244236194101,949.6901324323412
17.0,30.599999999999998,0.40800000000000003,0.9248000000000001,95.81644250560734,1813.8543362723249
17.0,30.599999999999998,0.607,0.9248000000000001,145.20988420094287,2727.194604307375
17.0,30.599999999999998,0.806,0.9248000000000001,196.88994853883517,3682.817095762484
17.0,30.599999999999998,1.0050000000000001,0.9248000000000001,247.2715187978859,4614.428971854399
17.0,30.599999999999998,1.2040000000000002,0.9248000000000001,306.13826309893443,5702.941255527633
17.0,30.599999999999998,1.4030000000000002,0.9248000000000001,363.56219503966304,6764.774316561816
17.0,30.599999999999998,1.6020000000000003,0.9248000000000001,420.9861269803917,7826.6073775959985
17.0,30.599999999999998,1.8010000000000004,0.9248000000000001,478.4100589211203,8888.440438630181
17.0,30.599999999999998,2.0,0.9248000000000001,535.8339908618489,9950.273499664363
20.4,0.0,0.01,1.331712,0.0,49.62485207100592
20.4,0.0,0.20900000000000002,1.331712,0.0,49.62485207100592
20.4,0.0,0.40800000000000003,1.331712,0.0,49.62485207100592
20.4,0.0,0.607,1.331712,0.0,49.62485207100592
20.4,0.0,0.806,1.331712,0.0,49.62485207100592
20.4,0.0,1.0050000000000001,1.331712,0.0,49.62485207100592
20.4,0.0,1.2040000000000002,1.331712,0.0,49.62485207100592
20.4,0.0,1.4030000000000002,1.331712,0.0,49.62485207100592
20.4,0.0,1.6020000000000003,1.331712,0.0,49.62485207100592
20.4,0.0,1.8010000000000004,1.331712,0.0,49.62485207100592
20.4,0.0,2.0,1.331712,0.0,49.62485207100592
20.4,3.4,0.01,1.331712,0.01313332660360246,49.867702045184956
20.4,3.4,0.20900000000000002,1.331712,0.2744865260152915,54.70041653134784
20.4,3.4,0.40800000000000003,1.331712,0.5358397254269804,59.533131017510726
20.4,3.4,0.607,1.331712,0.8656816186437206,65.63227845125222
20.4,3.4,0.806,1.331712,1.2544109869077948,72.82032150347254
20.4,3.4,1.0050000000000001,1.331712,1.6333732856174952,79.82776045890338
20.4,3.4,1.2040000000000002,1.331712,2.195910737862874,90.22971038947621
20.4,3.4,1.4030000000000002,1.331712,2.7446605074551798,100.37671056684873
20.4,3.4,1.6020000000000003,1.331712,3.2934102770474856,110.52371074422123
20.4,3.4,1.8010000000000004,1.331712,3.842160046639792,120.67071092159377
20.4,3.4,2.0,1.331712,4.390909816232096,130.81771109896627
20.4,6.8,0.01,1.331712,0.06744184656653222,50.87192763621546
20.4,6.8,0.20900000000000002,1.331712,1.4095345932405234,75.68873138388541
20.4,6.8,0.40800000000000003,1.331712,2.751627339914515,100.50553513155536
20.4,6.8,0.607,1.331712,4.353566410972515,130.12718955200657
20.4,6.8,0.806,1.331712,6.178924751594339,163.88011744812013
20.4,6.8,1.0050000000000001,1.331712,7.958419817326166,196.784981829256
20.4,6.8,1.2040000000000002,1.331712,10.412407132459464,242.16196620672082
20.4,6.8,1.4030000000000002,1.331712,12.806247699672829,286.4267695945419
20.4,6.8,1.6020000000000003,1.331712,15.200088266886192,330.69157298236297
20.4,6.8,1.8010000000000004,1.331712,17.593928834099554,374.95637637018405
20.4,6.8,2.0,1.331712,19.987769401312914,419.221179758005
20.4,10.2,0.01,1.331712,0.17562135024617637,52.872288281179294
20.4,10.2,0.20900000000000002,1.331712,3.6704862201450865,117.49626886362954
20.4,10.2,0.40800000000000003,1.331712,7.165351090043996,182.12024944607978
20.4,10.2,0.607,1.331712,11.202662604708284,256.7746783414993
20.4,10.2,0.806,1.331712,15.706376841974581,340.0534179359205
20.4,10.2,1.0050000000000001,1.331712,20.09693243006333,421.23972688726565
20.4,10.2,1.2040000000000002,1.331712,25.892312177866494,528.402813939839
20.4,10.2,1.4030000000000002,1.331712,31.54564830439997,632.9393547411236
20.4,10.2,1.6020000000000003,1.331712,37.19898443093344,737.4758955424082
20.4,10.2,1.8010000000000004,1.331712,42.852320557466925,842.012436343693
20.4,10.2,2.0,1.331712,48.505656684000385,946.5489771449775
20.4,13.6,0.01,1.331712,0.34632525372939793,56.02879537221519
20.4,13.6,0.20900000000000002,1.331712,7.238197802944418,183.4672670662799
20.4,13.6,0.40800000000000003,1.331712,14.130070352159438,310.90573876034455
20.4,13.6,0.607,1.331712,21.908746498707014,454.7422059672154
20.4,13.6,0.806,1.331712,30.449907981278848,612.6778842692094
20.4,13.6,1.0050000000000001,1.331712,38.77646741654988,766.6453294480376
20.4,13.6,1.2040000000000002,1.331712,49.42719371668698,963.589232926904
20.4,13.6,1.4030000000000002,1.331712,59.81687280358542,1155.706079947955
20.4,13.6,1.6020000000000003,1.331712,70.20655189048385,1347.822926969006
20.4,13.6,1.8010000000000004,1.331712,80.5962309773823,1539.9397739900571
20.4,13.6,2.0,1.331712,90.98591006428072,1732.0566210111076
20.4,17.0,0.01,1.331712,0.5864509371330118,60.46898922213409
20.4,17.0,0.20900000000000002,1.331712,12.256824586079947,276.26731852958477
20.4,17.0,0.40800000000000003,1.331712,23.927198235026882,492.06564783703544
20.4,17.0,0.607,1.331712,36.86361625590572,731.2745609450021
20.4,17.0,0.806,1.331712,50.88859579283815,990.6122003113562
20.4,17.0,1.0050000000000001,1.331712,64.56118890924465,1243.4338185881036
20.4,17.0,1.2040000000000002,1.331712,81.62504980446211,1558.9637907629824
20.4,17.0,1.4030000000000002,1.331712,98.27067881499286,1866.7601851884772
20.4,17.0,1.6020000000000003,1.331712,114.9163078255236,2174.5565796139717
20.4,17.0,1.8010000000000004,1.331712,131.56193683605434,2482.352974039466
20.4,17.0,2.0,1.331712,148.20756584658506,2790.14936846496
20.4,20.4,0.01,1.331712,0.9018452456562668,66.30098457204635
20.4,20.4,0.20900000000000002,1.331712,18.84856563421598,398.156021342751
20.4,20.4,0.40800000000000003,1.331712,36.79528602277569,730.0110581134556
20.4,20.4,0.607,1.331712,56.39738678084714,1092.4759389949543
20.4,20.4,0.806,1.331712,77.4228052398072,1481.2595643455472
20.4,20.4,1.0050000000000001,1.331712,97.91994685306474,1860.2747568983862
20.4,20.4,1.2040000000000002,1.331712,122.98780258878614,2323.807592248264
20.4,20.4,1.4030000000000002,1.331712,147.44125009569083,2775.979328692508
20.4,20.4,1.6020000000000003,1.331712,171.8946976025955,3228.1510651367507
20.4,20.4,1.8010000000000004,1.331712,196.3481451095002,3680.322801580994
20.4,20.4,2.0,1.331712,220.8015926164048,4132.494538025237
20.4,23.8,0.01,1.331712,1.2976393363421292,73.61966228443285
20.4,23.8,0.20900000000000002,1.331712,27.120662129550503,551.116385531629
20.4,23.8,0.40800000000000003,1.331712,52.94368492275888,1028.6131087788253
20.4,23.8,0.607,1.331712,80.79840291819916,1543.678160469659
20.4,23.8,0.806,1.331712,110.39999903144633,2091.0449525045547
20.4,23.8,1.0050000000000001,1.331712,139.25783644838074,2624.6588100662116
20.4,23.8,1.2040000000000002,1.331712,173.94689628775654,3266.0985260310003
20.4,23.8,1.4030000000000002,1.331712,207.7857340722456,3891.8166803299846
20.4,23.8,1.6020000000000003,1.331712,241.6245718567347,4517.534834628969
20.4,23.8,1.8010000000000004,1.331712,275.46340964122385,5143.252988927955
20.4,23.8,2.0,1.331712,309.30224742571284,5768.971143226938
20.4,27.2,0.01,1.331712,1.778438573036526,82.5101807144328
20.4,27.2,0.20900000000000002,1.331712,37.16936617646339,736.9282207186277
20.4,27.2,0.40800000000000003,1.331712,72.56029377989026,1391.3462607228225
20.4,27.2,0.607,1.331712,110.32446716340672,2089.6482833470172
20.4,27.2,0.806,1.331712,150.12918832045818,2825.682328410839
20.4,27.2,1.0050000000000001,1.331712,188.93379085547318,3543.2230557594885
20.4,27.2,1.2040000000000002,1.331712,234.88301220198792,4392.875817344451
20.4,27.2,1.4030000000000002,1.331712,279.70602714295086,5221.703756341546
20.4,27.2,1.6020000000000003,1.331712,324.52904208391374,6050.531695338641
20.4,27.2,1.8010000000000004,1.331712,369.35205702487673,6879.359634335737
20.4,27.2,2.0,1.331712,414.1750719658395,7708.18757333283
20.4,30.599999999999998,0.01,1.331712,2.3484422182746894,93.050188947387
20.4,30.599999999999998,0.20900000000000002,1.331712,49.08244236194101,957.2143927873707
20.4,30.599999999999998,0.40800000000000003,1.331712,95.81644250560734,1821.3785966273545
20.4,30.599999999999998,0.607,1.331712,145.20988420094287,2734.718864662405
20.4,30.599999999999998,0.806,1.331712,196.88994853883517,3690.3413561175134
20.4,30.599999999999998,1.0050000000000001,1.331712,247.2715187978859,4621.953232209428
20.4,30.599999999999998,1.2040000000000002,1.331712,306.13826309893443,5710.465515882663
20.4,30.599999999999998,1.4030000000000002,1.331712,363.56219503966304,6772.298576916845
20.4,30.599999999999998,1.6020000000000003,1.331712,420.9861269803917,7834.131637951028
20.4,30.599999999999998,1.8010000000000004,1.331712,478.4100589211203,8895.964698985212
20.4,30.599999999999998,2.0,1.331712,535.8339908618489,9957.797760019394
23.8,0.0,0.01,1.8126080000000002,0.0,58.51715976331361
23.8,0.0,0.20900000000000002,1.8126080000000002,0.0,58.51715976331361
23.8,0.0,0.40800000000000003,1.8126080000000002,0.0,58.51715976331361
23.8,0.0,0.607,1.8126080000000002,0.0,58.51715976331361
23.8,0.0,0.806,1.8126080000000002,0.0,58.51715976331361
23.8,0.0,1.0050000000000001,1.8126080000000002,0.0,58.51715976331361
23.8,0.0,1.2040000000000002,1.8126080000000002,0.0,58.51715976331361
23.8,0.0,1.4030000000000002,1.8126080000000002,0.0,58.51715976331361
23.8,0.0,1.6020000000000003,1.8126080000000002,0.0,58.51715976331361
23.8,0.0,1.8010000000000004,1.8126080000000002,0.0,58.51715976331361
23.8,0.0,2.0,1.8126080000000002,0.0,58.51715976331361
23.8,3.4,0.01,1.8126080000000002,0.01313332660360246,58.760009737492645
23.8,3.4,0.20900000000000002,1.8126080000000002,0.2744865260152915,63.59272422365554
23.8,3.4,0.40800000000000003,1.8126080000000002,0.5358397254269804,68.42543870981842
23.8,3.4,0.607,1.8126080000000002,0.8656816186437206,74.52458614355993
23.8,3.4,0.806,1.8126080000000002,1.2544109869077948,81.71262919578022
23.8,3.4,1.0050000000000001,1.8126080000000002,1.6333732856174952,88.72006815121108
23.8,3.4,1.2040000000000002,1.8126080000000002,2.195910737862874,99.1220180817839
23.8,3.4,1.4030000000000002,1.8126080000000002,2.7446605074551798,109.26901825915643
23.8,3.4,1.6020000000000003,1.8126080000000002,3.2934102770474856,119.41601843652894
23.8,3.4,1.8010000000000004,1.8126080000000002,3.842160046639792,129.56301861390148
23.8,3.4,2.0,1.8126080000000002,4.390909816232096,139.71001879127397
23.8,6.8,0.01,1.8126080000000002,0.06744184656653222,59.76423532852315
23.8,6.8,0.20900000000000002,1.8126080000000002,1.4095345932405234,84.58103907619311
23.8,6.8,0.40800000000000003,1.8126080000000002,2.751627339914515,109.39784282386306
23.8,6.8,0.607,1.8126080000000002,4.353566410972515,139.01949724431427
23.8,6.8,0.806,1.8126080000000002,6.178924751594339,172.77242514042786
23.8,6.8,1.0050000000000001,1.8126080000000002,7.958419817326166,205.67728952156367
23.8,6.8,1.2040000000000002,1.8126080000000002,10.412407132459464,251.05427389902852
23.8,6.8,1.4030000000000002,1.8126080000000002,12.806247699672829,295.3190772868496
23.8,6.8,1.6020000000000003,1.8126080000000002,15.200088266886192,339.5838806746707
23.8,6.8,1.8010000000000004,1.8126080000000002,17.593928834099554,383.8486840624917
23.8,6.8,2.0,1.8126080000000002,19.987769401312914,428.11348745031273
23.8,10.2,0.01,1.8126080000000002,0.17562135024617637,61.76459597348699
23.8,10.2,0.20900000000000002,1.8126080000000002,3.6704862201450865,126.38857655593725
23.8,10.2,0.40800000000000003,1.8126080000000002,7.165351090043996,191.01255713838748
23.8,10.2,0.607,1.8126080000000002,11.202662604708284,265.666986033807
23.8,10.2,0.806,1.8126080000000002,15.706376841974581,348.9457256282282
23.8,10.2,1.0050000000000001,1.8126080000000002,20.09693243006333,430.13203457957337
23.8,10.2,1.2040000000000002,1.8126080000000002,25.892312177866494,537.2951216321467
23.8,10.2,1.4030000000000002,1.8126080000000002,31.54564830439997,641.8316624334312
23.8,10.2,1.6020000000000003,1.8126080000000002,37.19898443093344,746.3682032347159
23.8,10.2,1.8010000000000004,1.8126080000000002,42.852320557466925,850.9047440360007
23.8,10.2,2.0,1.8126080000000002,48.505656684000385,955.4412848372851
23.8,13.6,0.01,1.8126080000000002,0.34632525372939793,64.9211030645229
23.8,13.6,0.20900000000000002,1.8126080000000002,7.238197802944418,192.3595747585876
23.8,13.6,0.40800000000000003,1.8126080000000002,14.130070352159438,319.7980464526523
23.8,13.6,0.607,1.8126080000000002,21.908746498707014,463.6345136595231
23.8,13.6,0.806,1.8126080000000002,30.449907981278848,621.570191961517
23.8,13.6,1.0050000000000001,1.8126080000000002,38.77646741654988,775.5376371403453
23.8,13.6,1.2040000000000002,1.8126080000000002,49.42719371668698,972.4815406192117
23.8,13.6,1.4030000000000002,1.8126080000000002,59.81687280358542,1164.598387640263
23.8,13.6,1.6020000000000003,1.8126080000000002,70.20655189048385,1356.7152346613138
23.8,13.6,1.8010000000000004,1.8126080000000002,80.5962309773823,1548.832081682365
23.8,13.6,2.0,1.8126080000000002,90.98591006428072,1740.9489287034153
23.8,17.0,0.01,1.8126080000000002,0.5864509371330118,69.36129691444178
23.8,17.0,0.20900000000000002,1.8126080000000002,12.256824586079947,285.1596262218925
23.8,17.0,0.40800000000000003,1.8126080000000002,23.927198235026882,500.95795552934317
23.8,17.0,0.607,1.8126080000000002,36.86361625590572,740.1668686373098
23.8,17.0,0.806,1.8126080000000002,50.88859579283815,999.504508003664
23.8,17.0,1.0050000000000001,1.8126080000000002,64.56118890924465,1252.3261262804112
23.8,17.0,1.2040000000000002,1.8126080000000002,81.62504980446211,1567.85609845529
23.8,17.0,1.4030000000000002,1.8126080000000002,98.27067881499286,1875.652492880785
23.8,17.0,1.6020000000000003,1.8126080000000002,114.9163078255236,2183.4488873062796
23.8,17.0,1.8010000000000004,1.8126080000000002,131.56193683605434,2491.245281731774
23.8,17.0,2.0,1.8126080000000002,148.20756584658506,2799.041676157268
23.8,20.4,0.01,1.8126080000000002,0.9018452456562668,75.19329226435404
23.8,20.4,0.20900000000000002,1.8126080000000002,18.84856563421598,407.0483290350587
23.8,20.4,0.40800000000000003,1.8126080000000002,36.79528602277569,738.9033658057634
23.8,20.4,0.607,1.8126080000000002,56.39738678084714,1101.3682466872622
23.8,20.4,0.806,1.8126080000000002,77.4228052398072,1490.151872037855
23.8,20.4,1.0050000000000001,1.8126080000000002,97.91994685306474,1869.1670645906938
23.8,20.4,1.2040000000000002,1.8126080000000002,122.98780258878614,2332.699899940572
23.8,20.4,1.4030000000000002,1.8126080000000002,147.44125009569083,2784.8716363848152
23.8,20.4,1.6020000000000003,1.8126080000000002,171.8946976025955,3237.043372829058
23.8,20.4,1.8010000000000004,1.8126080000000002,196.3481451095002,3689.215109273302
23.8,20.4,2.0,1.8126080000000002,220.8015926164048,4141.386845717544
23.8,23.8,0.01,1.8126080000000002,1.2976393363421292,82.51196997674055
23.8,23.8,0.20900000000000002,1.8126080000000002,27.120662129550503,560.0086932239367
23.8,23.8,0.40800000000000003,1.8126080000000002,52.94368492275888,1037.5054164711328
23.8,23.8,0.607,1.8126080000000002,80.79840291819916,1552.5704681619668
23.8,23.8,0.806,1.8126080000000002,110.39999903144633,2099.937260196862
23.8,23.8,1.0050000000000001,1.8126080000000002,139.25783644838074,2633.5511177585195
23.8,23.8,1.2040000000000002,1.8126080000000002,173.94689628775654,3274.9908337233082
23.8,23.8,1.4030000000000002,1.8126080000000002,207.7857340722456,3900.7089880222925
23.8,23.8,1.6020000000000003,1.8126080000000002,241.6245718567347,4526.427142321277
23.8,23.8,1.8010000000000004,1.8126080000000002,275.46340964122385,5152.145296620262
23.8,23.8,2.0,1.8126080000000002,309.30224742571284,5777.863450919245
23.8,27.2,0.01,1.8126080000000002,1.778438573036526,91.40248840674049
23.8,27.2,0.20900000000000002,1.8126080000000002,37.16936617646339,745.8205284109355
23.8,27.2,0.40800000000000003,1.8126080000000002,72.56029377989026,1400.2385684151304
23.8,27.2,0.607,1.8126080000000002,110.32446716340672,2098.540591039325
23.8,27.2,0.806,1.8126080000000002,150.12918832045818,2834.574636103147
23.8,27.2,1.0050000000000001,1.8126080000000002,188.93379085547318,3552.1153634517964
23.8,27.2,1.2040000000000002,1.8126080000000002,234.88301220198792,4401.768125036759
23.8,27.2,1.4030000000000002,1.8126080000000002,279.70602714295086,5230.596064033854
23.8,27.2,1.6020000000000003,1.8126080000000002,324.52904208391374,6059.424003030948
23.8,27.2,1.8010000000000004,1.8126080000000002,369.35205702487673,6888.251942028045
23.8,27.2,2.0,1.8126080000000002,414.1750719658395,7717.079881025137
23.8,30.599999999999998,0.01,1.8126080000000002,2.3484422182746894,101.9424966396947
23.8,30.599999999999998,0.20900000000000002,1.8126080000000002,49.08244236194101,966.1067004796784
23.8,30.599999999999998,0.40800000000000003,1.8126080000000002,95.81644250560734,1830.270904319662
23.8,30.599999999999998,0.607,1.8126080000000002,145.20988420094287,2743.611172354713
23.8,30.599999999999998,0.806,1.8126080000000002,196.88994853883517,3699.2336638098213
23.8,30.599999999999998,1.0050000000000001,1.8126080000000002,247.2715187978859,4630.845539901736
23.8,30.599999999999998,1.2040000000000002,1.8126080000000002,306.13826309893443,5719.35782357497
23.8,30.599999999999998,1.4030000000000002,1.8126080000000002,363.56219503966304,6781.190884609154
23.8,30.599999999999998,1.6020000000000003,1.8126080000000002,420.9861269803917,7843.023945643336
23.8,30.599999999999998,1.8010000000000004,1.8126080000000002,478.4100589211203,8904.85700667752
23.8,30.599999999999998,2.0,1.8126080000000002,535.8339908618489,9966.690067711701
27.2,0.0,0.01,2.367488,0.0,68.7775147928994
27.2,0.0,0.20900000000000002,2.367488,0.0,68.7775147928994
27.2,0.0,0.40800000000000003,2.367488,0.0,68.7775147928994
27.2,0.0,0.607,2.367488,0.0,68.7775147928994
27.2,0.0,0.806,2.367488,0.0,68.7775147928994
27.2,0.0,1.0050000000000001,2.367488,0.0,68.7775147928994
27.2,0.0,1.2040000000000002,2.367488,0.0,68.7775147928994
27.2,0.0,1.4030000000000002,2.367488,0.0,68.7775147928994
27.2,0.0,1.6020000000000003,2.367488,0.0,68.7775147928994
27.2,0.0,1.8010000000000004,2.367488,0.0,68.7775147928994
27.2,0.0,2.0,2.367488,0.0,68.7775147928994
27.2,3.4,0.01,2.367488,0.01313332660360246,69.02036476707843
27.2,3.4,0.20900000000000002,2.367488,0.2744865260152915,73.85307925324133
27.2,3.4,0.40800000000000003,2.367488,0.5358397254269804,78.6857937394042
27.2,3.4,0.607,2.367488,0.8656816186437206,84.78494117314571
27.2,3.4,0.806,2.367488,1.2544109869077948,91.97298422536602
27.2,3.4,1.0050000000000001,2.367488,1.6333732856174952,98.98042318079686
27.2,3.4,1.2040000000000002,2.367488,2.195910737862874,109.38237311136969
27.2,3.4,1.4030000000000002,2.367488,2.7446605074551798,119.52937328874222
27.2,3.4,1.6020000000000003,2.367488,3.2934102770474856,129.67637346611474
27.2,3.4,1.8010000000000004,2.367488,3.842160046639792,139.82337364348726
27.2,3.4,2.0,2.367488,4.390909816232096,149.97037382085975
27.2,6.8,0.01,2.367488,0.06744184656653222,70.02459035810895
27.2,6.8,0.20900000000000002,2.367488,1.4095345932405234,94.8413941057789
27.2,6.8,0.40800000000000003,2.367488,2.751627339914515,119.65819785344885
27.2,6.8,0.607,2.367488,4.353566410972515,149.27985227390008
27.2,6.8,0.806,2.367488,6.178924751594339,183.03278017001364
27.2,6.8,1.0050000000000001,2.367488,7.958419817326166,215.9376445511495
27.2,6.8,1.2040000000000002,2.367488,10.412407132459464,261.3146289286143
27.2,6.8,1.4030000000000002,2.367488,12.806247699672829,305.5794323164354
27.2,6.8,1.6020000000000003,2.367488,15.200088266886192,349.8442357042565
27.2,6.8,1.8010000000000004,2.367488,17.593928834099554,394.1090390920775
27.2,6.8,2.0,2.367488,19.987769401312914,438.37384247989854
27.2,10.2,0.01,2.367488,0.17562135024617637,72.02495100307277
27.2,10.2,0.20900000000000002,2.367488,3.6704862201450865,136.64893158552303
27.2,10.2,0.40800000000000003,2.367488,7.165351090043996,201.27291216797326
27.2,10.2,0.607,2.367488,11.202662604708284,275.92734106339276
27.2,10.2,0.806,2.367488,15.706376841974581,359.2060806578139
27.2,10.2,1.0050000000000001,2.367488,20.09693243006333,440.3923896091592
27.2,10.2,1.2040000000000002,2.367488,25.892312177866494,547.5554766617324
27.2,10.2,1.4030000000000002,2.367488,31.54564830439997,652.092017463017
27.2,10.2,1.6020000000000003,2.367488,37.19898443093344,756.6285582643017
27.2,10.2,1.8010000000000004,2.367488,42.852320557466925,861.1650990655864
27.2,10.2,2.0,2.367488,48.505656684000385,965.7016398668709
27.2,13.6,0.01,2.367488,0.34632525372939793,75.18145809410868
27.2,13.6,0.20900000000000002,2.367488,7.238197802944418,202.61992978817338
27.2,13.6,0.40800000000000003,2.367488,14.130070352159438,330.0584014822381
27.2,13.6,0.607,2.367488,21.908746498707014,473.89486868910893
27.2,13.6,0.806,2.367488,30.449907981278848,631.8305469911028
27.2,13.6,1.0050000000000001,2.367488,38.77646741654988,785.797992169931
27.2,13.6,1.2040000000000002,2.367488,49.42719371668698,982.7418956487975
27.2,13.6,1.4030000000000002,2.367488,59.81687280358542,1174.8587426698487
27.2,13.6,1.6020000000000003,2.367488,70.20655189048385,1366.9755896908994
27.2,13.6,1.8010000000000004,2.367488,80.5962309773823,1559.0924367119508
27.2,13.6,2.0,2.367488,90.98591006428072,1751.209283733001
27.2,17.0,0.01,2.367488,0.5864509371330118,79.62165194402758
27.2,17.0,0.20900000000000002,2.367488,12.256824586079947,295.41998125147825
27.2,17.0,0.40800000000000003,2.367488,23.927198235026882,511.218310558929
27.2,17.0,0.607,2.367488,36.86361625590572,750.4272236668955
27.2,17.0,0.806,2.367488,50.88859579283815,1009.7648630332498
27.2,17.0,1.0050000000000001,2.367488,64.56118890924465,1262.586481309997
27.2,17.0,1.2040000000000002,2.367488,81.62504980446211,1578.116453484876
27.2,17.0,1.4030000000000002,2.367488,98.27067881499286,1885.9128479103706
27.2,17.0,1.6020000000000003,2.367488,114.9163078255236,2193.709242335865
27.2,17.0,1.8010000000000004,2.367488,131.56193683605434,2501.5056367613597
27.2,17.0,2.0,2.367488,148.20756584658506,2809.3020311868536
27.2,20.4,0.01,2.367488,0.9018452456562668,85.45364729393984
27.2,20.4,0.20900000000000002,2.367488,18.84856563421598,417.3086840646445
27.2,20.4,0.40800000000000003,2.367488,36.79528602277569,749.1637208353492
27.2,20.4,0.607,2.367488,56.39738678084714,1111.6286017168477
27.2,20.4,0.806,2.367488,77.4228052398072,1500.4122270674407
27.2,20.4,1.0050000000000001,2.367488,97.91994685306474,1879.4274196202796
27.2,20.4,1.2040000000000002,2.367488,122.98780258878614,2342.9602549701576
27.2,20.4,1.4030000000000002,2.367488,147.44125009569083,2795.1319914144015
27.2,20.4,1.6020000000000003,2.367488,171.8946976025955,3247.3037278586444
27.2,20.4,1.8010000000000004,2.367488,196.3481451095002,3699.4754643028878
27.2,20.4,2.0,2.367488,220.8015926164048,4151.64720074713
27.2,23.8,0.01,2.367488,1.2976393363421292,92.77232500632634
27.2,23.8,0.20900000000000002,2.367488,27.120662129550503,570.2690482535226
27.2,23.8,0.40800000000000003,2.367488,52.94368492275888,1047.7657715007185
27.2,23.8,0.607,2.367488,80.79840291819916,1562.8308231915523
27.2,23.8,0.806,2.367488,110.39999903144633,2110.197615226448
27.2,23.8,1.0050000000000001,2.367488,139.25783644838074,2643.8114727881057
27.2,23.8,1.2040000000000002,2.367488,173.94689628775654,3285.2511887528944
27.2,23.8,1.4030000000000002,2.367488,207.7857340722456,3910.9693430518782
27.2,23.8,1.6020000000000003,2.367488,241.6245718567347,4536.687497350863
27.2,23.8,1.8010000000000004,2.367488,275.46340964122385,5162.405651649849
27.2,23.8,2.0,2.367488,309.30224742571284,5788.123805948831
27.2,27.2,0.01,2.367488,1.778438573036526,101.66284343632628
27.2,27.2,0.20900000000000002,2.367488,37.16936617646339,756.0808834405212
27.2,27.2,0.40800000000000003,2.367488,72.56029377989026,1410.498923444716
27.2,27.2,0.607,2.367488,110.32446716340672,2108.800946068911
27.2,27.2,0.806,2.367488,150.12918832045818,2844.8349911327327
27.2,27.2,1.0050000000000001,2.367488,188.93379085547318,3562.375718481382
27.2,27.2,1.2040000000000002,2.367488,234.88301220198792,4412.028480066345
27.2,27.2,1.4030000000000002,2.367488,279.70602714295086,5240.85641906344
27.2,27.2,1.6020000000000003,2.367488,324.52904208391374,6069.684358060535
27.2,27.2,1.8010000000000004,2.367488,369.35205702487673,6898.51229705763
27.2,27.2,2.0,2.367488,414.1750719658395,7727.340236054723
27.2,30.599999999999998,0.01,2.367488,2.3484422182746894,112.20285166928048
27.2,30.599999999999998,0.20900000000000002,2.367488,49.08244236194101,976.3670555092641
27.2,30.599999999999998,0.40800000000000003,2.367488,95.81644250560734,1840.5312593492479
27.2,30.599999999999998,0.607,2.367488,145.20988420094287,2753.8715273842986
27.2,30.599999999999998,0.806,2.367488,196.88994853883517,3709.494018839407
27.2,30.599999999999998,1.0050000000000001,2.367488,247.2715187978859,4641.105894931322
27.2,30.599999999999998,1.2040000000000002,2.367488,306.13826309893443,5729.618178604556
27.2,30.599999999999998,1.4030000000000002,2.367488,363.56219503966304,6791.451239638739
27.2,30.599999999999998,1.6020000000000003,2.367488,420.9861269803917,7853.284300672922
27.2,30.599999999999998,1.8010000000000004,2.367488,478.4100589211203,8915.117361707105
27.2,30.599999999999998,2.0,2.367488,535.8339908618489,9976.950422741285
30.599999999999998,0.0,0.01,2.996352,0.0,80.4059171597633
30.599999999999998,0.0,0.20900000000000002,2.996352,0.0,80.4059171597633
30.599999999999998,0.0,0.40800000000000003,2.996352,0.0,80.4059171597633
30.599999999999998,0.0,0.607,2.996352,0.0,80.4059171597633
30.599999999999998,0.0,0.806,2.996352,0.0,80.4059171597633
30.599999999999998,0.0,1.0050000000000001,2.996352,0.0,80.4059171597633
30.599999999999998,0.0,1.2040000000000002,2.996352,0.0,80.4059171597633
30.599999999999998,0.0,1.4030000000000002,2.996352,0.0,80.4059171597633
30.599999999999998,0.0,1.6020000000000003,2.996352,0.0,80.4059171597633
30.599999999999998,0.0,1.8010000000000004,2.996352,0.0,80.4059171597633
30.599999999999998,0.0,2.0,2.996352,0.0,80.4059171597633
30.599999999999998,3.4,0.01,2.996352,0.01313332660360246,80.64876713394234
30.599999999999998,3.4,0.20900000000000002,2.996352,0.2744865260152915,85.48148162010523
30.599999999999998,3.4,0.40800000000000003,2.996352,0.5358397254269804,90.31419610626811
30.599999999999998,3.4,0.607,2.996352,0.8656816186437206,96.41334354000962
30.599999999999998,3.4,0.806,2.996352,1.2544109869077948,103.60138659222991
30.599999999999998,3.4,1.0050000000000001,2.996352,1.6333732856174952,110.60882554766076
30.599999999999998,3.4,1.2040000000000002,2.996352,2.195910737862874,121.0107754782336
30.599999999999998,3.4,1.4030000000000002,2.996352,2.7446605074551798,131.15777565560612
30.599999999999998,3.4,1.6020000000000003,2.996352,3.2934102770474856,141.30477583297863
30.599999999999998,3.4,1.8010000000000004,2.996352,3.842160046639792,151.45177601035115
30.599999999999998,3.4,2.0,2.996352,4.390909816232096,161.59877618772364
30.599999999999998,6.8,0.01,2.996352,0.06744184656653222,81.65299272497285
30.599999999999998,6.8,0.20900000000000002,2.996352,1.4095345932405234,106.4697964726428
30.599999999999998,6.8,0.40800000000000003,2.996352,2.751627339914515,131.28660022031275
30.599999999999998,6.8,0.607,2.996352,4.353566410972515,160.90825464076394
30.599999999999998,6.8,0.806,2.996352,6.178924751594339,194.66118253687753
30.599999999999998,6.8,1.0050000000000001,2.996352,7.958419817326166,227.5660469180134
30.599999999999998,6.8,1.2040000000000002,2.996352,10.412407132459464,272.94303129547825
30.599999999999998,6.8,1.4030000000000002,2.996352,12.806247699672829,317.20783468329927
30.599999999999998,6.8,1.6020000000000003,2.996352,15.200088266886192,361.47263807112034
30.599999999999998,6.8,1.8010000000000004,2.996352,17.593928834099554,405.7374414589414
30.599999999999998,6.8,2.0,2.996352,19.987769401312914,450.0022448467624
30.599999999999998,10.2,0.01,2.996352,0.17562135024617637,83.65335336993668
30.599999999999998,10.2,0.20900000000000002,2.996352,3.6704862201450865,148.27733395238693
30.599999999999998,10.2,0.40800000000000003,2.996352,7.165351090043996,212.90131453483718
30.599999999999998,10.2,0.607,2.996352,11.202662604708284,287.55574343025665
30.599999999999998,10.2,0.806,2.996352,15.706376841974581,370.83448302467787
30.599999999999998,10.2,1.0050000000000001,2.996352,20.09693243006333,452.020791976023
30.599999999999998,10.2,1.2040000000000002,2.996352,25.892312177866494,559.1838790285963
30.599999999999998,10.2,1.4030000000000002,2.996352,31.54564830439997,663.7204198298809
30.599999999999998,10.2,1.6020000000000003,2.996352,37.19898443093344,768.2569606311656
30.599999999999998,10.2,1.8010000000000004,2.996352,42.852320557466925,872.7935014324504
30.599999999999998,10.2,2.0,2.996352,48.505656684000385,977.3300422337348
30.599999999999998,13.6,0.01,2.996352,0.34632525372939793,86.80986046097257
30.599999999999998,13.6,0.20900000000000002,2.996352,7.238197802944418,214.24833215503728
30.599999999999998,13.6,0.40800000000000003,2.996352,14.130070352159438,341.6868038491019
30.599999999999998,13.6,0.607,2.996352,21.908746498707014,485.52327105597277
30.599999999999998,13.6,0.806,2.996352,30.449907981278848,643.4589493579667
30.599999999999998,13.6,1.0050000000000001,2.996352,38.77646741654988,797.426394536795
30.599999999999998,13.6,1.2040000000000002,2.996352,49.42719371668698,994.3702980156613
30.599999999999998,13.6,1.4030000000000002,2.996352,59.81687280358542,1186.4871450367125
30.599999999999998,13.6,1.6020000000000003,2.996352,70.20655189048385,1378.6039920577634
30.599999999999998,13.6,1.8010000000000004,2.996352,80.5962309773823,1570.7208390788146
30.599999999999998,13.6,2.0,2.996352,90.98591006428072,1762.837686099865
30.599999999999998,17.0,0.01,2.996352,0.5864509371330118,91.25005431089149
30.599999999999998,17.0,0.20900000000000002,2.996352,12.256824586079947,307.04838361834214
30.599999999999998,17.0,0.40800000000000003,2.996352,23.927198235026882,522.8467129257929
30.599999999999998,17.0,0.607,2.996352,36.86361625590572,762.0556260337595
30.599999999999998,17.0,0.806,2.996352,50.88859579283815,1021.3932654001136
30.599999999999998,17.0,1.0050000000000001,2.996352,64.56118890924465,1274.2148836768608
30.599999999999998,17.0,1.2040000000000002,2.996352,81.62504980446211,1589.7448558517399
30.599999999999998,17.0,1.4030000000000002,2.996352,98.27067881499286,1897.5412502772347
30.599999999999998,17.0,1.6020000000000003,2.996352,114.9163078255236,2205.337644702729
30.599999999999998,17.0,1.8010000000000004,2.996352,131.56193683605434,2513.134039128224
30.599999999999998,17.0,2.0,2.996352,148.20756584658506,2820.9304335537176
30.599999999999998,20.4,0.01,2.996352,0.9018452456562668,97.08204966080373
30.599999999999998,20.4,0.20900000000000002,2.996352,18.84856563421598,428.9370864315084
30.599999999999998,20.4,0.40800000000000003,2.996352,36.79528602277569,760.7921232022131
30.599999999999998,20.4,0.607,2.996352,56.39738678084714,1123.2570040837118
30.599999999999998,20.4,0.806,2.996352,77.4228052398072,1512.0406294343045
30.599999999999998,20.4,1.0050000000000001,2.996352,97.91994685306474,1891.0558219871436
30.599999999999998,20.4,1.2040000000000002,2.996352,122.98780258878614,2354.5886573370217
30.599999999999998,20.4,1.4030000000000002,2.996352,147.44125009569083,2806.760393781265
30.599999999999998,20.4,1.6020000000000003,2.996352,171.8946976025955,3258.932130225508
30.599999999999998,20.4,1.8010000000000004,2.996352,196.3481451095002,3711.103866669752
30.599999999999998,20.4,2.0,2.996352,220.8015926164048,4163.275603113994
30.599999999999998,23.8,0.01,2.996352,1.2976393363421292,104.40072737319025
30.599999999999998,23.8,0.20900000000000002,2.996352,27.120662129550503,581.8974506203864
30.599999999999998,23.8,0.40800000000000003,2.996352,52.94368492275888,1059.3941738675826
30.599999999999998,23.8,0.607,2.996352,80.79840291819916,1574.4592255584162
30.599999999999998,23.8,0.806,2.996352,110.39999903144633,2121.826017593312
30.599999999999998,23.8,1.0050000000000001,2.996352,139.25783644838074,2655.4398751549693
30.599999999999998,23.8,1.2040000000000002,2.996352,173.94689628775654,3296.879591119758
30.599999999999998,23.8,1.4030000000000002,2.996352,207.7857340722456,3922.5977454187423
30.599999999999998,23.8,1.6020000000000003,2.996352,241.6245718567347,4548.315899717727
30.599999999999998,23.8,1.8010000000000004,2.996352,275.46340964122385,5174.034054016713
30.599999999999998,23.8,2.0,2.996352,309.30224742571284,5799.752208315695
30.599999999999998,27.2,0.01,2.996352,1.778438573036526,113.29124580319018
30.599999999999998,27.2,0.20900000000000002,2.996352,37.16936617646339,767.7092858073851
30.599999999999998,27.2,0.40800000000000003,2.996352,72.56029377989026,1422.12732581158
30.599999999999998,27.2,0.607,2.996352,110.32446716340672,2120.429348435775
30.599999999999998,27.2,0.806,2.996352,150.12918832045818,2856.463393499597
30.599999999999998,27.2,1.0050000000000001,2.996352,188.93379085547318,3574.004120848246
30.599999999999998,27.2,1.2040000000000002,2.996352,234.88301220198792,4423.656882433208
30.599999999999998,27.2,1.4030000000000002,2.996352,279.70602714295086,5252.484821430304
30.599999999999998,27.2,1.6020000000000003,2.996352,324.52904208391374,6081.312760427399
30.599999999999998,27.2,1.8010000000000004,2.996352,369.35205702487673,6910.140699424494
30.599999999999998,27.2,2.0,2.996352,414.1750719658395,7738.9686384215875
30.599999999999998,30.599999999999998,0.01,2.996352,2.3484422182746894,123.83125403614439
30.599999999999998,30.599999999999998,0.20900000000000002,2.996352,49.08244236194101,987.9954578761281
30.599999999999998,30.599999999999998,0.40800000000000003,2.996352,95.81644250560734,1852.1596617161117
30.599999999999998,30.599999999999998,0.607,2.996352,145.20988420094287,2765.4999297511627
30.599999999999998,30.599999999999998,0.806,2.996352,196.88994853883517,3721.122421206271
30.599999999999998,30.599999999999998,1.0050000000000001,2.996352,247.2715187978859,4652.734297298186
30.599999999999998,30.599999999999998,1.2040000000000002,2.996352,306.13826309893443,5741.24658097142
30.599999999999998,30.599999999999998,1.4030000000000002,2.996352,363.56219503966304,6803.079642005603
30.599999999999998,30.599999999999998,1.6020000000000003,2.996352,420.9861269803917,7864.912703039786
30.599999999999998,30.599999999999998,1.8010000000000004,2.996352,478.4100589211203,8926.745764073969
30.599999999999998,30.599999999999998,2.0,2.996352,535.8339908618489,9988.578825108149
