0.0,2.3,0.01,0.0,0.018005106569801307,25.38260403096729
0.0,2.3,0.20900000000000002,0.0,0.3763067273088473,32.99642424721636
0.0,2.3,0.40800000000000003,0.0,0.7767954178131018,41.50670919053009
0.0,2.3,0.607,0.0,1.3117447804728062,52.87424993368072
0.0,2.3,0.806,0.0,1.9317418244417717,66.04903272603539
0.0,2.3,1.0050000000000001,0.0,2.536161053235637,78.89279082511482
0.0,2.3,1.2040000000000002,0.0,3.5021135950168083,99.41904179596114
0.0,2.3,1.4030000000000002,0.0,4.444390829401382,119.4421983802671
0.0,2.3,1.6020000000000003,0.0,5.3866680637859545,139.46535496457304
0.0,2.3,1.8010000000000004,0.0,6.328945298170527,159.488511548879
0.0,2.3,2.0,0.0,7.2712225325550985,179.5116681331849
0.0,4.6,0.01,0.0,0.08824595036871777,26.875204470282867
0.0,4.6,0.20900000000000002,0.0,1.8443403627062014,64.19177342891192
0.0,4.6,0.40800000000000003,0.0,3.761555915154382,104.9321264924233
0.0,4.6,0.607,0.0,6.259223097865608,158.006932154658
0.0,4.6,0.806,0.0,9.139242382315354,219.2066247653173
0.0,4.6,1.0050000000000001,0.0,11.946899373185957,278.86863665711576
0.0,4.6,1.2040000000000002,0.0,16.051696756401896,366.0945588716785
0.0,4.6,1.4030000000000002,0.0,20.05588636061744,451.1825908358842
0.0,4.6,1.6020000000000003,0.0,24.06007596483298,536.2706228000899
0.0,4.6,1.8010000000000004,0.0,28.064265569048526,621.3586547642957
0.0,4.6,2.0,0.0,32.068455173264056,706.4466867285012
0.0,6.8999999999999995,0.01,0.0,0.22361136134674972,29.751685744801108
0.0,6.8999999999999995,0.20900000000000002,0.0,4.67347745214707,124.3102320663432
0.0,6.8999999999999995,0.40800000000000003,0.0,9.464907391215483,226.12692510717542
0.0,6.8999999999999995,0.607,0.0,15.614958749611272,356.813984984103
0.0,6.8999999999999995,0.806,0.0,22.685717030341596,507.0658376857235
0.0,6.8999999999999995,1.0050000000000001,0.0,29.57881806783748,653.5425182089112
0.0,6.8999999999999995,1.2040000000000002,0.0,39.12947132041271,856.4915215175023
0.0,6.8999999999999995,1.4030000000000002,0.0,48.44603993444442,1054.466284548922
0.0,6.8999999999999995,1.6020000000000003,0.0,57.76260854847614,1252.4410475803415
0.0,6.8999999999999995,1.8010000000000004,0.0,67.07917716250786,1450.4158106117613
0.0,6.8999999999999995,2.0,0.0,76.39574577653954,1648.3905736431802
0.0,9.2,0.01,0.0,0.4325077291983025,34.190681542164604
0.0,9.2,0.20900000000000002,0.0,9.039411540244524,217.0852442312403
0.0,9.2,0.40800000000000003,0.0,18.216228378474298,412.0903168279285
0.0,9.2,0.607,0.0,29.87044520168079,659.7395221819413
0.0,9.2,0.806,0.0,43.24187673892824,943.8791125876246
0.0,9.2,1.0050000000000001,0.0,56.277342659661926,1220.8795173047224
0.0,9.2,1.2040000000000002,0.0,73.64895649918681,1590.0219855063272
0.0,9.2,1.4030000000000002,0.0,90.59479548970371,1950.1168441931861
0.0,9.2,1.6020000000000003,0.0,107.54063448022065,2310.211702880046
0.0,9.2,1.8010000000000004,0.0,124.48647347073755,2670.3065615669047
0.0,9.2,2.0,0.0,141.4323124612544,3030.401420253763
0.0,11.5,0.01,0.0,0.7214737649766363,40.331137843981914
0.0,11.5,0.20900000000000002,0.0,15.078801688011701,345.420780939222
0.0,11.5,0.40800000000000003,0.0,30.270173746997628,668.2336542293141
0.0,11.5,0.607,0.0,49.40282482439319,1074.7977252012631
0.0,11.5,0.806,0.0,71.31999728767367,1540.5321822203052
0.0,11.5,1.0050000000000001,0.0,92.68648702574608,1994.5647684599737
0.0,11.5,1.2040000000000002,0.0,120.29976090936312,2581.339962215034
0.0,11.5,1.4030000000000002,0.0,147.23623886446012,3153.733411025117
0.0,11.5,1.6020000000000003,0.0,174.17271681955714,3726.1268598352003
0.0,11.5,1.8010000000000004,0.0,201.10919477465413,4298.520308645284
0.0,11.5,2.0,0.0,228.0456727297511,4870.913757455366
0.0,13.799999999999999,0.01,0.0,1.0959555845330633,48.28878325589882
0.0,13.799999999999999,0.20900000000000002,0.0,22.905471716741026,511.73557004828535
0.0,13.799999999999999,0.40800000000000003,0.0,45.83792907686819,999.0445782985471
0.0,13.799999999999999,0.607,0.0,74.52317724549647,1608.598958666503
0.0,13.799999999999999,0.806,0.0,107.34121039542171,2305.9739907387575
0.0,13.799999999999999,1.0050000000000001,0.0,139.3346698481126,2985.8270370805526
0.0,13.799999999999999,1.2040000000000002,0.0,179.64413237642526,3842.393077923905
0.0,13.799999999999999,1.4030000000000002,0.0,218.96561788198508,4677.964853060312
0.0,13.799999999999999,1.6020000000000003,0.0,258.2871033875449,5513.536628196718
0.0,13.799999999999999,1.8010000000000004,0.0,297.6085888931048,6349.108403333125
0.0,13.799999999999999,2.0,0.0,336.93007439866454,7184.68017846953
0.0,16.099999999999998,0.01,0.0,1.5606669723025917,58.163784523330186
0.0,16.099999999999998,0.20900000000000002,0.0,32.617939721124166,718.123096537601
0.0,16.099999999999998,0.40800000000000003,0.0,65.10166177330017,1408.3941010330072
0.0,16.099999999999998,0.607,0.0,105.49870224651292,2266.8211513967817
0.0,16.099999999999998,0.806,0.0,151.66629441418252,3247.8709882819844
0.0,16.099999999999998,1.0050000000000001,0.0,196.67389682889555,4204.271331778111
0.0,16.099999999999998,1.2040000000000002,0.0,252.16066178732618,5383.351269801738
0.0,16.099999999999998,1.4030000000000002,0.0,306.28745701638354,6533.532189736552
0.0,16.099999999999998,1.6020000000000003,0.0,360.4142522454408,7683.713109671364
0.0,16.099999999999998,1.8010000000000004,0.0,414.5410474744981,8833.894029606176
0.0,16.099999999999998,2.0,0.0,468.6678427035553,9984.074949540985
0.0,18.4,0.01,0.0,2.1197905970151347,70.04502231521636
0.0,18.4,0.20900000000000002,0.0,44.30362347761631,966.4409663880218
0.0,18.4,0.40800000000000003,0.0,88.22256157867552,1899.7074643187575
0.0,18.4,0.607,0.0,142.56500412576312,3054.4708360611066
0.0,18.4,0.806,0.0,204.61267648971918,4372.96842265158
0.0,18.4,1.0050000000000001,0.0,265.1013621108622,5658.337929176964
0.0,18.4,1.2040000000000002,0.0,338.26822939365974,7213.115638885127
0.0,18.4,1.4030000000000002,0.0,409.6417911058005,8729.786051786716
0.0,18.4,1.6020000000000003,0.0,481.0153528179412,10246.456464688306
0.0,18.4,1.8010000000000004,0.0,552.3889145300819,11763.126877589893
0.0,18.4,2.0,0.0,623.7624762422224,13279.79729049148
0.0,20.7,0.01,0.0,2.7771033028602883,84.01275363007453
0.0,20.7,0.20900000000000002,0.0,58.04145902978003,1258.3665508685576
0.0,20.7,0.40800000000000003,0.0,115.34583195060195,2476.070205471321
0.0,20.7,0.607,0.0,185.93368894905714,3976.044588863688
0.0,20.7,0.806,0.0,266.4649233900107,5687.313266804133
0.0,20.7,1.0050000000000001,0.0,344.97275998068903,7355.58524429381
0.0,20.7,1.2040000000000002,0.0,438.3406902678348,9339.630512365173
0.0,20.7,1.4030000000000002,0.0,529.42019089108,11275.04721994459
0.0,20.7,1.6020000000000003,0.0,620.4996915143251,13210.463927524008
0.0,20.7,1.8010000000000004,0.0,711.5791921375702,15145.880635103425
0.0,20.7,2.0,0.0,802.6586927608151,17081.29734268284
2.3,0.0,0.01,0.029094999999999996,0.0,25.61826150474799
2.3,0.0,0.20900000000000002,0.029094999999999996,0.0,25.61826150474799
2.3,0.0,0.40800000000000003,0.029094999999999996,0.0,25.61826150474799
2.3,0.0,0.607,0.029094999999999996,0.0,25.61826150474799
2.3,0.0,0.806,0.029094999999999996,0.0,25.61826150474799
2.3,0.0,1.0050000000000001,0.029094999999999996,0.0,25.61826150474799
2.3,0.0,1.2040000000000002,0.029094999999999996,0.0,25.61826150474799
2.3,0.0,1.4030000000000002,0.029094999999999996,0.0,25.61826150474799
2.3,0.0,1.6020000000000003,0.029094999999999996,0.0,25.61826150474799
2.3,0.0,1.8010000000000004,0.029094999999999996,0.0,25.61826150474799
2.3,0.0,2.0,0.029094999999999996,0.0,25.61826150474799
2.3,2.3,0.01,0.029094999999999996,0.018005106569801307,26.00086553571528
2.3,2.3,0.20900000000000002,0.029094999999999996,0.3763067273088473,33.614685751964345
2.3,2.3,0.40800000000000003,0.029094999999999996,0.7767954178131018,42.12497069527808
2.3,2.3,0.607,0.029094999999999996,1.3117447804728062,53.492511438428714
2.3,2.3,0.806,0.029094999999999996,1.9317418244417717,66.66729423078338
2.3,2.3,1.0050000000000001,0.029094999999999996,2.536161053235637,79.51105232986279
2.3,2.3,1.2040000000000002,0.029094999999999996,3.5021135950168083,100.03730330070911
2.3,2.3,1.4030000000000002,0.029094999999999996,4.444390829401382,120.06045988501509
2.3,2.3,1.6020000000000003,0.029094999999999996,5.3866680637859545,140.08361646932104
2.3,2.3,1.8010000000000004,0.029094999999999996,6.328945298170527,160.106773053627
2.3,2.3,2.0,0.029094999999999996,7.2712225325550985,180.12992963793292
2.3,4.6,0.01,0.029094999999999996,0.08824595036871777,27.49346597503086
2.3,4.6,0.20900000000000002,0.029094999999999996,1.8443403627062014,64.81003493365989
2.3,4.6,0.40800000000000003,0.029094999999999996,3.761555915154382,105.55038799717127
2.3,4.6,0.607,0.029094999999999996,6.259223097865608,158.625193659406
2.3,4.6,0.806,0.029094999999999996,9.139242382315354,219.82488627006526
2.3,4.6,1.0050000000000001,0.029094999999999996,11.946899373185957,279.4868981618638
2.3,4.6,1.2040000000000002,0.029094999999999996,16.051696756401896,366.71282037642646
2.3,4.6,1.4030000000000002,0.029094999999999996,20.05588636061744,451.8008523406322
2.3,4.6,1.6020000000000003,0.029094999999999996,24.06007596483298,536.8888843048379
2.3,4.6,1.8010000000000004,0.029094999999999996,28.064265569048526,621.9769162690437
2.3,4.6,2.0,0.029094999999999996,32.068455173264056,707.0649482332492
2.3,6.8999999999999995,0.01,0.029094999999999996,0.22361136134674972,30.3699472495491
2.3,6.8999999999999995,0.20900000000000002,0.029094999999999996,4.67347745214707,124.92849357109121
2.3,6.8999999999999995,0.40800000000000003,0.029094999999999996,9.464907391215483,226.7451866119234
2.3,6.8999999999999995,0.607,0.029094999999999996,15.614958749611272,357.432246488851
2.3,6.8999999999999995,0.806,0.029094999999999996,22.685717030341596,507.68409919047156
2.3,6.8999999999999995,1.0050000000000001,0.029094999999999996,29.57881806783748,654.1607797136593
2.3,6.8999999999999995,1.2040000000000002,0.029094999999999996,39.12947132041271,857.1097830222503
2.3,6.8999999999999995,1.4030000000000002,0.029094999999999996,48.44603993444442,1055.08454605367
2.3,6.8999999999999995,1.6020000000000003,0.029094999999999996,57.76260854847614,1253.0593090850896
2.3,6.8999999999999995,1.8010000000000004,0.029094999999999996,67.07917716250786,1451.0340721165094
2.3,6.8999999999999995,2.0,0.029094999999999996,76.39574577653954,1649.0088351479283
2.3,9.2,0.01,0.029094999999999996,0.4325077291983025,34.808943046912596
2.3,9.2,0.20900000000000002,0.029094999999999996,9.039411540244524,217.70350573598827
2.3,9.2,0.40800000000000003,0.029094999999999996,18.216228378474298,412.7085783326765
2.3,9.2,0.607,0.029094999999999996,29.87044520168079,660.3577836866892
2.3,9.2,0.806,0.029094999999999996,43.24187673892824,944.4973740923725
2.3,9.2,1.0050000000000001,0.029094999999999996,56.277342659661926,1221.4977788094704
2.3,9.2,1.2040000000000002,0.029094999999999996,73.64895649918681,1590.6402470110752
2.3,9.2,1.4030000000000002,0.029094999999999996,90.59479548970371,1950.7351056979342
2.3,9.2,1.6020000000000003,0.029094999999999996,107.54063448022065,2310.8299643847936
2.3,9.2,1.8010000000000004,0.029094999999999996,124.48647347073755,2670.9248230716526
2.3,9.2,2.0,0.029094999999999996,141.4323124612544,3031.019681758511
2.3,11.5,0.01,0.029094999999999996,0.7214737649766363,40.949399348729905
2.3,11.5,0.20900000000000002,0.029094999999999996,15.078801688011701,346.03904244397
2.3,11.5,0.40800000000000003,0.029094999999999996,30.270173746997628,668.8519157340621
2.3,11.5,0.607,0.029094999999999996,49.40282482439319,1075.4159867060112
2.3,11.5,0.806,0.029094999999999996,71.31999728767367,1541.1504437250533
2.3,11.5,1.0050000000000001,0.029094999999999996,92.68648702574608,1995.1830299647218
2.3,11.5,1.2040000000000002,0.029094999999999996,120.29976090936312,2581.958223719782
2.3,11.5,1.4030000000000002,0.029094999999999996,147.23623886446012,3154.351672529865
2.3,11.5,1.6020000000000003,0.029094999999999996,174.17271681955714,3726.7451213399486
2.3,11.5,1.8010000000000004,0.029094999999999996,201.10919477465413,4299.138570150031
2.3,11.5,2.0,0.029094999999999996,228.0456727297511,4871.532018960113
2.3,13.799999999999999,0.01,0.029094999999999996,1.0959555845330633,48.90704476064681
2.3,13.799999999999999,0.20900000000000002,0.029094999999999996,22.905471716741026,512.3538315530334
2.3,13.799999999999999,0.40800000000000003,0.029094999999999996,45.83792907686819,999.6628398032951
2.3,13.799999999999999,0.607,0.029094999999999996,74.52317724549647,1609.217220171251
2.3,13.799999999999999,0.806,0.029094999999999996,107.34121039542171,2306.5922522435058
2.3,13.799999999999999,1.0050000000000001,0.029094999999999996,139.3346698481126,2986.4452985853004
2.3,13.799999999999999,1.2040000000000002,0.029094999999999996,179.64413237642526,3843.0113394286527
2.3,13.799999999999999,1.4030000000000002,0.029094999999999996,218.96561788198508,4678.583114565059
2.3,13.799999999999999,1.6020000000000003,0.029094999999999996,258.2871033875449,5514.154889701466
2.3,13.799999999999999,1.8010000000000004,0.029094999999999996,297.6085888931048,6349.726664837874
2.3,13.799999999999999,2.0,0.029094999999999996,336.93007439866454,7185.298439974277
2.3,16.099999999999998,0.01,0.029094999999999996,1.5606669723025917,58.782046028078184
2.3,16.099999999999998,0.20900000000000002,0.029094999999999996,32.617939721124166,718.741358042349
2.3,16.099999999999998,0.40800000000000003,0.029094999999999996,65.10166177330017,1409.012362537755
2.3,16.099999999999998,0.607,0.029094999999999996,105.49870224651292,2267.43941290153
2.3,16.099999999999998,0.806,0.029094999999999996,151.66629441418252,3248.4892497867327
2.3,16.099999999999998,1.0050000000000001,0.029094999999999996,196.67389682889555,4204.889593282859
2.3,16.099999999999998,1.2040000000000002,0.029094999999999996,252.16066178732618,5383.969531306487
2.3,16.099999999999998,1.4030000000000002,0.029094999999999996,306.28745701638354,6534.150451241299
2.3,16.099999999999998,1.6020000000000003,0.029094999999999996,360.4142522454408,7684.331371176111
2.3,16.099999999999998,1.8010000000000004,0.029094999999999996,414.5410474744981,8834.512291110923
2.3,16.099999999999998,2.0,0.029094999999999996,468.6678427035553,9984.693211045733
2.3,18.4,0.01,0.029094999999999996,2.1197905970151347,70.66328381996433
2.3,18.4,0.20900000000000002,0.029094999999999996,44.30362347761631,967.0592278927697
2.3,18.4,0.40800000000000003,0.029094999999999996,88.22256157867552,1900.3257258235053
2.3,18.4,0.607,0.029094999999999996,142.56500412576312,3055.089097565855
2.3,18.4,0.806,0.029094999999999996,204.61267648971918,4373.586684156328
2.3,18.4,1.0050000000000001,0.029094999999999996,265.1013621108622,5658.956190681712
2.3,18.4,1.2040000000000002,0.029094999999999996,338.26822939365974,7213.733900389874
2.3,18.4,1.4030000000000002,0.029094999999999996,409.6417911058005,8730.404313291463
2.3,18.4,1.6020000000000003,0.029094999999999996,481.0153528179412,10247.074726193054
2.3,18.4,1.8010000000000004,0.029094999999999996,552.3889145300819,11763.74513909464
2.3,18.4,2.0,0.029094999999999996,623.7624762422224,13280.415551996228
2.3,20.7,0.01,0.029094999999999996,2.7771033028602883,84.63101513482252
2.3,20.7,0.20900000000000002,0.029094999999999996,58.04145902978003,1258.9848123733057
2.3,20.7,0.40800000000000003,0.029094999999999996,115.34583195060195,2476.688466976069
2.3,20.7,0.607,0.029094999999999996,185.93368894905714,3976.6628503684365
2.3,20.7,0.806,0.029094999999999996,266.4649233900107,5687.93152830888
2.3,20.7,1.0050000000000001,0.029094999999999996,344.97275998068903,7356.203505798558
2.3,20.7,1.2040000000000002,0.029094999999999996,438.3406902678348,9340.24877386992
2.3,20.7,1.4030000000000002,0.029094999999999996,529.42019089108,11275.665481449338
2.3,20.7,1.6020000000000003,0.029094999999999996,620.4996915143251,13211.082189028755
2.3,20.7,1.8010000000000004,0.029094999999999996,711.5791921375702,15146.498896608173
2.3,20.7,2.0,0.029094999999999996,802.6586927608151,17081.915604187587
4.6,0.0,0.01,0.11637999999999998,0.0,27.473046018991965
4.6,0.0,0.20900000000000002,0.11637999999999998,0.0,27.473046018991965
4.6,0.0,0.40800000000000003,0.11637999999999998,0.0,27.473046018991965
4.6,0.0,0.607,0.11637999999999998,0.0,27.473046018991965
4.6,0.0,0.806,0.11637999999999998,0.0,27.473046018991965
4.6,0.0,1.0050000000000001,0.11637999999999998,0.0,27.473046018991965
4.6,0.0,1.2040000000000002,0.11637999999999998,0.0,27.473046018991965
4.6,0.0,1.4030000000000002,0.11637999999999998,0.0,27.473046018991965
4.6,0.0,1.6020000000000003,0.11637999999999998,0.0,27.473046018991965
4.6,0.0,1.8010000000000004,0.11637999999999998,0.0,27.473046018991965
4.6,0.0,2.0,0.11637999999999998,0.0,27.473046018991965
4.6,2.3,0.01,0.11637999999999998,0.018005106569801307,27.855650049959255
4.6,2.3,0.20900000000000002,0.11637999999999998,0.3763067273088473,35.469470266208326
4.6,2.3,0.40800000000000003,0.11637999999999998,0.7767954178131018,43.979755209522054
4.6,2.3,0.607,0.11637999999999998,1.3117447804728062,55.34729595267268
4.6,2.3,0.806,0.11637999999999998,1.9317418244417717,68.52207874502736
4.6,2.3,1.0050000000000001,0.11637999999999998,2.536161053235637,81.36583684410678
4.6,2.3,1.2040000000000002,0.11637999999999998,3.5021135950168083,101.8920878149531
4.6,2.3,1.4030000000000002,0.11637999999999998,4.444390829401382,121.91524439925907
4.6,2.3,1.6020000000000003,0.11637999999999998,5.3866680637859545,141.93840098356503
4.6,2.3,1.8010000000000004,0.11637999999999998,6.328945298170527,161.96155756787095
4.6,2.3,2.0,0.11637999999999998,7.2712225325550985,181.98471415217688
4.6,4.6,0.01,0.11637999999999998,0.08824595036871777,29.348250489274832
4.6,4.6,0.20900000000000002,0.11637999999999998,1.8443403627062014,66.66481944790388
4.6,4.6,0.40800000000000003,0.11637999999999998,3.761555915154382,107.40517251141526
4.6,4.6,0.607,0.11637999999999998,6.259223097865608,160.47997817364995
4.6,4.6,0.806,0.11637999999999998,9.139242382315354,221.67967078430922
4.6,4.6,1.0050000000000001,0.11637999999999998,11.946899373185957,281.3416826761077
4.6,4.6,1.2040000000000002,0.11637999999999998,16.051696756401896,368.56760489067045
4.6,4.6,1.4030000000000002,0.11637999999999998,20.05588636061744,453.6556368548762
4.6,4.6,1.6020000000000003,0.11637999999999998,24.06007596483298,538.7436688190819
4.6,4.6,1.8010000000000004,0.11637999999999998,28.064265569048526,623.8317007832877
4.6,4.6,2.0,0.11637999999999998,32.068455173264056,708.9197327474931
4.6,6.8999999999999995,0.01,0.11637999999999998,0.22361136134674972,32.22473176379307
4.6,6.8999999999999995,0.20900000000000002,0.11637999999999998,4.67347745214707,126.78327808533518
4.6,6.8999999999999995,0.40800000000000003,0.11637999999999998,9.464907391215483,228.5999711261674
4.6,6.8999999999999995,0.607,0.11637999999999998,15.614958749611272,359.28703100309497
4.6,6.8999999999999995,0.806,0.11637999999999998,22.685717030341596,509.5388837047155
4.6,6.8999999999999995,1.0050000000000001,0.11637999999999998,29.57881806783748,656.0155642279032
4.6,6.8999999999999995,1.2040000000000002,0.11637999999999998,39.12947132041271,858.9645675364942
4.6,6.8999999999999995,1.4030000000000002,0.11637999999999998,48.44603993444442,1056.9393305679139
4.6,6.8999999999999995,1.6020000000000003,0.11637999999999998,57.76260854847614,1254.9140935993335
4.6,6.8999999999999995,1.8010000000000004,0.11637999999999998,67.07917716250786,1452.8888566307535
4.6,6.8999999999999995,2.0,0.11637999999999998,76.39574577653954,1650.8636196621724
4.6,9.2,0.01,0.11637999999999998,0.4325077291983025,36.66372756115657
4.6,9.2,0.20900000000000002,0.11637999999999998,9.039411540244524,219.55829025023226
4.6,9.2,0.40800000000000003,0.11637999999999998,18.216228378474298,414.5633628469205
4.6,9.2,0.607,0.11637999999999998,29.87044520168079,662.2125682009332
4.6,9.2,0.806,0.11637999999999998,43.24187673892824,946.3521586066165
4.6,9.2,1.0050000000000001,0.11637999999999998,56.277342659661926,1223.3525633237143
4.6,9.2,1.2040000000000002,0.11637999999999998,73.64895649918681,1592.495031525319
4.6,9.2,1.4030000000000002,0.11637999999999998,90.59479548970371,1952.589890212178
4.6,9.2,1.6020000000000003,0.11637999999999998,107.54063448022065,2312.6847488990375
4.6,9.2,1.8010000000000004,0.11637999999999998,124.48647347073755,2672.7796075858964
4.6,9.2,2.0,0.11637999999999998,141.4323124612544,3032.874466272755
4.6,11.5,0.01,0.11637999999999998,0.7214737649766363,42.80418386297387
4.6,11.5,0.20900000000000002,0.11637999999999998,15.078801688011701,347.893826958214
4.6,11.5,0.40800000000000003,0.11637999999999998,30.270173746997628,670.7067002483061
4.6,11.5,0.607,0.11637999999999998,49.40282482439319,1077.270771220255
4.6,11.5,0.806,0.11637999999999998,71.31999728767367,1543.0052282392971
4.6,11.5,1.0050000000000001,0.11637999999999998,92.68648702574608,1997.0378144789656
4.6,11.5,1.2040000000000002,0.11637999999999998,120.29976090936312,2583.8130082340263
4.6,11.5,1.4030000000000002,0.11637999999999998,147.23623886446012,3156.2064570441094
4.6,11.5,1.6020000000000003,0.11637999999999998,174.17271681955714,3728.5999058541925
4.6,11.5,1.8010000000000004,0.11637999999999998,201.10919477465413,4300.993354664276
4.6,11.5,2.0,0.11637999999999998,228.0456727297511,4873.386803474358
4.6,13.799999999999999,0.01,0.11637999999999998,1.0959555845330633,50.76182927489078
4.6,13.799999999999999,0.20900000000000002,0.11637999999999998,22.905471716741026,514.2086160672773
4.6,13.799999999999999,0.40800000000000003,0.11637999999999998,45.83792907686819,1001.517624317539
4.6,13.799999999999999,0.607,0.11637999999999998,74.52317724549647,1611.0720046854951
4.6,13.799999999999999,0.806,0.11637999999999998,107.34121039542171,2308.4470367577496
4.6,13.799999999999999,1.0050000000000001,0.11637999999999998,139.3346698481126,2988.3000830995447
4.6,13.799999999999999,1.2040000000000002,0.11637999999999998,179.64413237642526,3844.866123942897
4.6,13.799999999999999,1.4030000000000002,0.11637999999999998,218.96561788198508,4680.437899079304
4.6,13.799999999999999,1.6020000000000003,0.11637999999999998,258.2871033875449,5516.00967421571
4.6,13.799999999999999,1.8010000000000004,0.11637999999999998,297.6085888931048,6351.5814493521175
4.6,13.799999999999999,2.0,0.11637999999999998,336.93007439866454,7187.153224488522
4.6,16.099999999999998,0.01,0.11637999999999998,1.5606669723025917,60.63683054232215
4.6,16.099999999999998,0.20900000000000002,0.11637999999999998,32.617939721124166,720.596142556593
4.6,16.099999999999998,0.40800000000000003,0.11637999999999998,65.10166177330017,1410.8671470519992
4.6,16.099999999999998,0.607,0.11637999999999998,105.49870224651292,2269.294197415774
4.6,16.099999999999998,0.806,0.11637999999999998,151.66629441418252,3250.3440343009765
4.6,16.099999999999998,1.0050000000000001,0.11637999999999998,196.67389682889555,4206.744377797103
4.6,16.099999999999998,1.2040000000000002,0.11637999999999998,252.16066178732618,5385.824315820731
4.6,16.099999999999998,1.4030000000000002,0.11637999999999998,306.28745701638354,6536.005235755544
4.6,16.099999999999998,1.6020000000000003,0.11637999999999998,360.4142522454408,7686.186155690356
4.6,16.099999999999998,1.8010000000000004,0.11637999999999998,414.5410474744981,8836.367075625167
4.6,16.099999999999998,2.0,0.11637999999999998,468.6678427035553,9986.547995559977
4.6,18.4,0.01,0.11637999999999998,2.1197905970151347,72.51806833420832
4.6,18.4,0.20900000000000002,0.11637999999999998,44.30362347761631,968.9140124070137
4.6,18.4,0.40800000000000003,0.11637999999999998,88.22256157867552,1902.1805103377494
4.6,18.4,0.607,0.11637999999999998,142.56500412576312,3056.943882080099
4.6,18.4,0.806,0.11637999999999998,204.61267648971918,4375.441468670572
4.6,18.4,1.0050000000000001,0.11637999999999998,265.1013621108622,5660.810975195956
4.6,18.4,1.2040000000000002,0.11637999999999998,338.26822939365974,7215.588684904119
4.6,18.4,1.4030000000000002,0.11637999999999998,409.6417911058005,8732.259097805709
4.6,18.4,1.6020000000000003,0.11637999999999998,481.0153528179412,10248.929510707298
4.6,18.4,1.8010000000000004,0.11637999999999998,552.3889145300819,11765.599923608886
4.6,18.4,2.0,0.11637999999999998,623.7624762422224,13282.270336510472
4.6,20.7,0.01,0.11637999999999998,2.7771033028602883,86.4857996490665
4.6,20.7,0.20900000000000002,0.11637999999999998,58.04145902978003,1260.8395968875495
4.6,20.7,0.40800000000000003,0.11637999999999998,115.34583195060195,2478.543251490313
4.6,20.7,0.607,0.11637999999999998,185.93368894905714,3978.5176348826803
4.6,20.7,0.806,0.11637999999999998,266.4649233900107,5689.786312823125
4.6,20.7,1.0050000000000001,0.11637999999999998,344.97275998068903,7358.0582903128025
4.6,20.7,1.2040000000000002,0.11637999999999998,438.3406902678348,9342.103558384166
4.6,20.7,1.4030000000000002,0.11637999999999998,529.42019089108,11277.520265963583
4.6,20.7,1.6020000000000003,0.11637999999999998,620.4996915143251,13212.936973543
4.6,20.7,1.8010000000000004,0.11637999999999998,711.5791921375702,15148.353681122417
4.6,20.7,2.0,0.11637999999999998,802.6586927608151,17083.77038870183
6.8999999999999995,0.0,0.01,0.26185499999999995,0.0,30.564353542731922
6.8999999999999995,0.0,0.20900000000000002,0.26185499999999995,0.0,30.564353542731922
6.8999999999999995,0.0,0.40800000000000003,0.26185499999999995,0.0,30.564353542731922
6.8999999999999995,0.0,0.607,0.26185499999999995,0.0,30.564353542731922
6.8999999999999995,0.0,0.806,0.26185499999999995,0.0,30.564353542731922
6.8999999999999995,0.0,1.0050000000000001,0.26185499999999995,0.0,30.564353542731922
6.8999999999999995,0.0,1.2040000000000002,0.26185499999999995,0.0,30.564353542731922
6.8999999999999995,0.0,1.4030000000000002,0.26185499999999995,0.0,30.564353542731922
6.8999999999999995,0.0,1.6020000000000003,0.26185499999999995,0.0,30.564353542731922
6.8999999999999995,0.0,1.8010000000000004,0.26185499999999995,0.0,30.564353542731922
6.8999999999999995,0.0,2.0,0.26185499999999995,0.0,30.564353542731922
6.8999999999999995,2.3,0.01,0.26185499999999995,0.018005106569801307,30.94695757369921
6.8999999999999995,2.3,0.20900000000000002,0.26185499999999995,0.3763067273088473,38.560777789948276
6.8999999999999995,2.3,0.40800000000000003,0.26185499999999995,0.7767954178131018,47.07106273326201
6.8999999999999995,2.3,0.607,0.26185499999999995,1.3117447804728062,58.438603476412645
6.8999999999999995,2.3,0.806,0.26185499999999995,1.9317418244417717,71.61338626876731
6.8999999999999995,2.3,1.0050000000000001,0.26185499999999995,2.536161053235637,84.45714436784672
6.8999999999999995,2.3,1.2040000000000002,0.26185499999999995,3.5021135950168083,104.98339533869306
6.8999999999999995,2.3,1.4030000000000002,0.26185499999999995,4.444390829401382,125.00655192299901
6.8999999999999995,2.3,1.6020000000000003,0.26185499999999995,5.3866680637859545,145.02970850730497
6.8999999999999995,2.3,1.8010000000000004,0.26185499999999995,6.328945298170527,165.0528650916109
6.8999999999999995,2.3,2.0,0.26185499999999995,7.2712225325550985,185.07602167591682
6.8999999999999995,4.6,0.01,0.26185499999999995,0.08824595036871777,32.43955801301479
6.8999999999999995,4.6,0.20900000000000002,0.26185499999999995,1.8443403627062014,69.75612697164382
6.8999999999999995,4.6,0.40800000000000003,0.26185499999999995,3.761555915154382,110.49648003515522
6.8999999999999995,4.6,0.607,0.26185499999999995,6.259223097865608,163.5712856973899
6.8999999999999995,4.6,0.806,0.26185499999999995,9.139242382315354,224.7709783080492
6.8999999999999995,4.6,1.0050000000000001,0.26185499999999995,11.946899373185957,284.43299019984767
6.8999999999999995,4.6,1.2040000000000002,0.26185499999999995,16.051696756401896,371.6589124144104
6.8999999999999995,4.6,1.4030000000000002,0.26185499999999995,20.05588636061744,456.74694437861615
6.8999999999999995,4.6,1.6020000000000003,0.26185499999999995,24.06007596483298,541.8349763428218
6.8999999999999995,4.6,1.8010000000000004,0.26185499999999995,28.064265569048526,626.9230083070275
6.8999999999999995,4.6,2.0,0.26185499999999995,32.068455173264056,712.011040271233
6.8999999999999995,6.8999999999999995,0.01,0.26185499999999995,0.22361136134674972,35.31603928753303
6.8999999999999995,6.8999999999999995,0.20900000000000002,0.26185499999999995,4.67347745214707,129.87458560907513
6.8999999999999995,6.8999999999999995,0.40800000000000003,0.26185499999999995,9.464907391215483,231.69127864990733
6.8999999999999995,6.8999999999999995,0.607,0.26185499999999995,15.614958749611272,362.3783385268349
6.8999999999999995,6.8999999999999995,0.806,0.26185499999999995,22.685717030341596,512.6301912284555
6.8999999999999995,6.8999999999999995,1.0050000000000001,0.26185499999999995,29.57881806783748,659.1068717516431
6.8999999999999995,6.8999999999999995,1.2040000000000002,0.26185499999999995,39.12947132041271,862.0558750602344
6.8999999999999995,6.8999999999999995,1.4030000000000002,0.26185499999999995,48.44603993444442,1060.030638091654
6.8999999999999995,6.8999999999999995,1.6020000000000003,0.26185499999999995,57.76260854847614,1258.0054011230736
6.8999999999999995,6.8999999999999995,1.8010000000000004,0.26185499999999995,67.07917716250786,1455.9801641544932
6.8999999999999995,6.8999999999999995,2.0,0.26185499999999995,76.39574577653954,1653.954927185912
6.8999999999999995,9.2,0.01,0.26185499999999995,0.4325077291983025,39.75503508489653
6.8999999999999995,9.2,0.20900000000000002,0.26185499999999995,9.039411540244524,222.6495977739722
6.8999999999999995,9.2,0.40800000000000003,0.26185499999999995,18.216228378474298,417.6546703706604
6.8999999999999995,9.2,0.607,0.26185499999999995,29.87044520168079,665.3038757246732
6.8999999999999995,9.2,0.806,0.26185499999999995,43.24187673892824,949.4434661303566
6.8999999999999995,9.2,1.0050000000000001,0.26185499999999995,56.277342659661926,1226.4438708474545
6.8999999999999995,9.2,1.2040000000000002,0.26185499999999995,73.64895649918681,1595.586339049059
6.8999999999999995,9.2,1.4030000000000002,0.26185499999999995,90.59479548970371,1955.681197735918
6.8999999999999995,9.2,1.6020000000000003,0.26185499999999995,107.54063448022065,2315.7760564227774
6.8999999999999995,9.2,1.8010000000000004,0.26185499999999995,124.48647347073755,2675.8709151096364
6.8999999999999995,9.2,2.0,0.26185499999999995,141.4323124612544,3035.965773796495
6.8999999999999995,11.5,0.01,0.26185499999999995,0.7214737649766363,45.89549138671383
6.8999999999999995,11.5,0.20900000000000002,0.26185499999999995,15.078801688011701,350.98513448195393
6.8999999999999995,11.5,0.40800000000000003,0.26185499999999995,30.270173746997628,673.798007772046
6.8999999999999995,11.5,0.607,0.26185499999999995,49.40282482439319,1080.3620787439952
6.8999999999999995,11.5,0.806,0.26185499999999995,71.31999728767367,1546.096535763037
6.8999999999999995,11.5,1.0050000000000001,0.26185499999999995,92.68648702574608,2000.1291220027056
6.8999999999999995,11.5,1.2040000000000002,0.26185499999999995,120.29976090936312,2586.9043157577657
6.8999999999999995,11.5,1.4030000000000002,0.26185499999999995,147.23623886446012,3159.2977645678493
6.8999999999999995,11.5,1.6020000000000003,0.26185499999999995,174.17271681955714,3731.6912133779324
6.8999999999999995,11.5,1.8010000000000004,0.26185499999999995,201.10919477465413,4304.0846621880155
6.8999999999999995,11.5,2.0,0.26185499999999995,228.0456727297511,4876.478110998098
6.8999999999999995,13.799999999999999,0.01,0.26185499999999995,1.0959555845330633,53.853136798630736
6.8999999999999995,13.799999999999999,0.20900000000000002,0.26185499999999995,22.905471716741026,517.2999235910172
6.8999999999999995,13.799999999999999,0.40800000000000003,0.26185499999999995,45.83792907686819,1004.6089318412791
6.8999999999999995,13.799999999999999,0.607,0.26185499999999995,74.52317724549647,1614.1633122092348
6.8999999999999995,13.799999999999999,0.806,0.26185499999999995,107.34121039542171,2311.5383442814896
6.8999999999999995,13.799999999999999,1.0050000000000001,0.26185499999999995,139.3346698481126,2991.3913906232847
6.8999999999999995,13.799999999999999,1.2040000000000002,0.26185499999999995,179.64413237642526,3847.957431466637
6.8999999999999995,13.799999999999999,1.4030000000000002,0.26185499999999995,218.96561788198508,4683.529206603043
6.8999999999999995,13.799999999999999,1.6020000000000003,0.26185499999999995,258.2871033875449,5519.10098173945
6.8999999999999995,13.799999999999999,1.8010000000000004,0.26185499999999995,297.6085888931048,6354.672756875857
6.8999999999999995,13.799999999999999,2.0,0.26185499999999995,336.93007439866454,7190.2445320122615
6.8999999999999995,16.099999999999998,0.01,0.26185499999999995,1.5606669723025917,63.72813806606211
6.8999999999999995,16.099999999999998,0.20900000000000002,0.26185499999999995,32.617939721124166,723.687450080333
6.8999999999999995,16.099999999999998,0.40800000000000003,0.26185499999999995,65.10166177330017,1413.958454575739
6.8999999999999995,16.099999999999998,0.607,0.26185499999999995,105.49870224651292,2272.385504939514
6.8999999999999995,16.099999999999998,0.806,0.26185499999999995,151.66629441418252,3253.4353418247165
6.8999999999999995,16.099999999999998,1.0050000000000001,0.26185499999999995,196.67389682889555,4209.835685320843
6.8999999999999995,16.099999999999998,1.2040000000000002,0.26185499999999995,252.16066178732618,5388.915623344471
6.8999999999999995,16.099999999999998,1.4030000000000002,0.26185499999999995,306.28745701638354,6539.096543279284
6.8999999999999995,16.099999999999998,1.6020000000000003,0.26185499999999995,360.4142522454408,7689.277463214095
6.8999999999999995,16.099999999999998,1.8010000000000004,0.26185499999999995,414.5410474744981,8839.458383148907
6.8999999999999995,16.099999999999998,2.0,0.26185499999999995,468.6678427035553,9989.639303083717
6.8999999999999995,18.4,0.01,0.26185499999999995,2.1197905970151347,75.60937585794828
6.8999999999999995,18.4,0.20900000000000002,0.26185499999999995,44.30362347761631,972.0053199307538
6.8999999999999995,18.4,0.40800000000000003,0.26185499999999995,88.22256157867552,1905.2718178614891
6.8999999999999995,18.4,0.607,0.26185499999999995,142.56500412576312,3060.0351896038387
6.8999999999999995,18.4,0.806,0.26185499999999995,204.61267648971918,4378.532776194312
6.8999999999999995,18.4,1.0050000000000001,0.26185499999999995,265.1013621108622,5663.902282719696
6.8999999999999995,18.4,1.2040000000000002,0.26185499999999995,338.26822939365974,7218.6799924278575
6.8999999999999995,18.4,1.4030000000000002,0.26185499999999995,409.6417911058005,8735.350405329447
6.8999999999999995,18.4,1.6020000000000003,0.26185499999999995,481.0153528179412,10252.020818231038
6.8999999999999995,18.4,1.8010000000000004,0.26185499999999995,552.3889145300819,11768.691231132625
6.8999999999999995,18.4,2.0,0.26185499999999995,623.7624762422224,13285.361644034212
6.8999999999999995,20.7,0.01,0.26185499999999995,2.7771033028602883,89.57710717280645
6.8999999999999995,20.7,0.20900000000000002,0.26185499999999995,58.04145902978003,1263.9309044112897
6.8999999999999995,20.7,0.40800000000000003,0.26185499999999995,115.34583195060195,2481.6345590140527
6.8999999999999995,20.7,0.607,0.26185499999999995,185.93368894905714,3981.6089424064207
6.8999999999999995,20.7,0.806,0.26185499999999995,266.4649233900107,5692.877620346864
6.8999999999999995,20.7,1.0050000000000001,0.26185499999999995,344.97275998068903,7361.149597836542
6.8999999999999995,20.7,1.2040000000000002,0.26185499999999995,438.3406902678348,9345.194865907904
6.8999999999999995,20.7,1.4030000000000002,0.26185499999999995,529.42019089108,11280.611573487322
6.8999999999999995,20.7,1.6020000000000003,0.26185499999999995,620.4996915143251,13216.02828106674
6.8999999999999995,20.7,1.8010000000000004,0.26185499999999995,711.5791921375702,15151.444988646157
6.8999999999999995,20.7,2.0,0.26185499999999995,802.6586927608151,17086.86169622557
9.2,0.0,0.01,0.46551999999999993,0.0,34.89218407596786
9.2,0.0,0.20900000000000002,0.46551999999999993,0.0,34.89218407596786
9.2,0.0,0.40800000000000003,0.46551999999999993,0.0,34.89218407596786
9.2,0.0,0.607,0.46551999999999993,0.0,34.89218407596786
9.2,0.0,0.806,0.46551999999999993,0.0,34.89218407596786
9.2,0.0,1.0050000000000001,0.46551999999999993,0.0,34.89218407596786
9.2,0.0,1.2040000000000002,0.46551999999999993,0.0,34.89218407596786
9.2,0.0,1.4030000000000002,0.46551999999999993,0.0,34.89218407596786
9.2,0.0,1.6020000000000003,0.46551999999999993,0.0,34.89218407596786
9.2,0.0,1.8010000000000004,0.46551999999999993,0.0,34.89218407596786
9.2,0.0,2.0,0.46551999999999993,0.0,34.89218407596786
9.2,2.3,0.01,0.46551999999999993,0.018005106569801307,35.27478810693515
9.2,2.3,0.20900000000000002,0.46551999999999993,0.3763067273088473,42.888608323184215
9.2,2.3,0.40800000000000003,0.46551999999999993,0.7767954178131018,51.39889326649795
9.2,2.3,0.607,0.46551999999999993,1.3117447804728062,62.766434009648584
9.2,2.3,0.806,0.46551999999999993,1.9317418244417717,75.94121680200325
9.2,2.3,1.0050000000000001,0.46551999999999993,2.536161053235637,88.78497490108268
9.2,2.3,1.2040000000000002,0.46551999999999993,3.5021135950168083,109.31122587192898
9.2,2.3,1.4030000000000002,0.46551999999999993,4.444390829401382,129.33438245623495
9.2,2.3,1.6020000000000003,0.46551999999999993,5.3866680637859545,149.3575390405409
9.2,2.3,1.8010000000000004,0.46551999999999993,6.328945298170527,169.38069562484685
9.2,2.3,2.0,0.46551999999999993,7.2712225325550985,189.40385220915277
9.2,4.6,0.01,0.46551999999999993,0.08824595036871777,36.76738854625072
9.2,4.6,0.20900000000000002,0.46551999999999993,1.8443403627062014,74.08395750487976
9.2,4.6,0.40800000000000003,0.46551999999999993,3.761555915154382,114.82431056839114
9.2,4.6,0.607,0.46551999999999993,6.259223097865608,167.89911623062582
9.2,4.6,0.806,0.46551999999999993,9.139242382315354,229.09880884128515
9.2,4.6,1.0050000000000001,0.46551999999999993,11.946899373185957,288.7608207330836
9.2,4.6,1.2040000000000002,0.46551999999999993,16.051696756401896,375.9867429476463
9.2,4.6,1.4030000000000002,0.46551999999999993,20.05588636061744,461.0747749118521
9.2,4.6,1.6020000000000003,0.46551999999999993,24.06007596483298,546.1628068760577
9.2,4.6,1.8010000000000004,0.46551999999999993,28.064265569048526,631.2508388402636
9.2,4.6,2.0,0.46551999999999993,32.068455173264056,716.338870804469
9.2,6.8999999999999995,0.01,0.46551999999999993,0.22361136134674972,39.64386982076897
9.2,6.8999999999999995,0.20900000000000002,0.46551999999999993,4.67347745214707,134.20241614231105
9.2,6.8999999999999995,0.40800000000000003,0.46551999999999993,9.464907391215483,236.01910918314329
9.2,6.8999999999999995,0.607,0.46551999999999993,15.614958749611272,366.70616906007086
9.2,6.8999999999999995,0.806,0.46551999999999993,22.685717030341596,516.9580217616914
9.2,6.8999999999999995,1.0050000000000001,0.46551999999999993,29.57881806783748,663.4347022848791
9.2,6.8999999999999995,1.2040000000000002,0.46551999999999993,39.12947132041271,866.3837055934702
9.2,6.8999999999999995,1.4030000000000002,0.46551999999999993,48.44603993444442,1064.3584686248898
9.2,6.8999999999999995,1.6020000000000003,0.46551999999999993,57.76260854847614,1262.3332316563094
9.2,6.8999999999999995,1.8010000000000004,0.46551999999999993,67.07917716250786,1460.3079946877292
9.2,6.8999999999999995,2.0,0.46551999999999993,76.39574577653954,1658.2827577191483
9.2,9.2,0.01,0.46551999999999993,0.4325077291983025,44.082865618132466
9.2,9.2,0.20900000000000002,0.46551999999999993,9.039411540244524,226.97742830720819
9.2,9.2,0.40800000000000003,0.46551999999999993,18.216228378474298,421.9825009038964
9.2,9.2,0.607,0.46551999999999993,29.87044520168079,669.6317062579092
9.2,9.2,0.806,0.46551999999999993,43.24187673892824,953.7712966635924
9.2,9.2,1.0050000000000001,0.46551999999999993,56.277342659661926,1230.7717013806903
9.2,9.2,1.2040000000000002,0.46551999999999993,73.64895649918681,1599.914169582295
9.2,9.2,1.4030000000000002,0.46551999999999993,90.59479548970371,1960.009028269154
9.2,9.2,1.6020000000000003,0.46551999999999993,107.54063448022065,2320.1038869560134
9.2,9.2,1.8010000000000004,0.46551999999999993,124.48647347073755,2680.1987456428724
9.2,9.2,2.0,0.46551999999999993,141.4323124612544,3040.2936043297304
9.2,11.5,0.01,0.46551999999999993,0.7214737649766363,50.22332191994977
9.2,11.5,0.20900000000000002,0.46551999999999993,15.078801688011701,355.3129650151899
9.2,11.5,0.40800000000000003,0.46551999999999993,30.270173746997628,678.125838305282
9.2,11.5,0.607,0.46551999999999993,49.40282482439319,1084.689909277231
9.2,11.5,0.806,0.46551999999999993,71.31999728767367,1550.424366296273
9.2,11.5,1.0050000000000001,0.46551999999999993,92.68648702574608,2004.4569525359416
9.2,11.5,1.2040000000000002,0.46551999999999993,120.29976090936312,2591.232146291002
9.2,11.5,1.4030000000000002,0.46551999999999993,147.23623886446012,3163.625595101085
9.2,11.5,1.6020000000000003,0.46551999999999993,174.17271681955714,3736.019043911168
9.2,11.5,1.8010000000000004,0.46551999999999993,201.10919477465413,4308.4124927212515
9.2,11.5,2.0,0.46551999999999993,228.0456727297511,4880.805941531334
9.2,13.799999999999999,0.01,0.46551999999999993,1.0959555845330633,58.180967331866675
9.2,13.799999999999999,0.20900000000000002,0.46551999999999993,22.905471716741026,521.6277541242532
9.2,13.799999999999999,0.40800000000000003,0.46551999999999993,45.83792907686819,1008.936762374515
9.2,13.799999999999999,0.607,0.46551999999999993,74.52317724549647,1618.491142742471
9.2,13.799999999999999,0.806,0.46551999999999993,107.34121039542171,2315.8661748147256
9.2,13.799999999999999,1.0050000000000001,0.46551999999999993,139.3346698481126,2995.7192211565202
9.2,13.799999999999999,1.2040000000000002,0.46551999999999993,179.64413237642526,3852.2852619998725
9.2,13.799999999999999,1.4030000000000002,0.46551999999999993,218.96561788198508,4687.857037136279
9.2,13.799999999999999,1.6020000000000003,0.46551999999999993,258.2871033875449,5523.428812272686
9.2,13.799999999999999,1.8010000000000004,0.46551999999999993,297.6085888931048,6359.000587409094
9.2,13.799999999999999,2.0,0.46551999999999993,336.93007439866454,7194.572362545498
9.2,16.099999999999998,0.01,0.46551999999999993,1.5606669723025917,68.05596859929804
9.2,16.099999999999998,0.20900000000000002,0.46551999999999993,32.617939721124166,728.0152806135688
9.2,16.099999999999998,0.40800000000000003,0.46551999999999993,65.10166177330017,1418.2862851089749
9.2,16.099999999999998,0.607,0.46551999999999993,105.49870224651292,2276.71333547275
9.2,16.099999999999998,0.806,0.46551999999999993,151.66629441418252,3257.763172357952
9.2,16.099999999999998,1.0050000000000001,0.46551999999999993,196.67389682889555,4214.1635158540785
9.2,16.099999999999998,1.2040000000000002,0.46551999999999993,252.16066178732618,5393.243453877706
9.2,16.099999999999998,1.4030000000000002,0.46551999999999993,306.28745701638354,6543.42437381252
9.2,16.099999999999998,1.6020000000000003,0.46551999999999993,360.4142522454408,7693.605293747332
9.2,16.099999999999998,1.8010000000000004,0.46551999999999993,414.5410474744981,8843.786213682144
9.2,16.099999999999998,2.0,0.46551999999999993,468.6678427035553,9993.967133616954
9.2,18.4,0.01,0.46551999999999993,2.1197905970151347,79.93720639118422
9.2,18.4,0.20900000000000002,0.46551999999999993,44.30362347761631,976.3331504639896
9.2,18.4,0.40800000000000003,0.46551999999999993,88.22256157867552,1909.5996483947254
9.2,18.4,0.607,0.46551999999999993,142.56500412576312,3064.3630201370743
9.2,18.4,0.806,0.46551999999999993,204.61267648971918,4382.860606727548
9.2,18.4,1.0050000000000001,0.46551999999999993,265.1013621108622,5668.230113252933
9.2,18.4,1.2040000000000002,0.46551999999999993,338.26822939365974,7223.0078229610945
9.2,18.4,1.4030000000000002,0.46551999999999993,409.6417911058005,8739.678235862684
9.2,18.4,1.6020000000000003,0.46551999999999993,481.0153528179412,10256.348648764273
9.2,18.4,1.8010000000000004,0.46551999999999993,552.3889145300819,11773.019061665862
9.2,18.4,2.0,0.46551999999999993,623.7624762422224,13289.689474567449
9.2,20.7,0.01,0.46551999999999993,2.7771033028602883,93.90493770604239
9.2,20.7,0.20900000000000002,0.46551999999999993,58.04145902978003,1268.2587349445255
9.2,20.7,0.40800000000000003,0.46551999999999993,115.34583195060195,2485.962389547289
9.2,20.7,0.607,0.46551999999999993,185.93368894905714,3985.936772939656
9.2,20.7,0.806,0.46551999999999993,266.4649233900107,5697.205450880101
9.2,20.7,1.0050000000000001,0.46551999999999993,344.97275998068903,7365.477428369779
9.2,20.7,1.2040000000000002,0.46551999999999993,438.3406902678348,9349.522696441141
9.2,20.7,1.4030000000000002,0.46551999999999993,529.42019089108,11284.939404020559
9.2,20.7,1.6020000000000003,0.46551999999999993,620.4996915143251,13220.356111599976
9.2,20.7,1.8010000000000004,0.46551999999999993,711.5791921375702,15155.772819179394
9.2,20.7,2.0,0.46551999999999993,802.6586927608151,17091.189526758804
11.5,0.0,0.01,0.727375,0.0,40.456537618699784
11.5,0.0,0.20900000000000002,0.727375,0.0,40.456537618699784
11.5,0.0,0.40800000000000003,0.727375,0.0,40.456537618699784
11.5,0.0,0.607,0.727375,0.0,40.456537618699784
11.5,0.0,0.806,0.727375,0.0,40.456537618699784
11.5,0.0,1.0050000000000001,0.727375,0.0,40.456537618699784
11.5,0.0,1.2040000000000002,0.727375,0.0,40.456537618699784
11.5,0.0,1.4030000000000002,0.727375,0.0,40.456537618699784
11.5,0.0,1.6020000000000003,0.727375,0.0,40.456537618699784
11.5,0.0,1.8010000000000004,0.727375,0.0,40.456537618699784
11.5,0.0,2.0,0.727375,0.0,40.456537618699784
11.5,2.3,0.01,0.727375,0.018005106569801307,40.83914164966707
11.5,2.3,0.20900000000000002,0.727375,0.3763067273088473,48.45296186591614
11.5,2.3,0.40800000000000003,0.727375,0.7767954178131018,56.963246809229865
11.5,2.3,0.607,0.727375,1.3117447804728062,68.33078755238051
11.5,2.3,0.806,0.727375,1.9317418244417717,81.50557034473518
11.5,2.3,1.0050000000000001,0.727375,2.536161053235637,94.34932844381458
11.5,2.3,1.2040000000000002,0.727375,3.5021135950168083,114.8755794146609
11.5,2.3,1.4030000000000002,0.727375,4.444390829401382,134.89873599896686
11.5,2.3,1.6020000000000003,0.727375,5.3866680637859545,154.92189258327284
11.5,2.3,1.8010000000000004,0.727375,6.328945298170527,174.94504916757876
11.5,2.3,2.0,0.727375,7.2712225325550985,194.9682057518847
11.5,4.6,0.01,0.727375,0.08824595036871777,42.33174208898265
11.5,4.6,0.20900000000000002,0.727375,1.8443403627062014,79.6483110476117
11.5,4.6,0.40800000000000003,0.727375,3.761555915154382,120.38866411112306
11.5,4.6,0.607,0.727375,6.259223097865608,173.46346977335776
11.5,4.6,0.806,0.727375,9.139242382315354,234.66316238401706
11.5,4.6,1.0050000000000001,0.727375,11.946899373185957,294.3251742758155
11.5,4.6,1.2040000000000002,0.727375,16.051696756401896,381.5510964903782
11.5,4.6,1.4030000000000002,0.727375,20.05588636061744,466.639128454584
11.5,4.6,1.6020000000000003,0.727375,24.06007596483298,551.7271604187897
11.5,4.6,1.8010000000000004,0.727375,28.064265569048526,636.8151923829954
11.5,4.6,2.0,0.727375,32.068455173264056,721.9032243472009
11.5,6.8999999999999995,0.01,0.727375,0.22361136134674972,45.20822336350089
11.5,6.8999999999999995,0.20900000000000002,0.727375,4.67347745214707,139.766769685043
11.5,6.8999999999999995,0.40800000000000003,0.727375,9.464907391215483,241.58346272587522
11.5,6.8999999999999995,0.607,0.727375,15.614958749611272,372.27052260280277
11.5,6.8999999999999995,0.806,0.727375,22.685717030341596,522.5223753044233
11.5,6.8999999999999995,1.0050000000000001,0.727375,29.57881806783748,668.999055827611
11.5,6.8999999999999995,1.2040000000000002,0.727375,39.12947132041271,871.9480591362021
11.5,6.8999999999999995,1.4030000000000002,0.727375,48.44603993444442,1069.9228221676217
11.5,6.8999999999999995,1.6020000000000003,0.727375,57.76260854847614,1267.8975851990413
11.5,6.8999999999999995,1.8010000000000004,0.727375,67.07917716250786,1465.872348230461
11.5,6.8999999999999995,2.0,0.727375,76.39574577653954,1663.8471112618802
11.5,9.2,0.01,0.727375,0.4325077291983025,49.64721916086439
11.5,9.2,0.20900000000000002,0.727375,9.039411540244524,232.5417818499401
11.5,9.2,0.40800000000000003,0.727375,18.216228378474298,427.5468544466283
11.5,9.2,0.607,0.727375,29.87044520168079,675.196059800641
11.5,9.2,0.806,0.727375,43.24187673892824,959.3356502063243
11.5,9.2,1.0050000000000001,0.727375,56.277342659661926,1236.3360549234224
11.5,9.2,1.2040000000000002,0.727375,73.64895649918681,1605.4785231250269
11.5,9.2,1.4030000000000002,0.727375,90.59479548970371,1965.5733818118858
11.5,9.2,1.6020000000000003,0.727375,107.54063448022065,2325.6682404987455
11.5,9.2,1.8010000000000004,0.727375,124.48647347073755,2685.7630991856045
11.5,9.2,2.0,0.727375,141.4323124612544,3045.8579578724625
11.5,11.5,0.01,0.727375,0.7214737649766363,55.78767546268169
11.5,11.5,0.20900000000000002,0.727375,15.078801688011701,360.8773185579218
11.5,11.5,0.40800000000000003,0.727375,30.270173746997628,683.6901918480139
11.5,11.5,0.607,0.727375,49.40282482439319,1090.254262819963
11.5,11.5,0.806,0.727375,71.31999728767367,1555.988719839005
11.5,11.5,1.0050000000000001,0.727375,92.68648702574608,2010.0213060786734
11.5,11.5,1.2040000000000002,0.727375,120.29976090936312,2596.796499833734
11.5,11.5,1.4030000000000002,0.727375,147.23623886446012,3169.189948643817
11.5,11.5,1.6020000000000003,0.727375,174.17271681955714,3741.5833974539
11.5,11.5,1.8010000000000004,0.727375,201.10919477465413,4313.976846263983
11.5,11.5,2.0,0.727375,228.0456727297511,4886.370295074065
11.5,13.799999999999999,0.01,0.727375,1.0959555845330633,63.7453208745986
11.5,13.799999999999999,0.20900000000000002,0.727375,22.905471716741026,527.1921076669851
11.5,13.799999999999999,0.40800000000000003,0.727375,45.83792907686819,1014.5011159172469
11.5,13.799999999999999,0.607,0.727375,74.52317724549647,1624.055496285203
11.5,13.799999999999999,0.806,0.727375,107.34121039542171,2321.430528357457
11.5,13.799999999999999,1.0050000000000001,0.727375,139.3346698481126,3001.2835746992523
11.5,13.799999999999999,1.2040000000000002,0.727375,179.64413237642526,3857.8496155426046
11.5,13.799999999999999,1.4030000000000002,0.727375,218.96561788198508,4693.421390679011
11.5,13.799999999999999,1.6020000000000003,0.727375,258.2871033875449,5528.993165815417
11.5,13.799999999999999,1.8010000000000004,0.727375,297.6085888931048,6364.5649409518255
11.5,13.799999999999999,2.0,0.727375,336.93007439866454,7200.13671608823
11.5,16.099999999999998,0.01,0.727375,1.5606669723025917,73.62032214202998
11.5,16.099999999999998,0.20900000000000002,0.727375,32.617939721124166,733.5796341563008
11.5,16.099999999999998,0.40800000000000003,0.727375,65.10166177330017,1423.8506386517072
11.5,16.099999999999998,0.607,0.727375,105.49870224651292,2282.2776890154814
11.5,16.099999999999998,0.806,0.727375,151.66629441418252,3263.327525900684
11.5,16.099999999999998,1.0050000000000001,0.727375,196.67389682889555,4219.727869396811
11.5,16.099999999999998,1.2040000000000002,0.727375,252.16066178732618,5398.807807420439
11.5,16.099999999999998,1.4030000000000002,0.727375,306.28745701638354,6548.988727355251
11.5,16.099999999999998,1.6020000000000003,0.727375,360.4142522454408,7699.169647290064
11.5,16.099999999999998,1.8010000000000004,0.727375,414.5410474744981,8849.350567224876
11.5,16.099999999999998,2.0,0.727375,468.6678427035553,9999.531487159686
11.5,18.4,0.01,0.727375,2.1197905970151347,85.50155993391613
11.5,18.4,0.20900000000000002,0.727375,44.30362347761631,981.8975040067215
11.5,18.4,0.40800000000000003,0.727375,88.22256157867552,1915.1640019374572
11.5,18.4,0.607,0.727375,142.56500412576312,3069.9273736798064
11.5,18.4,0.806,0.727375,204.61267648971918,4388.424960270279
11.5,18.4,1.0050000000000001,0.727375,265.1013621108622,5673.794466795664
11.5,18.4,1.2040000000000002,0.727375,338.26822939365974,7228.572176503826
11.5,18.4,1.4030000000000002,0.727375,409.6417911058005,8745.242589405416
11.5,18.4,1.6020000000000003,0.727375,481.0153528179412,10261.913002307005
11.5,18.4,1.8010000000000004,0.727375,552.3889145300819,11778.583415208594
11.5,18.4,2.0,0.727375,623.7624762422224,13295.253828110179
11.5,20.7,0.01,0.727375,2.7771033028602883,99.46929124877431
11.5,20.7,0.20900000000000002,0.727375,58.04145902978003,1273.8230884872576
11.5,20.7,0.40800000000000003,0.727375,115.34583195060195,2491.526743090021
11.5,20.7,0.607,0.727375,185.93368894905714,3991.5011264823884
11.5,20.7,0.806,0.727375,266.4649233900107,5702.769804422833
11.5,20.7,1.0050000000000001,0.727375,344.97275998068903,7371.0417819125105
11.5,20.7,1.2040000000000002,0.727375,438.3406902678348,9355.087049983873
11.5,20.7,1.4030000000000002,0.727375,529.42019089108,11290.50375756329
11.5,20.7,1.6020000000000003,0.727375,620.4996915143251,13225.920465142708
11.5,20.7,1.8010000000000004,0.727375,711.5791921375702,15161.337172722126
11.5,20.7,2.0,0.727375,802.6586927608151,17096.753880301538
13.799999999999999,0.0,0.01,1.0474199999999998,0.0,47.25741417092768
13.799999999999999,0.0,0.20900000000000002,1.0474199999999998,0.0,47.25741417092768
13.799999999999999,0.0,0.40800000000000003,1.0474199999999998,0.0,47.25741417092768
13.799999999999999,0.0,0.607,1.0474199999999998,0.0,47.25741417092768
13.799999999999999,0.0,0.806,1.0474199999999998,0.0,47.25741417092768
13.799999999999999,0.0,1.0050000000000001,1.0474199999999998,0.0,47.25741417092768
13.799999999999999,0.0,1.2040000000000002,1.0474199999999998,0.0,47.25741417092768
13.799999999999999,0.0,1.4030000000000002,1.0474199999999998,0.0,47.25741417092768
13.799999999999999,0.0,1.6020000000000003,1.0474199999999998,0.0,47.25741417092768
13.799999999999999,0.0,1.8010000000000004,1.0474199999999998,0.0,47.25741417092768
13.799999999999999,0.0,2.0,1.0474199999999998,0.0,47.25741417092768
13.799999999999999,2.3,0.01,1.0474199999999998,0.018005106569801307,47.640018201894975
13.799999999999999,2.3,0.20900000000000002,1.0474199999999998,0.3763067273088473,55.25383841814404
13.799999999999999,2.3,0.40800000000000003,1.0474199999999998,0.7767954178131018,63.76412336145777
13.799999999999999,2.3,0.607,1.0474199999999998,1.3117447804728062,75.1316641046084
13.799999999999999,2.3,0.806,1.0474199999999998,1.9317418244417717,88.30644689696307
13.799999999999999,2.3,1.0050000000000001,1.0474199999999998,2.536161053235637,101.15020499604249
13.799999999999999,2.3,1.2040000000000002,1.0474199999999998,3.5021135950168083,121.67645596688881
13.799999999999999,2.3,1.4030000000000002,1.0474199999999998,4.444390829401382,141.69961255119478
13.799999999999999,2.3,1.6020000000000003,1.0474199999999998,5.3866680637859545,161.72276913550073
13.799999999999999,2.3,1.8010000000000004,1.0474199999999998,6.328945298170527,181.74592571980668
13.799999999999999,2.3,2.0,1.0474199999999998,7.2712225325550985,201.7690823041126
13.799999999999999,4.6,0.01,1.0474199999999998,0.08824595036871777,49.13261864121055
13.799999999999999,4.6,0.20900000000000002,1.0474199999999998,1.8443403627062014,86.44918759983959
13.799999999999999,4.6,0.40800000000000003,1.0474199999999998,3.761555915154382,127.18954066335097
13.799999999999999,4.6,0.607,1.0474199999999998,6.259223097865608,180.26434632558568
13.799999999999999,4.6,0.806,1.0474199999999998,9.139242382315354,241.46403893624498
13.799999999999999,4.6,1.0050000000000001,1.0474199999999998,11.946899373185957,301.12605082804345
13.799999999999999,4.6,1.2040000000000002,1.0474199999999998,16.051696756401896,388.3519730426062
13.799999999999999,4.6,1.4030000000000002,1.0474199999999998,20.05588636061744,473.4400050068119
13.799999999999999,4.6,1.6020000000000003,1.0474199999999998,24.06007596483298,558.5280369710175
13.799999999999999,4.6,1.8010000000000004,1.0474199999999998,28.064265569048526,643.6160689352233
13.799999999999999,4.6,2.0,1.0474199999999998,32.068455173264056,728.7041008994289
13.799999999999999,6.8999999999999995,0.01,1.0474199999999998,0.22361136134674972,52.0090999157288
13.799999999999999,6.8999999999999995,0.20900000000000002,1.0474199999999998,4.67347745214707,146.56764623727088
13.799999999999999,6.8999999999999995,0.40800000000000003,1.0474199999999998,9.464907391215483,248.3843392781031
13.799999999999999,6.8999999999999995,0.607,1.0474199999999998,15.614958749611272,379.0713991550307
13.799999999999999,6.8999999999999995,0.806,1.0474199999999998,22.685717030341596,529.3232518566512
13.799999999999999,6.8999999999999995,1.0050000000000001,1.0474199999999998,29.57881806783748,675.7999323798389
13.799999999999999,6.8999999999999995,1.2040000000000002,1.0474199999999998,39.12947132041271,878.74893568843
13.799999999999999,6.8999999999999995,1.4030000000000002,1.0474199999999998,48.44603993444442,1076.7236987198496
13.799999999999999,6.8999999999999995,1.6020000000000003,1.0474199999999998,57.76260854847614,1274.6984617512692
13.799999999999999,6.8999999999999995,1.8010000000000004,1.0474199999999998,67.07917716250786,1472.673224782689
13.799999999999999,6.8999999999999995,2.0,1.0474199999999998,76.39574577653954,1670.6479878141079
13.799999999999999,9.2,0.01,1.0474199999999998,0.4325077291983025,56.448095713092286
13.799999999999999,9.2,0.20900000000000002,1.0474199999999998,9.039411540244524,239.34265840216798
13.799999999999999,9.2,0.40800000000000003,1.0474199999999998,18.216228378474298,434.34773099885615
13.799999999999999,9.2,0.607,1.0474199999999998,29.87044520168079,681.9969363528689
13.799999999999999,9.2,0.806,1.0474199999999998,43.24187673892824,966.1365267585522
13.799999999999999,9.2,1.0050000000000001,1.0474199999999998,56.277342659661926,1243.13693147565
13.799999999999999,9.2,1.2040000000000002,1.0474199999999998,73.64895649918681,1612.2793996772548
13.799999999999999,9.2,1.4030000000000002,1.0474199999999998,90.59479548970371,1972.3742583641138
13.799999999999999,9.2,1.6020000000000003,1.0474199999999998,107.54063448022065,2332.469117050973
13.799999999999999,9.2,1.8010000000000004,1.0474199999999998,124.48647347073755,2692.563975737832
13.799999999999999,9.2,2.0,1.0474199999999998,141.4323124612544,3052.6588344246907
13.799999999999999,11.5,0.01,1.0474199999999998,0.7214737649766363,62.588552014909595
13.799999999999999,11.5,0.20900000000000002,1.0474199999999998,15.078801688011701,367.6781951101497
13.799999999999999,11.5,0.40800000000000003,1.0474199999999998,30.270173746997628,690.4910684002417
13.799999999999999,11.5,0.607,1.0474199999999998,49.40282482439319,1097.055139372191
13.799999999999999,11.5,0.806,1.0474199999999998,71.31999728767367,1562.7895963912329
13.799999999999999,11.5,1.0050000000000001,1.0474199999999998,92.68648702574608,2016.8221826309014
13.799999999999999,11.5,1.2040000000000002,1.0474199999999998,120.29976090936312,2603.5973763859615
13.799999999999999,11.5,1.4030000000000002,1.0474199999999998,147.23623886446012,3175.990825196045
13.799999999999999,11.5,1.6020000000000003,1.0474199999999998,174.17271681955714,3748.384274006128
13.799999999999999,11.5,1.8010000000000004,1.0474199999999998,201.10919477465413,4320.777722816211
13.799999999999999,11.5,2.0,1.0474199999999998,228.0456727297511,4893.1711716262935
13.799999999999999,13.799999999999999,0.01,1.0474199999999998,1.0959555845330633,70.5461974268265
13.799999999999999,13.799999999999999,0.20900000000000002,1.0474199999999998,22.905471716741026,533.992984219213
13.799999999999999,13.799999999999999,0.40800000000000003,1.0474199999999998,45.83792907686819,1021.3019924694747
13.799999999999999,13.799999999999999,0.607,1.0474199999999998,74.52317724549647,1630.8563728374306
13.799999999999999,13.799999999999999,0.806,1.0474199999999998,107.34121039542171,2328.2314049096854
13.799999999999999,13.799999999999999,1.0050000000000001,1.0474199999999998,139.3346698481126,3008.0844512514805
13.799999999999999,13.799999999999999,1.2040000000000002,1.0474199999999998,179.64413237642526,3864.6504920948328
13.799999999999999,13.799999999999999,1.4030000000000002,1.0474199999999998,218.96561788198508,4700.222267231239
13.799999999999999,13.799999999999999,1.6020000000000003,1.0474199999999998,258.2871033875449,5535.794042367646
13.799999999999999,13.799999999999999,1.8010000000000004,1.0474199999999998,297.6085888931048,6371.365817504053
13.799999999999999,13.799999999999999,2.0,1.0474199999999998,336.93007439866454,7206.937592640457
13.799999999999999,16.099999999999998,0.01,1.0474199999999998,1.5606669723025917,80.42119869425787
13.799999999999999,16.099999999999998,0.20900000000000002,1.0474199999999998,32.617939721124166,740.3805107085286
13.799999999999999,16.099999999999998,0.40800000000000003,1.0474199999999998,65.10166177330017,1430.6515152039349
13.799999999999999,16.099999999999998,0.607,1.0474199999999998,105.49870224651292,2289.0785655677096
13.799999999999999,16.099999999999998,0.806,1.0474199999999998,151.66629441418252,3270.1284024529127
13.799999999999999,16.099999999999998,1.0050000000000001,1.0474199999999998,196.67389682889555,4226.528745949039
13.799999999999999,16.099999999999998,1.2040000000000002,1.0474199999999998,252.16066178732618,5405.608683972667
13.799999999999999,16.099999999999998,1.4030000000000002,1.0474199999999998,306.28745701638354,6555.789603907479
13.799999999999999,16.099999999999998,1.6020000000000003,1.0474199999999998,360.4142522454408,7705.970523842291
13.799999999999999,16.099999999999998,1.8010000000000004,1.0474199999999998,414.5410474744981,8856.151443777102
13.799999999999999,16.099999999999998,2.0,1.0474199999999998,468.6678427035553,10006.332363711912
13.799999999999999,18.4,0.01,1.0474199999999998,2.1197905970151347,92.30243648614403
13.799999999999999,18.4,0.20900000000000002,1.0474199999999998,44.30362347761631,988.6983805589495
13.799999999999999,18.4,0.40800000000000003,1.0474199999999998,88.22256157867552,1921.9648784896851
13.799999999999999,18.4,0.607,1.0474199999999998,142.56500412576312,3076.7282502320345
13.799999999999999,18.4,0.806,1.0474199999999998,204.61267648971918,4395.2258368225075
13.799999999999999,18.4,1.0050000000000001,1.0474199999999998,265.1013621108622,5680.595343347892
13.799999999999999,18.4,1.2040000000000002,1.0474199999999998,338.26822939365974,7235.373053056054
13.799999999999999,18.4,1.4030000000000002,1.0474199999999998,409.6417911058005,8752.043465957644
13.799999999999999,18.4,1.6020000000000003,1.0474199999999998,481.0153528179412,10268.713878859233
13.799999999999999,18.4,1.8010000000000004,1.0474199999999998,552.3889145300819,11785.384291760822
13.799999999999999,18.4,2.0,1.0474199999999998,623.7624762422224,13302.054704662409
13.799999999999999,20.7,0.01,1.0474199999999998,2.7771033028602883,106.2701678010022
13.799999999999999,20.7,0.20900000000000002,1.0474199999999998,58.04145902978003,1280.6239650394853
13.799999999999999,20.7,0.40800000000000003,1.0474199999999998,115.34583195060195,2498.327619642249
13.799999999999999,20.7,0.607,1.0474199999999998,185.93368894905714,3998.3020030346165
13.799999999999999,20.7,0.806,1.0474199999999998,266.4649233900107,5709.57068097506
13.799999999999999,20.7,1.0050000000000001,1.0474199999999998,344.97275998068903,7377.842658464738
13.799999999999999,20.7,1.2040000000000002,1.0474199999999998,438.3406902678348,9361.887926536101
13.799999999999999,20.7,1.4030000000000002,1.0474199999999998,529.42019089108,11297.304634115519
13.799999999999999,20.7,1.6020000000000003,1.0474199999999998,620.4996915143251,13232.721341694936
13.799999999999999,20.7,1.8010000000000004,1.0474199999999998,711.5791921375702,15168.138049274354
13.799999999999999,20.7,2.0,1.0474199999999998,802.6586927608151,17103.554756853766
16.099999999999998,0.0,0.01,1.4256549999999995,0.0,55.29481373265156
16.099999999999998,0.0,0.20900000000000002,1.4256549999999995,0.0,55.29481373265156
16.099999999999998,0.0,0.40800000000000003,1.4256549999999995,0.0,55.29481373265156
16.099999999999998,0.0,0.607,1.4256549999999995,0.0,55.29481373265156
16.099999999999998,0.0,0.806,1.4256549999999995,0.0,55.29481373265156
16.099999999999998,0.0,1.0050000000000001,1.4256549999999995,0.0,55.29481373265156
16.099999999999998,0.0,1.2040000000000002,1.4256549999999995,0.0,55.29481373265156
16.099999999999998,0.0,1.4030000000000002,1.4256549999999995,0.0,55.29481373265156
16.099999999999998,0.0,1.6020000000000003,1.4256549999999995,0.0,55.29481373265156
16.099999999999998,0.0,1.8010000000000004,1.4256549999999995,0.0,55.29481373265156
16.099999999999998,0.0,2.0,1.4256549999999995,0.0,55.29481373265156
16.099999999999998,2.3,0.01,1.4256549999999995,0.018005106569801307,55.67741776361885
16.099999999999998,2.3,0.20900000000000002,1.4256549999999995,0.3763067273088473,63.291237979867915
16.099999999999998,2.3,0.40800000000000003,1.4256549999999995,0.7767954178131018,71.80152292318165
16.099999999999998,2.3,0.607,1.4256549999999995,1.3117447804728062,83.16906366633229
16.099999999999998,2.3,0.806,1.4256549999999995,1.9317418244417717,96.34384645868695
16.099999999999998,2.3,1.0050000000000001,1.4256549999999995,2.536161053235637,109.18760455776638
16.099999999999998,2.3,1.2040000000000002,1.4256549999999995,3.5021135950168083,129.7138555286127
16.099999999999998,2.3,1.4030000000000002,1.4256549999999995,4.444390829401382,149.73701211291865
16.099999999999998,2.3,1.6020000000000003,1.4256549999999995,5.3866680637859545,169.7601686972246
16.099999999999998,2.3,1.8010000000000004,1.4256549999999995,6.328945298170527,189.78332528153055
16.099999999999998,2.3,2.0,1.4256549999999995,7.2712225325550985,209.80648186583647
16.099999999999998,4.6,0.01,1.4256549999999995,0.08824595036871777,57.17001820293443
16.099999999999998,4.6,0.20900000000000002,1.4256549999999995,1.8443403627062014,94.48658716156348
16.099999999999998,4.6,0.40800000000000003,1.4256549999999995,3.761555915154382,135.22694022507486
16.099999999999998,4.6,0.607,1.4256549999999995,6.259223097865608,188.30174588730955
16.099999999999998,4.6,0.806,1.4256549999999995,9.139242382315354,249.50143849796885
16.099999999999998,4.6,1.0050000000000001,1.4256549999999995,11.946899373185957,309.1634503897673
16.099999999999998,4.6,1.2040000000000002,1.4256549999999995,16.051696756401896,396.38937260433005
16.099999999999998,4.6,1.4030000000000002,1.4256549999999995,20.05588636061744,481.47740456853575
16.099999999999998,4.6,1.6020000000000003,1.4256549999999995,24.06007596483298,566.5654365327415
16.099999999999998,4.6,1.8010000000000004,1.4256549999999995,28.064265569048526,651.6534684969472
16.099999999999998,4.6,2.0,1.4256549999999995,32.068455173264056,736.7415004611528
16.099999999999998,6.8999999999999995,0.01,1.4256549999999995,0.22361136134674972,60.04649947745267
16.099999999999998,6.8999999999999995,0.20900000000000002,1.4256549999999995,4.67347745214707,154.60504579899478
16.099999999999998,6.8999999999999995,0.40800000000000003,1.4256549999999995,9.464907391215483,256.42173883982696
16.099999999999998,6.8999999999999995,0.607,1.4256549999999995,15.614958749611272,387.10879871675456
16.099999999999998,6.8999999999999995,0.806,1.4256549999999995,22.685717030341596,537.360651418375
16.099999999999998,6.8999999999999995,1.0050000000000001,1.4256549999999995,29.57881806783748,683.8373319415628
16.099999999999998,6.8999999999999995,1.2040000000000002,1.4256549999999995,39.12947132041271,886.7863352501539
16.099999999999998,6.8999999999999995,1.4030000000000002,1.4256549999999995,48.44603993444442,1084.7610982815736
16.099999999999998,6.8999999999999995,1.6020000000000003,1.4256549999999995,57.76260854847614,1282.7358613129932
16.099999999999998,6.8999999999999995,1.8010000000000004,1.4256549999999995,67.07917716250786,1480.710624344413
16.099999999999998,6.8999999999999995,2.0,1.4256549999999995,76.39574577653954,1678.6853873758319
16.099999999999998,9.2,0.01,1.4256549999999995,0.4325077291983025,64.48549527481617
16.099999999999998,9.2,0.20900000000000002,1.4256549999999995,9.039411540244524,247.38005796389186
16.099999999999998,9.2,0.40800000000000003,1.4256549999999995,18.216228378474298,442.38513056058
16.099999999999998,9.2,0.607,1.4256549999999995,29.87044520168079,690.0343359145928
16.099999999999998,9.2,0.806,1.4256549999999995,43.24187673892824,974.1739263202761
16.099999999999998,9.2,1.0050000000000001,1.4256549999999995,56.277342659661926,1251.174331037374
16.099999999999998,9.2,1.2040000000000002,1.4256549999999995,73.64895649918681,1620.3167992389785
16.099999999999998,9.2,1.4030000000000002,1.4256549999999995,90.59479548970371,1980.4116579258375
16.099999999999998,9.2,1.6020000000000003,1.4256549999999995,107.54063448022065,2340.506516612697
16.099999999999998,9.2,1.8010000000000004,1.4256549999999995,124.48647347073755,2700.601375299556
16.099999999999998,9.2,2.0,1.4256549999999995,141.4323124612544,3060.6962339864144
16.099999999999998,11.5,0.01,1.4256549999999995,0.7214737649766363,70.62595157663347
16.099999999999998,11.5,0.20900000000000002,1.4256549999999995,15.078801688011701,375.7155946718736
16.099999999999998,11.5,0.40800000000000003,1.4256549999999995,30.270173746997628,698.5284679619657
16.099999999999998,11.5,0.607,1.4256549999999995,49.40282482439319,1105.0925389339147
16.099999999999998,11.5,0.806,1.4256549999999995,71.31999728767367,1570.8269959529566
16.099999999999998,11.5,1.0050000000000001,1.4256549999999995,92.68648702574608,2024.859582192625
16.099999999999998,11.5,1.2040000000000002,1.4256549999999995,120.29976090936312,2611.6347759476857
16.099999999999998,11.5,1.4030000000000002,1.4256549999999995,147.23623886446012,3184.028224757769
16.099999999999998,11.5,1.6020000000000003,1.4256549999999995,174.17271681955714,3756.421673567852
16.099999999999998,11.5,1.8010000000000004,1.4256549999999995,201.10919477465413,4328.815122377935
16.099999999999998,11.5,2.0,1.4256549999999995,228.0456727297511,4901.208571188017
16.099999999999998,13.799999999999999,0.01,1.4256549999999995,1.0959555845330633,78.58359698855038
16.099999999999998,13.799999999999999,0.20900000000000002,1.4256549999999995,22.905471716741026,542.0303837809369
16.099999999999998,13.799999999999999,0.40800000000000003,1.4256549999999995,45.83792907686819,1029.3393920311987
16.099999999999998,13.799999999999999,0.607,1.4256549999999995,74.52317724549647,1638.8937723991546
16.099999999999998,13.799999999999999,0.806,1.4256549999999995,107.34121039542171,2336.268804471409
16.099999999999998,13.799999999999999,1.0050000000000001,1.4256549999999995,139.3346698481126,3016.121850813204
16.099999999999998,13.799999999999999,1.2040000000000002,1.4256549999999995,179.64413237642526,3872.6878916565565
16.099999999999998,13.799999999999999,1.4030000000000002,1.4256549999999995,218.96561788198508,4708.259666792963
16.099999999999998,13.799999999999999,1.6020000000000003,1.4256549999999995,258.2871033875449,5543.831441929369
16.099999999999998,13.799999999999999,1.8010000000000004,1.4256549999999995,297.6085888931048,6379.403217065778
16.099999999999998,13.799999999999999,2.0,1.4256549999999995,336.93007439866454,7214.974992202182
16.099999999999998,16.099999999999998,0.01,1.4256549999999995,1.5606669723025917,88.45859825598176
16.099999999999998,16.099999999999998,0.20900000000000002,1.4256549999999995,32.617939721124166,748.4179102702526
16.099999999999998,16.099999999999998,0.40800000000000003,1.4256549999999995,65.10166177330017,1438.6889147656589
16.099999999999998,16.099999999999998,0.607,1.4256549999999995,105.49870224651292,2297.1159651294333
16.099999999999998,16.099999999999998,0.806,1.4256549999999995,151.66629441418252,3278.165802014636
16.099999999999998,16.099999999999998,1.0050000000000001,1.4256549999999995,196.67389682889555,4234.566145510763
16.099999999999998,16.099999999999998,1.2040000000000002,1.4256549999999995,252.16066178732618,5413.6460835343905
16.099999999999998,16.099999999999998,1.4030000000000002,1.4256549999999995,306.28745701638354,6563.827003469204
16.099999999999998,16.099999999999998,1.6020000000000003,1.4256549999999995,360.4142522454408,7714.007923404017
16.099999999999998,16.099999999999998,1.8010000000000004,1.4256549999999995,414.5410474744981,8864.188843338827
16.099999999999998,16.099999999999998,2.0,1.4256549999999995,468.6678427035553,10014.369763273638
16.099999999999998,18.4,0.01,1.4256549999999995,2.1197905970151347,100.3398360478679
16.099999999999998,18.4,0.20900000000000002,1.4256549999999995,44.30362347761631,996.7357801206733
16.099999999999998,18.4,0.40800000000000003,1.4256549999999995,88.22256157867552,1930.002278051409
16.099999999999998,18.4,0.607,1.4256549999999995,142.56500412576312,3084.7656497937583
16.099999999999998,18.4,0.806,1.4256549999999995,204.61267648971918,4403.263236384231
16.099999999999998,18.4,1.0050000000000001,1.4256549999999995,265.1013621108622,5688.632742909617
16.099999999999998,18.4,1.2040000000000002,1.4256549999999995,338.26822939365974,7243.410452617779
16.099999999999998,18.4,1.4030000000000002,1.4256549999999995,409.6417911058005,8760.080865519369
16.099999999999998,18.4,1.6020000000000003,1.4256549999999995,481.0153528179412,10276.751278420958
16.099999999999998,18.4,1.8010000000000004,1.4256549999999995,552.3889145300819,11793.421691322546
16.099999999999998,18.4,2.0,1.4256549999999995,623.7624762422224,13310.092104224132
16.099999999999998,20.7,0.01,1.4256549999999995,2.7771033028602883,114.30756736272608
16.099999999999998,20.7,0.20900000000000002,1.4256549999999995,58.04145902978003,1288.6613646012092
16.099999999999998,20.7,0.40800000000000003,1.4256549999999995,115.34583195060195,2506.3650192039727
16.099999999999998,20.7,0.607,1.4256549999999995,185.93368894905714,4006.33940259634
16.099999999999998,20.7,0.806,1.4256549999999995,266.4649233900107,5717.608080536785
16.099999999999998,20.7,1.0050000000000001,1.4256549999999995,344.97275998068903,7385.880058026462
16.099999999999998,20.7,1.2040000000000002,1.4256549999999995,438.3406902678348,9369.925326097826
16.099999999999998,20.7,1.4030000000000002,1.4256549999999995,529.42019089108,11305.342033677243
16.099999999999998,20.7,1.6020000000000003,1.4256549999999995,620.4996915143251,13240.75874125666
16.099999999999998,20.7,1.8010000000000004,1.4256549999999995,711.5791921375702,15176.175448836077
16.099999999999998,20.7,2.0,1.4256549999999995,802.6586927608151,17111.59215641549
18.4,0.0,0.01,1.8620799999999997,0.0,64.56873630387143
18.4,0.0,0.20900000000000002,1.8620799999999997,0.0,64.56873630387143
18.4,0.0,0.40800000000000003,1.8620799999999997,0.0,64.56873630387143
18.4,0.0,0.607,1.8620799999999997,0.0,64.56873630387143
18.4,0.0,0.806,1.8620799999999997,0.0,64.56873630387143
18.4,0.0,1.0050000000000001,1.8620799999999997,0.0,64.56873630387143
18.4,0.0,1.2040000000000002,1.8620799999999997,0.0,64.56873630387143
18.4,0.0,1.4030000000000002,1.8620799999999997,0.0,64.56873630387143
18.4,0.0,1.6020000000000003,1.8620799999999997,0.0,64.56873630387143
18.4,0.0,1.8010000000000004,1.8620799999999997,0.0,64.56873630387143
18.4,0.0,2.0,1.8620799999999997,0.0,64.56873630387143
18.4,2.3,0.01,1.8620799999999997,0.018005106569801307,64.95134033483872
18.4,2.3,0.20900000000000002,1.8620799999999997,0.3763067273088473,72.56516055108779
18.4,2.3,0.40800000000000003,1.8620799999999997,0.7767954178131018,81.07544549440152
18.4,2.3,0.607,1.8620799999999997,1.3117447804728062,92.44298623755216
18.4,2.3,0.806,1.8620799999999997,1.9317418244417717,105.61776902990682
18.4,2.3,1.0050000000000001,1.8620799999999997,2.536161053235637,118.46152712898625
18.4,2.3,1.2040000000000002,1.8620799999999997,3.5021135950168083,138.98777809983255
18.4,2.3,1.4030000000000002,1.8620799999999997,4.444390829401382,159.01093468413853
18.4,2.3,1.6020000000000003,1.8620799999999997,5.3866680637859545,179.03409126844448
18.4,2.3,1.8010000000000004,1.8620799999999997,6.328945298170527,199.05724785275044
18.4,2.3,2.0,1.8620799999999997,7.2712225325550985,219.08040443705636
18.4,4.6,0.01,1.8620799999999997,0.08824595036871777,66.4439407741543
18.4,4.6,0.20900000000000002,1.8620799999999997,1.8443403627062014,103.76050973278335
18.4,4.6,0.40800000000000003,1.8620799999999997,3.761555915154382,144.5008627962947
18.4,4.6,0.607,1.8620799999999997,6.259223097865608,197.57566845852944
18.4,4.6,0.806,1.8620799999999997,9.139242382315354,258.77536106918876
18.4,4.6,1.0050000000000001,1.8620799999999997,11.946899373185957,318.4373729609872
18.4,4.6,1.2040000000000002,1.8620799999999997,16.051696756401896,405.66329517554993
18.4,4.6,1.4030000000000002,1.8620799999999997,20.05588636061744,490.75132713975563
18.4,4.6,1.6020000000000003,1.8620799999999997,24.06007596483298,575.8393591039613
18.4,4.6,1.8010000000000004,1.8620799999999997,28.064265569048526,660.927391068167
18.4,4.6,2.0,1.8620799999999997,32.068455173264056,746.0154230323725
18.4,6.8999999999999995,0.01,1.8620799999999997,0.22361136134674972,69.32042204867255
18.4,6.8999999999999995,0.20900000000000002,1.8620799999999997,4.67347745214707,163.87896837021464
18.4,6.8999999999999995,0.40800000000000003,1.8620799999999997,9.464907391215483,265.6956614110469
18.4,6.8999999999999995,0.607,1.8620799999999997,15.614958749611272,396.3827212879744
18.4,6.8999999999999995,0.806,1.8620799999999997,22.685717030341596,546.634573989595
18.4,6.8999999999999995,1.0050000000000001,1.8620799999999997,29.57881806783748,693.1112545127826
18.4,6.8999999999999995,1.2040000000000002,1.8620799999999997,39.12947132041271,896.0602578213739
18.4,6.8999999999999995,1.4030000000000002,1.8620799999999997,48.44603993444442,1094.0350208527934
18.4,6.8999999999999995,1.6020000000000003,1.8620799999999997,57.76260854847614,1292.009783884213
18.4,6.8999999999999995,1.8010000000000004,1.8620799999999997,67.07917716250786,1489.9845469156328
18.4,6.8999999999999995,2.0,1.8620799999999997,76.39574577653954,1687.959309947052
18.4,9.2,0.01,1.8620799999999997,0.4325077291983025,73.75941784603604
18.4,9.2,0.20900000000000002,1.8620799999999997,9.039411540244524,256.6539805351117
18.4,9.2,0.40800000000000003,1.8620799999999997,18.216228378474298,451.6590531317999
18.4,9.2,0.607,1.8620799999999997,29.87044520168079,699.3082584858126
18.4,9.2,0.806,1.8620799999999997,43.24187673892824,983.447848891496
18.4,9.2,1.0050000000000001,1.8620799999999997,56.277342659661926,1260.448253608594
18.4,9.2,1.2040000000000002,1.8620799999999997,73.64895649918681,1629.5907218101986
18.4,9.2,1.4030000000000002,1.8620799999999997,90.59479548970371,1989.6855804970576
18.4,9.2,1.6020000000000003,1.8620799999999997,107.54063448022065,2349.780439183917
18.4,9.2,1.8010000000000004,1.8620799999999997,124.48647347073755,2709.875297870776
18.4,9.2,2.0,1.8620799999999997,141.4323124612544,3069.9701565576343
18.4,11.5,0.01,1.8620799999999997,0.7214737649766363,79.89987414785335
18.4,11.5,0.20900000000000002,1.8620799999999997,15.078801688011701,384.9895172430935
18.4,11.5,0.40800000000000003,1.8620799999999997,30.270173746997628,707.8023905331855
18.4,11.5,0.607,1.8620799999999997,49.40282482439319,1114.3664615051348
18.4,11.5,0.806,1.8620799999999997,71.31999728767367,1580.1009185241767
18.4,11.5,1.0050000000000001,1.8620799999999997,92.68648702574608,2034.1335047638452
18.4,11.5,1.2040000000000002,1.8620799999999997,120.29976090936312,2620.9086985189056
18.4,11.5,1.4030000000000002,1.8620799999999997,147.23623886446012,3193.302147328988
18.4,11.5,1.6020000000000003,1.8620799999999997,174.17271681955714,3765.6955961390713
18.4,11.5,1.8010000000000004,1.8620799999999997,201.10919477465413,4338.089044949154
18.4,11.5,2.0,1.8620799999999997,228.0456727297511,4910.482493759237
18.4,13.799999999999999,0.01,1.8620799999999997,1.0959555845330633,87.85751955977025
18.4,13.799999999999999,0.20900000000000002,1.8620799999999997,22.905471716741026,551.3043063521567
18.4,13.799999999999999,0.40800000000000003,1.8620799999999997,45.83792907686819,1038.6133146024185
18.4,13.799999999999999,0.607,1.8620799999999997,74.52317724549647,1648.1676949703744
18.4,13.799999999999999,0.806,1.8620799999999997,107.34121039542171,2345.542727042629
18.4,13.799999999999999,1.0050000000000001,1.8620799999999997,139.3346698481126,3025.3957733844236
18.4,13.799999999999999,1.2040000000000002,1.8620799999999997,179.64413237642526,3881.961814227776
18.4,13.799999999999999,1.4030000000000002,1.8620799999999997,218.96561788198508,4717.533589364182
18.4,13.799999999999999,1.6020000000000003,1.8620799999999997,258.2871033875449,5553.1053645005895
18.4,13.799999999999999,1.8010000000000004,1.8620799999999997,297.6085888931048,6388.677139636998
18.4,13.799999999999999,2.0,1.8620799999999997,336.93007439866454,7224.248914773401
18.4,16.099999999999998,0.01,1.8620799999999997,1.5606669723025917,97.73252082720163
18.4,16.099999999999998,0.20900000000000002,1.8620799999999997,32.617939721124166,757.6918328414724
18.4,16.099999999999998,0.40800000000000003,1.8620799999999997,65.10166177330017,1447.9628373368785
18.4,16.099999999999998,0.607,1.8620799999999997,105.49870224651292,2306.389887700653
18.4,16.099999999999998,0.806,1.8620799999999997,151.66629441418252,3287.439724585856
18.4,16.099999999999998,1.0050000000000001,1.8620799999999997,196.67389682889555,4243.840068081982
18.4,16.099999999999998,1.2040000000000002,1.8620799999999997,252.16066178732618,5422.92000610561
18.4,16.099999999999998,1.4030000000000002,1.8620799999999997,306.28745701638354,6573.1009260404235
18.4,16.099999999999998,1.6020000000000003,1.8620799999999997,360.4142522454408,7723.281845975236
18.4,16.099999999999998,1.8010000000000004,1.8620799999999997,414.5410474744981,8873.462765910048
18.4,16.099999999999998,2.0,1.8620799999999997,468.6678427035553,10023.643685844858
18.4,18.4,0.01,1.8620799999999997,2.1197905970151347,109.61375861908779
18.4,18.4,0.20900000000000002,1.8620799999999997,44.30362347761631,1006.0097026918933
18.4,18.4,0.40800000000000003,1.8620799999999997,88.22256157867552,1939.276200622629
18.4,18.4,0.607,1.8620799999999997,142.56500412576312,3094.0395723649776
18.4,18.4,0.806,1.8620799999999997,204.61267648971918,4412.537158955451
18.4,18.4,1.0050000000000001,1.8620799999999997,265.1013621108622,5697.906665480837
18.4,18.4,1.2040000000000002,1.8620799999999997,338.26822939365974,7252.684375188998
18.4,18.4,1.4030000000000002,1.8620799999999997,409.6417911058005,8769.354788090588
18.4,18.4,1.6020000000000003,1.8620799999999997,481.0153528179412,10286.025200992177
18.4,18.4,1.8010000000000004,1.8620799999999997,552.3889145300819,11802.695613893764
18.4,18.4,2.0,1.8620799999999997,623.7624762422224,13319.366026795351
18.4,20.7,0.01,1.8620799999999997,2.7771033028602883,123.58148993394596
18.4,20.7,0.20900000000000002,1.8620799999999997,58.04145902978003,1297.935287172429
18.4,20.7,0.40800000000000003,1.8620799999999997,115.34583195060195,2515.6389417751925
18.4,20.7,0.607,1.8620799999999997,185.93368894905714,4015.6133251675597
18.4,20.7,0.806,1.8620799999999997,266.4649233900107,5726.882003108004
18.4,20.7,1.0050000000000001,1.8620799999999997,344.97275998068903,7395.153980597683
18.4,20.7,1.2040000000000002,1.8620799999999997,438.3406902678348,9379.199248669045
18.4,20.7,1.4030000000000002,1.8620799999999997,529.42019089108,11314.61595624846
18.4,20.7,1.6020000000000003,1.8620799999999997,620.4996915143251,13250.032663827878
18.4,20.7,1.8010000000000004,1.8620799999999997,711.5791921375702,15185.449371407296
18.4,20.7,2.0,1.8620799999999997,802.6586927608151,17120.86607898671
20.7,0.0,0.01,2.3566949999999998,0.0,75.07918188458729
20.7,0.0,0.20900000000000002,2.3566949999999998,0.0,75.07918188458729
20.7,0.0,0.40800000000000003,2.3566949999999998,0.0,75.07918188458729
20.7,0.0,0.607,2.3566949999999998,0.0,75.07918188458729
20.7,0.0,0.806,2.3566949999999998,0.0,75.07918188458729
20.7,0.0,1.0050000000000001,2.3566949999999998,0.0,75.07918188458729
20.7,0.0,1.2040000000000002,2.3566949999999998,0.0,75.07918188458729
20.7,0.0,1.4030000000000002,2.3566949999999998,0.0,75.07918188458729
20.7,0.0,1.6020000000000003,2.3566949999999998,0.0,75.07918188458729
20.7,0.0,1.8010000000000004,2.3566949999999998,0.0,75.07918188458729
20.7,0.0,2.0,2.3566949999999998,0.0,75.07918188458729
20.7,2.3,0.01,2.3566949999999998,0.018005106569801307,75.46178591555457
20.7,2.3,0.20900000000000002,2.3566949999999998,0.3763067273088473,83.07560613180364
20.7,2.3,0.40800000000000003,2.3566949999999998,0.7767954178131018,91.58589107511737
20.7,2.3,0.607,2.3566949999999998,1.3117447804728062,102.95343181826802
20.7,2.3,0.806,2.3566949999999998,1.9317418244417717,116.12821461062266
20.7,2.3,1.0050000000000001,2.3566949999999998,2.536161053235637,128.97197270970207
20.7,2.3,1.2040000000000002,2.3566949999999998,3.5021135950168083,149.49822368054842
20.7,2.3,1.4030000000000002,2.3566949999999998,4.444390829401382,169.52138026485437
20.7,2.3,1.6020000000000003,2.3566949999999998,5.3866680637859545,189.54453684916032
20.7,2.3,1.8010000000000004,2.3566949999999998,6.328945298170527,209.56769343346627
20.7,2.3,2.0,2.3566949999999998,7.2712225325550985,229.5908500177722
20.7,4.6,0.01,2.3566949999999998,0.08824595036871777,76.95438635487015
20.7,4.6,0.20900000000000002,2.3566949999999998,1.8443403627062014,114.2709553134992
20.7,4.6,0.40800000000000003,2.3566949999999998,3.761555915154382,155.01130837701058
20.7,4.6,0.607,2.3566949999999998,6.259223097865608,208.08611403924527
20.7,4.6,0.806,2.3566949999999998,9.139242382315354,269.28580664990454
20.7,4.6,1.0050000000000001,2.3566949999999998,11.946899373185957,328.94781854170304
20.7,4.6,1.2040000000000002,2.3566949999999998,16.051696756401896,416.1737407562657
20.7,4.6,1.4030000000000002,2.3566949999999998,20.05588636061744,501.26177272047147
20.7,4.6,1.6020000000000003,2.3566949999999998,24.06007596483298,586.3498046846772
20.7,4.6,1.8010000000000004,2.3566949999999998,28.064265569048526,671.4378366488829
20.7,4.6,2.0,2.3566949999999998,32.068455173264056,756.5258686130885
20.7,6.8999999999999995,0.01,2.3566949999999998,0.22361136134674972,79.8308676293884
20.7,6.8999999999999995,0.20900000000000002,2.3566949999999998,4.67347745214707,174.3894139509305
20.7,6.8999999999999995,0.40800000000000003,2.3566949999999998,9.464907391215483,276.2061069917627
20.7,6.8999999999999995,0.607,2.3566949999999998,15.614958749611272,406.8931668686903
20.7,6.8999999999999995,0.806,2.3566949999999998,22.685717030341596,557.1450195703109
20.7,6.8999999999999995,1.0050000000000001,2.3566949999999998,29.57881806783748,703.6217000934985
20.7,6.8999999999999995,1.2040000000000002,2.3566949999999998,39.12947132041271,906.5707034020896
20.7,6.8999999999999995,1.4030000000000002,2.3566949999999998,48.44603993444442,1104.5454664335093
20.7,6.8999999999999995,1.6020000000000003,2.3566949999999998,57.76260854847614,1302.520229464929
20.7,6.8999999999999995,1.8010000000000004,2.3566949999999998,67.07917716250786,1500.4949924963485
20.7,6.8999999999999995,2.0,2.3566949999999998,76.39574577653954,1698.4697555277673
20.7,9.2,0.01,2.3566949999999998,0.4325077291983025,84.2698634267519
20.7,9.2,0.20900000000000002,2.3566949999999998,9.039411540244524,267.1644261158276
20.7,9.2,0.40800000000000003,2.3566949999999998,18.216228378474298,462.1694987125158
20.7,9.2,0.607,2.3566949999999998,29.87044520168079,709.8187040665285
20.7,9.2,0.806,2.3566949999999998,43.24187673892824,993.9582944722118
20.7,9.2,1.0050000000000001,2.3566949999999998,56.277342659661926,1270.9586991893098
20.7,9.2,1.2040000000000002,2.3566949999999998,73.64895649918681,1640.1011673909145
20.7,9.2,1.4030000000000002,2.3566949999999998,90.59479548970371,2000.1960260777735
20.7,9.2,1.6020000000000003,2.3566949999999998,107.54063448022065,2360.290884764633
20.7,9.2,1.8010000000000004,2.3566949999999998,124.48647347073755,2720.385743451492
20.7,9.2,2.0,2.3566949999999998,141.4323124612544,3080.48060213835
20.7,11.5,0.01,2.3566949999999998,0.7214737649766363,90.41031972856919
20.7,11.5,0.20900000000000002,2.3566949999999998,15.078801688011701,395.49996282380926
20.7,11.5,0.40800000000000003,2.3566949999999998,30.270173746997628,718.3128361139014
20.7,11.5,0.607,2.3566949999999998,49.40282482439319,1124.8769070858505
20.7,11.5,0.806,2.3566949999999998,71.31999728767367,1590.6113641048926
20.7,11.5,1.0050000000000001,2.3566949999999998,92.68648702574608,2044.6439503445608
20.7,11.5,1.2040000000000002,2.3566949999999998,120.29976090936312,2631.419144099621
20.7,11.5,1.4030000000000002,2.3566949999999998,147.23623886446012,3203.8125929097046
20.7,11.5,1.6020000000000003,2.3566949999999998,174.17271681955714,3776.2060417197877
20.7,11.5,1.8010000000000004,2.3566949999999998,201.10919477465413,4348.599490529871
20.7,11.5,2.0,2.3566949999999998,228.0456727297511,4920.992939339953
20.7,13.799999999999999,0.01,2.3566949999999998,1.0959555845330633,98.3679651404861
20.7,13.799999999999999,0.20900000000000002,2.3566949999999998,22.905471716741026,561.8147519328726
20.7,13.799999999999999,0.40800000000000003,2.3566949999999998,45.83792907686819,1049.1237601831344
20.7,13.799999999999999,0.607,2.3566949999999998,74.52317724549647,1658.67814055109
20.7,13.799999999999999,0.806,2.3566949999999998,107.34121039542171,2356.053172623345
20.7,13.799999999999999,1.0050000000000001,2.3566949999999998,139.3346698481126,3035.90621896514
20.7,13.799999999999999,1.2040000000000002,2.3566949999999998,179.64413237642526,3892.4722598084923
20.7,13.799999999999999,1.4030000000000002,2.3566949999999998,218.96561788198508,4728.044034944899
20.7,13.799999999999999,1.6020000000000003,2.3566949999999998,258.2871033875449,5563.615810081305
20.7,13.799999999999999,1.8010000000000004,2.3566949999999998,297.6085888931048,6399.187585217714
20.7,13.799999999999999,2.0,2.3566949999999998,336.93007439866454,7234.759360354117
20.7,16.099999999999998,0.01,2.3566949999999998,1.5606669723025917,108.24296640791748
20.7,16.099999999999998,0.20900000000000002,2.3566949999999998,32.617939721124166,768.2022784221883
20.7,16.099999999999998,0.40800000000000003,2.3566949999999998,65.10166177330017,1458.4732829175944
20.7,16.099999999999998,0.607,2.3566949999999998,105.49870224651292,2316.900333281369
20.7,16.099999999999998,0.806,2.3566949999999998,151.66629441418252,3297.950170166572
20.7,16.099999999999998,1.0050000000000001,2.3566949999999998,196.67389682889555,4254.350513662699
20.7,16.099999999999998,1.2040000000000002,2.3566949999999998,252.16066178732618,5433.430451686326
20.7,16.099999999999998,1.4030000000000002,2.3566949999999998,306.28745701638354,6583.611371621139
20.7,16.099999999999998,1.6020000000000003,2.3566949999999998,360.4142522454408,7733.792291555952
20.7,16.099999999999998,1.8010000000000004,2.3566949999999998,414.5410474744981,8883.973211490762
20.7,16.099999999999998,2.0,2.3566949999999998,468.6678427035553,10034.154131425574
20.7,18.4,0.01,2.3566949999999998,2.1197905970151347,120.12420419980364
20.7,18.4,0.20900000000000002,2.3566949999999998,44.30362347761631,1016.520148272609
20.7,18.4,0.40800000000000003,2.3566949999999998,88.22256157867552,1949.7866462033448
20.7,18.4,0.607,2.3566949999999998,142.56500412576312,3104.550017945694
20.7,18.4,0.806,2.3566949999999998,204.61267648971918,4423.0476045361675
20.7,18.4,1.0050000000000001,2.3566949999999998,265.1013621108622,5708.4171110615525
20.7,18.4,1.2040000000000002,2.3566949999999998,338.26822939365974,7263.194820769714
20.7,18.4,1.4030000000000002,2.3566949999999998,409.6417911058005,8779.865233671304
20.7,18.4,1.6020000000000003,2.3566949999999998,481.0153528179412,10296.535646572893
20.7,18.4,1.8010000000000004,2.3566949999999998,552.3889145300819,11813.20605947448
20.7,18.4,2.0,2.3566949999999998,623.7624762422224,13329.876472376067
20.7,20.7,0.01,2.3566949999999998,2.7771033028602883,134.09193551466183
20.7,20.7,0.20900000000000002,2.3566949999999998,58.04145902978003,1308.445732753145
20.7,20.7,0.40800000000000003,2.3566949999999998,115.34583195060195,2526.1493873559084
20.7,20.7,0.607,2.3566949999999998,185.93368894905714,4026.123770748276
20.7,20.7,0.806,2.3566949999999998,266.4649233900107,5737.39244868872
20.7,20.7,1.0050000000000001,2.3566949999999998,344.97275998068903,7405.664426178398
20.7,20.7,1.2040000000000002,2.3566949999999998,438.3406902678348,9389.709694249761
20.7,20.7,1.4030000000000002,2.3566949999999998,529.42019089108,11325.126401829177
20.7,20.7,1.6020000000000003,2.3566949999999998,620.4996915143251,13260.543109408594
20.7,20.7,1.8010000000000004,2.3566949999999998,711.5791921375702,15195.959816988012
20.7,20.7,2.0,2.3566949999999998,802.6586927608151,17131.376524567422
