0.0,1.97,0.01,0.0,0.00715648980853498,25.11958655242223
0.0,1.97,0.20900000000000002,0.0,0.14957063699838108,27.499358945624614
0.0,1.97,0.40800000000000003,0.0,0.2919847841882272,29.879131338826998
0.0,1.97,0.607,0.0,0.4575409880226894,32.645612697476246
0.0,1.97,0.806,0.0,0.642995034953457,35.744591484360186
0.0,1.97,1.0050000000000001,0.0,0.8237894324638536,38.76570648262895
0.0,1.97,1.2040000000000002,0.0,1.1062406376425242,43.485529574466184
0.0,1.97,1.4030000000000002,0.0,1.3817690191648544,48.089670727777985
0.0,1.97,1.6020000000000003,0.0,1.657297400687185,52.6938118810898
0.0,1.97,1.8010000000000004,0.0,1.9328257822095156,57.29795303440161
0.0,1.97,2.0,0.0,2.2083541637318453,61.9020941877134
0.0,3.94,0.01,0.0,0.035817234166365286,25.598514029342574
0.0,3.94,0.20900000000000002,0.0,0.7485801940770346,37.50894321325981
0.0,3.94,0.40800000000000003,0.0,1.4613431539877038,49.41937239717704
0.0,3.94,0.607,0.0,2.264895735742457,62.84691655820267
0.0,3.94,0.806,0.0,3.1465104222603486,77.57889602664861
0.0,3.94,1.0050000000000001,0.0,4.0059739860014085,91.9407252571939
0.0,3.94,1.2040000000000002,0.0,5.263930761913845,112.9614655855237
0.0,3.94,1.4030000000000002,0.0,6.491055263906859,133.46699169011993
0.0,3.94,1.6020000000000003,0.0,7.7181797658998725,153.9725177947161
0.0,3.94,1.8010000000000004,0.0,8.945304267892885,174.47804389931233
0.0,3.94,2.0,0.0,10.172428769885897,194.9835700039085
0.0,5.91,0.01,0.0,0.09187770388390519,26.5352970724339
0.0,5.91,0.20900000000000002,0.0,1.9202440111736185,57.08770881386846
0.0,5.91,0.40800000000000003,0.0,3.7486103184633315,87.64012055530303
0.0,5.91,0.607,0.0,5.773153301518116,121.47068862030554
0.0,5.91,0.806,0.0,7.966371557193337,158.1198583840768
0.0,5.91,1.0050000000000001,0.0,10.104483826545058,193.848194736698
0.0,5.91,1.2040000000000002,0.0,13.114163986526368,244.1406263414362
0.0,5.91,1.4030000000000002,0.0,16.050077475919903,293.20040030880335
0.0,5.91,1.6020000000000003,0.0,18.98599096531343,342.26017427617046
0.0,5.91,1.8010000000000004,0.0,21.921904454706965,391.3199482435376
0.0,5.91,2.0,0.0,24.85781794410049,440.3797222109047
0.0,7.88,0.01,0.0,0.17926026552825688,27.99547930820099
0.0,7.88,0.20900000000000002,0.0,3.74653954954057,87.60551754140076
0.0,7.88,0.40800000000000003,0.0,7.313818833552882,147.21555577460052
0.0,7.88,0.607,0.0,11.213754795540336,212.38436182883945
0.0,7.88,0.806,0.0,15.3997133217681,282.3326691871496
0.0,7.88,1.0050000000000001,0.0,19.48049701065346,350.52348138570306
0.0,7.88,1.2040000000000002,0.0,25.065438123270695,443.8491020471813
0.0,7.88,1.4030000000000002,0.0,30.51349342430418,534.8873300453881
0.0,7.88,1.6020000000000003,0.0,35.961548725337664,625.9255580435948
0.0,7.88,1.8010000000000004,0.0,41.40960402637114,716.9637860418014
0.0,7.88,2.0,0.0,46.85765932740461,808.0020140400079
0.0,9.85,0.01,0.0,0.30104953866483514,30.030605422548696
0.0,9.85,0.20900000000000002,0.0,6.2919353580950546,130.13965333126777
0.0,9.85,0.40800000000000003,0.0,12.282821177525275,230.24870123998684
0.0,9.85,0.607,0.0,18.767798284514733,338.6141255625453
0.0,9.85,0.806,0.0,25.67760154529346,454.07849035307805
0.0,9.85,1.0050000000000001,0.0,32.41379165881643,566.6417404503812
0.0,9.85,1.2040000000000002,0.0,41.43154701425279,717.3304582988457
0.0,9.85,1.4030000000000002,0.0,50.228278954114735,864.3258252196516
0.0,9.85,1.6020000000000003,0.0,59.02501089397668,1011.3211921404576
0.0,9.85,1.8010000000000004,0.0,67.82174283383863,1158.3165590612637
0.0,9.85,2.0,0.0,76.61847477370054,1305.3119259820692
0.0,11.82,0.01,0.0,0.459835103901513,32.6839478891897
0.0,11.82,0.20900000000000002,0.0,9.610553671541622,185.59451088406485
0.0,11.82,0.40800000000000003,0.0,18.76127223918173,338.50507387894
0.0,11.82,0.607,0.0,28.58677471986332,502.69142765246954
0.0,11.82,0.806,0.0,38.99246523792639,676.5728538711975
0.0,11.82,1.0050000000000001,0.0,49.13670624548534,846.0854000341783
0.0,11.82,1.2040000000000002,0.0,62.471541540625445,1068.9134935168581
0.0,11.82,1.4030000000000002,0.0,75.47954263735525,1286.2801141200607
0.0,11.82,1.6020000000000003,0.0,88.48754373408505,1503.646734723263
0.0,11.82,1.8010000000000004,0.0,101.49554483081484,1721.0133553264652
0.0,11.82,2.0,0.0,114.50354592754461,1938.3799759296671
0.0,13.79,0.01,0.0,0.6578722994312485,35.99319391599517
0.0,13.79,0.20900000000000002,0.0,13.749531058113096,254.75775284429912
0.0,13.79,0.40800000000000003,0.0,26.841189816794945,473.5223117726031
0.0,13.79,0.607,0.0,40.80225333359019,706.8148195227259
0.0,13.79,0.806,0.0,55.51084243680071,952.5986477551604
0.0,13.79,1.0050000000000001,0.0,69.84986899972954,1192.207002916428
0.0,13.79,1.2040000000000002,0.0,88.40809378784985,1502.319108273063
0.0,13.79,1.4030000000000002,0.0,106.51146012528092,1804.8304267337014
0.0,13.79,1.6020000000000003,0.0,124.61482646271197,2107.34174519434
0.0,13.79,1.8010000000000004,0.0,142.71819280014304,2409.853063654978
0.0,13.79,2.0,0.0,160.82155913757407,2712.3643821156165
0.0,15.76,0.01,0.0,0.8971726473351567,39.99195648883351
0.0,15.76,0.20900000000000002,0.0,18.750908329304778,338.33189061662034
0.0,15.76,0.40800000000000003,0.0,36.604644011274395,636.6718247444071
0.0,15.76,0.607,0.0,55.53131060597682,952.9406754603136
0.0,15.76,0.806,0.0,75.38049723779531,1284.6250432426411
0.0,15.76,1.0050000000000001,0.0,94.7309605874073,1607.9756329399854
0.0,15.76,1.2040000000000002,0.0,119.43767012486286,2020.8302997290084
0.0,15.76,1.4030000000000002,0.0,143.53882305600825,2423.565979586928
0.0,15.76,1.6020000000000003,0.0,167.63997598715363,2826.3016594448472
0.0,15.76,1.8010000000000004,0.0,191.74112891829898,3229.037339302766
0.0,15.76,2.0,0.0,215.84228184944433,3631.7730191606847
0.0,17.73,0.01,0.0,1.1795604684451642,44.710720418644
0.0,17.73,0.20900000000000002,0.0,24.652813790503934,436.95405674965974
0.0,17.73,0.40800000000000003,0.0,48.126067112562694,829.1973930806754
0.0,17.73,0.607,0.0,72.87992047715265,1242.8398438120812
0.0,17.73,0.806,0.0,98.73485051382555,1674.881533093356
0.0,17.73,1.0050000000000001,0.0,123.94015919279305,2096.0679035484673
0.0,17.73,1.2040000000000002,0.0,155.7368246939871,2627.397327266193
0.0,17.73,1.4030000000000002,0.0,186.7541601583872,3145.7039709908368
0.0,17.73,1.6020000000000003,0.0,217.77149562278728,3664.01061471548
0.0,17.73,1.8010000000000004,0.0,248.7888310871874,4182.3172584401245
0.0,17.73,2.0,0.0,279.8061665515874,4700.623902164767
1.97,0.0,0.01,0.03454001,0.0,25.577171326591316
1.97,0.0,0.20900000000000002,0.03454001,0.0,25.577171326591316
1.97,0.0,0.40800000000000003,0.03454001,0.0,25.577171326591316
1.97,0.0,0.607,0.03454001,0.0,25.577171326591316
1.97,0.0,0.806,0.03454001,0.0,25.577171326591316
1.97,0.0,1.0050000000000001,0.03454001,0.0,25.577171326591316
1.97,0.0,1.2040000000000002,0.03454001,0.0,25.577171326591316
1.97,0.0,1.4030000000000002,0.03454001,0.0,25.577171326591316
1.97,0.0,1.6020000000000003,0.03454001,0.0,25.577171326591316
1.97,0.0,1.8010000000000004,0.03454001,0.0,25.577171326591316
1.97,0.0,2.0,0.03454001,0.0,25.577171326591316
1.97,1.97,0.01,0.03454001,0.00715648980853498,25.696757879013546
1.97,1.97,0.20900000000000002,0.03454001,0.14957063699838108,28.076530272215926
1.97,1.97,0.40800000000000003,0.03454001,0.2919847841882272,30.456302665418313
1.97,1.97,0.607,0.03454001,0.4575409880226894,33.22278402406756
1.97,1.97,0.806,0.03454001,0.642995034953457,36.3217628109515
1.97,1.97,1.0050000000000001,0.03454001,0.8237894324638536,39.34287780922026
1.97,1.97,1.2040000000000002,0.03454001,1.1062406376425242,44.0627009010575
1.97,1.97,1.4030000000000002,0.03454001,1.3817690191648544,48.6668420543693
1.97,1.97,1.6020000000000003,0.03454001,1.657297400687185,53.27098320768111
1.97,1.97,1.8010000000000004,0.03454001,1.9328257822095156,57.87512436099292
1.97,1.97,2.0,0.03454001,2.2083541637318453,62.47926551430472
1.97,3.94,0.01,0.03454001,0.035817234166365286,26.17568535593389
1.97,3.94,0.20900000000000002,0.03454001,0.7485801940770346,38.086114539851124
1.97,3.94,0.40800000000000003,0.03454001,1.4613431539877038,49.996543723768355
1.97,3.94,0.607,0.03454001,2.264895735742457,63.42408788479399
1.97,3.94,0.806,0.03454001,3.1465104222603486,78.15606735323993
1.97,3.94,1.0050000000000001,0.03454001,4.0059739860014085,92.51789658378522
1.97,3.94,1.2040000000000002,0.03454001,5.263930761913845,113.53863691211501
1.97,3.94,1.4030000000000002,0.03454001,6.491055263906859,134.04416301671122
1.97,3.94,1.6020000000000003,0.03454001,7.7181797658998725,154.54968912130744
1.97,3.94,1.8010000000000004,0.03454001,8.945304267892885,175.05521522590365
1.97,3.94,2.0,0.03454001,10.172428769885897,195.56074133049984
1.97,5.91,0.01,0.03454001,0.09187770388390519,27.11246839902521
1.97,5.91,0.20900000000000002,0.03454001,1.9202440111736185,57.66488014045978
1.97,5.91,0.40800000000000003,0.03454001,3.7486103184633315,88.21729188189434
1.97,5.91,0.607,0.03454001,5.773153301518116,122.04785994689685
1.97,5.91,0.806,0.03454001,7.966371557193337,158.69702971066812
1.97,5.91,1.0050000000000001,0.03454001,10.104483826545058,194.42536606328932
1.97,5.91,1.2040000000000002,0.03454001,13.114163986526368,244.7177976680275
1.97,5.91,1.4030000000000002,0.03454001,16.050077475919903,293.7775716353947
1.97,5.91,1.6020000000000003,0.03454001,18.98599096531343,342.8373456027618
1.97,5.91,1.8010000000000004,0.03454001,21.921904454706965,391.89711957012895
1.97,5.91,2.0,0.03454001,24.85781794410049,440.956893537496
1.97,7.88,0.01,0.03454001,0.17926026552825688,28.572650634792307
1.97,7.88,0.20900000000000002,0.03454001,3.74653954954057,88.18268886799207
1.97,7.88,0.40800000000000003,0.03454001,7.313818833552882,147.79272710119182
1.97,7.88,0.607,0.03454001,11.213754795540336,212.96153315543077
1.97,7.88,0.806,0.03454001,15.3997133217681,282.90984051374085
1.97,7.88,1.0050000000000001,0.03454001,19.48049701065346,351.1006527122944
1.97,7.88,1.2040000000000002,0.03454001,25.065438123270695,444.42627337377263
1.97,7.88,1.4030000000000002,0.03454001,30.51349342430418,535.4645013719794
1.97,7.88,1.6020000000000003,0.03454001,35.961548725337664,626.5027293701861
1.97,7.88,1.8010000000000004,0.03454001,41.40960402637114,717.5409573683927
1.97,7.88,2.0,0.03454001,46.85765932740461,808.5791853665992
1.97,9.85,0.01,0.03454001,0.30104953866483514,30.60777674914001
1.97,9.85,0.20900000000000002,0.03454001,6.2919353580950546,130.7168246578591
1.97,9.85,0.40800000000000003,0.03454001,12.282821177525275,230.82587256657817
1.97,9.85,0.607,0.03454001,18.767798284514733,339.19129688913665
1.97,9.85,0.806,0.03454001,25.67760154529346,454.6556616796694
1.97,9.85,1.0050000000000001,0.03454001,32.41379165881643,567.2189117769726
1.97,9.85,1.2040000000000002,0.03454001,41.43154701425279,717.9076296254369
1.97,9.85,1.4030000000000002,0.03454001,50.228278954114735,864.9029965462429
1.97,9.85,1.6020000000000003,0.03454001,59.02501089397668,1011.8983634670489
1.97,9.85,1.8010000000000004,0.03454001,67.82174283383863,1158.893730387855
1.97,9.85,2.0,0.03454001,76.61847477370054,1305.8890973086604
1.97,11.82,0.01,0.03454001,0.459835103901513,33.26111921578102
1.97,11.82,0.20900000000000002,0.03454001,9.610553671541622,186.17168221065617
1.97,11.82,0.40800000000000003,0.03454001,18.76127223918173,339.0822452055313
1.97,11.82,0.607,0.03454001,28.58677471986332,503.26859897906087
1.97,11.82,0.806,0.03454001,38.99246523792639,677.1500251977888
1.97,11.82,1.0050000000000001,0.03454001,49.13670624548534,846.6625713607696
1.97,11.82,1.2040000000000002,0.03454001,62.471541540625445,1069.4906648434494
1.97,11.82,1.4030000000000002,0.03454001,75.47954263735525,1286.857285446652
1.97,11.82,1.6020000000000003,0.03454001,88.48754373408505,1504.2239060498543
1.97,11.82,1.8010000000000004,0.03454001,101.49554483081484,1721.5905266530565
1.97,11.82,2.0,0.03454001,114.50354592754461,1938.9571472562584
1.97,13.79,0.01,0.03454001,0.6578722994312485,36.57036524258649
1.97,13.79,0.20900000000000002,0.03454001,13.749531058113096,255.33492417089045
1.97,13.79,0.40800000000000003,0.03454001,26.841189816794945,474.0994830991944
1.97,13.79,0.607,0.03454001,40.80225333359019,707.3919908493172
1.97,13.79,0.806,0.03454001,55.51084243680071,953.1758190817517
1.97,13.79,1.0050000000000001,0.03454001,69.84986899972954,1192.7841742430194
1.97,13.79,1.2040000000000002,0.03454001,88.40809378784985,1502.8962795996542
1.97,13.79,1.4030000000000002,0.03454001,106.51146012528092,1805.4075980602927
1.97,13.79,1.6020000000000003,0.03454001,124.61482646271197,2107.9189165209314
1.97,13.79,1.8010000000000004,0.03454001,142.71819280014304,2410.4302349815694
1.97,13.79,2.0,0.03454001,160.82155913757407,2712.941553442208
1.97,15.76,0.01,0.03454001,0.8971726473351567,40.56912781542482
1.97,15.76,0.20900000000000002,0.03454001,18.750908329304778,338.90906194321167
1.97,15.76,0.40800000000000003,0.03454001,36.604644011274395,637.2489960709984
1.97,15.76,0.607,0.03454001,55.53131060597682,953.5178467869049
1.97,15.76,0.806,0.03454001,75.38049723779531,1285.2022145692324
1.97,15.76,1.0050000000000001,0.03454001,94.7309605874073,1608.5528042665767
1.97,15.76,1.2040000000000002,0.03454001,119.43767012486286,2021.4074710555997
1.97,15.76,1.4030000000000002,0.03454001,143.53882305600825,2424.143150913519
1.97,15.76,1.6020000000000003,0.03454001,167.63997598715363,2826.8788307714385
1.97,15.76,1.8010000000000004,0.03454001,191.74112891829898,3229.6145106293575
1.97,15.76,2.0,0.03454001,215.84228184944433,3632.350190487276
1.97,17.73,0.01,0.03454001,1.1795604684451642,45.287891745235314
1.97,17.73,0.20900000000000002,0.03454001,24.652813790503934,437.53122807625107
1.97,17.73,0.40800000000000003,0.03454001,48.126067112562694,829.7745644072667
1.97,17.73,0.607,0.03454001,72.87992047715265,1243.4170151386725
1.97,17.73,0.806,0.03454001,98.73485051382555,1675.4587044199473
1.97,17.73,1.0050000000000001,0.03454001,123.94015919279305,2096.6450748750585
1.97,17.73,1.2040000000000002,0.03454001,155.7368246939871,2627.974498592784
1.97,17.73,1.4030000000000002,0.03454001,186.7541601583872,3146.281142317428
1.97,17.73,1.6020000000000003,0.03454001,217.77149562278728,3664.5877860420715
1.97,17.73,1.8010000000000004,0.03454001,248.7888310871874,4182.894429766716
1.97,17.73,2.0,0.03454001,279.8061665515874,4701.201073491358
3.94,0.0,0.01,0.13816004,0.0,27.30868530636526
3.94,0.0,0.20900000000000002,0.13816004,0.0,27.30868530636526
3.94,0.0,0.40800000000000003,0.13816004,0.0,27.30868530636526
3.94,0.0,0.607,0.13816004,0.0,27.30868530636526
3.94,0.0,0.806,0.13816004,0.0,27.30868530636526
3.94,0.0,1.0050000000000001,0.13816004,0.0,27.30868530636526
3.94,0.0,1.2040000000000002,0.13816004,0.0,27.30868530636526
3.94,0.0,1.4030000000000002,0.13816004,0.0,27.30868530636526
3.94,0.0,1.6020000000000003,0.13816004,0.0,27.30868530636526
3.94,0.0,1.8010000000000004,0.13816004,0.0,27.30868530636526
3.94,0.0,2.0,0.13816004,0.0,27.30868530636526
3.94,1.97,0.01,0.13816004,0.00715648980853498,27.42827185878749
3.94,1.97,0.20900000000000002,0.13816004,0.14957063699838108,29.808044251989873
3.94,1.97,0.40800000000000003,0.13816004,0.2919847841882272,32.18781664519226
3.94,1.97,0.607,0.13816004,0.4575409880226894,34.9542980038415
3.94,1.97,0.806,0.13816004,0.642995034953457,38.05327679072544
3.94,1.97,1.0050000000000001,0.13816004,0.8237894324638536,41.074391788994205
3.94,1.97,1.2040000000000002,0.13816004,1.1062406376425242,45.79421488083144
3.94,1.97,1.4030000000000002,0.13816004,1.3817690191648544,50.39835603414325
3.94,1.97,1.6020000000000003,0.13816004,1.657297400687185,55.002497187455056
3.94,1.97,1.8010000000000004,0.13816004,1.9328257822095156,59.60663834076687
3.94,1.97,2.0,0.13816004,2.2083541637318453,64.21077949407866
3.94,3.94,0.01,0.13816004,0.035817234166365286,27.907199335707833
3.94,3.94,0.20900000000000002,0.13816004,0.7485801940770346,39.81762851962507
3.94,3.94,0.40800000000000003,0.13816004,1.4613431539877038,51.728057703542305
3.94,3.94,0.607,0.13816004,2.264895735742457,65.15560186456793
3.94,3.94,0.806,0.13816004,3.1465104222603486,79.88758133301388
3.94,3.94,1.0050000000000001,0.13816004,4.0059739860014085,94.24941056355917
3.94,3.94,1.2040000000000002,0.13816004,5.263930761913845,115.27015089188896
3.94,3.94,1.4030000000000002,0.13816004,6.491055263906859,135.77567699648517
3.94,3.94,1.6020000000000003,0.13816004,7.7181797658998725,156.28120310108136
3.94,3.94,1.8010000000000004,0.13816004,8.945304267892885,176.78672920567757
3.94,3.94,2.0,0.13816004,10.172428769885897,197.29225531027376
3.94,5.91,0.01,0.13816004,0.09187770388390519,28.843982378799158
3.94,5.91,0.20900000000000002,0.13816004,1.9202440111736185,59.39639412023372
3.94,5.91,0.40800000000000003,0.13816004,3.7486103184633315,89.94880586166829
3.94,5.91,0.607,0.13816004,5.773153301518116,123.7793739266708
3.94,5.91,0.806,0.13816004,7.966371557193337,160.42854369044207
3.94,5.91,1.0050000000000001,0.13816004,10.104483826545058,196.15688004306327
3.94,5.91,1.2040000000000002,0.13816004,13.114163986526368,246.44931164780144
3.94,5.91,1.4030000000000002,0.13816004,16.050077475919903,295.5090856151686
3.94,5.91,1.6020000000000003,0.13816004,18.98599096531343,344.5688595825357
3.94,5.91,1.8010000000000004,0.13816004,21.921904454706965,393.6286335499029
3.94,5.91,2.0,0.13816004,24.85781794410049,442.6884075172699
3.94,7.88,0.01,0.13816004,0.17926026552825688,30.304164614566254
3.94,7.88,0.20900000000000002,0.13816004,3.74653954954057,89.91420284776602
3.94,7.88,0.40800000000000003,0.13816004,7.313818833552882,149.52424108096577
3.94,7.88,0.607,0.13816004,11.213754795540336,214.69304713520472
3.94,7.88,0.806,0.13816004,15.3997133217681,284.6413544935148
3.94,7.88,1.0050000000000001,0.13816004,19.48049701065346,352.8321666920683
3.94,7.88,1.2040000000000002,0.13816004,25.065438123270695,446.15778735354655
3.94,7.88,1.4030000000000002,0.13816004,30.51349342430418,537.1960153517533
3.94,7.88,1.6020000000000003,0.13816004,35.961548725337664,628.2342433499601
3.94,7.88,1.8010000000000004,0.13816004,41.40960402637114,719.2724713481667
3.94,7.88,2.0,0.13816004,46.85765932740461,810.3106993463732
3.94,9.85,0.01,0.13816004,0.30104953866483514,32.33929072891396
3.94,9.85,0.20900000000000002,0.13816004,6.2919353580950546,132.44833863763301
3.94,9.85,0.40800000000000003,0.13816004,12.282821177525275,232.55738654635212
3.94,9.85,0.607,0.13816004,18.767798284514733,340.9228108689106
3.94,9.85,0.806,0.13816004,25.67760154529346,456.3871756594433
3.94,9.85,1.0050000000000001,0.13816004,32.41379165881643,568.9504257567465
3.94,9.85,1.2040000000000002,0.13816004,41.43154701425279,719.639143605211
3.94,9.85,1.4030000000000002,0.13816004,50.228278954114735,866.6345105260169
3.94,9.85,1.6020000000000003,0.13816004,59.02501089397668,1013.6298774468229
3.94,9.85,1.8010000000000004,0.13816004,67.82174283383863,1160.625244367629
3.94,9.85,2.0,0.13816004,76.61847477370054,1307.6206112884345
3.94,11.82,0.01,0.13816004,0.459835103901513,34.992633195554966
3.94,11.82,0.20900000000000002,0.13816004,9.610553671541622,187.90319619043012
3.94,11.82,0.40800000000000003,0.13816004,18.76127223918173,340.81375918530523
3.94,11.82,0.607,0.13816004,28.58677471986332,505.0001129588348
3.94,11.82,0.806,0.13816004,38.99246523792639,678.8815391775628
3.94,11.82,1.0050000000000001,0.13816004,49.13670624548534,848.3940853405436
3.94,11.82,1.2040000000000002,0.13816004,62.471541540625445,1071.2221788232234
3.94,11.82,1.4030000000000002,0.13816004,75.47954263735525,1288.588799426426
3.94,11.82,1.6020000000000003,0.13816004,88.48754373408505,1505.9554200296284
3.94,11.82,1.8010000000000004,0.13816004,101.49554483081484,1723.3220406328305
3.94,11.82,2.0,0.13816004,114.50354592754461,1940.6886612360324
3.94,13.79,0.01,0.13816004,0.6578722994312485,38.30187922236043
3.94,13.79,0.20900000000000002,0.13816004,13.749531058113096,257.0664381506644
3.94,13.79,0.40800000000000003,0.13816004,26.841189816794945,475.8309970789683
3.94,13.79,0.607,0.13816004,40.80225333359019,709.1235048290912
3.94,13.79,0.806,0.13816004,55.51084243680071,954.9073330615257
3.94,13.79,1.0050000000000001,0.13816004,69.84986899972954,1194.5156882227934
3.94,13.79,1.2040000000000002,0.13816004,88.40809378784985,1504.6277935794283
3.94,13.79,1.4030000000000002,0.13816004,106.51146012528092,1807.1391120400667
3.94,13.79,1.6020000000000003,0.13816004,124.61482646271197,2109.650430500705
3.94,13.79,1.8010000000000004,0.13816004,142.71819280014304,2412.161748961343
3.94,13.79,2.0,0.13816004,160.82155913757407,2714.6730674219816
3.94,15.76,0.01,0.13816004,0.8971726473351567,42.300641795198764
3.94,15.76,0.20900000000000002,0.13816004,18.750908329304778,340.6405759229856
3.94,15.76,0.40800000000000003,0.13816004,36.604644011274395,638.9805100507724
3.94,15.76,0.607,0.13816004,55.53131060597682,955.2493607666789
3.94,15.76,0.806,0.13816004,75.38049723779531,1286.9337285490064
3.94,15.76,1.0050000000000001,0.13816004,94.7309605874073,1610.2843182463507
3.94,15.76,1.2040000000000002,0.13816004,119.43767012486286,2023.1389850353737
3.94,15.76,1.4030000000000002,0.13816004,143.53882305600825,2425.874664893293
3.94,15.76,1.6020000000000003,0.13816004,167.63997598715363,2828.6103447512123
3.94,15.76,1.8010000000000004,0.13816004,191.74112891829898,3231.3460246091313
3.94,15.76,2.0,0.13816004,215.84228184944433,3634.08170446705
3.94,17.73,0.01,0.13816004,1.1795604684451642,47.019405725009264
3.94,17.73,0.20900000000000002,0.13816004,24.652813790503934,439.262742056025
3.94,17.73,0.40800000000000003,0.13816004,48.126067112562694,831.5060783870407
3.94,17.73,0.607,0.13816004,72.87992047715265,1245.1485291184465
3.94,17.73,0.806,0.13816004,98.73485051382555,1677.1902183997213
3.94,17.73,1.0050000000000001,0.13816004,123.94015919279305,2098.376588854833
3.94,17.73,1.2040000000000002,0.13816004,155.7368246939871,2629.706012572558
3.94,17.73,1.4030000000000002,0.13816004,186.7541601583872,3148.012656297202
3.94,17.73,1.6020000000000003,0.13816004,217.77149562278728,3666.3193000218453
3.94,17.73,1.8010000000000004,0.13816004,248.7888310871874,4184.62594374649
3.94,17.73,2.0,0.13816004,279.8061665515874,4702.932587471132
5.91,0.0,0.01,0.31086009000000003,0.0,30.194541939321834
5.91,0.0,0.20900000000000002,0.31086009000000003,0.0,30.194541939321834
5.91,0.0,0.40800000000000003,0.31086009000000003,0.0,30.194541939321834
5.91,0.0,0.607,0.31086009000000003,0.0,30.194541939321834
5.91,0.0,0.806,0.31086009000000003,0.0,30.194541939321834
5.91,0.0,1.0050000000000001,0.31086009000000003,0.0,30.194541939321834
5.91,0.0,1.2040000000000002,0.31086009000000003,0.0,30.194541939321834
5.91,0.0,1.4030000000000002,0.31086009000000003,0.0,30.194541939321834
5.91,0.0,1.6020000000000003,0.31086009000000003,0.0,30.194541939321834
5.91,0.0,1.8010000000000004,0.31086009000000003,0.0,30.194541939321834
5.91,0.0,2.0,0.31086009000000003,0.0,30.194541939321834
5.91,1.97,0.01,0.31086009000000003,0.00715648980853498,30.314128491744064
5.91,1.97,0.20900000000000002,0.31086009000000003,0.14957063699838108,32.693900884946444
5.91,1.97,0.40800000000000003,0.31086009000000003,0.2919847841882272,35.07367327814883
5.91,1.97,0.607,0.31086009000000003,0.4575409880226894,37.840154636798076
5.91,1.97,0.806,0.31086009000000003,0.642995034953457,40.939133423682016
5.91,1.97,1.0050000000000001,0.31086009000000003,0.8237894324638536,43.96024842195078
5.91,1.97,1.2040000000000002,0.31086009000000003,1.1062406376425242,48.68007151378802
5.91,1.97,1.4030000000000002,0.31086009000000003,1.3817690191648544,53.28421266709982
5.91,1.97,1.6020000000000003,0.31086009000000003,1.657297400687185,57.88835382041163
5.91,1.97,1.8010000000000004,0.31086009000000003,1.9328257822095156,62.49249497372344
5.91,1.97,2.0,0.31086009000000003,2.2083541637318453,67.09663612703524
5.91,3.94,0.01,0.31086009000000003,0.035817234166365286,30.793055968664408
5.91,3.94,0.20900000000000002,0.31086009000000003,0.7485801940770346,42.703485152581635
5.91,3.94,0.40800000000000003,0.31086009000000003,1.4613431539877038,54.61391433649888
5.91,3.94,0.607,0.31086009000000003,2.264895735742457,68.0414584975245
5.91,3.94,0.806,0.31086009000000003,3.1465104222603486,82.77343796597046
5.91,3.94,1.0050000000000001,0.31086009000000003,4.0059739860014085,97.13526719651573
5.91,3.94,1.2040000000000002,0.31086009000000003,5.263930761913845,118.15600752484553
5.91,3.94,1.4030000000000002,0.31086009000000003,6.491055263906859,138.66153362944175
5.91,3.94,1.6020000000000003,0.31086009000000003,7.7181797658998725,159.16705973403796
5.91,3.94,1.8010000000000004,0.31086009000000003,8.945304267892885,179.67258583863415
5.91,3.94,2.0,0.31086009000000003,10.172428769885897,200.17811194323033
5.91,5.91,0.01,0.31086009000000003,0.09187770388390519,31.72983901175573
5.91,5.91,0.20900000000000002,0.31086009000000003,1.9202440111736185,62.2822507531903
5.91,5.91,0.40800000000000003,0.31086009000000003,3.7486103184633315,92.83466249462487
5.91,5.91,0.607,0.31086009000000003,5.773153301518116,126.66523055962737
5.91,5.91,0.806,0.31086009000000003,7.966371557193337,163.31440032339864
5.91,5.91,1.0050000000000001,0.31086009000000003,10.104483826545058,199.0427366760198
5.91,5.91,1.2040000000000002,0.31086009000000003,13.114163986526368,249.335168280758
5.91,5.91,1.4030000000000002,0.31086009000000003,16.050077475919903,298.3949422481252
5.91,5.91,1.6020000000000003,0.31086009000000003,18.98599096531343,347.4547162154923
5.91,5.91,1.8010000000000004,0.31086009000000003,21.921904454706965,396.51449018285945
5.91,5.91,2.0,0.31086009000000003,24.85781794410049,445.5742641502265
5.91,7.88,0.01,0.31086009000000003,0.17926026552825688,33.19002124752283
5.91,7.88,0.20900000000000002,0.31086009000000003,3.74653954954057,92.8000594807226
5.91,7.88,0.40800000000000003,0.31086009000000003,7.313818833552882,152.41009771392237
5.91,7.88,0.607,0.31086009000000003,11.213754795540336,217.5789037681613
5.91,7.88,0.806,0.31086009000000003,15.3997133217681,287.5272111264714
5.91,7.88,1.0050000000000001,0.31086009000000003,19.48049701065346,355.7180233250249
5.91,7.88,1.2040000000000002,0.31086009000000003,25.065438123270695,449.0436439865031
5.91,7.88,1.4030000000000002,0.31086009000000003,30.51349342430418,540.0818719847099
5.91,7.88,1.6020000000000003,0.31086009000000003,35.961548725337664,631.1200999829166
5.91,7.88,1.8010000000000004,0.31086009000000003,41.40960402637114,722.1583279811233
5.91,7.88,2.0,0.31086009000000003,46.85765932740461,813.1965559793298
5.91,9.85,0.01,0.31086009000000003,0.30104953866483514,35.225147361870526
5.91,9.85,0.20900000000000002,0.31086009000000003,6.2919353580950546,135.3341952705896
5.91,9.85,0.40800000000000003,0.31086009000000003,12.282821177525275,235.4432431793087
5.91,9.85,0.607,0.31086009000000003,18.767798284514733,343.80866750186715
5.91,9.85,0.806,0.31086009000000003,25.67760154529346,459.2730322923999
5.91,9.85,1.0050000000000001,0.31086009000000003,32.41379165881643,571.836282389703
5.91,9.85,1.2040000000000002,0.31086009000000003,41.43154701425279,722.5250002381675
5.91,9.85,1.4030000000000002,0.31086009000000003,50.228278954114735,869.5203671589735
5.91,9.85,1.6020000000000003,0.31086009000000003,59.02501089397668,1016.5157340797795
5.91,9.85,1.8010000000000004,0.31086009000000003,67.82174283383863,1163.5111010005855
5.91,9.85,2.0,0.31086009000000003,76.61847477370054,1310.506467921391
5.91,11.82,0.01,0.31086009000000003,0.459835103901513,37.87848982851154
5.91,11.82,0.20900000000000002,0.31086009000000003,9.610553671541622,190.7890528233867
5.91,11.82,0.40800000000000003,0.31086009000000003,18.76127223918173,343.6996158182618
5.91,11.82,0.607,0.31086009000000003,28.58677471986332,507.88596959179137
5.91,11.82,0.806,0.31086009000000003,38.99246523792639,681.7673958105194
5.91,11.82,1.0050000000000001,0.31086009000000003,49.13670624548534,851.2799419735002
5.91,11.82,1.2040000000000002,0.31086009000000003,62.471541540625445,1074.10803545618
5.91,11.82,1.4030000000000002,0.31086009000000003,75.47954263735525,1291.4746560593824
5.91,11.82,1.6020000000000003,0.31086009000000003,88.48754373408505,1508.841276662585
5.91,11.82,1.8010000000000004,0.31086009000000003,101.49554483081484,1726.207897265787
5.91,11.82,2.0,0.31086009000000003,114.50354592754461,1943.574517868989
5.91,13.79,0.01,0.31086009000000003,0.6578722994312485,41.187735855317
5.91,13.79,0.20900000000000002,0.31086009000000003,13.749531058113096,259.9522947836209
5.91,13.79,0.40800000000000003,0.31086009000000003,26.841189816794945,478.71685371192484
5.91,13.79,0.607,0.31086009000000003,40.80225333359019,712.0093614620478
5.91,13.79,0.806,0.31086009000000003,55.51084243680071,957.7931896944823
5.91,13.79,1.0050000000000001,0.31086009000000003,69.84986899972954,1197.40154485575
5.91,13.79,1.2040000000000002,0.31086009000000003,88.40809378784985,1507.5136502123848
5.91,13.79,1.4030000000000002,0.31086009000000003,106.51146012528092,1810.0249686730233
5.91,13.79,1.6020000000000003,0.31086009000000003,124.61482646271197,2112.536287133662
5.91,13.79,1.8010000000000004,0.31086009000000003,142.71819280014304,2415.0476055943
5.91,13.79,2.0,0.31086009000000003,160.82155913757407,2717.5589240549384
5.91,15.76,0.01,0.31086009000000003,0.8971726473351567,45.18649842815533
5.91,15.76,0.20900000000000002,0.31086009000000003,18.750908329304778,343.5264325559421
5.91,15.76,0.40800000000000003,0.31086009000000003,36.604644011274395,641.866366683729
5.91,15.76,0.607,0.31086009000000003,55.53131060597682,958.1352173996355
5.91,15.76,0.806,0.31086009000000003,75.38049723779531,1289.819585181963
5.91,15.76,1.0050000000000001,0.31086009000000003,94.7309605874073,1613.1701748793073
5.91,15.76,1.2040000000000002,0.31086009000000003,119.43767012486286,2026.0248416683303
5.91,15.76,1.4030000000000002,0.31086009000000003,143.53882305600825,2428.7605215262497
5.91,15.76,1.6020000000000003,0.31086009000000003,167.63997598715363,2831.496201384169
5.91,15.76,1.8010000000000004,0.31086009000000003,191.74112891829898,3234.231881242088
5.91,15.76,2.0,0.31086009000000003,215.84228184944433,3636.9675611000066
5.91,17.73,0.01,0.31086009000000003,1.1795604684451642,49.90526235796584
5.91,17.73,0.20900000000000002,0.31086009000000003,24.652813790503934,442.1485986889815
5.91,17.73,0.40800000000000003,0.31086009000000003,48.126067112562694,834.3919350199973
5.91,17.73,0.607,0.31086009000000003,72.87992047715265,1248.034385751403
5.91,17.73,0.806,0.31086009000000003,98.73485051382555,1680.0760750326779
5.91,17.73,1.0050000000000001,0.31086009000000003,123.94015919279305,2101.262445487789
5.91,17.73,1.2040000000000002,0.31086009000000003,155.7368246939871,2632.5918692055147
5.91,17.73,1.4030000000000002,0.31086009000000003,186.7541601583872,3150.8985129301586
5.91,17.73,1.6020000000000003,0.31086009000000003,217.77149562278728,3669.205156654802
5.91,17.73,1.8010000000000004,0.31086009000000003,248.7888310871874,4187.511800379447
5.91,17.73,2.0,0.31086009000000003,279.8061665515874,4705.8184441040885
7.88,0.0,0.01,0.55264016,0.0,34.234741225461036
7.88,0.0,0.20900000000000002,0.55264016,0.0,34.234741225461036
7.88,0.0,0.40800000000000003,0.55264016,0.0,34.234741225461036
7.88,0.0,0.607,0.55264016,0.0,34.234741225461036
7.88,0.0,0.806,0.55264016,0.0,34.234741225461036
7.88,0.0,1.0050000000000001,0.55264016,0.0,34.234741225461036
7.88,0.0,1.2040000000000002,0.55264016,0.0,34.234741225461036
7.88,0.0,1.4030000000000002,0.55264016,0.0,34.234741225461036
7.88,0.0,1.6020000000000003,0.55264016,0.0,34.234741225461036
7.88,0.0,1.8010000000000004,0.55264016,0.0,34.234741225461036
7.88,0.0,2.0,0.55264016,0.0,34.234741225461036
7.88,1.97,0.01,0.55264016,0.00715648980853498,34.35432777788327
7.88,1.97,0.20900000000000002,0.55264016,0.14957063699838108,36.73410017108565
7.88,1.97,0.40800000000000003,0.55264016,0.2919847841882272,39.11387256428803
7.88,1.97,0.607,0.55264016,0.4575409880226894,41.88035392293728
7.88,1.97,0.806,0.55264016,0.642995034953457,44.97933270982122
7.88,1.97,1.0050000000000001,0.55264016,0.8237894324638536,48.000447708089986
7.88,1.97,1.2040000000000002,0.55264016,1.1062406376425242,52.72027079992722
7.88,1.97,1.4030000000000002,0.55264016,1.3817690191648544,57.32441195323902
7.88,1.97,1.6020000000000003,0.55264016,1.657297400687185,61.92855310655083
7.88,1.97,1.8010000000000004,0.55264016,1.9328257822095156,66.53269425986264
7.88,1.97,2.0,0.55264016,2.2083541637318453,71.13683541317444
7.88,3.94,0.01,0.55264016,0.035817234166365286,34.83325525480361
7.88,3.94,0.20900000000000002,0.55264016,0.7485801940770346,46.74368443872085
7.88,3.94,0.40800000000000003,0.55264016,1.4613431539877038,58.65411362263808
7.88,3.94,0.607,0.55264016,2.264895735742457,72.0816577836637
7.88,3.94,0.806,0.55264016,3.1465104222603486,86.81363725210966
7.88,3.94,1.0050000000000001,0.55264016,4.0059739860014085,101.17546648265494
7.88,3.94,1.2040000000000002,0.55264016,5.263930761913845,122.19620681098473
7.88,3.94,1.4030000000000002,0.55264016,6.491055263906859,142.70173291558095
7.88,3.94,1.6020000000000003,0.55264016,7.7181797658998725,163.20725902017716
7.88,3.94,1.8010000000000004,0.55264016,8.945304267892885,183.71278512477338
7.88,3.94,2.0,0.55264016,10.172428769885897,204.21831122936956
7.88,5.91,0.01,0.55264016,0.09187770388390519,35.770038297894935
7.88,5.91,0.20900000000000002,0.55264016,1.9202440111736185,66.32245003932951
7.88,5.91,0.40800000000000003,0.55264016,3.7486103184633315,96.87486178076406
7.88,5.91,0.607,0.55264016,5.773153301518116,130.70542984576656
7.88,5.91,0.806,0.55264016,7.966371557193337,167.35459960953784
7.88,5.91,1.0050000000000001,0.55264016,10.104483826545058,203.08293596215904
7.88,5.91,1.2040000000000002,0.55264016,13.114163986526368,253.37536756689724
7.88,5.91,1.4030000000000002,0.55264016,16.050077475919903,302.43514153426435
7.88,5.91,1.6020000000000003,0.55264016,18.98599096531343,351.49491550163145
7.88,5.91,1.8010000000000004,0.55264016,21.921904454706965,400.5546894689986
7.88,5.91,2.0,0.55264016,24.85781794410049,449.61446343636567
7.88,7.88,0.01,0.55264016,0.17926026552825688,37.230220533662035
7.88,7.88,0.20900000000000002,0.55264016,3.74653954954057,96.8402587668618
7.88,7.88,0.40800000000000003,0.55264016,7.313818833552882,156.45029700006154
7.88,7.88,0.607,0.55264016,11.213754795540336,221.6191030543005
7.88,7.88,0.806,0.55264016,15.3997133217681,291.5674104126106
7.88,7.88,1.0050000000000001,0.55264016,19.48049701065346,359.75822261116406
7.88,7.88,1.2040000000000002,0.55264016,25.065438123270695,453.0838432726423
7.88,7.88,1.4030000000000002,0.55264016,30.51349342430418,544.122071270849
7.88,7.88,1.6020000000000003,0.55264016,35.961548725337664,635.1602992690558
7.88,7.88,1.8010000000000004,0.55264016,41.40960402637114,726.1985272672625
7.88,7.88,2.0,0.55264016,46.85765932740461,817.236755265469
7.88,9.85,0.01,0.55264016,0.30104953866483514,39.26534664800973
7.88,9.85,0.20900000000000002,0.55264016,6.2919353580950546,139.37439455672882
7.88,9.85,0.40800000000000003,0.55264016,12.282821177525275,239.4834424654479
7.88,9.85,0.607,0.55264016,18.767798284514733,347.8488667880063
7.88,9.85,0.806,0.55264016,25.67760154529346,463.3132315785391
7.88,9.85,1.0050000000000001,0.55264016,32.41379165881643,575.8764816758423
7.88,9.85,1.2040000000000002,0.55264016,41.43154701425279,726.5651995243068
7.88,9.85,1.4030000000000002,0.55264016,50.228278954114735,873.5605664451127
7.88,9.85,1.6020000000000003,0.55264016,59.02501089397668,1020.5559333659187
7.88,9.85,1.8010000000000004,0.55264016,67.82174283383863,1167.5513002867247
7.88,9.85,2.0,0.55264016,76.61847477370054,1314.5466672075302
7.88,11.82,0.01,0.55264016,0.459835103901513,41.918689114650746
7.88,11.82,0.20900000000000002,0.55264016,9.610553671541622,194.8292521095259
7.88,11.82,0.40800000000000003,0.55264016,18.76127223918173,347.739815104401
7.88,11.82,0.607,0.55264016,28.58677471986332,511.9261688779306
7.88,11.82,0.806,0.55264016,38.99246523792639,685.8075950966586
7.88,11.82,1.0050000000000001,0.55264016,49.13670624548534,855.3201412596394
7.88,11.82,1.2040000000000002,0.55264016,62.471541540625445,1078.1482347423193
7.88,11.82,1.4030000000000002,0.55264016,75.47954263735525,1295.5148553455215
7.88,11.82,1.6020000000000003,0.55264016,88.48754373408505,1512.881475948724
7.88,11.82,1.8010000000000004,0.55264016,101.49554483081484,1730.2480965519262
7.88,11.82,2.0,0.55264016,114.50354592754461,1947.6147171551281
7.88,13.79,0.01,0.55264016,0.6578722994312485,45.22793514145621
7.88,13.79,0.20900000000000002,0.55264016,13.749531058113096,263.99249406976014
7.88,13.79,0.40800000000000003,0.55264016,26.841189816794945,482.75705299806407
7.88,13.79,0.607,0.55264016,40.80225333359019,716.0495607481869
7.88,13.79,0.806,0.55264016,55.51084243680071,961.8333889806215
7.88,13.79,1.0050000000000001,0.55264016,69.84986899972954,1201.441744141889
7.88,13.79,1.2040000000000002,0.55264016,88.40809378784985,1511.5538494985237
7.88,13.79,1.4030000000000002,0.55264016,106.51146012528092,1814.0651679591624
7.88,13.79,1.6020000000000003,0.55264016,124.61482646271197,2116.576486419801
7.88,13.79,1.8010000000000004,0.55264016,142.71819280014304,2419.0878048804393
7.88,13.79,2.0,0.55264016,160.82155913757407,2721.5991233410778
7.88,15.76,0.01,0.55264016,0.8971726473351567,49.226697714294545
7.88,15.76,0.20900000000000002,0.55264016,18.750908329304778,347.56663184208134
7.88,15.76,0.40800000000000003,0.55264016,36.604644011274395,645.9065659698682
7.88,15.76,0.607,0.55264016,55.53131060597682,962.1754166857747
7.88,15.76,0.806,0.55264016,75.38049723779531,1293.8597844681021
7.88,15.76,1.0050000000000001,0.55264016,94.7309605874073,1617.2103741654464
7.88,15.76,1.2040000000000002,0.55264016,119.43767012486286,2030.0650409544694
7.88,15.76,1.4030000000000002,0.55264016,143.53882305600825,2432.800720812389
7.88,15.76,1.6020000000000003,0.55264016,167.63997598715363,2835.5364006703085
7.88,15.76,1.8010000000000004,0.55264016,191.74112891829898,3238.2720805282274
7.88,15.76,2.0,0.55264016,215.84228184944433,3641.007760386146
7.88,17.73,0.01,0.55264016,1.1795604684451642,53.94546164410504
7.88,17.73,0.20900000000000002,0.55264016,24.652813790503934,446.18879797512074
7.88,17.73,0.40800000000000003,0.55264016,48.126067112562694,838.4321343061365
7.88,17.73,0.607,0.55264016,72.87992047715265,1252.0745850375422
7.88,17.73,0.806,0.55264016,98.73485051382555,1684.116274318817
7.88,17.73,1.0050000000000001,0.55264016,123.94015919279305,2105.3026447739285
7.88,17.73,1.2040000000000002,0.55264016,155.7368246939871,2636.632068491654
7.88,17.73,1.4030000000000002,0.55264016,186.7541601583872,3154.938712216298
7.88,17.73,1.6020000000000003,0.55264016,217.77149562278728,3673.2453559409414
7.88,17.73,1.8010000000000004,0.55264016,248.7888310871874,4191.551999665586
7.88,17.73,2.0,0.55264016,279.8061665515874,4709.858643390228
9.85,0.0,0.01,0.86350025,0.0,39.429283164782866
9.85,0.0,0.20900000000000002,0.86350025,0.0,39.429283164782866
9.85,0.0,0.40800000000000003,0.86350025,0.0,39.429283164782866
9.85,0.0,0.607,0.86350025,0.0,39.429283164782866
9.85,0.0,0.806,0.86350025,0.0,39.429283164782866
9.85,0.0,1.0050000000000001,0.86350025,0.0,39.429283164782866
9.85,0.0,1.2040000000000002,0.86350025,0.0,39.429283164782866
9.85,0.0,1.4030000000000002,0.86350025,0.0,39.429283164782866
9.85,0.0,1.6020000000000003,0.86350025,0.0,39.429283164782866
9.85,0.0,1.8010000000000004,0.86350025,0.0,39.429283164782866
9.85,0.0,2.0,0.86350025,0.0,39.429283164782866
9.85,1.97,0.01,0.86350025,0.00715648980853498,39.5488697172051
9.85,1.97,0.20900000000000002,0.86350025,0.14957063699838108,41.92864211040748
9.85,1.97,0.40800000000000003,0.86350025,0.2919847841882272,44.30841450360987
9.85,1.97,0.607,0.86350025,0.4575409880226894,47.07489586225911
9.85,1.97,0.806,0.86350025,0.642995034953457,50.17387464914306
9.85,1.97,1.0050000000000001,0.86350025,0.8237894324638536,53.194989647411816
9.85,1.97,1.2040000000000002,0.86350025,1.1062406376425242,57.91481273924905
9.85,1.97,1.4030000000000002,0.86350025,1.3817690191648544,62.51895389256086
9.85,1.97,1.6020000000000003,0.86350025,1.657297400687185,67.12309504587267
9.85,1.97,1.8010000000000004,0.86350025,1.9328257822095156,71.72723619918447
9.85,1.97,2.0,0.86350025,2.2083541637318453,76.33137735249628
9.85,3.94,0.01,0.86350025,0.035817234166365286,40.02779719412544
9.85,3.94,0.20900000000000002,0.86350025,0.7485801940770346,51.93822637804267
9.85,3.94,0.40800000000000003,0.86350025,1.4613431539877038,63.84865556195991
9.85,3.94,0.607,0.86350025,2.264895735742457,77.27619972298554
9.85,3.94,0.806,0.86350025,3.1465104222603486,92.00817919143148
9.85,3.94,1.0050000000000001,0.86350025,4.0059739860014085,106.37000842197676
9.85,3.94,1.2040000000000002,0.86350025,5.263930761913845,127.39074875030657
9.85,3.94,1.4030000000000002,0.86350025,6.491055263906859,147.8962748549028
9.85,3.94,1.6020000000000003,0.86350025,7.7181797658998725,168.40180095949898
9.85,3.94,1.8010000000000004,0.86350025,8.945304267892885,188.90732706409517
9.85,3.94,2.0,0.86350025,10.172428769885897,209.41285316869136
9.85,5.91,0.01,0.86350025,0.09187770388390519,40.964580237216765
9.85,5.91,0.20900000000000002,0.86350025,1.9202440111736185,71.51699197865133
9.85,5.91,0.40800000000000003,0.86350025,3.7486103184633315,102.06940372008589
9.85,5.91,0.607,0.86350025,5.773153301518116,135.8999717850884
9.85,5.91,0.806,0.86350025,7.966371557193337,172.54914154885967
9.85,5.91,1.0050000000000001,0.86350025,10.104483826545058,208.27747790148084
9.85,5.91,1.2040000000000002,0.86350025,13.114163986526368,258.569909506219
9.85,5.91,1.4030000000000002,0.86350025,16.050077475919903,307.6296834735862
9.85,5.91,1.6020000000000003,0.86350025,18.98599096531343,356.68945744095333
9.85,5.91,1.8010000000000004,0.86350025,21.921904454706965,405.7492314083205
9.85,5.91,2.0,0.86350025,24.85781794410049,454.80900537568755
9.85,7.88,0.01,0.86350025,0.17926026552825688,42.42476247298386
9.85,7.88,0.20900000000000002,0.86350025,3.74653954954057,102.03480070618362
9.85,7.88,0.40800000000000003,0.86350025,7.313818833552882,161.6448389393834
9.85,7.88,0.607,0.86350025,11.213754795540336,226.81364499362232
9.85,7.88,0.806,0.86350025,15.3997133217681,296.7619523519324
9.85,7.88,1.0050000000000001,0.86350025,19.48049701065346,364.95276455048594
9.85,7.88,1.2040000000000002,0.86350025,25.065438123270695,458.2783852119642
9.85,7.88,1.4030000000000002,0.86350025,30.51349342430418,549.3166132101709
9.85,7.88,1.6020000000000003,0.86350025,35.961548725337664,640.3548412083776
9.85,7.88,1.8010000000000004,0.86350025,41.40960402637114,731.3930692065842
9.85,7.88,2.0,0.86350025,46.85765932740461,822.4312972047908
9.85,9.85,0.01,0.86350025,0.30104953866483514,44.45988858733156
9.85,9.85,0.20900000000000002,0.86350025,6.2919353580950546,144.56893649605064
9.85,9.85,0.40800000000000003,0.86350025,12.282821177525275,244.6779844047697
9.85,9.85,0.607,0.86350025,18.767798284514733,353.0434087273282
9.85,9.85,0.806,0.86350025,25.67760154529346,468.507773517861
9.85,9.85,1.0050000000000001,0.86350025,32.41379165881643,581.0710236151641
9.85,9.85,1.2040000000000002,0.86350025,41.43154701425279,731.7597414636284
9.85,9.85,1.4030000000000002,0.86350025,50.228278954114735,878.7551083844345
9.85,9.85,1.6020000000000003,0.86350025,59.02501089397668,1025.7504753052403
9.85,9.85,1.8010000000000004,0.86350025,67.82174283383863,1172.7458422260465
9.85,9.85,2.0,0.86350025,76.61847477370054,1319.7412091468518
9.85,11.82,0.01,0.86350025,0.459835103901513,47.11323105397257
9.85,11.82,0.20900000000000002,0.86350025,9.610553671541622,200.02379404884772
9.85,11.82,0.40800000000000003,0.86350025,18.76127223918173,352.93435704372285
9.85,11.82,0.607,0.86350025,28.58677471986332,517.1207108172524
9.85,11.82,0.806,0.86350025,38.99246523792639,691.0021370359802
9.85,11.82,1.0050000000000001,0.86350025,49.13670624548534,860.5146831989612
9.85,11.82,1.2040000000000002,0.86350025,62.471541540625445,1083.342776681641
9.85,11.82,1.4030000000000002,0.86350025,75.47954263735525,1300.7093972848434
9.85,11.82,1.6020000000000003,0.86350025,88.48754373408505,1518.0760178880457
9.85,11.82,1.8010000000000004,0.86350025,101.49554483081484,1735.4426384912479
9.85,11.82,2.0,0.86350025,114.50354592754461,1952.8092590944498
9.85,13.79,0.01,0.86350025,0.6578722994312485,50.42247708077804
9.85,13.79,0.20900000000000002,0.86350025,13.749531058113096,269.18703600908196
9.85,13.79,0.40800000000000003,0.86350025,26.841189816794945,487.95159493738595
9.85,13.79,0.607,0.86350025,40.80225333359019,721.2441026875086
9.85,13.79,0.806,0.86350025,55.51084243680071,967.0279309199433
9.85,13.79,1.0050000000000001,0.86350025,69.84986899972954,1206.636286081211
9.85,13.79,1.2040000000000002,0.86350025,88.40809378784985,1516.7483914378456
9.85,13.79,1.4030000000000002,0.86350025,106.51146012528092,1819.2597098984843
9.85,13.79,1.6020000000000003,0.86350025,124.61482646271197,2121.7710283591227
9.85,13.79,1.8010000000000004,0.86350025,142.71819280014304,2424.282346819761
9.85,13.79,2.0,0.86350025,160.82155913757407,2726.7936652803996
9.85,15.76,0.01,0.86350025,0.8971726473351567,54.42123965361637
9.85,15.76,0.20900000000000002,0.86350025,18.750908329304778,352.7611737814032
9.85,15.76,0.40800000000000003,0.86350025,36.604644011274395,651.10110790919
9.85,15.76,0.607,0.86350025,55.53131060597682,967.3699586250965
9.85,15.76,0.806,0.86350025,75.38049723779531,1299.054326407424
9.85,15.76,1.0050000000000001,0.86350025,94.7309605874073,1622.4049161047683
9.85,15.76,1.2040000000000002,0.86350025,119.43767012486286,2035.2595828937913
9.85,15.76,1.4030000000000002,0.86350025,143.53882305600825,2437.995262751711
9.85,15.76,1.6020000000000003,0.86350025,167.63997598715363,2840.7309426096303
9.85,15.76,1.8010000000000004,0.86350025,191.74112891829898,3243.4666224675493
9.85,15.76,2.0,0.86350025,215.84228184944433,3646.202302325468
9.85,17.73,0.01,0.86350025,1.1795604684451642,59.140003583426875
9.85,17.73,0.20900000000000002,0.86350025,24.652813790503934,451.3833399144426
9.85,17.73,0.40800000000000003,0.86350025,48.126067112562694,843.6266762454582
9.85,17.73,0.607,0.86350025,72.87992047715265,1257.269126976864
9.85,17.73,0.806,0.86350025,98.73485051382555,1689.3108162581389
9.85,17.73,1.0050000000000001,0.86350025,123.94015919279305,2110.4971867132504
9.85,17.73,1.2040000000000002,0.86350025,155.7368246939871,2641.826610430976
9.85,17.73,1.4030000000000002,0.86350025,186.7541601583872,3160.13325415562
9.85,17.73,1.6020000000000003,0.86350025,217.77149562278728,3678.4398978802633
9.85,17.73,1.8010000000000004,0.86350025,248.7888310871874,4196.746541604907
9.85,17.73,2.0,0.86350025,279.8061665515874,4715.05318532955
11.82,0.0,0.01,1.2434403600000001,0.0,45.778167757287335
11.82,0.0,0.20900000000000002,1.2434403600000001,0.0,45.778167757287335
11.82,0.0,0.40800000000000003,1.2434403600000001,0.0,45.778167757287335
11.82,0.0,0.607,1.2434403600000001,0.0,45.778167757287335
11.82,0.0,0.806,1.2434403600000001,0.0,45.778167757287335
11.82,0.0,1.0050000000000001,1.2434403600000001,0.0,45.778167757287335
11.82,0.0,1.2040000000000002,1.2434403600000001,0.0,45.778167757287335
11.82,0.0,1.4030000000000002,1.2434403600000001,0.0,45.778167757287335
11.82,0.0,1.6020000000000003,1.2434403600000001,0.0,45.778167757287335
11.82,0.0,1.8010000000000004,1.2434403600000001,0.0,45.778167757287335
11.82,0.0,2.0,1.2434403600000001,0.0,45.778167757287335
11.82,1.97,0.01,1.2434403600000001,0.00715648980853498,45.89775430970957
11.82,1.97,0.20900000000000002,1.2434403600000001,0.14957063699838108,48.27752670291195
11.82,1.97,0.40800000000000003,1.2434403600000001,0.2919847841882272,50.65729909611433
11.82,1.97,0.607,1.2434403600000001,0.4575409880226894,53.42378045476357
11.82,1.97,0.806,1.2434403600000001,0.642995034953457,56.52275924164752
11.82,1.97,1.0050000000000001,1.2434403600000001,0.8237894324638536,59.543874239916285
11.82,1.97,1.2040000000000002,1.2434403600000001,1.1062406376425242,64.26369733175352
11.82,1.97,1.4030000000000002,1.2434403600000001,1.3817690191648544,68.86783848506532
11.82,1.97,1.6020000000000003,1.2434403600000001,1.657297400687185,73.47197963837712
11.82,1.97,1.8010000000000004,1.2434403600000001,1.9328257822095156,78.07612079168894
11.82,1.97,2.0,1.2434403600000001,2.2083541637318453,82.68026194500074
11.82,3.94,0.01,1.2434403600000001,0.035817234166365286,46.37668178662991
11.82,3.94,0.20900000000000002,1.2434403600000001,0.7485801940770346,58.28711097054714
11.82,3.94,0.40800000000000003,1.2434403600000001,1.4613431539877038,70.19754015446438
11.82,3.94,0.607,1.2434403600000001,2.264895735742457,83.62508431549
11.82,3.94,0.806,1.2434403600000001,3.1465104222603486,98.35706378393594
11.82,3.94,1.0050000000000001,1.2434403600000001,4.0059739860014085,112.71889301448124
11.82,3.94,1.2040000000000002,1.2434403600000001,5.263930761913845,133.73963334281103
11.82,3.94,1.4030000000000002,1.2434403600000001,6.491055263906859,154.24515944740725
11.82,3.94,1.6020000000000003,1.2434403600000001,7.7181797658998725,174.75068555200343
11.82,3.94,1.8010000000000004,1.2434403600000001,8.945304267892885,195.25621165659965
11.82,3.94,2.0,1.2434403600000001,10.172428769885897,215.76173776119583
11.82,5.91,0.01,1.2434403600000001,0.09187770388390519,47.313464829721234
11.82,5.91,0.20900000000000002,1.2434403600000001,1.9202440111736185,77.8658765711558
11.82,5.91,0.40800000000000003,1.2434403600000001,3.7486103184633315,108.41828831259036
11.82,5.91,0.607,1.2434403600000001,5.773153301518116,142.2488563775929
11.82,5.91,0.806,1.2434403600000001,7.966371557193337,178.89802614136414
11.82,5.91,1.0050000000000001,1.2434403600000001,10.104483826545058,214.62636249398534
11.82,5.91,1.2040000000000002,1.2434403600000001,13.114163986526368,264.91879409872354
11.82,5.91,1.4030000000000002,1.2434403600000001,16.050077475919903,313.9785680660907
11.82,5.91,1.6020000000000003,1.2434403600000001,18.98599096531343,363.0383420334578
11.82,5.91,1.8010000000000004,1.2434403600000001,21.921904454706965,412.098116000825
11.82,5.91,2.0,1.2434403600000001,24.85781794410049,461.157889968192
11.82,7.88,0.01,1.2434403600000001,0.17926026552825688,48.773647065488326
11.82,7.88,0.20900000000000002,1.2434403600000001,3.74653954954057,108.38368529868809
11.82,7.88,0.40800000000000003,1.2434403600000001,7.313818833552882,167.99372353188784
11.82,7.88,0.607,1.2434403600000001,11.213754795540336,233.1625295861268
11.82,7.88,0.806,1.2434403600000001,15.3997133217681,303.11083694443687
11.82,7.88,1.0050000000000001,1.2434403600000001,19.48049701065346,371.3016491429904
11.82,7.88,1.2040000000000002,1.2434403600000001,25.065438123270695,464.62726980446865
11.82,7.88,1.4030000000000002,1.2434403600000001,30.51349342430418,555.6654978026754
11.82,7.88,1.6020000000000003,1.2434403600000001,35.961548725337664,646.7037258008821
11.82,7.88,1.8010000000000004,1.2434403600000001,41.40960402637114,737.7419537990887
11.82,7.88,2.0,1.2434403600000001,46.85765932740461,828.7801817972952
11.82,9.85,0.01,1.2434403600000001,0.30104953866483514,50.80877317983603
11.82,9.85,0.20900000000000002,1.2434403600000001,6.2919353580950546,150.9178210885551
11.82,9.85,0.40800000000000003,1.2434403600000001,12.282821177525275,251.0268689972742
11.82,9.85,0.607,1.2434403600000001,18.767798284514733,359.3922933198327
11.82,9.85,0.806,1.2434403600000001,25.67760154529346,474.8566581103654
11.82,9.85,1.0050000000000001,1.2434403600000001,32.41379165881643,587.4199082076686
11.82,9.85,1.2040000000000002,1.2434403600000001,41.43154701425279,738.108626056133
11.82,9.85,1.4030000000000002,1.2434403600000001,50.228278954114735,885.1039929769389
11.82,9.85,1.6020000000000003,1.2434403600000001,59.02501089397668,1032.099359897745
11.82,9.85,1.8010000000000004,1.2434403600000001,67.82174283383863,1179.0947268185507
11.82,9.85,2.0,1.2434403600000001,76.61847477370054,1326.0900937393562
11.82,11.82,0.01,1.2434403600000001,0.459835103901513,53.46211564647704
11.82,11.82,0.20900000000000002,1.2434403600000001,9.610553671541622,206.3726786413522
11.82,11.82,0.40800000000000003,1.2434403600000001,18.76127223918173,359.28324163622733
11.82,11.82,0.607,1.2434403600000001,28.58677471986332,523.469595409757
11.82,11.82,0.806,1.2434403600000001,38.99246523792639,697.3510216284848
11.82,11.82,1.0050000000000001,1.2434403600000001,49.13670624548534,866.8635677914656
11.82,11.82,1.2040000000000002,1.2434403600000001,62.471541540625445,1089.6916612741456
11.82,11.82,1.4030000000000002,1.2434403600000001,75.47954263735525,1307.0582818773478
11.82,11.82,1.6020000000000003,1.2434403600000001,88.48754373408505,1524.4249024805501
11.82,11.82,1.8010000000000004,1.2434403600000001,101.49554483081484,1741.7915230837523
11.82,11.82,2.0,1.2434403600000001,114.50354592754461,1959.1581436869542
11.82,13.79,0.01,1.2434403600000001,0.6578722994312485,56.7713616732825
11.82,13.79,0.20900000000000002,1.2434403600000001,13.749531058113096,275.53592060158644
11.82,13.79,0.40800000000000003,1.2434403600000001,26.841189816794945,494.3004795298904
11.82,13.79,0.607,1.2434403600000001,40.80225333359019,727.5929872800132
11.82,13.79,0.806,1.2434403600000001,55.51084243680071,973.3768155124478
11.82,13.79,1.0050000000000001,1.2434403600000001,69.84986899972954,1212.9851706737154
11.82,13.79,1.2040000000000002,1.2434403600000001,88.40809378784985,1523.09727603035
11.82,13.79,1.4030000000000002,1.2434403600000001,106.51146012528092,1825.6085944909887
11.82,13.79,1.6020000000000003,1.2434403600000001,124.61482646271197,2128.119912951627
11.82,13.79,1.8010000000000004,1.2434403600000001,142.71819280014304,2430.6312314122656
11.82,13.79,2.0,1.2434403600000001,160.82155913757407,2733.142549872904
11.82,15.76,0.01,1.2434403600000001,0.8971726473351567,60.770124246120844
11.82,15.76,0.20900000000000002,1.2434403600000001,18.750908329304778,359.1100583739077
11.82,15.76,0.40800000000000003,1.2434403600000001,36.604644011274395,657.4499925016944
11.82,15.76,0.607,1.2434403600000001,55.53131060597682,973.718843217601
11.82,15.76,0.806,1.2434403600000001,75.38049723779531,1305.4032109999284
11.82,15.76,1.0050000000000001,1.2434403600000001,94.7309605874073,1628.7538006972727
11.82,15.76,1.2040000000000002,1.2434403600000001,119.43767012486286,2041.6084674862957
11.82,15.76,1.4030000000000002,1.2434403600000001,143.53882305600825,2444.3441473442153
11.82,15.76,1.6020000000000003,1.2434403600000001,167.63997598715363,2847.0798272021343
11.82,15.76,1.8010000000000004,1.2434403600000001,191.74112891829898,3249.8155070600537
11.82,15.76,2.0,1.2434403600000001,215.84228184944433,3652.5511869179722
11.82,17.73,0.01,1.2434403600000001,1.1795604684451642,65.48888817593134
11.82,17.73,0.20900000000000002,1.2434403600000001,24.652813790503934,457.7322245069471
11.82,17.73,0.40800000000000003,1.2434403600000001,48.126067112562694,849.9755608379627
11.82,17.73,0.607,1.2434403600000001,72.87992047715265,1263.6180115693685
11.82,17.73,0.806,1.2434403600000001,98.73485051382555,1695.6597008506433
11.82,17.73,1.0050000000000001,1.2434403600000001,123.94015919279305,2116.846071305755
11.82,17.73,1.2040000000000002,1.2434403600000001,155.7368246939871,2648.1754950234804
11.82,17.73,1.4030000000000002,1.2434403600000001,186.7541601583872,3166.4821387481243
11.82,17.73,1.6020000000000003,1.2434403600000001,217.77149562278728,3684.7887824727677
11.82,17.73,1.8010000000000004,1.2434403600000001,248.7888310871874,4203.095426197412
11.82,17.73,2.0,1.2434403600000001,279.8061665515874,4721.402069922055
13.79,0.0,0.01,1.6924604899999998,0.0,53.28139500297442
13.79,0.0,0.20900000000000002,1.6924604899999998,0.0,53.28139500297442
13.79,0.0,0.40800000000000003,1.6924604899999998,0.0,53.28139500297442
13.79,0.0,0.607,1.6924604899999998,0.0,53.28139500297442
13.79,0.0,0.806,1.6924604899999998,0.0,53.28139500297442
13.79,0.0,1.0050000000000001,1.6924604899999998,0.0,53.28139500297442
13.79,0.0,1.2040000000000002,1.6924604899999998,0.0,53.28139500297442
13.79,0.0,1.4030000000000002,1.6924604899999998,0.0,53.28139500297442
13.79,0.0,1.6020000000000003,1.6924604899999998,0.0,53.28139500297442
13.79,0.0,1.8010000000000004,1.6924604899999998,0.0,53.28139500297442
13.79,0.0,2.0,1.6924604899999998,0.0,53.28139500297442
13.79,1.97,0.01,1.6924604899999998,0.00715648980853498,53.400981555396655
13.79,1.97,0.20900000000000002,1.6924604899999998,0.14957063699838108,55.780753948599035
13.79,1.97,0.40800000000000003,1.6924604899999998,0.2919847841882272,58.160526341801415
13.79,1.97,0.607,1.6924604899999998,0.4575409880226894,60.927007700450666
13.79,1.97,0.806,1.6924604899999998,0.642995034953457,64.0259864873346
13.79,1.97,1.0050000000000001,1.6924604899999998,0.8237894324638536,67.04710148560336
13.79,1.97,1.2040000000000002,1.6924604899999998,1.1062406376425242,71.76692457744059
13.79,1.97,1.4030000000000002,1.6924604899999998,1.3817690191648544,76.3710657307524
13.79,1.97,1.6020000000000003,1.6924604899999998,1.657297400687185,80.97520688406422
13.79,1.97,1.8010000000000004,1.6924604899999998,1.9328257822095156,85.57934803737602
13.79,1.97,2.0,1.6924604899999998,2.2083541637318453,90.18348919068782
13.79,3.94,0.01,1.6924604899999998,0.035817234166365286,53.879909032316995
13.79,3.94,0.20900000000000002,1.6924604899999998,0.7485801940770346,65.79033821623423
13.79,3.94,0.40800000000000003,1.6924604899999998,1.4613431539877038,77.70076740015145
13.79,3.94,0.607,1.6924604899999998,2.264895735742457,91.12831156117709
13.79,3.94,0.806,1.6924604899999998,3.1465104222603486,105.86029102962303
13.79,3.94,1.0050000000000001,1.6924604899999998,4.0059739860014085,120.22212026016832
13.79,3.94,1.2040000000000002,1.6924604899999998,5.263930761913845,141.2428605884981
13.79,3.94,1.4030000000000002,1.6924604899999998,6.491055263906859,161.74838669309435
13.79,3.94,1.6020000000000003,1.6924604899999998,7.7181797658998725,182.25391279769056
13.79,3.94,1.8010000000000004,1.6924604899999998,8.945304267892885,202.75943890228672
13.79,3.94,2.0,1.6924604899999998,10.172428769885897,223.2649650068829
13.79,5.91,0.01,1.6924604899999998,0.09187770388390519,54.81669207540832
13.79,5.91,0.20900000000000002,1.6924604899999998,1.9202440111736185,85.36910381684288
13.79,5.91,0.40800000000000003,1.6924604899999998,3.7486103184633315,115.92151555827745
13.79,5.91,0.607,1.6924604899999998,5.773153301518116,149.75208362327996
13.79,5.91,0.806,1.6924604899999998,7.966371557193337,186.4012533870512
13.79,5.91,1.0050000000000001,1.6924604899999998,10.104483826545058,222.1295897396724
13.79,5.91,1.2040000000000002,1.6924604899999998,13.114163986526368,272.4220213444106
13.79,5.91,1.4030000000000002,1.6924604899999998,16.050077475919903,321.4817953117778
13.79,5.91,1.6020000000000003,1.6924604899999998,18.98599096531343,370.5415692791449
13.79,5.91,1.8010000000000004,1.6924604899999998,21.921904454706965,419.60134324651204
13.79,5.91,2.0,1.6924604899999998,24.85781794410049,468.6611172138791
13.79,7.88,0.01,1.6924604899999998,0.17926026552825688,56.27687431117541
13.79,7.88,0.20900000000000002,1.6924604899999998,3.74653954954057,115.88691254437518
13.79,7.88,0.40800000000000003,1.6924604899999998,7.313818833552882,175.49695077757494
13.79,7.88,0.607,1.6924604899999998,11.213754795540336,240.66575683181387
13.79,7.88,0.806,1.6924604899999998,15.3997133217681,310.614064190124
13.79,7.88,1.0050000000000001,1.6924604899999998,19.48049701065346,378.8048763886775
13.79,7.88,1.2040000000000002,1.6924604899999998,25.065438123270695,472.1304970501557
13.79,7.88,1.4030000000000002,1.6924604899999998,30.51349342430418,563.1687250483625
13.79,7.88,1.6020000000000003,1.6924604899999998,35.961548725337664,654.2069530465692
13.79,7.88,1.8010000000000004,1.6924604899999998,41.40960402637114,745.2451810447758
13.79,7.88,2.0,1.6924604899999998,46.85765932740461,836.2834090429823
13.79,9.85,0.01,1.6924604899999998,0.30104953866483514,58.31200042552312
13.79,9.85,0.20900000000000002,1.6924604899999998,6.2919353580950546,158.4210483342422
13.79,9.85,0.40800000000000003,1.6924604899999998,12.282821177525275,258.53009624296124
13.79,9.85,0.607,1.6924604899999998,18.767798284514733,366.89552056551975
13.79,9.85,0.806,1.6924604899999998,25.67760154529346,482.35988535605253
13.79,9.85,1.0050000000000001,1.6924604899999998,32.41379165881643,594.9231354533556
13.79,9.85,1.2040000000000002,1.6924604899999998,41.43154701425279,745.61185330182
13.79,9.85,1.4030000000000002,1.6924604899999998,50.228278954114735,892.607220222626
13.79,9.85,1.6020000000000003,1.6924604899999998,59.02501089397668,1039.602587143432
13.79,9.85,1.8010000000000004,1.6924604899999998,67.82174283383863,1186.597954064238
13.79,9.85,2.0,1.6924604899999998,76.61847477370054,1333.5933209850434
13.79,11.82,0.01,1.6924604899999998,0.459835103901513,60.965342892164124
13.79,11.82,0.20900000000000002,1.6924604899999998,9.610553671541622,213.87590588703927
13.79,11.82,0.40800000000000003,1.6924604899999998,18.76127223918173,366.7864688819144
13.79,11.82,0.607,1.6924604899999998,28.58677471986332,530.972822655444
13.79,11.82,0.806,1.6924604899999998,38.99246523792639,704.8542488741718
13.79,11.82,1.0050000000000001,1.6924604899999998,49.13670624548534,874.3667950371527
13.79,11.82,1.2040000000000002,1.6924604899999998,62.471541540625445,1097.1948885198326
13.79,11.82,1.4030000000000002,1.6924604899999998,75.47954263735525,1314.561509123035
13.79,11.82,1.6020000000000003,1.6924604899999998,88.48754373408505,1531.9281297262373
13.79,11.82,1.8010000000000004,1.6924604899999998,101.49554483081484,1749.2947503294395
13.79,11.82,2.0,1.6924604899999998,114.50354592754461,1966.6613709326414
13.79,13.79,0.01,1.6924604899999998,0.6578722994312485,64.27458891896958
13.79,13.79,0.20900000000000002,1.6924604899999998,13.749531058113096,283.0391478472735
13.79,13.79,0.40800000000000003,1.6924604899999998,26.841189816794945,501.8037067755775
13.79,13.79,0.607,1.6924604899999998,40.80225333359019,735.0962145257002
13.79,13.79,0.806,1.6924604899999998,55.51084243680071,980.8800427581348
13.79,13.79,1.0050000000000001,1.6924604899999998,69.84986899972954,1220.4883979194024
13.79,13.79,1.2040000000000002,1.6924604899999998,88.40809378784985,1530.6005032760372
13.79,13.79,1.4030000000000002,1.6924604899999998,106.51146012528092,1833.111821736676
13.79,13.79,1.6020000000000003,1.6924604899999998,124.61482646271197,2135.623140197314
13.79,13.79,1.8010000000000004,1.6924604899999998,142.71819280014304,2438.1344586579526
13.79,13.79,2.0,1.6924604899999998,160.82155913757407,2740.645777118591
13.79,15.76,0.01,1.6924604899999998,0.8971726473351567,68.27335149180792
13.79,15.76,0.20900000000000002,1.6924604899999998,18.750908329304778,366.61328561959476
13.79,15.76,0.40800000000000003,1.6924604899999998,36.604644011274395,664.9532197473815
13.79,15.76,0.607,1.6924604899999998,55.53131060597682,981.2220704632881
13.79,15.76,0.806,1.6924604899999998,75.38049723779531,1312.9064382456156
13.79,15.76,1.0050000000000001,1.6924604899999998,94.7309605874073,1636.25702794296
13.79,15.76,1.2040000000000002,1.6924604899999998,119.43767012486286,2049.111694731983
13.79,15.76,1.4030000000000002,1.6924604899999998,143.53882305600825,2451.8473745899023
13.79,15.76,1.6020000000000003,1.6924604899999998,167.63997598715363,2854.5830544478213
13.79,15.76,1.8010000000000004,1.6924604899999998,191.74112891829898,3257.3187343057407
13.79,15.76,2.0,1.6924604899999998,215.84228184944433,3660.054414163659
13.79,17.73,0.01,1.6924604899999998,1.1795604684451642,72.99211542161842
13.79,17.73,0.20900000000000002,1.6924604899999998,24.652813790503934,465.23545175263416
13.79,17.73,0.40800000000000003,1.6924604899999998,48.126067112562694,857.4787880836498
13.79,17.73,0.607,1.6924604899999998,72.87992047715265,1271.1212388150557
13.79,17.73,0.806,1.6924604899999998,98.73485051382555,1703.1629280963305
13.79,17.73,1.0050000000000001,1.6924604899999998,123.94015919279305,2124.3492985514417
13.79,17.73,1.2040000000000002,1.6924604899999998,155.7368246939871,2655.6787222691673
13.79,17.73,1.4030000000000002,1.6924604899999998,186.7541601583872,3173.9853659938112
13.79,17.73,1.6020000000000003,1.6924604899999998,217.77149562278728,3692.2920097184547
13.79,17.73,1.8010000000000004,1.6924604899999998,248.7888310871874,4210.598653443099
13.79,17.73,2.0,1.6924604899999998,279.8061665515874,4728.905297167742
15.76,0.0,0.01,2.21056064,0.0,61.93896490184415
15.76,0.0,0.20900000000000002,2.21056064,0.0,61.93896490184415
15.76,0.0,0.40800000000000003,2.21056064,0.0,61.93896490184415
15.76,0.0,0.607,2.21056064,0.0,61.93896490184415
15.76,0.0,0.806,2.21056064,0.0,61.93896490184415
15.76,0.0,1.0050000000000001,2.21056064,0.0,61.93896490184415
15.76,0.0,1.2040000000000002,2.21056064,0.0,61.93896490184415
15.76,0.0,1.4030000000000002,2.21056064,0.0,61.93896490184415
15.76,0.0,1.6020000000000003,2.21056064,0.0,61.93896490184415
15.76,0.0,1.8010000000000004,2.21056064,0.0,61.93896490184415
15.76,0.0,2.0,2.21056064,0.0,61.93896490184415
15.76,1.97,0.01,2.21056064,0.00715648980853498,62.05855145426638
15.76,1.97,0.20900000000000002,2.21056064,0.14957063699838108,64.43832384746875
15.76,1.97,0.40800000000000003,2.21056064,0.2919847841882272,66.81809624067114
15.76,1.97,0.607,2.21056064,0.4575409880226894,69.5845775993204
15.76,1.97,0.806,2.21056064,0.642995034953457,72.68355638620433
15.76,1.97,1.0050000000000001,2.21056064,0.8237894324638536,75.7046713844731
15.76,1.97,1.2040000000000002,2.21056064,1.1062406376425242,80.42449447631033
15.76,1.97,1.4030000000000002,2.21056064,1.3817690191648544,85.02863562962213
15.76,1.97,1.6020000000000003,2.21056064,1.657297400687185,89.63277678293395
15.76,1.97,1.8010000000000004,2.21056064,1.9328257822095156,94.23691793624576
15.76,1.97,2.0,2.21056064,2.2083541637318453,98.84105908955755
15.76,3.94,0.01,2.21056064,0.035817234166365286,62.537478931186726
15.76,3.94,0.20900000000000002,2.21056064,0.7485801940770346,74.44790811510396
15.76,3.94,0.40800000000000003,2.21056064,1.4613431539877038,86.35833729902119
15.76,3.94,0.607,2.21056064,2.264895735742457,99.78588146004681
15.76,3.94,0.806,2.21056064,3.1465104222603486,114.51786092849277
15.76,3.94,1.0050000000000001,2.21056064,4.0059739860014085,128.87969015903803
15.76,3.94,1.2040000000000002,2.21056064,5.263930761913845,149.90043048736783
15.76,3.94,1.4030000000000002,2.21056064,6.491055263906859,170.40595659196407
15.76,3.94,1.6020000000000003,2.21056064,7.7181797658998725,190.91148269656028
15.76,3.94,1.8010000000000004,2.21056064,8.945304267892885,211.41700880115647
15.76,3.94,2.0,2.21056064,10.172428769885897,231.92253490575263
15.76,5.91,0.01,2.21056064,0.09187770388390519,63.47426197427805
15.76,5.91,0.20900000000000002,2.21056064,1.9202440111736185,94.0266737157126
15.76,5.91,0.40800000000000003,2.21056064,3.7486103184633315,124.57908545714717
15.76,5.91,0.607,2.21056064,5.773153301518116,158.40965352214968
15.76,5.91,0.806,2.21056064,7.966371557193337,195.05882328592094
15.76,5.91,1.0050000000000001,2.21056064,10.104483826545058,230.78715963854214
15.76,5.91,1.2040000000000002,2.21056064,13.114163986526368,281.07959124328033
15.76,5.91,1.4030000000000002,2.21056064,16.050077475919903,330.1393652106475
15.76,5.91,1.6020000000000003,2.21056064,18.98599096531343,379.1991391780146
15.76,5.91,1.8010000000000004,2.21056064,21.921904454706965,428.25891314538177
15.76,5.91,2.0,2.21056064,24.85781794410049,477.3186871127488
15.76,7.88,0.01,2.21056064,0.17926026552825688,64.93444421004514
15.76,7.88,0.20900000000000002,2.21056064,3.74653954954057,124.5444824432449
15.76,7.88,0.40800000000000003,2.21056064,7.313818833552882,184.15452067644466
15.76,7.88,0.607,2.21056064,11.213754795540336,249.3233267306836
15.76,7.88,0.806,2.21056064,15.3997133217681,319.27163408899366
15.76,7.88,1.0050000000000001,2.21056064,19.48049701065346,387.4624462875472
15.76,7.88,1.2040000000000002,2.21056064,25.065438123270695,480.78806694902545
15.76,7.88,1.4030000000000002,2.21056064,30.51349342430418,571.8262949472322
15.76,7.88,1.6020000000000003,2.21056064,35.961548725337664,662.864522945439
15.76,7.88,1.8010000000000004,2.21056064,41.40960402637114,753.9027509436456
15.76,7.88,2.0,2.21056064,46.85765932740461,844.9409789418521
15.76,9.85,0.01,2.21056064,0.30104953866483514,66.96957032439283
15.76,9.85,0.20900000000000002,2.21056064,6.2919353580950546,167.0786182331119
15.76,9.85,0.40800000000000003,2.21056064,12.282821177525275,267.18766614183096
15.76,9.85,0.607,2.21056064,18.767798284514733,375.55309046438947
15.76,9.85,0.806,2.21056064,25.67760154529346,491.0174552549222
15.76,9.85,1.0050000000000001,2.21056064,32.41379165881643,603.5807053522254
15.76,9.85,1.2040000000000002,2.21056064,41.43154701425279,754.2694232006899
15.76,9.85,1.4030000000000002,2.21056064,50.228278954114735,901.2647901214958
15.76,9.85,1.6020000000000003,2.21056064,59.02501089397668,1048.2601570423017
15.76,9.85,1.8010000000000004,2.21056064,67.82174283383863,1195.2555239631076
15.76,9.85,2.0,2.21056064,76.61847477370054,1342.2508908839131
15.76,11.82,0.01,2.21056064,0.459835103901513,69.62291279103385
15.76,11.82,0.20900000000000002,2.21056064,9.610553671541622,222.533475785909
15.76,11.82,0.40800000000000003,2.21056064,18.76127223918173,375.4440387807841
15.76,11.82,0.607,2.21056064,28.58677471986332,539.6303925543137
15.76,11.82,0.806,2.21056064,38.99246523792639,713.5118187730417
15.76,11.82,1.0050000000000001,2.21056064,49.13670624548534,883.0243649360225
15.76,11.82,1.2040000000000002,2.21056064,62.471541540625445,1105.8524584187023
15.76,11.82,1.4030000000000002,2.21056064,75.47954263735525,1323.2190790219047
15.76,11.82,1.6020000000000003,2.21056064,88.48754373408505,1540.585699625107
15.76,11.82,1.8010000000000004,2.21056064,101.49554483081484,1757.9523202283092
15.76,11.82,2.0,2.21056064,114.50354592754461,1975.318940831511
15.76,13.79,0.01,2.21056064,0.6578722994312485,72.93215881783931
15.76,13.79,0.20900000000000002,2.21056064,13.749531058113096,291.69671774614324
15.76,13.79,0.40800000000000003,2.21056064,26.841189816794945,510.4612766744472
15.76,13.79,0.607,2.21056064,40.80225333359019,743.7537844245701
15.76,13.79,0.806,2.21056064,55.51084243680071,989.5376126570046
15.76,13.79,1.0050000000000001,2.21056064,69.84986899972954,1229.145967818272
15.76,13.79,1.2040000000000002,2.21056064,88.40809378784985,1539.258073174907
15.76,13.79,1.4030000000000002,2.21056064,106.51146012528092,1841.7693916355456
15.76,13.79,1.6020000000000003,2.21056064,124.61482646271197,2144.280710096184
15.76,13.79,1.8010000000000004,2.21056064,142.71819280014304,2446.7920285568225
15.76,13.79,2.0,2.21056064,160.82155913757407,2749.303347017461
15.76,15.76,0.01,2.21056064,0.8971726473351567,76.93092139067767
15.76,15.76,0.20900000000000002,2.21056064,18.750908329304778,375.2708555184645
15.76,15.76,0.40800000000000003,2.21056064,36.604644011274395,673.6107896462513
15.76,15.76,0.607,2.21056064,55.53131060597682,989.8796403621578
15.76,15.76,0.806,2.21056064,75.38049723779531,1321.5640081444853
15.76,15.76,1.0050000000000001,2.21056064,94.7309605874073,1644.9145978418296
15.76,15.76,1.2040000000000002,2.21056064,119.43767012486286,2057.7692646308524
15.76,15.76,1.4030000000000002,2.21056064,143.53882305600825,2460.5049444887723
15.76,15.76,1.6020000000000003,2.21056064,167.63997598715363,2863.240624346691
15.76,15.76,1.8010000000000004,2.21056064,191.74112891829898,3265.9763042046106
15.76,15.76,2.0,2.21056064,215.84228184944433,3668.711984062529
15.76,17.73,0.01,2.21056064,1.1795604684451642,81.64968532048815
15.76,17.73,0.20900000000000002,2.21056064,24.652813790503934,473.8930216515039
15.76,17.73,0.40800000000000003,2.21056064,48.126067112562694,866.1363579825196
15.76,17.73,0.607,2.21056064,72.87992047715265,1279.7788087139254
15.76,17.73,0.806,2.21056064,98.73485051382555,1711.8204979952
15.76,17.73,1.0050000000000001,2.21056064,123.94015919279305,2133.0068684503112
15.76,17.73,1.2040000000000002,2.21056064,155.7368246939871,2664.3362921680373
15.76,17.73,1.4030000000000002,2.21056064,186.7541601583872,3182.642935892681
15.76,17.73,1.6020000000000003,2.21056064,217.77149562278728,3700.9495796173246
15.76,17.73,1.8010000000000004,2.21056064,248.7888310871874,4219.2562233419685
15.76,17.73,2.0,2.21056064,279.8061665515874,4737.562867066611
17.73,0.0,0.01,2.79774081,0.0,71.75087745389649
17.73,0.0,0.20900000000000002,2.79774081,0.0,71.75087745389649
17.73,0.0,0.40800000000000003,2.79774081,0.0,71.75087745389649
17.73,0.0,0.607,2.79774081,0.0,71.75087745389649
17.73,0.0,0.806,2.79774081,0.0,71.75087745389649
17.73,0.0,1.0050000000000001,2.79774081,0.0,71.75087745389649
17.73,0.0,1.2040000000000002,2.79774081,0.0,71.75087745389649
17.73,0.0,1.4030000000000002,2.79774081,0.0,71.75087745389649
17.73,0.0,1.6020000000000003,2.79774081,0.0,71.75087745389649
17.73,0.0,1.8010000000000004,2.79774081,0.0,71.75087745389649
17.73,0.0,2.0,2.79774081,0.0,71.75087745389649
17.73,1.97,0.01,2.79774081,0.00715648980853498,71.87046400631873
17.73,1.97,0.20900000000000002,2.79774081,0.14957063699838108,74.25023639952111
17.73,1.97,0.40800000000000003,2.79774081,0.2919847841882272,76.6300087927235
17.73,1.97,0.607,2.79774081,0.4575409880226894,79.39649015137275
17.73,1.97,0.806,2.79774081,0.642995034953457,82.49546893825669
17.73,1.97,1.0050000000000001,2.79774081,0.8237894324638536,85.51658393652545
17.73,1.97,1.2040000000000002,2.79774081,1.1062406376425242,90.23640702836268
17.73,1.97,1.4030000000000002,2.79774081,1.3817690191648544,94.84054818167449
17.73,1.97,1.6020000000000003,2.79774081,1.657297400687185,99.44468933498631
17.73,1.97,1.8010000000000004,2.79774081,1.9328257822095156,104.04883048829811
17.73,1.97,2.0,2.79774081,2.2083541637318453,108.65297164160991
17.73,3.94,0.01,2.79774081,0.035817234166365286,72.34939148323907
17.73,3.94,0.20900000000000002,2.79774081,0.7485801940770346,84.2598206671563
17.73,3.94,0.40800000000000003,2.79774081,1.4613431539877038,96.17024985107355
17.73,3.94,0.607,2.79774081,2.264895735742457,109.59779401209917
17.73,3.94,0.806,2.79774081,3.1465104222603486,124.32977348054511
17.73,3.94,1.0050000000000001,2.79774081,4.0059739860014085,138.6916027110904
17.73,3.94,1.2040000000000002,2.79774081,5.263930761913845,159.7123430394202
17.73,3.94,1.4030000000000002,2.79774081,6.491055263906859,180.2178691440164
17.73,3.94,1.6020000000000003,2.79774081,7.7181797658998725,200.7233952486126
17.73,3.94,1.8010000000000004,2.79774081,8.945304267892885,221.22892135320882
17.73,3.94,2.0,2.79774081,10.172428769885897,241.73444745780498
17.73,5.91,0.01,2.79774081,0.09187770388390519,73.2861745263304
17.73,5.91,0.20900000000000002,2.79774081,1.9202440111736185,103.83858626776497
17.73,5.91,0.40800000000000003,2.79774081,3.7486103184633315,134.3909980091995
17.73,5.91,0.607,2.79774081,5.773153301518116,168.22156607420203
17.73,5.91,0.806,2.79774081,7.966371557193337,204.8707358379733
17.73,5.91,1.0050000000000001,2.79774081,10.104483826545058,240.5990721905945
17.73,5.91,1.2040000000000002,2.79774081,13.114163986526368,290.89150379533265
17.73,5.91,1.4030000000000002,2.79774081,16.050077475919903,339.9512777626998
17.73,5.91,1.6020000000000003,2.79774081,18.98599096531343,389.0110517300669
17.73,5.91,1.8010000000000004,2.79774081,21.921904454706965,438.0708256974341
17.73,5.91,2.0,2.79774081,24.85781794410049,487.13059966480114
17.73,7.88,0.01,2.79774081,0.17926026552825688,74.74635676209749
17.73,7.88,0.20900000000000002,2.79774081,3.74653954954057,134.35639499529725
17.73,7.88,0.40800000000000003,2.79774081,7.313818833552882,193.966433228497
17.73,7.88,0.607,2.79774081,11.213754795540336,259.13523928273594
17.73,7.88,0.806,2.79774081,15.3997133217681,329.08354664104604
17.73,7.88,1.0050000000000001,2.79774081,19.48049701065346,397.27435883959953
17.73,7.88,1.2040000000000002,2.79774081,25.065438123270695,490.59997950107777
17.73,7.88,1.4030000000000002,2.79774081,30.51349342430418,581.6382074992846
17.73,7.88,1.6020000000000003,2.79774081,35.961548725337664,672.6764354974913
17.73,7.88,1.8010000000000004,2.79774081,41.40960402637114,763.714663495698
17.73,7.88,2.0,2.79774081,46.85765932740461,854.7528914939045
17.73,9.85,0.01,2.79774081,0.30104953866483514,76.78148287644521
17.73,9.85,0.20900000000000002,2.79774081,6.2919353580950546,176.89053078516426
17.73,9.85,0.40800000000000003,2.79774081,12.282821177525275,276.99957869388334
17.73,9.85,0.607,2.79774081,18.767798284514733,385.3650030164418
17.73,9.85,0.806,2.79774081,25.67760154529346,500.8293678069746
17.73,9.85,1.0050000000000001,2.79774081,32.41379165881643,613.3926179042778
17.73,9.85,1.2040000000000002,2.79774081,41.43154701425279,764.0813357527422
17.73,9.85,1.4030000000000002,2.79774081,50.228278954114735,911.0767026735482
17.73,9.85,1.6020000000000003,2.79774081,59.02501089397668,1058.0720695943542
17.73,9.85,1.8010000000000004,2.79774081,67.82174283383863,1205.0674365151601
17.73,9.85,2.0,2.79774081,76.61847477370054,1352.0628034359656
17.73,11.82,0.01,2.79774081,0.459835103901513,79.4348253430862
17.73,11.82,0.20900000000000002,2.79774081,9.610553671541622,232.34538833796137
17.73,11.82,0.40800000000000003,2.79774081,18.76127223918173,385.25595133283645
17.73,11.82,0.607,2.79774081,28.58677471986332,549.442305106366
17.73,11.82,0.806,2.79774081,38.99246523792639,723.3237313250941
17.73,11.82,1.0050000000000001,2.79774081,49.13670624548534,892.8362774880749
17.73,11.82,1.2040000000000002,2.79774081,62.471541540625445,1115.6643709707548
17.73,11.82,1.4030000000000002,2.79774081,75.47954263735525,1333.0309915739572
17.73,11.82,1.6020000000000003,2.79774081,88.48754373408505,1550.3976121771595
17.73,11.82,1.8010000000000004,2.79774081,101.49554483081484,1767.7642327803617
17.73,11.82,2.0,2.79774081,114.50354592754461,1985.1308533835636
17.73,13.79,0.01,2.79774081,0.6578722994312485,82.74407136989167
17.73,13.79,0.20900000000000002,2.79774081,13.749531058113096,301.5086302981956
17.73,13.79,0.40800000000000003,2.79774081,26.841189816794945,520.2731892264995
17.73,13.79,0.607,2.79774081,40.80225333359019,753.5656969766223
17.73,13.79,0.806,2.79774081,55.51084243680071,999.349525209057
17.73,13.79,1.0050000000000001,2.79774081,69.84986899972954,1238.9578803703246
17.73,13.79,1.2040000000000002,2.79774081,88.40809378784985,1549.0699857269594
17.73,13.79,1.4030000000000002,2.79774081,106.51146012528092,1851.581304187598
17.73,13.79,1.6020000000000003,2.79774081,124.61482646271197,2154.0926226482366
17.73,13.79,1.8010000000000004,2.79774081,142.71819280014304,2456.6039411088746
17.73,13.79,2.0,2.79774081,160.82155913757407,2759.1152595695125
17.73,15.76,0.01,2.79774081,0.8971726473351567,86.74283394273
17.73,15.76,0.20900000000000002,2.79774081,18.750908329304778,385.0827680705168
17.73,15.76,0.40800000000000003,2.79774081,36.604644011274395,683.4227021983037
17.73,15.76,0.607,2.79774081,55.53131060597682,999.6915529142102
17.73,15.76,0.806,2.79774081,75.38049723779531,1331.3759206965378
17.73,15.76,1.0050000000000001,2.79774081,94.7309605874073,1654.726510393882
17.73,15.76,1.2040000000000002,2.79774081,119.43767012486286,2067.581177182905
17.73,15.76,1.4030000000000002,2.79774081,143.53882305600825,2470.3168570408243
17.73,15.76,1.6020000000000003,2.79774081,167.63997598715363,2873.0525368987433
17.73,15.76,1.8010000000000004,2.79774081,191.74112891829898,3275.7882167566627
17.73,15.76,2.0,2.79774081,215.84228184944433,3678.523896614581
17.73,17.73,0.01,2.79774081,1.1795604684451642,91.46159787254051
17.73,17.73,0.20900000000000002,2.79774081,24.652813790503934,483.7049342035562
17.73,17.73,0.40800000000000003,2.79774081,48.126067112562694,875.948270534572
17.73,17.73,0.607,2.79774081,72.87992047715265,1289.590721265978
17.73,17.73,0.806,2.79774081,98.73485051382555,1721.6324105472524
17.73,17.73,1.0050000000000001,2.79774081,123.94015919279305,2142.8187810023637
17.73,17.73,1.2040000000000002,2.79774081,155.7368246939871,2674.1482047200893
17.73,17.73,1.4030000000000002,2.79774081,186.7541601583872,3192.454848444733
17.73,17.73,1.6020000000000003,2.79774081,217.77149562278728,3710.7614921693767
17.73,17.73,1.8010000000000004,2.79774081,248.7888310871874,4229.068135894021
17.73,17.73,2.0,2.79774081,279.8061665515874,4747.3747796186635
