0.0,1.3,0.01,0.0,0.013310583027994611,25.15590252042684
0.0,1.3,0.20900000000000002,0.0,0.28562303063090144,28.345409459048994
0.0,1.3,0.40800000000000003,0.0,0.6062696032157693,32.10103824909308
0.0,1.3,0.607,0.0,1.0255734277370354,37.012207273770116
0.0,1.3,0.806,0.0,1.4991329715532884,42.55885585391589
0.0,1.3,1.0050000000000001,0.0,1.9607940343691328,47.96614140440974
0.0,1.3,1.2040000000000002,0.0,2.4462520591857944,53.652153014207414
0.0,1.3,1.4030000000000002,0.0,2.919811603002047,59.19880159435318
0.0,1.3,1.6020000000000003,0.0,3.3933711468182994,64.74545017449893
0.0,1.3,1.8010000000000004,0.0,3.8669306906345526,70.29209875464471
0.0,1.3,2.0,0.0,4.3404902344508045,75.83874733479045
0.0,2.6,0.01,0.0,0.06438249973579396,25.754091233951222
0.0,2.6,0.20900000000000002,0.0,1.439929730790252,41.86542759213485
0.0,2.6,0.40800000000000003,0.0,2.943736102402689,59.47902145765036
0.0,2.6,0.607,0.0,4.803479373895453,81.26158821395136
0.0,2.6,0.806,0.0,6.9327721107214595,106.20129999814309
0.0,2.6,1.0050000000000001,0.0,9.008565030039273,130.51438585810888
0.0,2.6,1.2040000000000002,0.0,11.191357584373472,156.08072356652653
0.0,2.6,1.4030000000000002,0.0,13.320650321199478,181.02043535071823
0.0,2.6,1.6020000000000003,0.0,15.449943058025484,205.96014713490996
0.0,2.6,1.8010000000000004,0.0,17.579235794851495,230.89985891910172
0.0,2.6,2.0,0.0,19.708528531677494,255.83957070329333
0.0,3.9000000000000004,0.01,0.0,0.16188852124224384,26.89614748180136
0.0,3.9000000000000004,0.20900000000000002,0.0,3.7101803383522656,68.45613297108687
0.0,3.9000000000000004,0.40800000000000003,0.0,7.422406005589297,111.93622221272675
0.0,3.9000000000000004,0.607,0.0,11.854308602911766,163.84565275800406
0.0,3.9000000000000004,0.806,0.0,16.981667733732714,223.90073899632594
0.0,3.9000000000000004,1.0050000000000001,0.0,21.980198745688806,282.44690346986573
0.0,3.9000000000000004,1.2040000000000002,0.0,27.2363859953746,344.01091147296955
0.0,3.9000000000000004,1.4030000000000002,0.0,32.363745126195546,404.0659977112914
0.0,3.9000000000000004,1.6020000000000003,0.0,37.49110425701649,464.1210839496132
0.0,3.9000000000000004,1.8010000000000004,0.0,42.61846338783744,524.1761701879351
0.0,3.9000000000000004,2.0,0.0,47.74582251865837,584.2312564262568
0.0,5.2,0.01,0.0,0.3114143282462974,28.647494521353345
0.0,5.2,0.20900000000000002,0.0,7.2624221711549595,110.06238370667437
0.0,5.2,0.40800000000000003,0.0,14.309333522890972,192.6005594311737
0.0,5.2,0.607,0.0,22.503731902663397,288.57887669205275
0.0,5.2,0.806,0.0,32.066227406784385,400.581269639629
0.0,5.2,1.0050000000000001,0.0,41.38845920477167,509.7695321111355
0.0,5.2,1.2040000000000002,0.0,51.19121841502636,624.5860555347816
0.0,5.2,1.4030000000000002,0.0,60.75371391914734,736.5884484823579
0.0,5.2,1.6020000000000003,0.0,70.31620942326833,848.5908414299341
0.0,5.2,1.8010000000000004,0.0,79.87870492738932,960.5932343775105
0.0,5.2,2.0,0.0,89.4412004315103,1072.5956273250865
0.0,6.5,0.01,0.0,0.5172745957272361,31.058668734272647
0.0,6.5,0.20900000000000002,0.0,12.227937277223027,168.22184363607116
0.0,6.5,0.40800000000000003,0.0,23.812208376651842,303.90463513441284
0.0,6.5,0.607,0.0,36.99937966296532,458.36167405695784
0.0,6.5,0.806,0.0,52.503885217292144,639.9608939264182
0.0,6.5,1.0050000000000001,0.0,67.61883033055548,816.9973193267965
0.0,6.5,1.2040000000000002,0.0,83.51289632594583,1003.159333665339
0.0,6.5,1.4030000000000002,0.0,99.01740188027266,1184.7585535347994
0.0,6.5,1.6020000000000003,0.0,114.52190743459947,1366.3577734042594
0.0,6.5,1.8010000000000004,0.0,130.02641298892632,1547.9569932737197
0.0,6.5,2.0,0.0,145.53091854325314,1729.55621314318
0.0,7.800000000000001,0.01,0.0,0.7830451644519097,34.17155277791727
0.0,7.800000000000001,0.20900000000000002,0.0,18.717370483923155,244.23045955757902
0.0,7.800000000000001,0.40800000000000003,0.0,36.104036075689656,447.87480645613914
0.0,7.800000000000001,0.607,0.0,55.54417653130203,675.5708351054849
0.0,7.800000000000001,0.806,0.0,78.55346201632557,945.0710961227019
0.0,7.800000000000001,1.0050000000000001,0.0,100.98462475046912,1207.7999937977777
0.0,7.800000000000001,1.2040000000000002,0.0,124.57203298637268,1484.071618157136
0.0,7.800000000000001,1.4030000000000002,0.0,147.58131847139623,1753.5718791743532
0.0,7.800000000000001,1.6020000000000003,0.0,170.59060395641978,2023.0721401915703
0.0,7.800000000000001,1.8010000000000004,0.0,193.59988944144334,2292.5724012087876
0.0,7.800000000000001,2.0,0.0,216.60917492646684,2562.072662226004
0.0,9.1,0.01,0.0,1.111808935230703,38.022255664608785
0.0,9.1,0.20900000000000002,0.0,26.827385659589186,339.22042385343684
0.0,9.1,0.40800000000000003,0.0,51.334591432268866,626.2653369533563
0.0,9.1,0.607,0.0,78.31153378230452,942.2374695740399
0.0,9.1,0.806,0.0,110.43526276174406,1318.4922363915603
0.0,9.1,1.0050000000000001,0.0,141.75186287235343,1685.2933658518566
0.0,9.1,1.2040000000000002,0.0,174.68272072062314,2071.0017700266017
0.0,9.1,1.4030000000000002,0.0,206.80644970006261,2447.2565368441215
0.0,9.1,1.6020000000000003,0.0,238.93017867950215,2823.511303661642
0.0,9.1,1.8010000000000004,0.0,271.0539076589417,3199.7660704791624
0.0,9.1,2.0,0.0,303.17763663838116,3576.0208372966827
0.0,10.4,0.01,0.0,1.506292614220701,42.64271441479617
0.0,10.4,0.20900000000000002,0.0,36.64442047266086,454.2041527597504
0.0,10.4,0.40800000000000003,0.0,69.63680934808873,840.6332497995814
0.0,10.4,0.607,0.0,105.45371418443379,1260.1449816396082
0.0,10.4,0.806,0.0,148.34209418281023,1762.4825971075581
0.0,10.4,1.0050000000000001,0.0,190.15287669379026,2252.1986644481726
0.0,10.4,1.2040000000000002,0.0,234.11885417956313,2767.1578280434583
0.0,10.4,1.4030000000000002,0.0,277.0072341779396,3269.4954435114087
0.0,10.4,1.6020000000000003,0.0,319.89561417631603,3771.8330589793586
0.0,10.4,1.8010000000000004,0.0,362.78399417469245,4274.170674447309
0.0,10.4,2.0,0.0,405.6723741730688,4776.508289915258
0.0,11.700000000000001,0.01,0.0,1.9689515669509297,48.06168792459533
0.0,11.700000000000001,0.20900000000000002,0.0,48.247043047566734,590.1018891086976
0.0,11.700000000000001,0.40800000000000003,0.0,91.13076144806317,1092.3849048001255
0.0,11.700000000000001,0.607,0.0,137.10698158334304,1630.8893853111713
0.0,11.700000000000001,0.806,0.0,192.44602404829388,2279.0575519608647
0.0,11.700000000000001,1.0050000000000001,0.0,246.39463831060772,2910.940086282676
0.0,11.700000000000001,1.2040000000000002,0.0,303.1241089781956,3575.3938852602514
0.0,11.700000000000001,1.4030000000000002,0.0,358.4631514431464,4223.562051909945
0.0,11.700000000000001,1.6020000000000003,0.0,413.8021939080972,4871.730218559637
0.0,11.700000000000001,1.8010000000000004,0.0,469.14123637304806,5519.898385209331
0.0,11.700000000000001,2.0,0.0,524.4802788379988,6168.066551859022
1.3,0.0,0.01,0.033124,0.0,25.387970615243344
1.3,0.0,0.20900000000000002,0.033124,0.0,25.387970615243344
1.3,0.0,0.40800000000000003,0.033124,0.0,25.387970615243344
1.3,0.0,0.607,0.033124,0.0,25.387970615243344
1.3,0.0,0.806,0.033124,0.0,25.387970615243344
1.3,0.0,1.0050000000000001,0.033124,0.0,25.387970615243344
1.3,0.0,1.2040000000000002,0.033124,0.0,25.387970615243344
1.3,0.0,1.4030000000000002,0.033124,0.0,25.387970615243344
1.3,0.0,1.6020000000000003,0.033124,0.0,25.387970615243344
1.3,0.0,1.8010000000000004,0.033124,0.0,25.387970615243344
1.3,0.0,2.0,0.033124,0.0,25.387970615243344
1.3,1.3,0.01,0.033124,0.013310583027994611,25.543873135670182
1.3,1.3,0.20900000000000002,0.033124,0.28562303063090144,28.733380074292338
1.3,1.3,0.40800000000000003,0.033124,0.6062696032157693,32.48900886433643
1.3,1.3,0.607,0.033124,1.0255734277370354,37.40017788901346
1.3,1.3,0.806,0.033124,1.4991329715532884,42.94682646915923
1.3,1.3,1.0050000000000001,0.033124,1.9607940343691328,48.35411201965309
1.3,1.3,1.2040000000000002,0.033124,2.4462520591857944,54.040123629450754
1.3,1.3,1.4030000000000002,0.033124,2.919811603002047,59.58677220959652
1.3,1.3,1.6020000000000003,0.033124,3.3933711468182994,65.13342078974227
1.3,1.3,1.8010000000000004,0.033124,3.8669306906345526,70.68006936988805
1.3,1.3,2.0,0.033124,4.3404902344508045,76.22671795003379
1.3,2.6,0.01,0.033124,0.06438249973579396,26.142061849194565
1.3,2.6,0.20900000000000002,0.033124,1.439929730790252,42.2533982073782
1.3,2.6,0.40800000000000003,0.033124,2.943736102402689,59.8669920728937
1.3,2.6,0.607,0.033124,4.803479373895453,81.64955882919469
1.3,2.6,0.806,0.033124,6.9327721107214595,106.58927061338642
1.3,2.6,1.0050000000000001,0.033124,9.008565030039273,130.9023564733522
1.3,2.6,1.2040000000000002,0.033124,11.191357584373472,156.46869418176988
1.3,2.6,1.4030000000000002,0.033124,13.320650321199478,181.40840596596158
1.3,2.6,1.6020000000000003,0.033124,15.449943058025484,206.3481177501533
1.3,2.6,1.8010000000000004,0.033124,17.579235794851495,231.28782953434506
1.3,2.6,2.0,0.033124,19.708528531677494,256.2275413185367
1.3,3.9000000000000004,0.01,0.033124,0.16188852124224384,27.284118097044704
1.3,3.9000000000000004,0.20900000000000002,0.033124,3.7101803383522656,68.84410358633022
1.3,3.9000000000000004,0.40800000000000003,0.033124,7.422406005589297,112.32419282797008
1.3,3.9000000000000004,0.607,0.033124,11.854308602911766,164.2336233732474
1.3,3.9000000000000004,0.806,0.033124,16.981667733732714,224.28870961156926
1.3,3.9000000000000004,1.0050000000000001,0.033124,21.980198745688806,282.8348740851091
1.3,3.9000000000000004,1.2040000000000002,0.033124,27.2363859953746,344.3988820882129
1.3,3.9000000000000004,1.4030000000000002,0.033124,32.363745126195546,404.4539683265348
1.3,3.9000000000000004,1.6020000000000003,0.033124,37.49110425701649,464.50905456485657
1.3,3.9000000000000004,1.8010000000000004,0.033124,42.61846338783744,524.5641408031785
1.3,3.9000000000000004,2.0,0.033124,47.74582251865837,584.6192270415002
1.3,5.2,0.01,0.033124,0.3114143282462974,29.035465136596688
1.3,5.2,0.20900000000000002,0.033124,7.2624221711549595,110.45035432191771
1.3,5.2,0.40800000000000003,0.033124,14.309333522890972,192.98853004641705
1.3,5.2,0.607,0.033124,22.503731902663397,288.96684730729606
1.3,5.2,0.806,0.033124,32.066227406784385,400.9692402548724
1.3,5.2,1.0050000000000001,0.033124,41.38845920477167,510.1575027263789
1.3,5.2,1.2040000000000002,0.033124,51.19121841502636,624.974026150025
1.3,5.2,1.4030000000000002,0.033124,60.75371391914734,736.9764190976013
1.3,5.2,1.6020000000000003,0.033124,70.31620942326833,848.9788120451774
1.3,5.2,1.8010000000000004,0.033124,79.87870492738932,960.9812049927538
1.3,5.2,2.0,0.033124,89.4412004315103,1072.98359794033
1.3,6.5,0.01,0.033124,0.5172745957272361,31.44663934951599
1.3,6.5,0.20900000000000002,0.033124,12.227937277223027,168.6098142513145
1.3,6.5,0.40800000000000003,0.033124,23.812208376651842,304.29260574965616
1.3,6.5,0.607,0.033124,36.99937966296532,458.7496446722012
1.3,6.5,0.806,0.033124,52.503885217292144,640.3488645416616
1.3,6.5,1.0050000000000001,0.033124,67.61883033055548,817.3852899420398
1.3,6.5,1.2040000000000002,0.033124,83.51289632594583,1003.5473042805822
1.3,6.5,1.4030000000000002,0.033124,99.01740188027266,1185.1465241500428
1.3,6.5,1.6020000000000003,0.033124,114.52190743459947,1366.7457440195028
1.3,6.5,1.8010000000000004,0.033124,130.02641298892632,1548.344963888963
1.3,6.5,2.0,0.033124,145.53091854325314,1729.9441837584234
1.3,7.800000000000001,0.01,0.033124,0.7830451644519097,34.55952339316062
1.3,7.800000000000001,0.20900000000000002,0.033124,18.717370483923155,244.61843017282234
1.3,7.800000000000001,0.40800000000000003,0.033124,36.104036075689656,448.2627770713825
1.3,7.800000000000001,0.607,0.033124,55.54417653130203,675.9588057207283
1.3,7.800000000000001,0.806,0.033124,78.55346201632557,945.4590667379451
1.3,7.800000000000001,1.0050000000000001,0.033124,100.98462475046912,1208.187964413021
1.3,7.800000000000001,1.2040000000000002,0.033124,124.57203298637268,1484.4595887723794
1.3,7.800000000000001,1.4030000000000002,0.033124,147.58131847139623,1753.9598497895968
1.3,7.800000000000001,1.6020000000000003,0.033124,170.59060395641978,2023.4601108068136
1.3,7.800000000000001,1.8010000000000004,0.033124,193.59988944144334,2292.960371824031
1.3,7.800000000000001,2.0,0.033124,216.60917492646684,2562.4606328412474
1.3,9.1,0.01,0.033124,1.111808935230703,38.410226279852125
1.3,9.1,0.20900000000000002,0.033124,26.827385659589186,339.6083944686802
1.3,9.1,0.40800000000000003,0.033124,51.334591432268866,626.6533075685996
1.3,9.1,0.607,0.033124,78.31153378230452,942.6254401892832
1.3,9.1,0.806,0.033124,110.43526276174406,1318.8802070068036
1.3,9.1,1.0050000000000001,0.033124,141.75186287235343,1685.6813364671
1.3,9.1,1.2040000000000002,0.033124,174.68272072062314,2071.3897406418446
1.3,9.1,1.4030000000000002,0.033124,206.80644970006261,2447.644507459365
1.3,9.1,1.6020000000000003,0.033124,238.93017867950215,2823.8992742768855
1.3,9.1,1.8010000000000004,0.033124,271.0539076589417,3200.1540410944062
1.3,9.1,2.0,0.033124,303.17763663838116,3576.408807911926
1.3,10.4,0.01,0.033124,1.506292614220701,43.03068503003951
1.3,10.4,0.20900000000000002,0.033124,36.64442047266086,454.5921233749938
1.3,10.4,0.40800000000000003,0.033124,69.63680934808873,841.0212204148248
1.3,10.4,0.607,0.033124,105.45371418443379,1260.5329522548516
1.3,10.4,0.806,0.033124,148.34209418281023,1762.8705677228015
1.3,10.4,1.0050000000000001,0.033124,190.15287669379026,2252.586635063416
1.3,10.4,1.2040000000000002,0.033124,234.11885417956313,2767.5457986587016
1.3,10.4,1.4030000000000002,0.033124,277.0072341779396,3269.883414126652
1.3,10.4,1.6020000000000003,0.033124,319.89561417631603,3772.221029594602
1.3,10.4,1.8010000000000004,0.033124,362.78399417469245,4274.5586450625515
1.3,10.4,2.0,0.033124,405.6723741730688,4776.8962605305005
1.3,11.700000000000001,0.01,0.033124,1.9689515669509297,48.44965853983867
1.3,11.700000000000001,0.20900000000000002,0.033124,48.247043047566734,590.489859723941
1.3,11.700000000000001,0.40800000000000003,0.033124,91.13076144806317,1092.7728754153688
1.3,11.700000000000001,0.607,0.033124,137.10698158334304,1631.2773559264149
1.3,11.700000000000001,0.806,0.033124,192.44602404829388,2279.445522576108
1.3,11.700000000000001,1.0050000000000001,0.033124,246.39463831060772,2911.3280568979194
1.3,11.700000000000001,1.2040000000000002,0.033124,303.1241089781956,3575.781855875495
1.3,11.700000000000001,1.4030000000000002,0.033124,358.4631514431464,4223.950022525188
1.3,11.700000000000001,1.6020000000000003,0.033124,413.8021939080972,4872.118189174881
1.3,11.700000000000001,1.8010000000000004,0.033124,469.14123637304806,5520.2863558245745
1.3,11.700000000000001,2.0,0.033124,524.4802788379988,6168.454522474265
2.6,0.0,0.01,0.132496,0.0,26.55188246097337
2.6,0.0,0.20900000000000002,0.132496,0.0,26.55188246097337
2.6,0.0,0.40800000000000003,0.132496,0.0,26.55188246097337
2.6,0.0,0.607,0.132496,0.0,26.55188246097337
2.6,0.0,0.806,0.132496,0.0,26.55188246097337
2.6,0.0,1.0050000000000001,0.132496,0.0,26.55188246097337
2.6,0.0,1.2040000000000002,0.132496,0.0,26.55188246097337
2.6,0.0,1.4030000000000002,0.132496,0.0,26.55188246097337
2.6,0.0,1.6020000000000003,0.132496,0.0,26.55188246097337
2.6,0.0,1.8010000000000004,0.132496,0.0,26.55188246097337
2.6,0.0,2.0,0.132496,0.0,26.55188246097337
2.6,1.3,0.01,0.132496,0.013310583027994611,26.70778498140021
2.6,1.3,0.20900000000000002,0.132496,0.28562303063090144,29.897291920022365
2.6,1.3,0.40800000000000003,0.132496,0.6062696032157693,33.652920710066454
2.6,1.3,0.607,0.132496,1.0255734277370354,38.56408973474349
2.6,1.3,0.806,0.132496,1.4991329715532884,44.110738314889254
2.6,1.3,1.0050000000000001,0.132496,1.9607940343691328,49.518023865383114
2.6,1.3,1.2040000000000002,0.132496,2.4462520591857944,55.20403547518079
2.6,1.3,1.4030000000000002,0.132496,2.919811603002047,60.750684055326545
2.6,1.3,1.6020000000000003,0.132496,3.3933711468182994,66.29733263547232
2.6,1.3,1.8010000000000004,0.132496,3.8669306906345526,71.84398121561807
2.6,1.3,2.0,0.132496,4.3404902344508045,77.39062979576383
2.6,2.6,0.01,0.132496,0.06438249973579396,27.305973694924596
2.6,2.6,0.20900000000000002,0.132496,1.439929730790252,43.417310053108224
2.6,2.6,0.40800000000000003,0.132496,2.943736102402689,61.030903918623736
2.6,2.6,0.607,0.132496,4.803479373895453,82.81347067492473
2.6,2.6,0.806,0.132496,6.9327721107214595,107.75318245911646
2.6,2.6,1.0050000000000001,0.132496,9.008565030039273,132.0662683190822
2.6,2.6,1.2040000000000002,0.132496,11.191357584373472,157.6326060274999
2.6,2.6,1.4030000000000002,0.132496,13.320650321199478,182.5723178116916
2.6,2.6,1.6020000000000003,0.132496,15.449943058025484,207.51202959588332
2.6,2.6,1.8010000000000004,0.132496,17.579235794851495,232.45174138007508
2.6,2.6,2.0,0.132496,19.708528531677494,257.3914531642667
2.6,3.9000000000000004,0.01,0.132496,0.16188852124224384,28.44802994277473
2.6,3.9000000000000004,0.20900000000000002,0.132496,3.7101803383522656,70.00801543206023
2.6,3.9000000000000004,0.40800000000000003,0.132496,7.422406005589297,113.48810467370011
2.6,3.9000000000000004,0.607,0.132496,11.854308602911766,165.39753521897742
2.6,3.9000000000000004,0.806,0.132496,16.981667733732714,225.4526214572993
2.6,3.9000000000000004,1.0050000000000001,0.132496,21.980198745688806,283.9987859308391
2.6,3.9000000000000004,1.2040000000000002,0.132496,27.2363859953746,345.56279393394294
2.6,3.9000000000000004,1.4030000000000002,0.132496,32.363745126195546,405.6178801722648
2.6,3.9000000000000004,1.6020000000000003,0.132496,37.49110425701649,465.6729664105865
2.6,3.9000000000000004,1.8010000000000004,0.132496,42.61846338783744,525.7280526489085
2.6,3.9000000000000004,2.0,0.132496,47.74582251865837,585.7831388872302
2.6,5.2,0.01,0.132496,0.3114143282462974,30.199376982326715
2.6,5.2,0.20900000000000002,0.132496,7.2624221711549595,111.61426616764774
2.6,5.2,0.40800000000000003,0.132496,14.309333522890972,194.15244189214707
2.6,5.2,0.607,0.132496,22.503731902663397,290.1307591530261
2.6,5.2,0.806,0.132496,32.066227406784385,402.1331521006024
2.6,5.2,1.0050000000000001,0.132496,41.38845920477167,511.32141457210884
2.6,5.2,1.2040000000000002,0.132496,51.19121841502636,626.137937995755
2.6,5.2,1.4030000000000002,0.132496,60.75371391914734,738.1403309433312
2.6,5.2,1.6020000000000003,0.132496,70.31620942326833,850.1427238909075
2.6,5.2,1.8010000000000004,0.132496,79.87870492738932,962.1451168384839
2.6,5.2,2.0,0.132496,89.4412004315103,1074.14750978606
2.6,6.5,0.01,0.132496,0.5172745957272361,32.61055119524602
2.6,6.5,0.20900000000000002,0.132496,12.227937277223027,169.77372609704454
2.6,6.5,0.40800000000000003,0.132496,23.812208376651842,305.45651759538623
2.6,6.5,0.607,0.132496,36.99937966296532,459.9135565179312
2.6,6.5,0.806,0.132496,52.503885217292144,641.5127763873916
2.6,6.5,1.0050000000000001,0.132496,67.61883033055548,818.5492017877699
2.6,6.5,1.2040000000000002,0.132496,83.51289632594583,1004.7112161263124
2.6,6.5,1.4030000000000002,0.132496,99.01740188027266,1186.3104359957727
2.6,6.5,1.6020000000000003,0.132496,114.52190743459947,1367.9096558652327
2.6,6.5,1.8010000000000004,0.132496,130.02641298892632,1549.5088757346932
2.6,6.5,2.0,0.132496,145.53091854325314,1731.1080956041535
2.6,7.800000000000001,0.01,0.132496,0.7830451644519097,35.723435238890644
2.6,7.800000000000001,0.20900000000000002,0.132496,18.717370483923155,245.78234201855238
2.6,7.800000000000001,0.40800000000000003,0.132496,36.104036075689656,449.4266889171125
2.6,7.800000000000001,0.607,0.132496,55.54417653130203,677.1227175664582
2.6,7.800000000000001,0.806,0.132496,78.55346201632557,946.6229785836753
2.6,7.800000000000001,1.0050000000000001,0.132496,100.98462475046912,1209.3518762587512
2.6,7.800000000000001,1.2040000000000002,0.132496,124.57203298637268,1485.6235006181096
2.6,7.800000000000001,1.4030000000000002,0.132496,147.58131847139623,1755.1237616353267
2.6,7.800000000000001,1.6020000000000003,0.132496,170.59060395641978,2024.6240226525438
2.6,7.800000000000001,1.8010000000000004,0.132496,193.59988944144334,2294.124283669761
2.6,7.800000000000001,2.0,0.132496,216.60917492646684,2563.6245446869775
2.6,9.1,0.01,0.132496,1.111808935230703,39.57413812558216
2.6,9.1,0.20900000000000002,0.132496,26.827385659589186,340.77230631441023
2.6,9.1,0.40800000000000003,0.132496,51.334591432268866,627.8172194143297
2.6,9.1,0.607,0.132496,78.31153378230452,943.7893520350132
2.6,9.1,0.806,0.132496,110.43526276174406,1320.0441188525338
2.6,9.1,1.0050000000000001,0.132496,141.75186287235343,1686.84524831283
2.6,9.1,1.2040000000000002,0.132496,174.68272072062314,2072.553652487575
2.6,9.1,1.4030000000000002,0.132496,206.80644970006261,2448.808419305095
2.6,9.1,1.6020000000000003,0.132496,238.93017867950215,2825.0631861226157
2.6,9.1,1.8010000000000004,0.132496,271.0539076589417,3201.317952940136
2.6,9.1,2.0,0.132496,303.17763663838116,3577.5727197576557
2.6,10.4,0.01,0.132496,1.506292614220701,44.194596875769534
2.6,10.4,0.20900000000000002,0.132496,36.64442047266086,455.7560352207238
2.6,10.4,0.40800000000000003,0.132496,69.63680934808873,842.1851322605548
2.6,10.4,0.607,0.132496,105.45371418443379,1261.6968641005815
2.6,10.4,0.806,0.132496,148.34209418281023,1764.0344795685317
2.6,10.4,1.0050000000000001,0.132496,190.15287669379026,2253.750546909146
2.6,10.4,1.2040000000000002,0.132496,234.11885417956313,2768.7097105044318
2.6,10.4,1.4030000000000002,0.132496,277.0072341779396,3271.047325972382
2.6,10.4,1.6020000000000003,0.132496,319.89561417631603,3773.3849414403317
2.6,10.4,1.8010000000000004,0.132496,362.78399417469245,4275.722556908281
2.6,10.4,2.0,0.132496,405.6723741730688,4778.06017237623
2.6,11.700000000000001,0.01,0.132496,1.9689515669509297,49.6135703855687
2.6,11.700000000000001,0.20900000000000002,0.132496,48.247043047566734,591.653771569671
2.6,11.700000000000001,0.40800000000000003,0.132496,91.13076144806317,1093.936787261099
2.6,11.700000000000001,0.607,0.132496,137.10698158334304,1632.4412677721448
2.6,11.700000000000001,0.806,0.132496,192.44602404829388,2280.609434421838
2.6,11.700000000000001,1.0050000000000001,0.132496,246.39463831060772,2912.4919687436495
2.6,11.700000000000001,1.2040000000000002,0.132496,303.1241089781956,3576.945767721225
2.6,11.700000000000001,1.4030000000000002,0.132496,358.4631514431464,4225.113934370917
2.6,11.700000000000001,1.6020000000000003,0.132496,413.8021939080972,4873.282101020611
2.6,11.700000000000001,1.8010000000000004,0.132496,469.14123637304806,5521.450267670304
2.6,11.700000000000001,2.0,0.132496,524.4802788379988,6169.618434319997
3.9000000000000004,0.0,0.01,0.29811600000000005,0.0,28.491735537190085
3.9000000000000004,0.0,0.20900000000000002,0.29811600000000005,0.0,28.491735537190085
3.9000000000000004,0.0,0.40800000000000003,0.29811600000000005,0.0,28.491735537190085
3.9000000000000004,0.0,0.607,0.29811600000000005,0.0,28.491735537190085
3.9000000000000004,0.0,0.806,0.29811600000000005,0.0,28.491735537190085
3.9000000000000004,0.0,1.0050000000000001,0.29811600000000005,0.0,28.491735537190085
3.9000000000000004,0.0,1.2040000000000002,0.29811600000000005,0.0,28.491735537190085
3.9000000000000004,0.0,1.4030000000000002,0.29811600000000005,0.0,28.491735537190085
3.9000000000000004,0.0,1.6020000000000003,0.29811600000000005,0.0,28.491735537190085
3.9000000000000004,0.0,1.8010000000000004,0.29811600000000005,0.0,28.491735537190085
3.9000000000000004,0.0,2.0,0.29811600000000005,0.0,28.491735537190085
3.9000000000000004,1.3,0.01,0.29811600000000005,0.013310583027994611,28.647638057616923
3.9000000000000004,1.3,0.20900000000000002,0.29811600000000005,0.28562303063090144,31.83714499623908
3.9000000000000004,1.3,0.40800000000000003,0.29811600000000005,0.6062696032157693,35.59277378628317
3.9000000000000004,1.3,0.607,0.29811600000000005,1.0255734277370354,40.503942810960204
3.9000000000000004,1.3,0.806,0.29811600000000005,1.4991329715532884,46.05059139110597
3.9000000000000004,1.3,1.0050000000000001,0.29811600000000005,1.9607940343691328,51.45787694159983
3.9000000000000004,1.3,1.2040000000000002,0.29811600000000005,2.4462520591857944,57.143888551397495
3.9000000000000004,1.3,1.4030000000000002,0.29811600000000005,2.919811603002047,62.69053713154326
3.9000000000000004,1.3,1.6020000000000003,0.29811600000000005,3.3933711468182994,68.23718571168902
3.9000000000000004,1.3,1.8010000000000004,0.29811600000000005,3.8669306906345526,73.78383429183478
3.9000000000000004,1.3,2.0,0.29811600000000005,4.3404902344508045,79.33048287198054
3.9000000000000004,2.6,0.01,0.29811600000000005,0.06438249973579396,29.245826771141306
3.9000000000000004,2.6,0.20900000000000002,0.29811600000000005,1.439929730790252,45.35716312932493
3.9000000000000004,2.6,0.40800000000000003,0.29811600000000005,2.943736102402689,62.97075699484045
3.9000000000000004,2.6,0.607,0.29811600000000005,4.803479373895453,84.75332375114144
3.9000000000000004,2.6,0.806,0.29811600000000005,6.9327721107214595,109.69303553533317
3.9000000000000004,2.6,1.0050000000000001,0.29811600000000005,9.008565030039273,134.00612139529895
3.9000000000000004,2.6,1.2040000000000002,0.29811600000000005,11.191357584373472,159.5724591037166
3.9000000000000004,2.6,1.4030000000000002,0.29811600000000005,13.320650321199478,184.51217088790833
3.9000000000000004,2.6,1.6020000000000003,0.29811600000000005,15.449943058025484,209.45188267210003
3.9000000000000004,2.6,1.8010000000000004,0.29811600000000005,17.579235794851495,234.3915944562918
3.9000000000000004,2.6,2.0,0.29811600000000005,19.708528531677494,259.33130624048346
3.9000000000000004,3.9000000000000004,0.01,0.29811600000000005,0.16188852124224384,30.387883018991445
3.9000000000000004,3.9000000000000004,0.20900000000000002,0.29811600000000005,3.7101803383522656,71.94786850827695
3.9000000000000004,3.9000000000000004,0.40800000000000003,0.29811600000000005,7.422406005589297,115.42795774991683
3.9000000000000004,3.9000000000000004,0.607,0.29811600000000005,11.854308602911766,167.33738829519416
3.9000000000000004,3.9000000000000004,0.806,0.29811600000000005,16.981667733732714,227.39247453351604
3.9000000000000004,3.9000000000000004,1.0050000000000001,0.29811600000000005,21.980198745688806,285.9386390070559
3.9000000000000004,3.9000000000000004,1.2040000000000002,0.29811600000000005,27.2363859953746,347.50264701015965
3.9000000000000004,3.9000000000000004,1.4030000000000002,0.29811600000000005,32.363745126195546,407.5577332484815
3.9000000000000004,3.9000000000000004,1.6020000000000003,0.29811600000000005,37.49110425701649,467.6128194868033
3.9000000000000004,3.9000000000000004,1.8010000000000004,0.29811600000000005,42.61846338783744,527.6679057251251
3.9000000000000004,3.9000000000000004,2.0,0.29811600000000005,47.74582251865837,587.7229919634469
3.9000000000000004,5.2,0.01,0.29811600000000005,0.3114143282462974,32.13923005854343
3.9000000000000004,5.2,0.20900000000000002,0.29811600000000005,7.2624221711549595,113.55411924386445
3.9000000000000004,5.2,0.40800000000000003,0.29811600000000005,14.309333522890972,196.09229496836377
3.9000000000000004,5.2,0.607,0.29811600000000005,22.503731902663397,292.07061222924284
3.9000000000000004,5.2,0.806,0.29811600000000005,32.066227406784385,404.0730051768191
3.9000000000000004,5.2,1.0050000000000001,0.29811600000000005,41.38845920477167,513.2612676483257
3.9000000000000004,5.2,1.2040000000000002,0.29811600000000005,51.19121841502636,628.0777910719718
3.9000000000000004,5.2,1.4030000000000002,0.29811600000000005,60.75371391914734,740.0801840195479
3.9000000000000004,5.2,1.6020000000000003,0.29811600000000005,70.31620942326833,852.0825769671242
3.9000000000000004,5.2,1.8010000000000004,0.29811600000000005,79.87870492738932,964.0849699147005
3.9000000000000004,5.2,2.0,0.29811600000000005,89.4412004315103,1076.0873628622767
3.9000000000000004,6.5,0.01,0.29811600000000005,0.5172745957272361,34.55040427146273
3.9000000000000004,6.5,0.20900000000000002,0.29811600000000005,12.227937277223027,171.71357917326125
3.9000000000000004,6.5,0.40800000000000003,0.29811600000000005,23.812208376651842,307.39637067160294
3.9000000000000004,6.5,0.607,0.29811600000000005,36.99937966296532,461.85340959414793
3.9000000000000004,6.5,0.806,0.29811600000000005,52.503885217292144,643.4526294636082
3.9000000000000004,6.5,1.0050000000000001,0.29811600000000005,67.61883033055548,820.4890548639866
3.9000000000000004,6.5,1.2040000000000002,0.29811600000000005,83.51289632594583,1006.651069202529
3.9000000000000004,6.5,1.4030000000000002,0.29811600000000005,99.01740188027266,1188.2502890719893
3.9000000000000004,6.5,1.6020000000000003,0.29811600000000005,114.52190743459947,1369.8495089414494
3.9000000000000004,6.5,1.8010000000000004,0.29811600000000005,130.02641298892632,1551.4487288109099
3.9000000000000004,6.5,2.0,0.29811600000000005,145.53091854325314,1733.0479486803702
3.9000000000000004,7.800000000000001,0.01,0.29811600000000005,0.7830451644519097,37.66328831510736
3.9000000000000004,7.800000000000001,0.20900000000000002,0.29811600000000005,18.717370483923155,247.72219509476912
3.9000000000000004,7.800000000000001,0.40800000000000003,0.29811600000000005,36.104036075689656,451.36654199332924
3.9000000000000004,7.800000000000001,0.607,0.29811600000000005,55.54417653130203,679.0625706426749
3.9000000000000004,7.800000000000001,0.806,0.29811600000000005,78.55346201632557,948.5628316598919
3.9000000000000004,7.800000000000001,1.0050000000000001,0.29811600000000005,100.98462475046912,1211.2917293349678
3.9000000000000004,7.800000000000001,1.2040000000000002,0.29811600000000005,124.57203298637268,1487.5633536943262
3.9000000000000004,7.800000000000001,1.4030000000000002,0.29811600000000005,147.58131847139623,1757.0636147115433
3.9000000000000004,7.800000000000001,1.6020000000000003,0.29811600000000005,170.59060395641978,2026.5638757287604
3.9000000000000004,7.800000000000001,1.8010000000000004,0.29811600000000005,193.59988944144334,2296.064136745978
3.9000000000000004,7.800000000000001,2.0,0.29811600000000005,216.60917492646684,2565.5643977631944
3.9000000000000004,9.1,0.01,0.29811600000000005,1.111808935230703,41.51399120179887
3.9000000000000004,9.1,0.20900000000000002,0.29811600000000005,26.827385659589186,342.71215939062694
3.9000000000000004,9.1,0.40800000000000003,0.29811600000000005,51.334591432268866,629.7570724905464
3.9000000000000004,9.1,0.607,0.29811600000000005,78.31153378230452,945.7292051112298
3.9000000000000004,9.1,0.806,0.29811600000000005,110.43526276174406,1321.9839719287504
3.9000000000000004,9.1,1.0050000000000001,0.29811600000000005,141.75186287235343,1688.7851013890468
3.9000000000000004,9.1,1.2040000000000002,0.29811600000000005,174.68272072062314,2074.4935055637916
3.9000000000000004,9.1,1.4030000000000002,0.29811600000000005,206.80644970006261,2450.748272381312
3.9000000000000004,9.1,1.6020000000000003,0.29811600000000005,238.93017867950215,2827.003039198832
3.9000000000000004,9.1,1.8010000000000004,0.29811600000000005,271.0539076589417,3203.2578060163523
3.9000000000000004,9.1,2.0,0.29811600000000005,303.17763663838116,3579.512572833872
3.9000000000000004,10.4,0.01,0.29811600000000005,1.506292614220701,46.134449951986255
3.9000000000000004,10.4,0.20900000000000002,0.29811600000000005,36.64442047266086,457.6958882969405
3.9000000000000004,10.4,0.40800000000000003,0.29811600000000005,69.63680934808873,844.1249853367715
3.9000000000000004,10.4,0.607,0.29811600000000005,105.45371418443379,1263.6367171767981
3.9000000000000004,10.4,0.806,0.29811600000000005,148.34209418281023,1765.9743326447483
3.9000000000000004,10.4,1.0050000000000001,0.29811600000000005,190.15287669379026,2255.6903999853625
3.9000000000000004,10.4,1.2040000000000002,0.29811600000000005,234.11885417956313,2770.6495635806486
3.9000000000000004,10.4,1.4030000000000002,0.29811600000000005,277.0072341779396,3272.9871790485986
3.9000000000000004,10.4,1.6020000000000003,0.29811600000000005,319.89561417631603,3775.3247945165485
3.9000000000000004,10.4,1.8010000000000004,0.29811600000000005,362.78399417469245,4277.6624099844985
3.9000000000000004,10.4,2.0,0.29811600000000005,405.6723741730688,4780.0000254524475
3.9000000000000004,11.700000000000001,0.01,0.29811600000000005,1.9689515669509297,51.553423461785414
3.9000000000000004,11.700000000000001,0.20900000000000002,0.29811600000000005,48.247043047566734,593.5936246458878
3.9000000000000004,11.700000000000001,0.40800000000000003,0.29811600000000005,91.13076144806317,1095.8766403373156
3.9000000000000004,11.700000000000001,0.607,0.29811600000000005,137.10698158334304,1634.3811208483614
3.9000000000000004,11.700000000000001,0.806,0.29811600000000005,192.44602404829388,2282.549287498055
3.9000000000000004,11.700000000000001,1.0050000000000001,0.29811600000000005,246.39463831060772,2914.431821819866
3.9000000000000004,11.700000000000001,1.2040000000000002,0.29811600000000005,303.1241089781956,3578.8856207974413
3.9000000000000004,11.700000000000001,1.4030000000000002,0.29811600000000005,358.4631514431464,4227.053787447135
3.9000000000000004,11.700000000000001,1.6020000000000003,0.29811600000000005,413.8021939080972,4875.221954096827
3.9000000000000004,11.700000000000001,1.8010000000000004,0.29811600000000005,469.14123637304806,5523.390120746521
3.9000000000000004,11.700000000000001,2.0,0.29811600000000005,524.4802788379988,6171.558287396213
5.2,0.0,0.01,0.529984,0.0,31.207529843893482
5.2,0.0,0.20900000000000002,0.529984,0.0,31.207529843893482
5.2,0.0,0.40800000000000003,0.529984,0.0,31.207529843893482
5.2,0.0,0.607,0.529984,0.0,31.207529843893482
5.2,0.0,0.806,0.529984,0.0,31.207529843893482
5.2,0.0,1.0050000000000001,0.529984,0.0,31.207529843893482
5.2,0.0,1.2040000000000002,0.529984,0.0,31.207529843893482
5.2,0.0,1.4030000000000002,0.529984,0.0,31.207529843893482
5.2,0.0,1.6020000000000003,0.529984,0.0,31.207529843893482
5.2,0.0,1.8010000000000004,0.529984,0.0,31.207529843893482
5.2,0.0,2.0,0.529984,0.0,31.207529843893482
5.2,1.3,0.01,0.529984,0.013310583027994611,31.363432364320325
5.2,1.3,0.20900000000000002,0.529984,0.28562303063090144,34.55293930294248
5.2,1.3,0.40800000000000003,0.529984,0.6062696032157693,38.30856809298656
5.2,1.3,0.607,0.529984,1.0255734277370354,43.2197371176636
5.2,1.3,0.806,0.529984,1.4991329715532884,48.76638569780937
5.2,1.3,1.0050000000000001,0.529984,1.9607940343691328,54.17367124830322
5.2,1.3,1.2040000000000002,0.529984,2.4462520591857944,59.859682858100896
5.2,1.3,1.4030000000000002,0.529984,2.919811603002047,65.40633143824665
5.2,1.3,1.6020000000000003,0.529984,3.3933711468182994,70.95298001839242
5.2,1.3,1.8010000000000004,0.529984,3.8669306906345526,76.49962859853818
5.2,1.3,2.0,0.529984,4.3404902344508045,82.04627717868394
5.2,2.6,0.01,0.529984,0.06438249973579396,31.961621077844704
5.2,2.6,0.20900000000000002,0.529984,1.439929730790252,48.07295743602833
5.2,2.6,0.40800000000000003,0.529984,2.943736102402689,65.68655130154384
5.2,2.6,0.607,0.529984,4.803479373895453,87.46911805784484
5.2,2.6,0.806,0.529984,6.9327721107214595,112.40882984203657
5.2,2.6,1.0050000000000001,0.529984,9.008565030039273,136.72191570200235
5.2,2.6,1.2040000000000002,0.529984,11.191357584373472,162.28825341042
5.2,2.6,1.4030000000000002,0.529984,13.320650321199478,187.22796519461173
5.2,2.6,1.6020000000000003,0.529984,15.449943058025484,212.16767697880343
5.2,2.6,1.8010000000000004,0.529984,17.579235794851495,237.1073887629952
5.2,2.6,2.0,0.529984,19.708528531677494,262.0471005471868
5.2,3.9000000000000004,0.01,0.529984,0.16188852124224384,33.103677325694846
5.2,3.9000000000000004,0.20900000000000002,0.529984,3.7101803383522656,74.66366281498036
5.2,3.9000000000000004,0.40800000000000003,0.529984,7.422406005589297,118.14375205662023
5.2,3.9000000000000004,0.607,0.529984,11.854308602911766,170.05318260189756
5.2,3.9000000000000004,0.806,0.529984,16.981667733732714,230.1082688402194
5.2,3.9000000000000004,1.0050000000000001,0.529984,21.980198745688806,288.6544333137592
5.2,3.9000000000000004,1.2040000000000002,0.529984,27.2363859953746,350.21844131686305
5.2,3.9000000000000004,1.4030000000000002,0.529984,32.363745126195546,410.2735275551849
5.2,3.9000000000000004,1.6020000000000003,0.529984,37.49110425701649,470.32861379350663
5.2,3.9000000000000004,1.8010000000000004,0.529984,42.61846338783744,530.3837000318285
5.2,3.9000000000000004,2.0,0.529984,47.74582251865837,590.4387862701502
5.2,5.2,0.01,0.529984,0.3114143282462974,34.85502436524683
5.2,5.2,0.20900000000000002,0.529984,7.2624221711549595,116.26991355056785
5.2,5.2,0.40800000000000003,0.529984,14.309333522890972,198.80808927506718
5.2,5.2,0.607,0.529984,22.503731902663397,294.7864065359462
5.2,5.2,0.806,0.529984,32.066227406784385,406.7887994835225
5.2,5.2,1.0050000000000001,0.529984,41.38845920477167,515.977061955029
5.2,5.2,1.2040000000000002,0.529984,51.19121841502636,630.7935853786751
5.2,5.2,1.4030000000000002,0.529984,60.75371391914734,742.7959783262513
5.2,5.2,1.6020000000000003,0.529984,70.31620942326833,854.7983712738276
5.2,5.2,1.8010000000000004,0.529984,79.87870492738932,966.8007642214039
5.2,5.2,2.0,0.529984,89.4412004315103,1078.80315716898
5.2,6.5,0.01,0.529984,0.5172745957272361,37.266198578166126
5.2,6.5,0.20900000000000002,0.529984,12.227937277223027,174.42937347996465
5.2,6.5,0.40800000000000003,0.529984,23.812208376651842,310.11216497830634
5.2,6.5,0.607,0.529984,36.99937966296532,464.5692039008513
5.2,6.5,0.806,0.529984,52.503885217292144,646.1684237703116
5.2,6.5,1.0050000000000001,0.529984,67.61883033055548,823.20484917069
5.2,6.5,1.2040000000000002,0.529984,83.51289632594583,1009.3668635092324
5.2,6.5,1.4030000000000002,0.529984,99.01740188027266,1190.9660833786927
5.2,6.5,1.6020000000000003,0.529984,114.52190743459947,1372.5653032481528
5.2,6.5,1.8010000000000004,0.529984,130.02641298892632,1554.1645231176133
5.2,6.5,2.0,0.529984,145.53091854325314,1735.7637429870733
5.2,7.800000000000001,0.01,0.529984,0.7830451644519097,40.37908262181075
5.2,7.800000000000001,0.20900000000000002,0.529984,18.717370483923155,250.4379894014725
5.2,7.800000000000001,0.40800000000000003,0.529984,36.104036075689656,454.0823363000326
5.2,7.800000000000001,0.607,0.529984,55.54417653130203,681.7783649493783
5.2,7.800000000000001,0.806,0.529984,78.55346201632557,951.2786259665953
5.2,7.800000000000001,1.0050000000000001,0.529984,100.98462475046912,1214.0075236416712
5.2,7.800000000000001,1.2040000000000002,0.529984,124.57203298637268,1490.2791480010296
5.2,7.800000000000001,1.4030000000000002,0.529984,147.58131847139623,1759.7794090182467
5.2,7.800000000000001,1.6020000000000003,0.529984,170.59060395641978,2029.2796700354636
5.2,7.800000000000001,1.8010000000000004,0.529984,193.59988944144334,2298.779931052681
5.2,7.800000000000001,2.0,0.529984,216.60917492646684,2568.2801920698976
5.2,9.1,0.01,0.529984,1.111808935230703,44.22978550850227
5.2,9.1,0.20900000000000002,0.529984,26.827385659589186,345.42795369733034
5.2,9.1,0.40800000000000003,0.529984,51.334591432268866,632.4728667972497
5.2,9.1,0.607,0.529984,78.31153378230452,948.4449994179333
5.2,9.1,0.806,0.529984,110.43526276174406,1324.6997662354538
5.2,9.1,1.0050000000000001,0.529984,141.75186287235343,1691.50089569575
5.2,9.1,1.2040000000000002,0.529984,174.68272072062314,2077.2092998704948
5.2,9.1,1.4030000000000002,0.529984,206.80644970006261,2453.464066688015
5.2,9.1,1.6020000000000003,0.529984,238.93017867950215,2829.7188335055357
5.2,9.1,1.8010000000000004,0.529984,271.0539076589417,3205.973600323056
5.2,9.1,2.0,0.529984,303.17763663838116,3582.2283671405758
5.2,10.4,0.01,0.529984,1.506292614220701,48.85024425868965
5.2,10.4,0.20900000000000002,0.529984,36.64442047266086,460.41168260364384
5.2,10.4,0.40800000000000003,0.529984,69.63680934808873,846.8407796434749
5.2,10.4,0.607,0.529984,105.45371418443379,1266.3525114835015
5.2,10.4,0.806,0.529984,148.34209418281023,1768.6901269514515
5.2,10.4,1.0050000000000001,0.529984,190.15287669379026,2258.406194292066
5.2,10.4,1.2040000000000002,0.529984,234.11885417956313,2773.365357887352
5.2,10.4,1.4030000000000002,0.529984,277.0072341779396,3275.702973355302
5.2,10.4,1.6020000000000003,0.529984,319.89561417631603,3778.040588823252
5.2,10.4,1.8010000000000004,0.529984,362.78399417469245,4280.378204291202
5.2,10.4,2.0,0.529984,405.6723741730688,4782.715819759151
5.2,11.700000000000001,0.01,0.529984,1.9689515669509297,54.26921776848881
5.2,11.700000000000001,0.20900000000000002,0.529984,48.247043047566734,596.309418952591
5.2,11.700000000000001,0.40800000000000003,0.529984,91.13076144806317,1098.592434644019
5.2,11.700000000000001,0.607,0.529984,137.10698158334304,1637.0969151550648
5.2,11.700000000000001,0.806,0.529984,192.44602404829388,2285.265081804758
5.2,11.700000000000001,1.0050000000000001,0.529984,246.39463831060772,2917.147616126569
5.2,11.700000000000001,1.2040000000000002,0.529984,303.1241089781956,3581.601415104145
5.2,11.700000000000001,1.4030000000000002,0.529984,358.4631514431464,4229.769581753838
5.2,11.700000000000001,1.6020000000000003,0.529984,413.8021939080972,4877.937748403531
5.2,11.700000000000001,1.8010000000000004,0.529984,469.14123637304806,5526.105915053224
5.2,11.700000000000001,2.0,0.529984,524.4802788379988,6174.274081702916
6.5,0.0,0.01,0.8281,0.0,34.69926538108356
6.5,0.0,0.20900000000000002,0.8281,0.0,34.69926538108356
6.5,0.0,0.40800000000000003,0.8281,0.0,34.69926538108356
6.5,0.0,0.607,0.8281,0.0,34.69926538108356
6.5,0.0,0.806,0.8281,0.0,34.69926538108356
6.5,0.0,1.0050000000000001,0.8281,0.0,34.69926538108356
6.5,0.0,1.2040000000000002,0.8281,0.0,34.69926538108356
6.5,0.0,1.4030000000000002,0.8281,0.0,34.69926538108356
6.5,0.0,1.6020000000000003,0.8281,0.0,34.69926538108356
6.5,0.0,1.8010000000000004,0.8281,0.0,34.69926538108356
6.5,0.0,2.0,0.8281,0.0,34.69926538108356
6.5,1.3,0.01,0.8281,0.013310583027994611,34.855167901510406
6.5,1.3,0.20900000000000002,0.8281,0.28562303063090144,38.04467484013256
6.5,1.3,0.40800000000000003,0.8281,0.6062696032157693,41.80030363017664
6.5,1.3,0.607,0.8281,1.0255734277370354,46.71147265485368
6.5,1.3,0.806,0.8281,1.4991329715532884,52.25812123499945
6.5,1.3,1.0050000000000001,0.8281,1.9607940343691328,57.66540678549331
6.5,1.3,1.2040000000000002,0.8281,2.4462520591857944,63.35141839529098
6.5,1.3,1.4030000000000002,0.8281,2.919811603002047,68.89806697543673
6.5,1.3,1.6020000000000003,0.8281,3.3933711468182994,74.44471555558249
6.5,1.3,1.8010000000000004,0.8281,3.8669306906345526,79.99136413572826
6.5,1.3,2.0,0.8281,4.3404902344508045,85.53801271587403
6.5,2.6,0.01,0.8281,0.06438249973579396,35.45335661503479
6.5,2.6,0.20900000000000002,0.8281,1.439929730790252,51.56469297321841
6.5,2.6,0.40800000000000003,0.8281,2.943736102402689,69.17828683873392
6.5,2.6,0.607,0.8281,4.803479373895453,90.96085359503492
6.5,2.6,0.806,0.8281,6.9327721107214595,115.90056537922663
6.5,2.6,1.0050000000000001,0.8281,9.008565030039273,140.21365123919242
6.5,2.6,1.2040000000000002,0.8281,11.191357584373472,165.7799889476101
6.5,2.6,1.4030000000000002,0.8281,13.320650321199478,190.71970073180182
6.5,2.6,1.6020000000000003,0.8281,15.449943058025484,215.65941251599352
6.5,2.6,1.8010000000000004,0.8281,17.579235794851495,240.59912430018525
6.5,2.6,2.0,0.8281,19.708528531677494,265.5388360843769
6.5,3.9000000000000004,0.01,0.8281,0.16188852124224384,36.59541286288493
6.5,3.9000000000000004,0.20900000000000002,0.8281,3.7101803383522656,78.15539835217044
6.5,3.9000000000000004,0.40800000000000003,0.8281,7.422406005589297,121.63548759381031
6.5,3.9000000000000004,0.607,0.8281,11.854308602911766,173.54491813908763
6.5,3.9000000000000004,0.806,0.8281,16.981667733732714,233.60000437740948
6.5,3.9000000000000004,1.0050000000000001,0.8281,21.980198745688806,292.1461688509493
6.5,3.9000000000000004,1.2040000000000002,0.8281,27.2363859953746,353.7101768540531
6.5,3.9000000000000004,1.4030000000000002,0.8281,32.363745126195546,413.765263092375
6.5,3.9000000000000004,1.6020000000000003,0.8281,37.49110425701649,473.82034933069673
6.5,3.9000000000000004,1.8010000000000004,0.8281,42.61846338783744,533.8754355690187
6.5,3.9000000000000004,2.0,0.8281,47.74582251865837,593.9305218073404
6.5,5.2,0.01,0.8281,0.3114143282462974,38.34675990243691
6.5,5.2,0.20900000000000002,0.8281,7.2624221711549595,119.76164908775793
6.5,5.2,0.40800000000000003,0.8281,14.309333522890972,202.29982481225727
6.5,5.2,0.607,0.8281,22.503731902663397,298.2781420731363
6.5,5.2,0.806,0.8281,32.066227406784385,410.28053502071253
6.5,5.2,1.0050000000000001,0.8281,41.38845920477167,519.468797492219
6.5,5.2,1.2040000000000002,0.8281,51.19121841502636,634.2853209158652
6.5,5.2,1.4030000000000002,0.8281,60.75371391914734,746.2877138634414
6.5,5.2,1.6020000000000003,0.8281,70.31620942326833,858.2901068110178
6.5,5.2,1.8010000000000004,0.8281,79.87870492738932,970.2924997585941
6.5,5.2,2.0,0.8281,89.4412004315103,1082.2948927061702
6.5,6.5,0.01,0.8281,0.5172745957272361,40.75793411535621
6.5,6.5,0.20900000000000002,0.8281,12.227937277223027,177.92110901715475
6.5,6.5,0.40800000000000003,0.8281,23.812208376651842,313.6039005154964
6.5,6.5,0.607,0.8281,36.99937966296532,468.0609394380414
6.5,6.5,0.806,0.8281,52.503885217292144,649.6601593075017
6.5,6.5,1.0050000000000001,0.8281,67.61883033055548,826.6965847078801
6.5,6.5,1.2040000000000002,0.8281,83.51289632594583,1012.8585990464226
6.5,6.5,1.4030000000000002,0.8281,99.01740188027266,1194.457818915883
6.5,6.5,1.6020000000000003,0.8281,114.52190743459947,1376.0570387853431
6.5,6.5,1.8010000000000004,0.8281,130.02641298892632,1557.6562586548034
6.5,6.5,2.0,0.8281,145.53091854325314,1739.2554785242635
6.5,7.800000000000001,0.01,0.8281,0.7830451644519097,43.87081815900084
6.5,7.800000000000001,0.20900000000000002,0.8281,18.717370483923155,253.92972493866256
6.5,7.800000000000001,0.40800000000000003,0.8281,36.104036075689656,457.5740718372227
6.5,7.800000000000001,0.607,0.8281,55.54417653130203,685.2701004865684
6.5,7.800000000000001,0.806,0.8281,78.55346201632557,954.7703615037855
6.5,7.800000000000001,1.0050000000000001,0.8281,100.98462475046912,1217.4992591788614
6.5,7.800000000000001,1.2040000000000002,0.8281,124.57203298637268,1493.7708835382198
6.5,7.800000000000001,1.4030000000000002,0.8281,147.58131847139623,1763.2711445554369
6.5,7.800000000000001,1.6020000000000003,0.8281,170.59060395641978,2032.771405572654
6.5,7.800000000000001,1.8010000000000004,0.8281,193.59988944144334,2302.271666589871
6.5,7.800000000000001,2.0,0.8281,216.60917492646684,2571.7719276070875
6.5,9.1,0.01,0.8281,1.111808935230703,47.721521045692356
6.5,9.1,0.20900000000000002,0.8281,26.827385659589186,348.91968923452043
6.5,9.1,0.40800000000000003,0.8281,51.334591432268866,635.9646023344399
6.5,9.1,0.607,0.8281,78.31153378230452,951.9367349551235
6.5,9.1,0.806,0.8281,110.43526276174406,1328.191501772644
6.5,9.1,1.0050000000000001,0.8281,141.75186287235343,1694.99263123294
6.5,9.1,1.2040000000000002,0.8281,174.68272072062314,2080.701035407685
6.5,9.1,1.4030000000000002,0.8281,206.80644970006261,2456.9558022252054
6.5,9.1,1.6020000000000003,0.8281,238.93017867950215,2833.2105690427256
6.5,9.1,1.8010000000000004,0.8281,271.0539076589417,3209.465335860246
6.5,9.1,2.0,0.8281,303.17763663838116,3585.7201026777657
6.5,10.4,0.01,0.8281,1.506292614220701,52.34197979587974
6.5,10.4,0.20900000000000002,0.8281,36.64442047266086,463.90341814083394
6.5,10.4,0.40800000000000003,0.8281,69.63680934808873,850.3325151806652
6.5,10.4,0.607,0.8281,105.45371418443379,1269.844247020692
6.5,10.4,0.806,0.8281,148.34209418281023,1772.1818624886419
6.5,10.4,1.0050000000000001,0.8281,190.15287669379026,2261.897929829256
6.5,10.4,1.2040000000000002,0.8281,234.11885417956313,2776.857093424542
6.5,10.4,1.4030000000000002,0.8281,277.0072341779396,3279.194708892492
6.5,10.4,1.6020000000000003,0.8281,319.89561417631603,3781.5323243604416
6.5,10.4,1.8010000000000004,0.8281,362.78399417469245,4283.869939828392
6.5,10.4,2.0,0.8281,405.6723741730688,4786.207555296341
6.5,11.700000000000001,0.01,0.8281,1.9689515669509297,57.76095330567889
6.5,11.700000000000001,0.20900000000000002,0.8281,48.247043047566734,599.8011544897812
6.5,11.700000000000001,0.40800000000000003,0.8281,91.13076144806317,1102.0841701812092
6.5,11.700000000000001,0.607,0.8281,137.10698158334304,1640.588650692255
6.5,11.700000000000001,0.806,0.8281,192.44602404829388,2288.7568173419486
6.5,11.700000000000001,1.0050000000000001,0.8281,246.39463831060772,2920.6393516637595
6.5,11.700000000000001,1.2040000000000002,0.8281,303.1241089781956,3585.093150641335
6.5,11.700000000000001,1.4030000000000002,0.8281,358.4631514431464,4233.261317291028
6.5,11.700000000000001,1.6020000000000003,0.8281,413.8021939080972,4881.429483940721
6.5,11.700000000000001,1.8010000000000004,0.8281,469.14123637304806,5529.597650590414
6.5,11.700000000000001,2.0,0.8281,524.4802788379988,6177.765817240105
7.800000000000001,0.0,0.01,1.1924640000000002,0.0,38.96694214876034
7.800000000000001,0.0,0.20900000000000002,1.1924640000000002,0.0,38.96694214876034
7.800000000000001,0.0,0.40800000000000003,1.1924640000000002,0.0,38.96694214876034
7.800000000000001,0.0,0.607,1.1924640000000002,0.0,38.96694214876034
7.800000000000001,0.0,0.806,1.1924640000000002,0.0,38.96694214876034
7.800000000000001,0.0,1.0050000000000001,1.1924640000000002,0.0,38.96694214876034
7.800000000000001,0.0,1.2040000000000002,1.1924640000000002,0.0,38.96694214876034
7.800000000000001,0.0,1.4030000000000002,1.1924640000000002,0.0,38.96694214876034
7.800000000000001,0.0,1.6020000000000003,1.1924640000000002,0.0,38.96694214876034
7.800000000000001,0.0,1.8010000000000004,1.1924640000000002,0.0,38.96694214876034
7.800000000000001,0.0,2.0,1.1924640000000002,0.0,38.96694214876034
7.800000000000001,1.3,0.01,1.1924640000000002,0.013310583027994611,39.122844669187174
7.800000000000001,1.3,0.20900000000000002,1.1924640000000002,0.28562303063090144,42.31235160780933
7.800000000000001,1.3,0.40800000000000003,1.1924640000000002,0.6062696032157693,46.06798039785342
7.800000000000001,1.3,0.607,1.1924640000000002,1.0255734277370354,50.979149422530455
7.800000000000001,1.3,0.806,1.1924640000000002,1.4991329715532884,56.52579800267621
7.800000000000001,1.3,1.0050000000000001,1.1924640000000002,1.9607940343691328,61.93308355317008
7.800000000000001,1.3,1.2040000000000002,1.1924640000000002,2.4462520591857944,67.61909516296775
7.800000000000001,1.3,1.4030000000000002,1.1924640000000002,2.919811603002047,73.16574374311351
7.800000000000001,1.3,1.6020000000000003,1.1924640000000002,3.3933711468182994,78.71239232325928
7.800000000000001,1.3,1.8010000000000004,1.1924640000000002,3.8669306906345526,84.25904090340504
7.800000000000001,1.3,2.0,1.1924640000000002,4.3404902344508045,89.8056894835508
7.800000000000001,2.6,0.01,1.1924640000000002,0.06438249973579396,39.72103338271156
7.800000000000001,2.6,0.20900000000000002,1.1924640000000002,1.439929730790252,55.83236974089519
7.800000000000001,2.6,0.40800000000000003,1.1924640000000002,2.943736102402689,73.4459636064107
7.800000000000001,2.6,0.607,1.1924640000000002,4.803479373895453,95.2285303627117
7.800000000000001,2.6,0.806,1.1924640000000002,6.9327721107214595,120.16824214690341
7.800000000000001,2.6,1.0050000000000001,1.1924640000000002,9.008565030039273,144.4813280068692
7.800000000000001,2.6,1.2040000000000002,1.1924640000000002,11.191357584373472,170.04766571528685
7.800000000000001,2.6,1.4030000000000002,1.1924640000000002,13.320650321199478,194.98737749947858
7.800000000000001,2.6,1.6020000000000003,1.1924640000000002,15.449943058025484,219.92708928367028
7.800000000000001,2.6,1.8010000000000004,1.1924640000000002,17.579235794851495,244.86680106786204
7.800000000000001,2.6,2.0,1.1924640000000002,19.708528531677494,269.8065128520537
7.800000000000001,3.9000000000000004,0.01,1.1924640000000002,0.16188852124224384,40.863089630561696
7.800000000000001,3.9000000000000004,0.20900000000000002,1.1924640000000002,3.7101803383522656,82.4230751198472
7.800000000000001,3.9000000000000004,0.40800000000000003,1.1924640000000002,7.422406005589297,125.90316436148707
7.800000000000001,3.9000000000000004,0.607,1.1924640000000002,11.854308602911766,177.81259490676442
7.800000000000001,3.9000000000000004,0.806,1.1924640000000002,16.981667733732714,237.86768114508627
7.800000000000001,3.9000000000000004,1.0050000000000001,1.1924640000000002,21.980198745688806,296.4138456186261
7.800000000000001,3.9000000000000004,1.2040000000000002,1.1924640000000002,27.2363859953746,357.9778536217299
7.800000000000001,3.9000000000000004,1.4030000000000002,1.1924640000000002,32.363745126195546,418.0329398600518
7.800000000000001,3.9000000000000004,1.6020000000000003,1.1924640000000002,37.49110425701649,478.0880260983735
7.800000000000001,3.9000000000000004,1.8010000000000004,1.1924640000000002,42.61846338783744,538.1431123366954
7.800000000000001,3.9000000000000004,2.0,1.1924640000000002,47.74582251865837,598.1981985750172
7.800000000000001,5.2,0.01,1.1924640000000002,0.3114143282462974,42.61443667011368
7.800000000000001,5.2,0.20900000000000002,1.1924640000000002,7.2624221711549595,124.0293258554347
7.800000000000001,5.2,0.40800000000000003,1.1924640000000002,14.309333522890972,206.56750157993403
7.800000000000001,5.2,0.607,1.1924640000000002,22.503731902663397,302.54581884081307
7.800000000000001,5.2,0.806,1.1924640000000002,32.066227406784385,414.5482117883893
7.800000000000001,5.2,1.0050000000000001,1.1924640000000002,41.38845920477167,523.7364742598959
7.800000000000001,5.2,1.2040000000000002,1.1924640000000002,51.19121841502636,638.552997683542
7.800000000000001,5.2,1.4030000000000002,1.1924640000000002,60.75371391914734,750.5553906311181
7.800000000000001,5.2,1.6020000000000003,1.1924640000000002,70.31620942326833,862.5577835786946
7.800000000000001,5.2,1.8010000000000004,1.1924640000000002,79.87870492738932,974.5601765262709
7.800000000000001,5.2,2.0,1.1924640000000002,89.4412004315103,1086.5625694738471
7.800000000000001,6.5,0.01,1.1924640000000002,0.5172745957272361,45.02561088303298
7.800000000000001,6.5,0.20900000000000002,1.1924640000000002,12.227937277223027,182.1887857848315
7.800000000000001,6.5,0.40800000000000003,1.1924640000000002,23.812208376651842,317.87157728317317
7.800000000000001,6.5,0.607,1.1924640000000002,36.99937966296532,472.32861620571816
7.800000000000001,6.5,0.806,1.1924640000000002,52.503885217292144,653.9278360751784
7.800000000000001,6.5,1.0050000000000001,1.1924640000000002,67.61883033055548,830.9642614755569
7.800000000000001,6.5,1.2040000000000002,1.1924640000000002,83.51289632594583,1017.1262758140994
7.800000000000001,6.5,1.4030000000000002,1.1924640000000002,99.01740188027266,1198.7254956835598
7.800000000000001,6.5,1.6020000000000003,1.1924640000000002,114.52190743459947,1380.3247155530198
7.800000000000001,6.5,1.8010000000000004,1.1924640000000002,130.02641298892632,1561.9239354224803
7.800000000000001,6.5,2.0,1.1924640000000002,145.53091854325314,1743.5231552919404
7.800000000000001,7.800000000000001,0.01,1.1924640000000002,0.7830451644519097,48.13849492667761
7.800000000000001,7.800000000000001,0.20900000000000002,1.1924640000000002,18.717370483923155,258.19740170633935
7.800000000000001,7.800000000000001,0.40800000000000003,1.1924640000000002,36.104036075689656,461.84174860489946
7.800000000000001,7.800000000000001,0.607,1.1924640000000002,55.54417653130203,689.5377772542452
7.800000000000001,7.800000000000001,0.806,1.1924640000000002,78.55346201632557,959.0380382714623
7.800000000000001,7.800000000000001,1.0050000000000001,1.1924640000000002,100.98462475046912,1221.766935946538
7.800000000000001,7.800000000000001,1.2040000000000002,1.1924640000000002,124.57203298637268,1498.0385603058967
7.800000000000001,7.800000000000001,1.4030000000000002,1.1924640000000002,147.58131847139623,1767.5388213231136
7.800000000000001,7.800000000000001,1.6020000000000003,1.1924640000000002,170.59060395641978,2037.0390823403307
7.800000000000001,7.800000000000001,1.8010000000000004,1.1924640000000002,193.59988944144334,2306.539343357548
7.800000000000001,7.800000000000001,2.0,1.1924640000000002,216.60917492646684,2576.0396043747646
7.800000000000001,9.1,0.01,1.1924640000000002,1.111808935230703,51.989197813369124
7.800000000000001,9.1,0.20900000000000002,1.1924640000000002,26.827385659589186,353.18736600219717
7.800000000000001,9.1,0.40800000000000003,1.1924640000000002,51.334591432268866,640.2322791021166
7.800000000000001,9.1,0.607,1.1924640000000002,78.31153378230452,956.2044117228003
7.800000000000001,9.1,0.806,1.1924640000000002,110.43526276174406,1332.4591785403209
7.800000000000001,9.1,1.0050000000000001,1.1924640000000002,141.75186287235343,1699.260308000617
7.800000000000001,9.1,1.2040000000000002,1.1924640000000002,174.68272072062314,2084.968712175362
7.800000000000001,9.1,1.4030000000000002,1.1924640000000002,206.80644970006261,2461.223478992882
7.800000000000001,9.1,1.6020000000000003,1.1924640000000002,238.93017867950215,2837.4782458104023
7.800000000000001,9.1,1.8010000000000004,1.1924640000000002,271.0539076589417,3213.7330126279226
7.800000000000001,9.1,2.0,1.1924640000000002,303.17763663838116,3589.9877794454424
7.800000000000001,10.4,0.01,1.1924640000000002,1.506292614220701,56.6096565635565
7.800000000000001,10.4,0.20900000000000002,1.1924640000000002,36.64442047266086,468.1710949085107
7.800000000000001,10.4,0.40800000000000003,1.1924640000000002,69.63680934808873,854.600191948342
7.800000000000001,10.4,0.607,1.1924640000000002,105.45371418443379,1274.1119237883686
7.800000000000001,10.4,0.806,1.1924640000000002,148.34209418281023,1776.4495392563185
7.800000000000001,10.4,1.0050000000000001,1.1924640000000002,190.15287669379026,2266.165606596933
7.800000000000001,10.4,1.2040000000000002,1.1924640000000002,234.11885417956313,2781.124770192219
7.800000000000001,10.4,1.4030000000000002,1.1924640000000002,277.0072341779396,3283.462385660169
7.800000000000001,10.4,1.6020000000000003,1.1924640000000002,319.89561417631603,3785.8000011281188
7.800000000000001,10.4,1.8010000000000004,1.1924640000000002,362.78399417469245,4288.137616596068
7.800000000000001,10.4,2.0,1.1924640000000002,405.6723741730688,4790.475232064017
7.800000000000001,11.700000000000001,0.01,1.1924640000000002,1.9689515669509297,62.028630073355664
7.800000000000001,11.700000000000001,0.20900000000000002,1.1924640000000002,48.247043047566734,604.068831257458
7.800000000000001,11.700000000000001,0.40800000000000003,1.1924640000000002,91.13076144806317,1106.3518469488858
7.800000000000001,11.700000000000001,0.607,1.1924640000000002,137.10698158334304,1644.8563274599317
7.800000000000001,11.700000000000001,0.806,1.1924640000000002,192.44602404829388,2293.0244941096253
7.800000000000001,11.700000000000001,1.0050000000000001,1.1924640000000002,246.39463831060772,2924.907028431436
7.800000000000001,11.700000000000001,1.2040000000000002,1.1924640000000002,303.1241089781956,3589.3608274090116
7.800000000000001,11.700000000000001,1.4030000000000002,1.1924640000000002,358.4631514431464,4237.5289940587045
7.800000000000001,11.700000000000001,1.6020000000000003,1.1924640000000002,413.8021939080972,4885.697160708398
7.800000000000001,11.700000000000001,1.8010000000000004,1.1924640000000002,469.14123637304806,5533.86532735809
7.800000000000001,11.700000000000001,2.0,1.1924640000000002,524.4802788379988,6182.033494007783
9.1,0.0,0.01,1.6230759999999995,0.0,44.01056014692378
9.1,0.0,0.20900000000000002,1.6230759999999995,0.0,44.01056014692378
9.1,0.0,0.40800000000000003,1.6230759999999995,0.0,44.01056014692378
9.1,0.0,0.607,1.6230759999999995,0.0,44.01056014692378
9.1,0.0,0.806,1.6230759999999995,0.0,44.01056014692378
9.1,0.0,1.0050000000000001,1.6230759999999995,0.0,44.01056014692378
9.1,0.0,1.2040000000000002,1.6230759999999995,0.0,44.01056014692378
9.1,0.0,1.4030000000000002,1.6230759999999995,0.0,44.01056014692378
9.1,0.0,1.6020000000000003,1.6230759999999995,0.0,44.01056014692378
9.1,0.0,1.8010000000000004,1.6230759999999995,0.0,44.01056014692378
9.1,0.0,2.0,1.6230759999999995,0.0,44.01056014692378
9.1,1.3,0.01,1.6230759999999995,0.013310583027994611,44.16646266735062
9.1,1.3,0.20900000000000002,1.6230759999999995,0.28562303063090144,47.355969605972774
9.1,1.3,0.40800000000000003,1.6230759999999995,0.6062696032157693,51.11159839601686
9.1,1.3,0.607,1.6230759999999995,1.0255734277370354,56.022767420693896
9.1,1.3,0.806,1.6230759999999995,1.4991329715532884,61.56941600083967
9.1,1.3,1.0050000000000001,1.6230759999999995,1.9607940343691328,66.97670155133352
9.1,1.3,1.2040000000000002,1.6230759999999995,2.4462520591857944,72.6627131611312
9.1,1.3,1.4030000000000002,1.6230759999999995,2.919811603002047,78.20936174127695
9.1,1.3,1.6020000000000003,1.6230759999999995,3.3933711468182994,83.75601032142272
9.1,1.3,1.8010000000000004,1.6230759999999995,3.8669306906345526,89.30265890156849
9.1,1.3,2.0,1.6230759999999995,4.3404902344508045,94.84930748171423
9.1,2.6,0.01,1.6230759999999995,0.06438249973579396,44.76465138087501
9.1,2.6,0.20900000000000002,1.6230759999999995,1.439929730790252,60.87598773905863
9.1,2.6,0.40800000000000003,1.6230759999999995,2.943736102402689,78.48958160457414
9.1,2.6,0.607,1.6230759999999995,4.803479373895453,100.27214836087514
9.1,2.6,0.806,1.6230759999999995,6.9327721107214595,125.21186014506686
9.1,2.6,1.0050000000000001,1.6230759999999995,9.008565030039273,149.52494600503263
9.1,2.6,1.2040000000000002,1.6230759999999995,11.191357584373472,175.0912837134503
9.1,2.6,1.4030000000000002,1.6230759999999995,13.320650321199478,200.030995497642
9.1,2.6,1.6020000000000003,1.6230759999999995,15.449943058025484,224.97070728183377
9.1,2.6,1.8010000000000004,1.6230759999999995,17.579235794851495,249.91041906602553
9.1,2.6,2.0,1.6230759999999995,19.708528531677494,274.85013085021717
9.1,3.9000000000000004,0.01,1.6230759999999995,0.16188852124224384,45.906707628725144
9.1,3.9000000000000004,0.20900000000000002,1.6230759999999995,3.7101803383522656,87.46669311801065
9.1,3.9000000000000004,0.40800000000000003,1.6230759999999995,7.422406005589297,130.9467823596505
9.1,3.9000000000000004,0.607,1.6230759999999995,11.854308602911766,182.85621290492784
9.1,3.9000000000000004,0.806,1.6230759999999995,16.981667733732714,242.91129914324972
9.1,3.9000000000000004,1.0050000000000001,1.6230759999999995,21.980198745688806,301.45746361678954
9.1,3.9000000000000004,1.2040000000000002,1.6230759999999995,27.2363859953746,363.02147161989336
9.1,3.9000000000000004,1.4030000000000002,1.6230759999999995,32.363745126195546,423.07655785821515
9.1,3.9000000000000004,1.6020000000000003,1.6230759999999995,37.49110425701649,483.131644096537
9.1,3.9000000000000004,1.8010000000000004,1.6230759999999995,42.61846338783744,543.1867303348589
9.1,3.9000000000000004,2.0,1.6230759999999995,47.74582251865837,603.2418165731806
9.1,5.2,0.01,1.6230759999999995,0.3114143282462974,47.65805466827713
9.1,5.2,0.20900000000000002,1.6230759999999995,7.2624221711549595,129.07294385359813
9.1,5.2,0.40800000000000003,1.6230759999999995,14.309333522890972,211.6111195780975
9.1,5.2,0.607,1.6230759999999995,22.503731902663397,307.58943683897655
9.1,5.2,0.806,1.6230759999999995,32.066227406784385,419.5918297865528
9.1,5.2,1.0050000000000001,1.6230759999999995,41.38845920477167,528.7800922580593
9.1,5.2,1.2040000000000002,1.6230759999999995,51.19121841502636,643.5966156817054
9.1,5.2,1.4030000000000002,1.6230759999999995,60.75371391914734,755.5990086292816
9.1,5.2,1.6020000000000003,1.6230759999999995,70.31620942326833,867.6014015768579
9.1,5.2,1.8010000000000004,1.6230759999999995,79.87870492738932,979.6037945244343
9.1,5.2,2.0,1.6230759999999995,89.4412004315103,1091.6061874720103
9.1,6.5,0.01,1.6230759999999995,0.5172745957272361,50.06922888119642
9.1,6.5,0.20900000000000002,1.6230759999999995,12.227937277223027,187.23240378299494
9.1,6.5,0.40800000000000003,1.6230759999999995,23.812208376651842,322.91519528133665
9.1,6.5,0.607,1.6230759999999995,36.99937966296532,477.37223420388165
9.1,6.5,0.806,1.6230759999999995,52.503885217292144,658.971454073342
9.1,6.5,1.0050000000000001,1.6230759999999995,67.61883033055548,836.0078794737203
9.1,6.5,1.2040000000000002,1.6230759999999995,83.51289632594583,1022.1698938122628
9.1,6.5,1.4030000000000002,1.6230759999999995,99.01740188027266,1203.7691136817232
9.1,6.5,1.6020000000000003,1.6230759999999995,114.52190743459947,1385.3683335511832
9.1,6.5,1.8010000000000004,1.6230759999999995,130.02641298892632,1566.9675534206435
9.1,6.5,2.0,1.6230759999999995,145.53091854325314,1748.5667732901036
9.1,7.800000000000001,0.01,1.6230759999999995,0.7830451644519097,53.18211292484106
9.1,7.800000000000001,0.20900000000000002,1.6230759999999995,18.717370483923155,263.24101970450283
9.1,7.800000000000001,0.40800000000000003,1.6230759999999995,36.104036075689656,466.8853666030629
9.1,7.800000000000001,0.607,1.6230759999999995,55.54417653130203,694.5813952524086
9.1,7.800000000000001,0.806,1.6230759999999995,78.55346201632557,964.0816562696257
9.1,7.800000000000001,1.0050000000000001,1.6230759999999995,100.98462475046912,1226.8105539447015
9.1,7.800000000000001,1.2040000000000002,1.6230759999999995,124.57203298637268,1503.0821783040599
9.1,7.800000000000001,1.4030000000000002,1.6230759999999995,147.58131847139623,1772.582439321277
9.1,7.800000000000001,1.6020000000000003,1.6230759999999995,170.59060395641978,2042.082700338494
9.1,7.800000000000001,1.8010000000000004,1.6230759999999995,193.59988944144334,2311.5829613557116
9.1,7.800000000000001,2.0,1.6230759999999995,216.60917492646684,2581.0832223729276
9.1,9.1,0.01,1.6230759999999995,1.111808935230703,57.03281581153257
9.1,9.1,0.20900000000000002,1.6230759999999995,26.827385659589186,358.23098400036065
9.1,9.1,0.40800000000000003,1.6230759999999995,51.334591432268866,645.2758971002801
9.1,9.1,0.607,1.6230759999999995,78.31153378230452,961.2480297209636
9.1,9.1,0.806,1.6230759999999995,110.43526276174406,1337.502796538484
9.1,9.1,1.0050000000000001,1.6230759999999995,141.75186287235343,1704.3039259987804
9.1,9.1,1.2040000000000002,1.6230759999999995,174.68272072062314,2090.0123301735252
9.1,9.1,1.4030000000000002,1.6230759999999995,206.80644970006261,2466.2670969910455
9.1,9.1,1.6020000000000003,1.6230759999999995,238.93017867950215,2842.5218638085657
9.1,9.1,1.8010000000000004,1.6230759999999995,271.0539076589417,3218.7766306260864
9.1,9.1,2.0,1.6230759999999995,303.17763663838116,3595.0313974436062
9.1,10.4,0.01,1.6230759999999995,1.506292614220701,61.653274561719954
9.1,10.4,0.20900000000000002,1.6230759999999995,36.64442047266086,473.2147129066742
9.1,10.4,0.40800000000000003,1.6230759999999995,69.63680934808873,859.6438099465053
9.1,10.4,0.607,1.6230759999999995,105.45371418443379,1279.155541786532
9.1,10.4,0.806,1.6230759999999995,148.34209418281023,1781.493157254482
9.1,10.4,1.0050000000000001,1.6230759999999995,190.15287669379026,2271.209224595096
9.1,10.4,1.2040000000000002,1.6230759999999995,234.11885417956313,2786.1683881903823
9.1,10.4,1.4030000000000002,1.6230759999999995,277.0072341779396,3288.5060036583327
9.1,10.4,1.6020000000000003,1.6230759999999995,319.89561417631603,3790.843619126282
9.1,10.4,1.8010000000000004,1.6230759999999995,362.78399417469245,4293.181234594232
9.1,10.4,2.0,1.6230759999999995,405.6723741730688,4795.518850062182
9.1,11.700000000000001,0.01,1.6230759999999995,1.9689515669509297,67.07224807151911
9.1,11.700000000000001,0.20900000000000002,1.6230759999999995,48.247043047566734,609.1124492556214
9.1,11.700000000000001,0.40800000000000003,1.6230759999999995,91.13076144806317,1111.3954649470493
9.1,11.700000000000001,0.607,1.6230759999999995,137.10698158334304,1649.899945458095
9.1,11.700000000000001,0.806,1.6230759999999995,192.44602404829388,2298.0681121077887
9.1,11.700000000000001,1.0050000000000001,1.6230759999999995,246.39463831060772,2929.9506464295996
9.1,11.700000000000001,1.2040000000000002,1.6230759999999995,303.1241089781956,3594.4044454071754
9.1,11.700000000000001,1.4030000000000002,1.6230759999999995,358.4631514431464,4242.572612056868
9.1,11.700000000000001,1.6020000000000003,1.6230759999999995,413.8021939080972,4890.740778706561
9.1,11.700000000000001,1.8010000000000004,1.6230759999999995,469.14123637304806,5538.908945356255
9.1,11.700000000000001,2.0,1.6230759999999995,524.4802788379988,6187.077112005946
10.4,0.0,0.01,2.119936,0.0,49.83011937557393
10.4,0.0,0.20900000000000002,2.119936,0.0,49.83011937557393
10.4,0.0,0.40800000000000003,2.119936,0.0,49.83011937557393
10.4,0.0,0.607,2.119936,0.0,49.83011937557393
10.4,0.0,0.806,2.119936,0.0,49.83011937557393
10.4,0.0,1.0050000000000001,2.119936,0.0,49.83011937557393
10.4,0.0,1.2040000000000002,2.119936,0.0,49.83011937557393
10.4,0.0,1.4030000000000002,2.119936,0.0,49.83011937557393
10.4,0.0,1.6020000000000003,2.119936,0.0,49.83011937557393
10.4,0.0,1.8010000000000004,2.119936,0.0,49.83011937557393
10.4,0.0,2.0,2.119936,0.0,49.83011937557393
10.4,1.3,0.01,2.119936,0.013310583027994611,49.986021896000764
10.4,1.3,0.20900000000000002,2.119936,0.28562303063090144,53.175528834622924
10.4,1.3,0.40800000000000003,2.119936,0.6062696032157693,56.93115762466701
10.4,1.3,0.607,2.119936,1.0255734277370354,61.842326649344045
10.4,1.3,0.806,2.119936,1.4991329715532884,67.3889752294898
10.4,1.3,1.0050000000000001,2.119936,1.9607940343691328,72.79626077998367
10.4,1.3,1.2040000000000002,2.119936,2.4462520591857944,78.48227238978134
10.4,1.3,1.4030000000000002,2.119936,2.919811603002047,84.0289209699271
10.4,1.3,1.6020000000000003,2.119936,3.3933711468182994,89.57556955007287
10.4,1.3,1.8010000000000004,2.119936,3.8669306906345526,95.12221813021864
10.4,1.3,2.0,2.119936,4.3404902344508045,100.66886671036438
10.4,2.6,0.01,2.119936,0.06438249973579396,50.58421060952515
10.4,2.6,0.20900000000000002,2.119936,1.439929730790252,66.69554696770878
10.4,2.6,0.40800000000000003,2.119936,2.943736102402689,84.30914083322429
10.4,2.6,0.607,2.119936,4.803479373895453,106.09170758952529
10.4,2.6,0.806,2.119936,6.9327721107214595,131.03141937371703
10.4,2.6,1.0050000000000001,2.119936,9.008565030039273,155.34450523368278
10.4,2.6,1.2040000000000002,2.119936,11.191357584373472,180.91084294210046
10.4,2.6,1.4030000000000002,2.119936,13.320650321199478,205.85055472629216
10.4,2.6,1.6020000000000003,2.119936,15.449943058025484,230.7902665104839
10.4,2.6,1.8010000000000004,2.119936,17.579235794851495,255.72997829467565
10.4,2.6,2.0,2.119936,19.708528531677494,280.6696900788673
10.4,3.9000000000000004,0.01,2.119936,0.16188852124224384,51.72626685737529
10.4,3.9000000000000004,0.20900000000000002,2.119936,3.7101803383522656,93.28625234666079
10.4,3.9000000000000004,0.40800000000000003,2.119936,7.422406005589297,136.76634158830066
10.4,3.9000000000000004,0.607,2.119936,11.854308602911766,188.675772133578
10.4,3.9000000000000004,0.806,2.119936,16.981667733732714,248.73085837189987
10.4,3.9000000000000004,1.0050000000000001,2.119936,21.980198745688806,307.2770228454397
10.4,3.9000000000000004,1.2040000000000002,2.119936,27.2363859953746,368.8410308485435
10.4,3.9000000000000004,1.4030000000000002,2.119936,32.363745126195546,428.89611708686533
10.4,3.9000000000000004,1.6020000000000003,2.119936,37.49110425701649,488.9512033251871
10.4,3.9000000000000004,1.8010000000000004,2.119936,42.61846338783744,549.0062895635091
10.4,3.9000000000000004,2.0,2.119936,47.74582251865837,609.0613758018308
10.4,5.2,0.01,2.119936,0.3114143282462974,53.477613896927274
10.4,5.2,0.20900000000000002,2.119936,7.2624221711549595,134.8925030822483
10.4,5.2,0.40800000000000003,2.119936,14.309333522890972,217.43067880674764
10.4,5.2,0.607,2.119936,22.503731902663397,313.4089960676267
10.4,5.2,0.806,2.119936,32.066227406784385,425.41138901520293
10.4,5.2,1.0050000000000001,2.119936,41.38845920477167,534.5996514867095
10.4,5.2,1.2040000000000002,2.119936,51.19121841502636,649.4161749103556
10.4,5.2,1.4030000000000002,2.119936,60.75371391914734,761.4185678579317
10.4,5.2,1.6020000000000003,2.119936,70.31620942326833,873.4209608055081
10.4,5.2,1.8010000000000004,2.119936,79.87870492738932,985.4233537530844
10.4,5.2,2.0,2.119936,89.4412004315103,1097.4257467006605
10.4,6.5,0.01,2.119936,0.5172745957272361,55.88878810984657
10.4,6.5,0.20900000000000002,2.119936,12.227937277223027,193.05196301164509
10.4,6.5,0.40800000000000003,2.119936,23.812208376651842,328.7347545099868
10.4,6.5,0.607,2.119936,36.99937966296532,483.19179343253177
10.4,6.5,0.806,2.119936,52.503885217292144,664.791013301992
10.4,6.5,1.0050000000000001,2.119936,67.61883033055548,841.8274387023705
10.4,6.5,1.2040000000000002,2.119936,83.51289632594583,1027.9894530409128
10.4,6.5,1.4030000000000002,2.119936,99.01740188027266,1209.5886729103734
10.4,6.5,1.6020000000000003,2.119936,114.52190743459947,1391.1878927798334
10.4,6.5,1.8010000000000004,2.119936,130.02641298892632,1572.7871126492937
10.4,6.5,2.0,2.119936,145.53091854325314,1754.3863325187538
10.4,7.800000000000001,0.01,2.119936,0.7830451644519097,59.00167215349121
10.4,7.800000000000001,0.20900000000000002,2.119936,18.717370483923155,269.06057893315295
10.4,7.800000000000001,0.40800000000000003,2.119936,36.104036075689656,472.70492583171307
10.4,7.800000000000001,0.607,2.119936,55.54417653130203,700.4009544810588
10.4,7.800000000000001,0.806,2.119936,78.55346201632557,969.9012154982759
10.4,7.800000000000001,1.0050000000000001,2.119936,100.98462475046912,1232.6301131733517
10.4,7.800000000000001,1.2040000000000002,2.119936,124.57203298637268,1508.90173753271
10.4,7.800000000000001,1.4030000000000002,2.119936,147.58131847139623,1778.401998549927
10.4,7.800000000000001,1.6020000000000003,2.119936,170.59060395641978,2047.902259567144
10.4,7.800000000000001,1.8010000000000004,2.119936,193.59988944144334,2317.4025205843614
10.4,7.800000000000001,2.0,2.119936,216.60917492646684,2586.9027816015778
10.4,9.1,0.01,2.119936,1.111808935230703,62.852375040182714
10.4,9.1,0.20900000000000002,2.119936,26.827385659589186,364.0505432290108
10.4,9.1,0.40800000000000003,2.119936,51.334591432268866,651.0954563289303
10.4,9.1,0.607,2.119936,78.31153378230452,967.0675889496138
10.4,9.1,0.806,2.119936,110.43526276174406,1343.3223557671342
10.4,9.1,1.0050000000000001,2.119936,141.75186287235343,1710.1234852274304
10.4,9.1,1.2040000000000002,2.119936,174.68272072062314,2095.831889402175
10.4,9.1,1.4030000000000002,2.119936,206.80644970006261,2472.086656219695
10.4,9.1,1.6020000000000003,2.119936,238.93017867950215,2848.341423037216
10.4,9.1,1.8010000000000004,2.119936,271.0539076589417,3224.5961898547366
10.4,9.1,2.0,2.119936,303.17763663838116,3600.8509566722564
10.4,10.4,0.01,2.119936,1.506292614220701,67.47283379037009
10.4,10.4,0.20900000000000002,2.119936,36.64442047266086,479.03427213532433
10.4,10.4,0.40800000000000003,2.119936,69.63680934808873,865.4633691751554
10.4,10.4,0.607,2.119936,105.45371418443379,1284.9751010151822
10.4,10.4,0.806,2.119936,148.34209418281023,1787.312716483132
10.4,10.4,1.0050000000000001,2.119936,190.15287669379026,2277.0287838237464
10.4,10.4,1.2040000000000002,2.119936,234.11885417956313,2791.987947419032
10.4,10.4,1.4030000000000002,2.119936,277.0072341779396,3294.3255628869824
10.4,10.4,1.6020000000000003,2.119936,319.89561417631603,3796.6631783549324
10.4,10.4,1.8010000000000004,2.119936,362.78399417469245,4299.000793822882
10.4,10.4,2.0,2.119936,405.6723741730688,4801.338409290831
10.4,11.700000000000001,0.01,2.119936,1.9689515669509297,72.89180730016926
10.4,11.700000000000001,0.20900000000000002,2.119936,48.247043047566734,614.9320084842716
10.4,11.700000000000001,0.40800000000000003,2.119936,91.13076144806317,1117.2150241756995
10.4,11.700000000000001,0.607,2.119936,137.10698158334304,1655.719504686745
10.4,11.700000000000001,0.806,2.119936,192.44602404829388,2303.8876713364384
10.4,11.700000000000001,1.0050000000000001,2.119936,246.39463831060772,2935.77020565825
10.4,11.700000000000001,1.2040000000000002,2.119936,303.1241089781956,3600.224004635825
10.4,11.700000000000001,1.4030000000000002,2.119936,358.4631514431464,4248.392171285518
10.4,11.700000000000001,1.6020000000000003,2.119936,413.8021939080972,4896.5603379352115
10.4,11.700000000000001,1.8010000000000004,2.119936,469.14123637304806,5544.728504584905
10.4,11.700000000000001,2.0,2.119936,524.4802788379988,6192.896671234596
11.700000000000001,0.0,0.01,2.6830439999999998,0.0,56.425619834710744
11.700000000000001,0.0,0.20900000000000002,2.6830439999999998,0.0,56.425619834710744
11.700000000000001,0.0,0.40800000000000003,2.6830439999999998,0.0,56.425619834710744
11.700000000000001,0.0,0.607,2.6830439999999998,0.0,56.425619834710744
11.700000000000001,0.0,0.806,2.6830439999999998,0.0,56.425619834710744
11.700000000000001,0.0,1.0050000000000001,2.6830439999999998,0.0,56.425619834710744
11.700000000000001,0.0,1.2040000000000002,2.6830439999999998,0.0,56.425619834710744
11.700000000000001,0.0,1.4030000000000002,2.6830439999999998,0.0,56.425619834710744
11.700000000000001,0.0,1.6020000000000003,2.6830439999999998,0.0,56.425619834710744
11.700000000000001,0.0,1.8010000000000004,2.6830439999999998,0.0,56.425619834710744
11.700000000000001,0.0,2.0,2.6830439999999998,0.0,56.425619834710744
11.700000000000001,1.3,0.01,2.6830439999999998,0.013310583027994611,56.581522355137594
11.700000000000001,1.3,0.20900000000000002,2.6830439999999998,0.28562303063090144,59.771029293759746
11.700000000000001,1.3,0.40800000000000003,2.6830439999999998,0.6062696032157693,63.52665808380383
11.700000000000001,1.3,0.607,2.6830439999999998,1.0255734277370354,68.43782710848086
11.700000000000001,1.3,0.806,2.6830439999999998,1.4991329715532884,73.98447568862663
11.700000000000001,1.3,1.0050000000000001,2.6830439999999998,1.9607940343691328,79.39176123912048
11.700000000000001,1.3,1.2040000000000002,2.6830439999999998,2.4462520591857944,85.07777284891816
11.700000000000001,1.3,1.4030000000000002,2.6830439999999998,2.919811603002047,90.62442142906391
11.700000000000001,1.3,1.6020000000000003,2.6830439999999998,3.3933711468182994,96.17107000920969
11.700000000000001,1.3,1.8010000000000004,2.6830439999999998,3.8669306906345526,101.71771858935546
11.700000000000001,1.3,2.0,2.6830439999999998,4.3404902344508045,107.2643671695012
11.700000000000001,2.6,0.01,2.6830439999999998,0.06438249973579396,57.17971106866197
11.700000000000001,2.6,0.20900000000000002,2.6830439999999998,1.439929730790252,73.29104742684561
11.700000000000001,2.6,0.40800000000000003,2.6830439999999998,2.943736102402689,90.9046412923611
11.700000000000001,2.6,0.607,2.6830439999999998,4.803479373895453,112.6872080486621
11.700000000000001,2.6,0.806,2.6830439999999998,6.9327721107214595,137.62691983285382
11.700000000000001,2.6,1.0050000000000001,2.6830439999999998,9.008565030039273,161.94000569281962
11.700000000000001,2.6,1.2040000000000002,2.6830439999999998,11.191357584373472,187.50634340123727
11.700000000000001,2.6,1.4030000000000002,2.6830439999999998,13.320650321199478,212.446055185429
11.700000000000001,2.6,1.6020000000000003,2.6830439999999998,15.449943058025484,237.38576696962073
11.700000000000001,2.6,1.8010000000000004,2.6830439999999998,17.579235794851495,262.32547875381243
11.700000000000001,2.6,2.0,2.6830439999999998,19.708528531677494,287.26519053800405
11.700000000000001,3.9000000000000004,0.01,2.6830439999999998,0.16188852124224384,58.32176731651211
11.700000000000001,3.9000000000000004,0.20900000000000002,2.6830439999999998,3.7101803383522656,99.88175280579762
11.700000000000001,3.9000000000000004,0.40800000000000003,2.6830439999999998,7.422406005589297,143.3618420474375
11.700000000000001,3.9000000000000004,0.607,2.6830439999999998,11.854308602911766,195.2712725927148
11.700000000000001,3.9000000000000004,0.806,2.6830439999999998,16.981667733732714,255.32635883103669
11.700000000000001,3.9000000000000004,1.0050000000000001,2.6830439999999998,21.980198745688806,313.8725233045765
11.700000000000001,3.9000000000000004,1.2040000000000002,2.6830439999999998,27.2363859953746,375.43653130768035
11.700000000000001,3.9000000000000004,1.4030000000000002,2.6830439999999998,32.363745126195546,435.49161754600215
11.700000000000001,3.9000000000000004,1.6020000000000003,2.6830439999999998,37.49110425701649,495.54670378432394
11.700000000000001,3.9000000000000004,1.8010000000000004,2.6830439999999998,42.61846338783744,555.6017900226459
11.700000000000001,3.9000000000000004,2.0,2.6830439999999998,47.74582251865837,615.6568762609676
11.700000000000001,5.2,0.01,2.6830439999999998,0.3114143282462974,60.073114356064096
11.700000000000001,5.2,0.20900000000000002,2.6830439999999998,7.2624221711549595,141.48800354138513
11.700000000000001,5.2,0.40800000000000003,2.6830439999999998,14.309333522890972,224.02617926588445
11.700000000000001,5.2,0.607,2.6830439999999998,22.503731902663397,320.00449652676343
11.700000000000001,5.2,0.806,2.6830439999999998,32.066227406784385,432.0068894743398
11.700000000000001,5.2,1.0050000000000001,2.6830439999999998,41.38845920477167,541.1951519458463
11.700000000000001,5.2,1.2040000000000002,2.6830439999999998,51.19121841502636,656.0116753694924
11.700000000000001,5.2,1.4030000000000002,2.6830439999999998,60.75371391914734,768.0140683170686
11.700000000000001,5.2,1.6020000000000003,2.6830439999999998,70.31620942326833,880.0164612646448
11.700000000000001,5.2,1.8010000000000004,2.6830439999999998,79.87870492738932,992.0188542122212
11.700000000000001,5.2,2.0,2.6830439999999998,89.4412004315103,1104.0212471597972
11.700000000000001,6.5,0.01,2.6830439999999998,0.5172745957272361,62.484288568983395
11.700000000000001,6.5,0.20900000000000002,2.6830439999999998,12.227937277223027,199.64746347078193
11.700000000000001,6.5,0.40800000000000003,2.6830439999999998,23.812208376651842,335.33025496912364
11.700000000000001,6.5,0.607,2.6830439999999998,36.99937966296532,489.7872938916686
11.700000000000001,6.5,0.806,2.6830439999999998,52.503885217292144,671.386513761129
11.700000000000001,6.5,1.0050000000000001,2.6830439999999998,67.61883033055548,848.4229391615072
11.700000000000001,6.5,1.2040000000000002,2.6830439999999998,83.51289632594583,1034.5849535000498
11.700000000000001,6.5,1.4030000000000002,2.6830439999999998,99.01740188027266,1216.18417336951
11.700000000000001,6.5,1.6020000000000003,2.6830439999999998,114.52190743459947,1397.7833932389701
11.700000000000001,6.5,1.8010000000000004,2.6830439999999998,130.02641298892632,1579.3826131084304
11.700000000000001,6.5,2.0,2.6830439999999998,145.53091854325314,1760.9818329778907
11.700000000000001,7.800000000000001,0.01,2.6830439999999998,0.7830451644519097,65.59717261262801
11.700000000000001,7.800000000000001,0.20900000000000002,2.6830439999999998,18.717370483923155,275.6560793922897
11.700000000000001,7.800000000000001,0.40800000000000003,2.6830439999999998,36.104036075689656,479.3004262908499
11.700000000000001,7.800000000000001,0.607,2.6830439999999998,55.54417653130203,706.9964549401956
11.700000000000001,7.800000000000001,0.806,2.6830439999999998,78.55346201632557,976.4967159574126
11.700000000000001,7.800000000000001,1.0050000000000001,2.6830439999999998,100.98462475046912,1239.2256136324884
11.700000000000001,7.800000000000001,1.2040000000000002,2.6830439999999998,124.57203298637268,1515.4972379918468
11.700000000000001,7.800000000000001,1.4030000000000002,2.6830439999999998,147.58131847139623,1784.9974990090639
11.700000000000001,7.800000000000001,1.6020000000000003,2.6830439999999998,170.59060395641978,2054.497760026281
11.700000000000001,7.800000000000001,1.8010000000000004,2.6830439999999998,193.59988944144334,2323.9980210434983
11.700000000000001,7.800000000000001,2.0,2.6830439999999998,216.60917492646684,2593.4982820607147
11.700000000000001,9.1,0.01,2.6830439999999998,1.111808935230703,69.44787549931954
11.700000000000001,9.1,0.20900000000000002,2.6830439999999998,26.827385659589186,370.64604368814764
11.700000000000001,9.1,0.40800000000000003,2.6830439999999998,51.334591432268866,657.6909567880671
11.700000000000001,9.1,0.607,2.6830439999999998,78.31153378230452,973.6630894087506
11.700000000000001,9.1,0.806,2.6830439999999998,110.43526276174406,1349.917856226271
11.700000000000001,9.1,1.0050000000000001,2.6830439999999998,141.75186287235343,1716.7189856865673
11.700000000000001,9.1,1.2040000000000002,2.6830439999999998,174.68272072062314,2102.427389861312
11.700000000000001,9.1,1.4030000000000002,2.6830439999999998,206.80644970006261,2478.682156678832
11.700000000000001,9.1,1.6020000000000003,2.6830439999999998,238.93017867950215,2854.936923496353
11.700000000000001,9.1,1.8010000000000004,2.6830439999999998,271.0539076589417,3231.191690313873
11.700000000000001,9.1,2.0,2.6830439999999998,303.17763663838116,3607.4464571313933
11.700000000000001,10.4,0.01,2.6830439999999998,1.506292614220701,74.0683342495069
11.700000000000001,10.4,0.20900000000000002,2.6830439999999998,36.64442047266086,485.6297725944612
11.700000000000001,10.4,0.40800000000000003,2.6830439999999998,69.63680934808873,872.0588696342921
11.700000000000001,10.4,0.607,2.6830439999999998,105.45371418443379,1291.570601474319
11.700000000000001,10.4,0.806,2.6830439999999998,148.34209418281023,1793.9082169422688
11.700000000000001,10.4,1.0050000000000001,2.6830439999999998,190.15287669379026,2283.6242842828833
11.700000000000001,10.4,1.2040000000000002,2.6830439999999998,234.11885417956313,2798.583447878169
11.700000000000001,10.4,1.4030000000000002,2.6830439999999998,277.0072341779396,3300.9210633461194
11.700000000000001,10.4,1.6020000000000003,2.6830439999999998,319.89561417631603,3803.2586788140693
11.700000000000001,10.4,1.8010000000000004,2.6830439999999998,362.78399417469245,4305.596294282019
11.700000000000001,10.4,2.0,2.6830439999999998,405.6723741730688,4807.933909749968
11.700000000000001,11.700000000000001,0.01,2.6830439999999998,1.9689515669509297,79.48730775930608
11.700000000000001,11.700000000000001,0.20900000000000002,2.6830439999999998,48.247043047566734,621.5275089434084
11.700000000000001,11.700000000000001,0.40800000000000003,2.6830439999999998,91.13076144806317,1123.8105246348362
11.700000000000001,11.700000000000001,0.607,2.6830439999999998,137.10698158334304,1662.315005145882
11.700000000000001,11.700000000000001,0.806,2.6830439999999998,192.44602404829388,2310.4831717955753
11.700000000000001,11.700000000000001,1.0050000000000001,2.6830439999999998,246.39463831060772,2942.3657061173867
11.700000000000001,11.700000000000001,1.2040000000000002,2.6830439999999998,303.1241089781956,3606.819505094962
11.700000000000001,11.700000000000001,1.4030000000000002,2.6830439999999998,358.4631514431464,4254.987671744655
11.700000000000001,11.700000000000001,1.6020000000000003,2.6830439999999998,413.8021939080972,4903.155838394348
11.700000000000001,11.700000000000001,1.8010000000000004,2.6830439999999998,469.14123637304806,5551.324005044042
11.700000000000001,11.700000000000001,2.0,2.6830439999999998,524.4802788379988,6199.492171693733
