0.0,7.6,0.01,0.0,0.010265927837826854,25.223327702702463
0.0,7.6,0.20900000000000002,0.0,0.21455789181058127,29.667548986481492
0.0,7.6,0.40800000000000003,0.0,0.4188498557833357,34.11177027026052
0.0,7.6,0.607,0.0,0.6231418197560901,38.55599155403955
0.0,7.6,0.806,0.0,0.8274337837288446,43.00021283781858
0.0,7.6,1.0050000000000001,0.0,1.0265927837826856,47.33277027024637
0.0,7.6,1.2040000000000002,0.0,1.3477283497396393,54.318838099104575
0.0,7.6,1.4030000000000002,0.0,1.6609929459427462,61.13367877529468
0.0,7.6,1.6020000000000003,0.0,1.974257542145853,67.9485194514848
0.0,7.6,1.8010000000000004,0.0,2.28752213834896,74.7633601276749
0.0,7.6,2.0,0.0,2.6007867345520657,81.57820080386499
0.0,15.2,0.01,0.0,0.05017098932391422,26.09143293865111
0.0,15.2,0.20900000000000002,0.0,1.0485736768698073,47.8109484178082
0.0,15.2,0.40800000000000003,0.0,2.0469763644157,69.53046389696529
0.0,15.2,0.607,0.0,3.0453790519615933,91.24997937612237
0.0,15.2,0.806,0.0,4.043781739507486,112.96949485527945
0.0,15.2,1.0050000000000001,0.0,5.017098932391422,134.143293865111
0.0,15.2,1.2040000000000002,0.0,6.46258706426818,165.58882405734815
0.0,15.2,1.4030000000000002,0.0,7.872646565461684,196.2636304703638
0.0,15.2,1.6020000000000003,0.0,9.282706066655187,226.93843688337947
0.0,15.2,1.8010000000000004,0.0,10.692765567848692,257.6132432963951
0.0,15.2,2.0,0.0,12.102825069042193,288.28804970941076
0.0,22.799999999999997,0.01,0.0,0.12691813559591522,27.761010607290185
0.0,22.799999999999997,0.20900000000000002,0.0,2.6525890339546287,82.70512169236487
0.0,22.799999999999997,0.40800000000000003,0.0,5.178259932313342,137.64923277743955
0.0,22.799999999999997,0.607,0.0,7.703930830672054,192.59334386251422
0.0,22.799999999999997,0.806,0.0,10.229601729030769,247.5374549475889
0.0,22.799999999999997,1.0050000000000001,0.0,12.691813559591523,301.1010607290185
0.0,22.799999999999997,1.2040000000000002,0.0,16.17206403590457,376.81134780509416
0.0,22.799999999999997,1.4030000000000002,0.0,19.567014255445237,450.6659905900895
0.0,22.799999999999997,1.6020000000000003,0.0,22.9619644749859,524.5206333750848
0.0,22.799999999999997,1.8010000000000004,0.0,26.356914694526566,598.3752761600801
0.0,22.799999999999997,2.0,0.0,29.751864914067223,672.2299189450753
0.0,30.4,0.01,0.0,0.2451924667213668,30.3339816115856
0.0,30.4,0.20900000000000002,0.0,5.124522554476567,136.480215682139
0.0,30.4,0.40800000000000003,0.0,10.003852642231767,242.62644975269242
0.0,30.4,0.607,0.0,14.883182729986963,348.7726838232458
0.0,30.4,0.806,0.0,19.762512817742167,454.91891789379923
0.0,30.4,1.0050000000000001,0.0,24.51924667213668,558.3981611585598
0.0,30.4,1.2040000000000002,0.0,31.006762384844887,699.52928961114
0.0,30.4,1.4030000000000002,0.0,37.33527035949651,837.2013217781176
0.0,30.4,1.6020000000000003,0.0,43.66377833414814,974.8733539450952
0.0,30.4,1.8010000000000004,0.0,49.99228630879977,1112.545386112073
0.0,30.4,2.0,0.0,56.32079428345139,1250.2174182790502
0.0,38.0,0.01,0.0,0.40863269480396175,33.889503454663284
0.0,38.0,0.20900000000000002,0.0,8.5404233214028,210.7906222024626
0.0,38.0,0.40800000000000003,0.0,16.672213948001637,387.6917409502618
0.0,38.0,0.607,0.0,24.804004574600476,564.5928596980611
0.0,38.0,0.806,0.0,32.93579520119932,741.4939784458605
0.0,38.0,1.0050000000000001,0.0,40.86326948039617,913.950345466328
0.0,38.0,1.2040000000000002,0.0,51.37565974152237,1142.6396567508345
0.0,38.0,1.4030000000000002,0.0,61.63039337860134,1365.7238378567988
0.0,38.0,1.6020000000000003,0.0,71.88512701568033,1588.8080189627635
0.0,38.0,1.8010000000000004,0.0,82.1398606527593,1811.892200068728
0.0,38.0,2.0,0.0,92.39459428983825,2034.976381174692
0.0,45.599999999999994,0.01,0.0,0.620266236679654,38.49343536111325
0.0,45.599999999999994,0.20900000000000002,0.0,12.96356434660477,307.012799047267
0.0,45.599999999999994,0.40800000000000003,0.0,25.30686245652988,575.5321627334206
0.0,45.599999999999994,0.607,0.0,37.65016056645499,844.0515264195743
0.0,45.599999999999994,0.806,0.0,49.993458676380115,1112.570890105728
0.0,45.599999999999994,1.0050000000000001,0.0,62.026623667965396,1374.343536111325
0.0,45.599999999999994,1.2040000000000002,0.0,77.61720368321687,1713.5051271148811
0.0,45.599999999999994,1.4030000000000002,0.0,92.825661639271,2044.353934025213
0.0,45.599999999999994,1.6020000000000003,0.0,108.03411959532512,2375.2027409355446
0.0,45.599999999999994,1.8010000000000004,0.0,123.24257755137924,2706.051547845876
0.0,45.599999999999994,2.0,0.0,138.45103550743335,3036.9003547562074
0.0,53.199999999999996,0.01,0.0,0.8827111875586752,44.2027320648859
0.0,53.199999999999996,0.20900000000000002,0.0,18.44866381997631,426.33710015611535
0.0,53.199999999999996,0.40800000000000003,0.0,36.01461645239395,808.4714682473449
0.0,53.199999999999996,0.607,0.0,53.58056908481158,1190.6058363385741
0.0,53.199999999999996,0.806,0.0,71.14652171722922,1572.7402044298035
0.0,53.199999999999996,1.0050000000000001,0.0,88.27111875586752,1945.2732064885902
0.0,53.199999999999996,1.2040000000000002,0.0,110.02286383089474,2418.466407737877
0.0,53.199999999999996,1.4030000000000002,0.0,131.24147789918106,2880.061736407524
0.0,53.199999999999996,1.6020000000000003,0.0,152.46009196746746,3341.657065077172
0.0,53.199999999999996,1.8010000000000004,0.0,173.67870603575378,3803.2523937468186
0.0,53.199999999999996,2.0,0.0,194.8973201040401,4264.847722416465
0.0,60.8,0.01,0.0,1.1982890221431697,51.06789553913961
0.0,60.8,0.20900000000000002,0.0,25.04424056279225,569.819016768018
0.0,60.8,0.40800000000000003,0.0,48.89019210344132,1088.5701379968962
0.0,60.8,0.607,0.0,72.73614364409039,1607.3212592257742
0.0,60.8,0.806,0.0,96.58209518473949,2126.072380454653
0.0,60.8,1.0050000000000001,0.0,119.82890221431697,2631.789553913961
0.0,60.8,1.2040000000000002,0.0,148.85020739761444,3263.126683728124
0.0,60.8,1.4030000000000002,0.0,177.16020608132123,3878.989864282136
0.0,60.8,1.6020000000000003,0.0,205.47020476502803,4494.853044836147
0.0,60.8,1.8010000000000004,0.0,233.78020344873485,5110.716225390159
0.0,60.8,2.0,0.0,262.0902021324416,5726.57940594417
0.0,68.39999999999999,0.01,0.0,1.5690947177506167,59.13450047316865
0.0,68.39999999999999,0.20900000000000002,0.0,32.79407960098789,738.4110598892248
0.0,68.39999999999999,0.40800000000000003,0.0,64.01906448422515,1417.6876193052808
0.0,68.39999999999999,0.607,0.0,95.24404936746241,2096.964178721337
0.0,68.39999999999999,0.806,0.0,126.46903425069969,2776.2407381373932
0.0,68.39999999999999,1.0050000000000001,0.0,156.90947177506166,3438.450047316865
0.0,68.39999999999999,1.2040000000000002,0.0,194.3310023100134,4252.52789571035
0.0,68.39999999999999,1.4030000000000002,0.0,230.83533846910848,5046.652855662819
0.0,68.39999999999999,1.6020000000000003,0.0,267.33967462820357,5840.777815615287
0.0,68.39999999999999,1.8010000000000004,0.0,303.8440107872986,6634.902775567755
0.0,68.39999999999999,2.0,0.0,340.34834694639363,7429.027735520222
7.6,0.0,0.01,0.0392768,0.0,25.854437869822487
7.6,0.0,0.20900000000000002,0.0392768,0.0,25.854437869822487
7.6,0.0,0.40800000000000003,0.0392768,0.0,25.854437869822487
7.6,0.0,0.607,0.0392768,0.0,25.854437869822487
7.6,0.0,0.806,0.0392768,0.0,25.854437869822487
7.6,0.0,1.0050000000000001,0.0392768,0.0,25.854437869822487
7.6,0.0,1.2040000000000002,0.0392768,0.0,25.854437869822487
7.6,0.0,1.4030000000000002,0.0392768,0.0,25.854437869822487
7.6,0.0,1.6020000000000003,0.0392768,0.0,25.854437869822487
7.6,0.0,1.8010000000000004,0.0392768,0.0,25.854437869822487
7.6,0.0,2.0,0.0392768,0.0,25.854437869822487
7.6,7.6,0.01,0.0392768,0.010265927837826854,26.07776557252495
7.6,7.6,0.20900000000000002,0.0392768,0.21455789181058127,30.52198685630398
7.6,7.6,0.40800000000000003,0.0392768,0.4188498557833357,34.966208140083005
7.6,7.6,0.607,0.0392768,0.6231418197560901,39.410429423862034
7.6,7.6,0.806,0.0392768,0.8274337837288446,43.85465070764106
7.6,7.6,1.0050000000000001,0.0392768,1.0265927837826856,48.18720814006886
7.6,7.6,1.2040000000000002,0.0392768,1.3477283497396393,55.173275968927065
7.6,7.6,1.4030000000000002,0.0392768,1.6609929459427462,61.988116645117174
7.6,7.6,1.6020000000000003,0.0392768,1.974257542145853,68.80295732130728
7.6,7.6,1.8010000000000004,0.0392768,2.28752213834896,75.61779799749738
7.6,7.6,2.0,0.0392768,2.6007867345520657,82.43263867368748
7.6,15.2,0.01,0.0392768,0.05017098932391422,26.945870808473593
7.6,15.2,0.20900000000000002,0.0392768,1.0485736768698073,48.66538628763068
7.6,15.2,0.40800000000000003,0.0392768,2.0469763644157,70.38490176678776
7.6,15.2,0.607,0.0392768,3.0453790519615933,92.10441724594486
7.6,15.2,0.806,0.0392768,4.043781739507486,113.82393272510194
7.6,15.2,1.0050000000000001,0.0392768,5.017098932391422,134.99773173493344
7.6,15.2,1.2040000000000002,0.0392768,6.46258706426818,166.44326192717062
7.6,15.2,1.4030000000000002,0.0392768,7.872646565461684,197.11806834018628
7.6,15.2,1.6020000000000003,0.0392768,9.282706066655187,227.79287475320194
7.6,15.2,1.8010000000000004,0.0392768,10.692765567848692,258.46768116621763
7.6,15.2,2.0,0.0392768,12.102825069042193,289.1424875792332
7.6,22.799999999999997,0.01,0.0392768,0.12691813559591522,28.615448477112672
7.6,22.799999999999997,0.20900000000000002,0.0392768,2.6525890339546287,83.55955956218736
7.6,22.799999999999997,0.40800000000000003,0.0392768,5.178259932313342,138.50367064726203
7.6,22.799999999999997,0.607,0.0392768,7.703930830672054,193.4477817323367
7.6,22.799999999999997,0.806,0.0392768,10.229601729030769,248.3918928174114
7.6,22.799999999999997,1.0050000000000001,0.0392768,12.691813559591523,301.95549859884096
7.6,22.799999999999997,1.2040000000000002,0.0392768,16.17206403590457,377.6657856749166
7.6,22.799999999999997,1.4030000000000002,0.0392768,19.567014255445237,451.52042845991195
7.6,22.799999999999997,1.6020000000000003,0.0392768,22.9619644749859,525.3750712449073
7.6,22.799999999999997,1.8010000000000004,0.0392768,26.356914694526566,599.2297140299027
7.6,22.799999999999997,2.0,0.0392768,29.751864914067223,673.0843568148978
7.6,30.4,0.01,0.0392768,0.2451924667213668,31.188419481408083
7.6,30.4,0.20900000000000002,0.0392768,5.124522554476567,137.33465355196148
7.6,30.4,0.40800000000000003,0.0392768,10.003852642231767,243.4808876225149
7.6,30.4,0.607,0.0392768,14.883182729986963,349.62712169306826
7.6,30.4,0.806,0.0392768,19.762512817742167,455.77335576362174
7.6,30.4,1.0050000000000001,0.0392768,24.51924667213668,559.2525990283823
7.6,30.4,1.2040000000000002,0.0392768,31.006762384844887,700.3837274809624
7.6,30.4,1.4030000000000002,0.0392768,37.33527035949651,838.0557596479401
7.6,30.4,1.6020000000000003,0.0392768,43.66377833414814,975.7277918149177
7.6,30.4,1.8010000000000004,0.0392768,49.99228630879977,1113.3998239818952
7.6,30.4,2.0,0.0392768,56.32079428345139,1251.0718561488727
7.6,38.0,0.01,0.0392768,0.40863269480396175,34.74394132448577
7.6,38.0,0.20900000000000002,0.0392768,8.5404233214028,211.64506007228508
7.6,38.0,0.40800000000000003,0.0392768,16.672213948001637,388.5461788200843
7.6,38.0,0.607,0.0392768,24.804004574600476,565.4472975678837
7.6,38.0,0.806,0.0392768,32.93579520119932,742.348416315683
7.6,38.0,1.0050000000000001,0.0392768,40.86326948039617,914.8047833361505
7.6,38.0,1.2040000000000002,0.0392768,51.37565974152237,1143.494094620657
7.6,38.0,1.4030000000000002,0.0392768,61.63039337860134,1366.5782757266213
7.6,38.0,1.6020000000000003,0.0392768,71.88512701568033,1589.6624568325863
7.6,38.0,1.8010000000000004,0.0392768,82.1398606527593,1812.7466379385505
7.6,38.0,2.0,0.0392768,92.39459428983825,2035.8308190445146
7.6,45.599999999999994,0.01,0.0392768,0.620266236679654,39.34787323093573
7.6,45.599999999999994,0.20900000000000002,0.0392768,12.96356434660477,307.86723691708943
7.6,45.599999999999994,0.40800000000000003,0.0392768,25.30686245652988,576.3866006032431
7.6,45.599999999999994,0.607,0.0392768,37.65016056645499,844.9059642893967
7.6,45.599999999999994,0.806,0.0392768,49.993458676380115,1113.4253279755505
7.6,45.599999999999994,1.0050000000000001,0.0392768,62.026623667965396,1375.1979739811475
7.6,45.599999999999994,1.2040000000000002,0.0392768,77.61720368321687,1714.3595649847039
7.6,45.599999999999994,1.4030000000000002,0.0392768,92.825661639271,2045.2083718950357
7.6,45.599999999999994,1.6020000000000003,0.0392768,108.03411959532512,2376.0571788053676
7.6,45.599999999999994,1.8010000000000004,0.0392768,123.24257755137924,2706.905985715699
7.6,45.599999999999994,2.0,0.0392768,138.45103550743335,3037.7547926260295
7.6,53.199999999999996,0.01,0.0392768,0.8827111875586752,45.057169934708384
7.6,53.199999999999996,0.20900000000000002,0.0392768,18.44866381997631,427.1915380259378
7.6,53.199999999999996,0.40800000000000003,0.0392768,36.01461645239395,809.3259061171674
7.6,53.199999999999996,0.607,0.0392768,53.58056908481158,1191.4602742083966
7.6,53.199999999999996,0.806,0.0392768,71.14652171722922,1573.5946422996262
7.6,53.199999999999996,1.0050000000000001,0.0392768,88.27111875586752,1946.1276443584127
7.6,53.199999999999996,1.2040000000000002,0.0392768,110.02286383089474,2419.3208456076995
7.6,53.199999999999996,1.4030000000000002,0.0392768,131.24147789918106,2880.9161742773463
7.6,53.199999999999996,1.6020000000000003,0.0392768,152.46009196746746,3342.5115029469944
7.6,53.199999999999996,1.8010000000000004,0.0392768,173.67870603575378,3804.106831616641
7.6,53.199999999999996,2.0,0.0392768,194.8973201040401,4265.702160286288
7.6,60.8,0.01,0.0392768,1.1982890221431697,51.922333408962096
7.6,60.8,0.20900000000000002,0.0392768,25.04424056279225,570.6734546378403
7.6,60.8,0.40800000000000003,0.0392768,48.89019210344132,1089.4245758667187
7.6,60.8,0.607,0.0392768,72.73614364409039,1608.175697095597
7.6,60.8,0.806,0.0392768,96.58209518473949,2126.9268183244753
7.6,60.8,1.0050000000000001,0.0392768,119.82890221431697,2632.643991783784
7.6,60.8,1.2040000000000002,0.0392768,148.85020739761444,3263.9811215979466
7.6,60.8,1.4030000000000002,0.0392768,177.16020608132123,3879.844302151958
7.6,60.8,1.6020000000000003,0.0392768,205.47020476502803,4495.70748270597
7.6,60.8,1.8010000000000004,0.0392768,233.78020344873485,5111.570663259981
7.6,60.8,2.0,0.0392768,262.0902021324416,5727.433843813992
7.6,68.39999999999999,0.01,0.0392768,1.5690947177506167,59.98893834299113
7.6,68.39999999999999,0.20900000000000002,0.0392768,32.79407960098789,739.2654977590473
7.6,68.39999999999999,0.40800000000000003,0.0392768,64.01906448422515,1418.5420571751033
7.6,68.39999999999999,0.607,0.0392768,95.24404936746241,2097.8186165911593
7.6,68.39999999999999,0.806,0.0392768,126.46903425069969,2777.0951760072157
7.6,68.39999999999999,1.0050000000000001,0.0392768,156.90947177506166,3439.304485186687
7.6,68.39999999999999,1.2040000000000002,0.0392768,194.3310023100134,4253.382333580173
7.6,68.39999999999999,1.4030000000000002,0.0392768,230.83533846910848,5047.507293532642
7.6,68.39999999999999,1.6020000000000003,0.0392768,267.33967462820357,5841.63225348511
7.6,68.39999999999999,1.8010000000000004,0.0392768,303.8440107872986,6635.757213437578
7.6,68.39999999999999,2.0,0.0392768,340.34834694639363,7429.882173390045
15.2,0.0,0.01,0.1571072,0.0,28.41775147928994
15.2,0.0,0.20900000000000002,0.1571072,0.0,28.41775147928994
15.2,0.0,0.40800000000000003,0.1571072,0.0,28.41775147928994
15.2,0.0,0.607,0.1571072,0.0,28.41775147928994
15.2,0.0,0.806,0.1571072,0.0,28.41775147928994
15.2,0.0,1.0050000000000001,0.1571072,0.0,28.41775147928994
15.2,0.0,1.2040000000000002,0.1571072,0.0,28.41775147928994
15.2,0.0,1.4030000000000002,0.1571072,0.0,28.41775147928994
15.2,0.0,1.6020000000000003,0.1571072,0.0,28.41775147928994
15.2,0.0,1.8010000000000004,0.1571072,0.0,28.41775147928994
15.2,0.0,2.0,0.1571072,0.0,28.41775147928994
15.2,7.6,0.01,0.1571072,0.010265927837826854,28.641079181992403
15.2,7.6,0.20900000000000002,0.1571072,0.21455789181058127,33.08530046577143
15.2,7.6,0.40800000000000003,0.1571072,0.4188498557833357,37.52952174955046
15.2,7.6,0.607,0.1571072,0.6231418197560901,41.97374303332949
15.2,7.6,0.806,0.1571072,0.8274337837288446,46.41796431710852
15.2,7.6,1.0050000000000001,0.1571072,1.0265927837826856,50.75052174953632
15.2,7.6,1.2040000000000002,0.1571072,1.3477283497396393,57.736589578394515
15.2,7.6,1.4030000000000002,0.1571072,1.6609929459427462,64.55143025458463
15.2,7.6,1.6020000000000003,0.1571072,1.974257542145853,71.36627093077473
15.2,7.6,1.8010000000000004,0.1571072,2.28752213834896,78.18111160696483
15.2,7.6,2.0,0.1571072,2.6007867345520657,84.99595228315492
15.2,15.2,0.01,0.1571072,0.05017098932391422,29.50918441794105
15.2,15.2,0.20900000000000002,0.1571072,1.0485736768698073,51.22869989709814
15.2,15.2,0.40800000000000003,0.1571072,2.0469763644157,72.94821537625523
15.2,15.2,0.607,0.1571072,3.0453790519615933,94.6677308554123
15.2,15.2,0.806,0.1571072,4.043781739507486,116.3872463345694
15.2,15.2,1.0050000000000001,0.1571072,5.017098932391422,137.56104534440092
15.2,15.2,1.2040000000000002,0.1571072,6.46258706426818,169.0065755366381
15.2,15.2,1.4030000000000002,0.1571072,7.872646565461684,199.68138194965377
15.2,15.2,1.6020000000000003,0.1571072,9.282706066655187,230.3561883626694
15.2,15.2,1.8010000000000004,0.1571072,10.692765567848692,261.03099477568503
15.2,15.2,2.0,0.1571072,12.102825069042193,291.70580118870066
15.2,22.799999999999997,0.01,0.1571072,0.12691813559591522,31.178762086580125
15.2,22.799999999999997,0.20900000000000002,0.1571072,2.6525890339546287,86.12287317165482
15.2,22.799999999999997,0.40800000000000003,0.1571072,5.178259932313342,141.06698425672948
15.2,22.799999999999997,0.607,0.1571072,7.703930830672054,196.01109534180415
15.2,22.799999999999997,0.806,0.1571072,10.229601729030769,250.95520642687887
15.2,22.799999999999997,1.0050000000000001,0.1571072,12.691813559591523,304.5188122083084
15.2,22.799999999999997,1.2040000000000002,0.1571072,16.17206403590457,380.22909928438406
15.2,22.799999999999997,1.4030000000000002,0.1571072,19.567014255445237,454.0837420693794
15.2,22.799999999999997,1.6020000000000003,0.1571072,22.9619644749859,527.9383848543747
15.2,22.799999999999997,1.8010000000000004,0.1571072,26.356914694526566,601.79302763937
15.2,22.799999999999997,2.0,0.1571072,29.751864914067223,675.6476704243652
15.2,30.4,0.01,0.1571072,0.2451924667213668,33.75173309087554
15.2,30.4,0.20900000000000002,0.1571072,5.124522554476567,139.89796716142894
15.2,30.4,0.40800000000000003,0.1571072,10.003852642231767,246.04420123198238
15.2,30.4,0.607,0.1571072,14.883182729986963,352.1904353025357
15.2,30.4,0.806,0.1571072,19.762512817742167,458.33666937308914
15.2,30.4,1.0050000000000001,0.1571072,24.51924667213668,561.8159126378497
15.2,30.4,1.2040000000000002,0.1571072,31.006762384844887,702.9470410904299
15.2,30.4,1.4030000000000002,0.1571072,37.33527035949651,840.6190732574075
15.2,30.4,1.6020000000000003,0.1571072,43.66377833414814,978.2911054243851
15.2,30.4,1.8010000000000004,0.1571072,49.99228630879977,1115.9631375913627
15.2,30.4,2.0,0.1571072,56.32079428345139,1253.6351697583402
15.2,38.0,0.01,0.1571072,0.40863269480396175,37.307254933953224
15.2,38.0,0.20900000000000002,0.1571072,8.5404233214028,214.20837368175253
15.2,38.0,0.40800000000000003,0.1571072,16.672213948001637,391.1094924295517
15.2,38.0,0.607,0.1571072,24.804004574600476,568.010611177351
15.2,38.0,0.806,0.1571072,32.93579520119932,744.9117299251504
15.2,38.0,1.0050000000000001,0.1571072,40.86326948039617,917.3680969456179
15.2,38.0,1.2040000000000002,0.1571072,51.37565974152237,1146.0574082301243
15.2,38.0,1.4030000000000002,0.1571072,61.63039337860134,1369.1415893360888
15.2,38.0,1.6020000000000003,0.1571072,71.88512701568033,1592.2257704420535
15.2,38.0,1.8010000000000004,0.1571072,82.1398606527593,1815.3099515480178
15.2,38.0,2.0,0.1571072,92.39459428983825,2038.3941326539818
15.2,45.599999999999994,0.01,0.1571072,0.620266236679654,41.91118684040319
15.2,45.599999999999994,0.20900000000000002,0.1571072,12.96356434660477,310.43055052655694
15.2,45.599999999999994,0.40800000000000003,0.1571072,25.30686245652988,578.9499142127105
15.2,45.599999999999994,0.607,0.1571072,37.65016056645499,847.4692778988642
15.2,45.599999999999994,0.806,0.1571072,49.993458676380115,1115.988641585018
15.2,45.599999999999994,1.0050000000000001,0.1571072,62.026623667965396,1377.761287590615
15.2,45.599999999999994,1.2040000000000002,0.1571072,77.61720368321687,1716.9228785941712
15.2,45.599999999999994,1.4030000000000002,0.1571072,92.825661639271,2047.771685504503
15.2,45.599999999999994,1.6020000000000003,0.1571072,108.03411959532512,2378.6204924148346
15.2,45.599999999999994,1.8010000000000004,0.1571072,123.24257755137924,2709.469299325166
15.2,45.599999999999994,2.0,0.1571072,138.45103550743335,3040.3181062354975
15.2,53.199999999999996,0.01,0.1571072,0.8827111875586752,47.62048354417584
15.2,53.199999999999996,0.20900000000000002,0.1571072,18.44866381997631,429.75485163540526
15.2,53.199999999999996,0.40800000000000003,0.1571072,36.01461645239395,811.8892197266348
15.2,53.199999999999996,0.607,0.1571072,53.58056908481158,1194.023587817864
15.2,53.199999999999996,0.806,0.1571072,71.14652171722922,1576.1579559090935
15.2,53.199999999999996,1.0050000000000001,0.1571072,88.27111875586752,1948.69095796788
15.2,53.199999999999996,1.2040000000000002,0.1571072,110.02286383089474,2421.884159217167
15.2,53.199999999999996,1.4030000000000002,0.1571072,131.24147789918106,2883.479487886814
15.2,53.199999999999996,1.6020000000000003,0.1571072,152.46009196746746,3345.074816556462
15.2,53.199999999999996,1.8010000000000004,0.1571072,173.67870603575378,3806.6701452261086
15.2,53.199999999999996,2.0,0.1571072,194.8973201040401,4268.265473895755
15.2,60.8,0.01,0.1571072,1.1982890221431697,54.485647018429546
15.2,60.8,0.20900000000000002,0.1571072,25.04424056279225,573.2367682473079
15.2,60.8,0.40800000000000003,0.1571072,48.89019210344132,1091.987889476186
15.2,60.8,0.607,0.1571072,72.73614364409039,1610.7390107050642
15.2,60.8,0.806,0.1571072,96.58209518473949,2129.490131933943
15.2,60.8,1.0050000000000001,0.1571072,119.82890221431697,2635.207305393251
15.2,60.8,1.2040000000000002,0.1571072,148.85020739761444,3266.544435207414
15.2,60.8,1.4030000000000002,0.1571072,177.16020608132123,3882.407615761426
15.2,60.8,1.6020000000000003,0.1571072,205.47020476502803,4498.270796315437
15.2,60.8,1.8010000000000004,0.1571072,233.78020344873485,5114.133976869449
15.2,60.8,2.0,0.1571072,262.0902021324416,5729.99715742346
15.2,68.39999999999999,0.01,0.1571072,1.5690947177506167,62.55225195245859
15.2,68.39999999999999,0.20900000000000002,0.1571072,32.79407960098789,741.8288113685147
15.2,68.39999999999999,0.40800000000000003,0.1571072,64.01906448422515,1421.1053707845708
15.2,68.39999999999999,0.607,0.1571072,95.24404936746241,2100.381930200627
15.2,68.39999999999999,0.806,0.1571072,126.46903425069969,2779.658489616683
15.2,68.39999999999999,1.0050000000000001,0.1571072,156.90947177506166,3441.8677987961546
15.2,68.39999999999999,1.2040000000000002,0.1571072,194.3310023100134,4255.94564718964
15.2,68.39999999999999,1.4030000000000002,0.1571072,230.83533846910848,5050.070607142109
15.2,68.39999999999999,1.6020000000000003,0.1571072,267.33967462820357,5844.195567094578
15.2,68.39999999999999,1.8010000000000004,0.1571072,303.8440107872986,6638.320527047046
15.2,68.39999999999999,2.0,0.1571072,340.34834694639363,7432.4454869995125
22.799999999999997,0.0,0.01,0.3534912,0.0,32.689940828402364
22.799999999999997,0.0,0.20900000000000002,0.3534912,0.0,32.689940828402364
22.799999999999997,0.0,0.40800000000000003,0.3534912,0.0,32.689940828402364
22.799999999999997,0.0,0.607,0.3534912,0.0,32.689940828402364
22.799999999999997,0.0,0.806,0.3534912,0.0,32.689940828402364
22.799999999999997,0.0,1.0050000000000001,0.3534912,0.0,32.689940828402364
22.799999999999997,0.0,1.2040000000000002,0.3534912,0.0,32.689940828402364
22.799999999999997,0.0,1.4030000000000002,0.3534912,0.0,32.689940828402364
22.799999999999997,0.0,1.6020000000000003,0.3534912,0.0,32.689940828402364
22.799999999999997,0.0,1.8010000000000004,0.3534912,0.0,32.689940828402364
22.799999999999997,0.0,2.0,0.3534912,0.0,32.689940828402364
22.799999999999997,7.6,0.01,0.3534912,0.010265927837826854,32.91326853110483
22.799999999999997,7.6,0.20900000000000002,0.3534912,0.21455789181058127,37.35748981488386
22.799999999999997,7.6,0.40800000000000003,0.3534912,0.4188498557833357,41.80171109866289
22.799999999999997,7.6,0.607,0.3534912,0.6231418197560901,46.24593238244192
22.799999999999997,7.6,0.806,0.3534912,0.8274337837288446,50.69015366622095
22.799999999999997,7.6,1.0050000000000001,0.3534912,1.0265927837826856,55.02271109864874
22.799999999999997,7.6,1.2040000000000002,0.3534912,1.3477283497396393,62.00877892750694
22.799999999999997,7.6,1.4030000000000002,0.3534912,1.6609929459427462,68.82361960369705
22.799999999999997,7.6,1.6020000000000003,0.3534912,1.974257542145853,75.63846027988717
22.799999999999997,7.6,1.8010000000000004,0.3534912,2.28752213834896,82.45330095607726
22.799999999999997,7.6,2.0,0.3534912,2.6007867345520657,89.26814163226734
22.799999999999997,15.2,0.01,0.3534912,0.05017098932391422,33.78137376705347
22.799999999999997,15.2,0.20900000000000002,0.3534912,1.0485736768698073,55.50088924621056
22.799999999999997,15.2,0.40800000000000003,0.3534912,2.0469763644157,77.22040472536764
22.799999999999997,15.2,0.607,0.3534912,3.0453790519615933,98.93992020452473
22.799999999999997,15.2,0.806,0.3534912,4.043781739507486,120.65943568368183
22.799999999999997,15.2,1.0050000000000001,0.3534912,5.017098932391422,141.83323469351336
22.799999999999997,15.2,1.2040000000000002,0.3534912,6.46258706426818,173.27876488575052
22.799999999999997,15.2,1.4030000000000002,0.3534912,7.872646565461684,203.95357129876618
22.799999999999997,15.2,1.6020000000000003,0.3534912,9.282706066655187,234.62837771178184
22.799999999999997,15.2,1.8010000000000004,0.3534912,10.692765567848692,265.3031841247975
22.799999999999997,15.2,2.0,0.3534912,12.102825069042193,295.9779905378131
22.799999999999997,22.799999999999997,0.01,0.3534912,0.12691813559591522,35.45095143569255
22.799999999999997,22.799999999999997,0.20900000000000002,0.3534912,2.6525890339546287,90.39506252076724
22.799999999999997,22.799999999999997,0.40800000000000003,0.3534912,5.178259932313342,145.33917360584192
22.799999999999997,22.799999999999997,0.607,0.3534912,7.703930830672054,200.2832846909166
22.799999999999997,22.799999999999997,0.806,0.3534912,10.229601729030769,255.22739577599128
22.799999999999997,22.799999999999997,1.0050000000000001,0.3534912,12.691813559591523,308.7910015574209
22.799999999999997,22.799999999999997,1.2040000000000002,0.3534912,16.17206403590457,384.50128863349653
22.799999999999997,22.799999999999997,1.4030000000000002,0.3534912,19.567014255445237,458.3559314184919
22.799999999999997,22.799999999999997,1.6020000000000003,0.3534912,22.9619644749859,532.2105742034871
22.799999999999997,22.799999999999997,1.8010000000000004,0.3534912,26.356914694526566,606.0652169884826
22.799999999999997,22.799999999999997,2.0,0.3534912,29.751864914067223,679.9198597734777
22.799999999999997,30.4,0.01,0.3534912,0.2451924667213668,38.02392243998796
22.799999999999997,30.4,0.20900000000000002,0.3534912,5.124522554476567,144.17015651054137
22.799999999999997,30.4,0.40800000000000003,0.3534912,10.003852642231767,250.3163905810948
22.799999999999997,30.4,0.607,0.3534912,14.883182729986963,356.4626246516482
22.799999999999997,30.4,0.806,0.3534912,19.762512817742167,462.6088587222016
22.799999999999997,30.4,1.0050000000000001,0.3534912,24.51924667213668,566.0881019869622
22.799999999999997,30.4,1.2040000000000002,0.3534912,31.006762384844887,707.2192304395423
22.799999999999997,30.4,1.4030000000000002,0.3534912,37.33527035949651,844.89126260652
22.799999999999997,30.4,1.6020000000000003,0.3534912,43.66377833414814,982.5632947734975
22.799999999999997,30.4,1.8010000000000004,0.3534912,49.99228630879977,1120.235326940475
22.799999999999997,30.4,2.0,0.3534912,56.32079428345139,1257.9073591074525
22.799999999999997,38.0,0.01,0.3534912,0.40863269480396175,41.57944428306565
22.799999999999997,38.0,0.20900000000000002,0.3534912,8.5404233214028,218.48056303086497
22.799999999999997,38.0,0.40800000000000003,0.3534912,16.672213948001637,395.3816817786642
22.799999999999997,38.0,0.607,0.3534912,24.804004574600476,572.2828005264635
22.799999999999997,38.0,0.806,0.3534912,32.93579520119932,749.1839192742628
22.799999999999997,38.0,1.0050000000000001,0.3534912,40.86326948039617,921.6402862947303
22.799999999999997,38.0,1.2040000000000002,0.3534912,51.37565974152237,1150.3295975792369
22.799999999999997,38.0,1.4030000000000002,0.3534912,61.63039337860134,1373.4137786852011
22.799999999999997,38.0,1.6020000000000003,0.3534912,71.88512701568033,1596.497959791166
22.799999999999997,38.0,1.8010000000000004,0.3534912,82.1398606527593,1819.5821408971303
22.799999999999997,38.0,2.0,0.3534912,92.39459428983825,2042.6663220030944
22.799999999999997,45.599999999999994,0.01,0.3534912,0.620266236679654,46.18337618951561
22.799999999999997,45.599999999999994,0.20900000000000002,0.3534912,12.96356434660477,314.70273987566935
22.799999999999997,45.599999999999994,0.40800000000000003,0.3534912,25.30686245652988,583.222103561823
22.799999999999997,45.599999999999994,0.607,0.3534912,37.65016056645499,851.7414672479765
22.799999999999997,45.599999999999994,0.806,0.3534912,49.993458676380115,1120.2608309341304
22.799999999999997,45.599999999999994,1.0050000000000001,0.3534912,62.026623667965396,1382.0334769397273
22.799999999999997,45.599999999999994,1.2040000000000002,0.3534912,77.61720368321687,1721.1950679432837
22.799999999999997,45.599999999999994,1.4030000000000002,0.3534912,92.825661639271,2052.0438748536153
22.799999999999997,45.599999999999994,1.6020000000000003,0.3534912,108.03411959532512,2382.892681763947
22.799999999999997,45.599999999999994,1.8010000000000004,0.3534912,123.24257755137924,2713.7414886742786
22.799999999999997,45.599999999999994,2.0,0.3534912,138.45103550743335,3044.5902955846095
22.799999999999997,53.199999999999996,0.01,0.3534912,0.8827111875586752,51.892672893288264
22.799999999999997,53.199999999999996,0.20900000000000002,0.3534912,18.44866381997631,434.0270409845177
22.799999999999997,53.199999999999996,0.40800000000000003,0.3534912,36.01461645239395,816.1614090757472
22.799999999999997,53.199999999999996,0.607,0.3534912,53.58056908481158,1198.2957771669764
22.799999999999997,53.199999999999996,0.806,0.3534912,71.14652171722922,1580.430145258206
22.799999999999997,53.199999999999996,1.0050000000000001,0.3534912,88.27111875586752,1952.9631473169925
22.799999999999997,53.199999999999996,1.2040000000000002,0.3534912,110.02286383089474,2426.1563485662796
22.799999999999997,53.199999999999996,1.4030000000000002,0.3534912,131.24147789918106,2887.7516772359263
22.799999999999997,53.199999999999996,1.6020000000000003,0.3534912,152.46009196746746,3349.347005905574
22.799999999999997,53.199999999999996,1.8010000000000004,0.3534912,173.67870603575378,3810.9423345752207
22.799999999999997,53.199999999999996,2.0,0.3534912,194.8973201040401,4272.537663244867
22.799999999999997,60.8,0.01,0.3534912,1.1982890221431697,58.75783636754198
22.799999999999997,60.8,0.20900000000000002,0.3534912,25.04424056279225,577.5089575964203
22.799999999999997,60.8,0.40800000000000003,0.3534912,48.89019210344132,1096.2600788252985
22.799999999999997,60.8,0.607,0.3534912,72.73614364409039,1615.0112000541767
22.799999999999997,60.8,0.806,0.3534912,96.58209518473949,2133.7623212830554
22.799999999999997,60.8,1.0050000000000001,0.3534912,119.82890221431697,2639.4794947423634
22.799999999999997,60.8,1.2040000000000002,0.3534912,148.85020739761444,3270.8166245565267
22.799999999999997,60.8,1.4030000000000002,0.3534912,177.16020608132123,3886.679805110538
22.799999999999997,60.8,1.6020000000000003,0.3534912,205.47020476502803,4502.54298566455
22.799999999999997,60.8,1.8010000000000004,0.3534912,233.78020344873485,5118.406166218561
22.799999999999997,60.8,2.0,0.3534912,262.0902021324416,5734.269346772572
22.799999999999997,68.39999999999999,0.01,0.3534912,1.5690947177506167,66.82444130157101
22.799999999999997,68.39999999999999,0.20900000000000002,0.3534912,32.79407960098789,746.1010007176271
22.799999999999997,68.39999999999999,0.40800000000000003,0.3534912,64.01906448422515,1425.3775601336831
22.799999999999997,68.39999999999999,0.607,0.3534912,95.24404936746241,2104.6541195497393
22.799999999999997,68.39999999999999,0.806,0.3534912,126.46903425069969,2783.930678965796
22.799999999999997,68.39999999999999,1.0050000000000001,0.3534912,156.90947177506166,3446.139988145267
22.799999999999997,68.39999999999999,1.2040000000000002,0.3534912,194.3310023100134,4260.217836538753
22.799999999999997,68.39999999999999,1.4030000000000002,0.3534912,230.83533846910848,5054.342796491221
22.799999999999997,68.39999999999999,1.6020000000000003,0.3534912,267.33967462820357,5848.46775644369
22.799999999999997,68.39999999999999,1.8010000000000004,0.3534912,303.8440107872986,6642.592716396158
22.799999999999997,68.39999999999999,2.0,0.3534912,340.34834694639363,7436.717676348624
30.4,0.0,0.01,0.6284288,0.0,38.67100591715976
30.4,0.0,0.20900000000000002,0.6284288,0.0,38.67100591715976
30.4,0.0,0.40800000000000003,0.6284288,0.0,38.67100591715976
30.4,0.0,0.607,0.6284288,0.0,38.67100591715976
30.4,0.0,0.806,0.6284288,0.0,38.67100591715976
30.4,0.0,1.0050000000000001,0.6284288,0.0,38.67100591715976
30.4,0.0,1.2040000000000002,0.6284288,0.0,38.67100591715976
30.4,0.0,1.4030000000000002,0.6284288,0.0,38.67100591715976
30.4,0.0,1.6020000000000003,0.6284288,0.0,38.67100591715976
30.4,0.0,1.8010000000000004,0.6284288,0.0,38.67100591715976
30.4,0.0,2.0,0.6284288,0.0,38.67100591715976
30.4,7.6,0.01,0.6284288,0.010265927837826854,38.89433361986222
30.4,7.6,0.20900000000000002,0.6284288,0.21455789181058127,43.33855490364125
30.4,7.6,0.40800000000000003,0.6284288,0.4188498557833357,47.78277618742028
30.4,7.6,0.607,0.6284288,0.6231418197560901,52.22699747119931
30.4,7.6,0.806,0.6284288,0.8274337837288446,56.67121875497834
30.4,7.6,1.0050000000000001,0.6284288,1.0265927837826856,61.00377618740614
30.4,7.6,1.2040000000000002,0.6284288,1.3477283497396393,67.98984401626434
30.4,7.6,1.4030000000000002,0.6284288,1.6609929459427462,74.80468469245446
30.4,7.6,1.6020000000000003,0.6284288,1.974257542145853,81.61952536864456
30.4,7.6,1.8010000000000004,0.6284288,2.28752213834896,88.43436604483466
30.4,7.6,2.0,0.6284288,2.6007867345520657,95.24920672102475
30.4,15.2,0.01,0.6284288,0.05017098932391422,39.76243885581087
30.4,15.2,0.20900000000000002,0.6284288,1.0485736768698073,61.48195433496796
30.4,15.2,0.40800000000000003,0.6284288,2.0469763644157,83.20146981412505
30.4,15.2,0.607,0.6284288,3.0453790519615933,104.92098529328213
30.4,15.2,0.806,0.6284288,4.043781739507486,126.64050077243921
30.4,15.2,1.0050000000000001,0.6284288,5.017098932391422,147.81429978227072
30.4,15.2,1.2040000000000002,0.6284288,6.46258706426818,179.2598299745079
30.4,15.2,1.4030000000000002,0.6284288,7.872646565461684,209.93463638752357
30.4,15.2,1.6020000000000003,0.6284288,9.282706066655187,240.60944280053923
30.4,15.2,1.8010000000000004,0.6284288,10.692765567848692,271.28424921355486
30.4,15.2,2.0,0.6284288,12.102825069042193,301.9590556265705
30.4,22.799999999999997,0.01,0.6284288,0.12691813559591522,41.43201652444995
30.4,22.799999999999997,0.20900000000000002,0.6284288,2.6525890339546287,96.37612760952463
30.4,22.799999999999997,0.40800000000000003,0.6284288,5.178259932313342,151.3202386945993
30.4,22.799999999999997,0.607,0.6284288,7.703930830672054,206.26434977967398
30.4,22.799999999999997,0.806,0.6284288,10.229601729030769,261.20846086474864
30.4,22.799999999999997,1.0050000000000001,0.6284288,12.691813559591523,314.77206664617825
30.4,22.799999999999997,1.2040000000000002,0.6284288,16.17206403590457,390.48235372225395
30.4,22.799999999999997,1.4030000000000002,0.6284288,19.567014255445237,464.3369965072493
30.4,22.799999999999997,1.6020000000000003,0.6284288,22.9619644749859,538.1916392922446
30.4,22.799999999999997,1.8010000000000004,0.6284288,26.356914694526566,612.04628207724
30.4,22.799999999999997,2.0,0.6284288,29.751864914067223,685.9009248622351
30.4,30.4,0.01,0.6284288,0.2451924667213668,44.00498752874536
30.4,30.4,0.20900000000000002,0.6284288,5.124522554476567,150.15122159929876
30.4,30.4,0.40800000000000003,0.6284288,10.003852642231767,256.2974556698522
30.4,30.4,0.607,0.6284288,14.883182729986963,362.44368974040555
30.4,30.4,0.806,0.6284288,19.762512817742167,468.589923810959
30.4,30.4,1.0050000000000001,0.6284288,24.51924667213668,572.0691670757196
30.4,30.4,1.2040000000000002,0.6284288,31.006762384844887,713.2002955282998
30.4,30.4,1.4030000000000002,0.6284288,37.33527035949651,850.8723276952774
30.4,30.4,1.6020000000000003,0.6284288,43.66377833414814,988.544359862255
30.4,30.4,1.8010000000000004,0.6284288,49.99228630879977,1126.2163920292326
30.4,30.4,2.0,0.6284288,56.32079428345139,1263.88842419621
30.4,38.0,0.01,0.6284288,0.40863269480396175,47.560509371823045
30.4,38.0,0.20900000000000002,0.6284288,8.5404233214028,224.46162811962233
30.4,38.0,0.40800000000000003,0.6284288,16.672213948001637,401.36274686742166
30.4,38.0,0.607,0.6284288,24.804004574600476,578.2638656152209
30.4,38.0,0.806,0.6284288,32.93579520119932,755.1649843630203
30.4,38.0,1.0050000000000001,0.6284288,40.86326948039617,927.6213513834879
30.4,38.0,1.2040000000000002,0.6284288,51.37565974152237,1156.3106626679944
30.4,38.0,1.4030000000000002,0.6284288,61.63039337860134,1379.3948437739587
30.4,38.0,1.6020000000000003,0.6284288,71.88512701568033,1602.4790248799231
30.4,38.0,1.8010000000000004,0.6284288,82.1398606527593,1825.5632059858876
30.4,38.0,2.0,0.6284288,92.39459428983825,2048.6473870918517
30.4,45.599999999999994,0.01,0.6284288,0.620266236679654,52.16444127827302
30.4,45.599999999999994,0.20900000000000002,0.6284288,12.96356434660477,320.6838049644267
30.4,45.599999999999994,0.40800000000000003,0.6284288,25.30686245652988,589.2031686505804
30.4,45.599999999999994,0.607,0.6284288,37.65016056645499,857.722532336734
30.4,45.599999999999994,0.806,0.6284288,49.993458676380115,1126.2418960228879
30.4,45.599999999999994,1.0050000000000001,0.6284288,62.026623667965396,1388.0145420284848
30.4,45.599999999999994,1.2040000000000002,0.6284288,77.61720368321687,1727.176133032041
30.4,45.599999999999994,1.4030000000000002,0.6284288,92.825661639271,2058.024939942373
30.4,45.599999999999994,1.6020000000000003,0.6284288,108.03411959532512,2388.8737468527042
30.4,45.599999999999994,1.8010000000000004,0.6284288,123.24257755137924,2719.7225537630356
30.4,45.599999999999994,2.0,0.6284288,138.45103550743335,3050.571360673367
30.4,53.199999999999996,0.01,0.6284288,0.8827111875586752,57.87373798204567
30.4,53.199999999999996,0.20900000000000002,0.6284288,18.44866381997631,440.00810607327514
30.4,53.199999999999996,0.40800000000000003,0.6284288,36.01461645239395,822.1424741645046
30.4,53.199999999999996,0.607,0.6284288,53.58056908481158,1204.276842255734
30.4,53.199999999999996,0.806,0.6284288,71.14652171722922,1586.4112103469633
30.4,53.199999999999996,1.0050000000000001,0.6284288,88.27111875586752,1958.9442124057498
30.4,53.199999999999996,1.2040000000000002,0.6284288,110.02286383089474,2432.1374136550367
30.4,53.199999999999996,1.4030000000000002,0.6284288,131.24147789918106,2893.732742324684
30.4,53.199999999999996,1.6020000000000003,0.6284288,152.46009196746746,3355.3280709943315
30.4,53.199999999999996,1.8010000000000004,0.6284288,173.67870603575378,3816.923399663978
30.4,53.199999999999996,2.0,0.6284288,194.8973201040401,4278.5187283336245
30.4,60.8,0.01,0.6284288,1.1982890221431697,64.73890145629937
30.4,60.8,0.20900000000000002,0.6284288,25.04424056279225,583.4900226851777
30.4,60.8,0.40800000000000003,0.6284288,48.89019210344132,1102.241143914056
30.4,60.8,0.607,0.6284288,72.73614364409039,1620.9922651429338
30.4,60.8,0.806,0.6284288,96.58209518473949,2139.7433863718124
30.4,60.8,1.0050000000000001,0.6284288,119.82890221431697,2645.4605598311205
30.4,60.8,1.2040000000000002,0.6284288,148.85020739761444,3276.7976896452838
30.4,60.8,1.4030000000000002,0.6284288,177.16020608132123,3892.6608701992955
30.4,60.8,1.6020000000000003,0.6284288,205.47020476502803,4508.524050753307
30.4,60.8,1.8010000000000004,0.6284288,233.78020344873485,5124.387231307319
30.4,60.8,2.0,0.6284288,262.0902021324416,5740.25041186133
30.4,68.39999999999999,0.01,0.6284288,1.5690947177506167,72.80550639032842
30.4,68.39999999999999,0.20900000000000002,0.6284288,32.79407960098789,752.0820658063847
30.4,68.39999999999999,0.40800000000000003,0.6284288,64.01906448422515,1431.3586252224407
30.4,68.39999999999999,0.607,0.6284288,95.24404936746241,2110.6351846384964
30.4,68.39999999999999,0.806,0.6284288,126.46903425069969,2789.911744054553
30.4,68.39999999999999,1.0050000000000001,0.6284288,156.90947177506166,3452.1210532340247
30.4,68.39999999999999,1.2040000000000002,0.6284288,194.3310023100134,4266.19890162751
30.4,68.39999999999999,1.4030000000000002,0.6284288,230.83533846910848,5060.323861579978
30.4,68.39999999999999,1.6020000000000003,0.6284288,267.33967462820357,5854.448821532447
30.4,68.39999999999999,1.8010000000000004,0.6284288,303.8440107872986,6648.573781484915
30.4,68.39999999999999,2.0,0.6284288,340.34834694639363,7442.698741437382
38.0,0.0,0.01,0.9819200000000001,0.0,46.36094674556213
38.0,0.0,0.20900000000000002,0.9819200000000001,0.0,46.36094674556213
38.0,0.0,0.40800000000000003,0.9819200000000001,0.0,46.36094674556213
38.0,0.0,0.607,0.9819200000000001,0.0,46.36094674556213
38.0,0.0,0.806,0.9819200000000001,0.0,46.36094674556213
38.0,0.0,1.0050000000000001,0.9819200000000001,0.0,46.36094674556213
38.0,0.0,1.2040000000000002,0.9819200000000001,0.0,46.36094674556213
38.0,0.0,1.4030000000000002,0.9819200000000001,0.0,46.36094674556213
38.0,0.0,1.6020000000000003,0.9819200000000001,0.0,46.36094674556213
38.0,0.0,1.8010000000000004,0.9819200000000001,0.0,46.36094674556213
38.0,0.0,2.0,0.9819200000000001,0.0,46.36094674556213
38.0,7.6,0.01,0.9819200000000001,0.010265927837826854,46.584274448264594
38.0,7.6,0.20900000000000002,0.9819200000000001,0.21455789181058127,51.02849573204362
38.0,7.6,0.40800000000000003,0.9819200000000001,0.4188498557833357,55.47271701582265
38.0,7.6,0.607,0.9819200000000001,0.6231418197560901,59.91693829960168
38.0,7.6,0.806,0.9819200000000001,0.8274337837288446,64.3611595833807
38.0,7.6,1.0050000000000001,0.9819200000000001,1.0265927837826856,68.69371701580852
38.0,7.6,1.2040000000000002,0.9819200000000001,1.3477283497396393,75.6797848446667
38.0,7.6,1.4030000000000002,0.9819200000000001,1.6609929459427462,82.49462552085681
38.0,7.6,1.6020000000000003,0.9819200000000001,1.974257542145853,89.30946619704693
38.0,7.6,1.8010000000000004,0.9819200000000001,2.28752213834896,96.12430687323702
38.0,7.6,2.0,0.9819200000000001,2.6007867345520657,102.93914754942712
38.0,15.2,0.01,0.9819200000000001,0.05017098932391422,47.45237968421324
38.0,15.2,0.20900000000000002,0.9819200000000001,1.0485736768698073,69.17189516337032
38.0,15.2,0.40800000000000003,0.9819200000000001,2.0469763644157,90.8914106425274
38.0,15.2,0.607,0.9819200000000001,3.0453790519615933,112.6109261216845
38.0,15.2,0.806,0.9819200000000001,4.043781739507486,134.3304416008416
38.0,15.2,1.0050000000000001,0.9819200000000001,5.017098932391422,155.50424061067312
38.0,15.2,1.2040000000000002,0.9819200000000001,6.46258706426818,186.94977080291028
38.0,15.2,1.4030000000000002,0.9819200000000001,7.872646565461684,217.62457721592594
38.0,15.2,1.6020000000000003,0.9819200000000001,9.282706066655187,248.2993836289416
38.0,15.2,1.8010000000000004,0.9819200000000001,10.692765567848692,278.9741900419573
38.0,15.2,2.0,0.9819200000000001,12.102825069042193,309.64899645497286
38.0,22.799999999999997,0.01,0.9819200000000001,0.12691813559591522,49.12195735285231
38.0,22.799999999999997,0.20900000000000002,0.9819200000000001,2.6525890339546287,104.066068437927
38.0,22.799999999999997,0.40800000000000003,0.9819200000000001,5.178259932313342,159.01017952300168
38.0,22.799999999999997,0.607,0.9819200000000001,7.703930830672054,213.95429060807635
38.0,22.799999999999997,0.806,0.9819200000000001,10.229601729030769,268.8984016931511
38.0,22.799999999999997,1.0050000000000001,0.9819200000000001,12.691813559591523,322.4620074745806
38.0,22.799999999999997,1.2040000000000002,0.9819200000000001,16.17206403590457,398.1722945506563
38.0,22.799999999999997,1.4030000000000002,0.9819200000000001,19.567014255445237,472.02693733565167
38.0,22.799999999999997,1.6020000000000003,0.9819200000000001,22.9619644749859,545.8815801206468
38.0,22.799999999999997,1.8010000000000004,0.9819200000000001,26.356914694526566,619.7362229056423
38.0,22.799999999999997,2.0,0.9819200000000001,29.751864914067223,693.5908656906374
38.0,30.4,0.01,0.9819200000000001,0.2451924667213668,51.69492835714773
38.0,30.4,0.20900000000000002,0.9819200000000001,5.124522554476567,157.84116242770114
38.0,30.4,0.40800000000000003,0.9819200000000001,10.003852642231767,263.98739649825455
38.0,30.4,0.607,0.9819200000000001,14.883182729986963,370.1336305688079
38.0,30.4,0.806,0.9819200000000001,19.762512817742167,476.27986463936134
38.0,30.4,1.0050000000000001,0.9819200000000001,24.51924667213668,579.759107904122
38.0,30.4,1.2040000000000002,0.9819200000000001,31.006762384844887,720.8902363567021
38.0,30.4,1.4030000000000002,0.9819200000000001,37.33527035949651,858.5622685236797
38.0,30.4,1.6020000000000003,0.9819200000000001,43.66377833414814,996.2343006906573
38.0,30.4,1.8010000000000004,0.9819200000000001,49.99228630879977,1133.9063328576349
38.0,30.4,2.0,0.9819200000000001,56.32079428345139,1271.5783650246124
38.0,38.0,0.01,0.9819200000000001,0.40863269480396175,55.250450200225416
38.0,38.0,0.20900000000000002,0.9819200000000001,8.5404233214028,232.1515689480247
38.0,38.0,0.40800000000000003,0.9819200000000001,16.672213948001637,409.05268769582403
38.0,38.0,0.607,0.9819200000000001,24.804004574600476,585.9538064436232
38.0,38.0,0.806,0.9819200000000001,32.93579520119932,762.8549251914226
38.0,38.0,1.0050000000000001,0.9819200000000001,40.86326948039617,935.3112922118902
38.0,38.0,1.2040000000000002,0.9819200000000001,51.37565974152237,1164.0006034963967
38.0,38.0,1.4030000000000002,0.9819200000000001,61.63039337860134,1387.084784602361
38.0,38.0,1.6020000000000003,0.9819200000000001,71.88512701568033,1610.1689657083257
38.0,38.0,1.8010000000000004,0.9819200000000001,82.1398606527593,1833.25314681429
38.0,38.0,2.0,0.9819200000000001,92.39459428983825,2056.337327920254
38.0,45.599999999999994,0.01,0.9819200000000001,0.620266236679654,59.85438210667538
38.0,45.599999999999994,0.20900000000000002,0.9819200000000001,12.96356434660477,328.3737457928291
38.0,45.599999999999994,0.40800000000000003,0.9819200000000001,25.30686245652988,596.8931094789828
38.0,45.599999999999994,0.607,0.9819200000000001,37.65016056645499,865.4124731651364
38.0,45.599999999999994,0.806,0.9819200000000001,49.993458676380115,1133.9318368512902
38.0,45.599999999999994,1.0050000000000001,0.9819200000000001,62.026623667965396,1395.7044828568871
38.0,45.599999999999994,1.2040000000000002,0.9819200000000001,77.61720368321687,1734.8660738604433
38.0,45.599999999999994,1.4030000000000002,0.9819200000000001,92.825661639271,2065.7148807707754
38.0,45.599999999999994,1.6020000000000003,0.9819200000000001,108.03411959532512,2396.563687681107
38.0,45.599999999999994,1.8010000000000004,0.9819200000000001,123.24257755137924,2727.412494591438
38.0,45.599999999999994,2.0,0.9819200000000001,138.45103550743335,3058.2613015017696
38.0,53.199999999999996,0.01,0.9819200000000001,0.8827111875586752,65.56367881044804
38.0,53.199999999999996,0.20900000000000002,0.9819200000000001,18.44866381997631,447.6980469016774
38.0,53.199999999999996,0.40800000000000003,0.9819200000000001,36.01461645239395,829.8324149929069
38.0,53.199999999999996,0.607,0.9819200000000001,53.58056908481158,1211.966783084136
38.0,53.199999999999996,0.806,0.9819200000000001,71.14652171722922,1594.1011511753657
38.0,53.199999999999996,1.0050000000000001,0.9819200000000001,88.27111875586752,1966.634153234152
38.0,53.199999999999996,1.2040000000000002,0.9819200000000001,110.02286383089474,2439.827354483439
38.0,53.199999999999996,1.4030000000000002,0.9819200000000001,131.24147789918106,2901.4226831530864
38.0,53.199999999999996,1.6020000000000003,0.9819200000000001,152.46009196746746,3363.0180118227345
38.0,53.199999999999996,1.8010000000000004,0.9819200000000001,173.67870603575378,3824.6133404923808
38.0,53.199999999999996,2.0,0.9819200000000001,194.8973201040401,4286.208669162028
38.0,60.8,0.01,0.9819200000000001,1.1982890221431697,72.42884228470174
38.0,60.8,0.20900000000000002,0.9819200000000001,25.04424056279225,591.17996351358
38.0,60.8,0.40800000000000003,0.9819200000000001,48.89019210344132,1109.931084742458
38.0,60.8,0.607,0.9819200000000001,72.73614364409039,1628.6822059713363
38.0,60.8,0.806,0.9819200000000001,96.58209518473949,2147.433327200215
38.0,60.8,1.0050000000000001,0.9819200000000001,119.82890221431697,2653.150500659523
38.0,60.8,1.2040000000000002,0.9819200000000001,148.85020739761444,3284.4876304736867
38.0,60.8,1.4030000000000002,0.9819200000000001,177.16020608132123,3900.350811027698
38.0,60.8,1.6020000000000003,0.9819200000000001,205.47020476502803,4516.21399158171
38.0,60.8,1.8010000000000004,0.9819200000000001,233.78020344873485,5132.077172135721
38.0,60.8,2.0,0.9819200000000001,262.0902021324416,5747.940352689732
38.0,68.39999999999999,0.01,0.9819200000000001,1.5690947177506167,80.49544721873079
38.0,68.39999999999999,0.20900000000000002,0.9819200000000001,32.79407960098789,759.772006634787
38.0,68.39999999999999,0.40800000000000003,0.9819200000000001,64.01906448422515,1439.048566050843
38.0,68.39999999999999,0.607,0.9819200000000001,95.24404936746241,2118.325125466899
38.0,68.39999999999999,0.806,0.9819200000000001,126.46903425069969,2797.6016848829554
38.0,68.39999999999999,1.0050000000000001,0.9819200000000001,156.90947177506166,3459.810994062427
38.0,68.39999999999999,1.2040000000000002,0.9819200000000001,194.3310023100134,4273.888842455913
38.0,68.39999999999999,1.4030000000000002,0.9819200000000001,230.83533846910848,5068.013802408382
38.0,68.39999999999999,1.6020000000000003,0.9819200000000001,267.33967462820357,5862.138762360849
38.0,68.39999999999999,1.8010000000000004,0.9819200000000001,303.8440107872986,6656.263722313317
38.0,68.39999999999999,2.0,0.9819200000000001,340.34834694639363,7450.388682265784
45.599999999999994,0.0,0.01,1.4139648,0.0,55.75976331360947
45.599999999999994,0.0,0.20900000000000002,1.4139648,0.0,55.75976331360947
45.599999999999994,0.0,0.40800000000000003,1.4139648,0.0,55.75976331360947
45.599999999999994,0.0,0.607,1.4139648,0.0,55.75976331360947
45.599999999999994,0.0,0.806,1.4139648,0.0,55.75976331360947
45.599999999999994,0.0,1.0050000000000001,1.4139648,0.0,55.75976331360947
45.599999999999994,0.0,1.2040000000000002,1.4139648,0.0,55.75976331360947
45.599999999999994,0.0,1.4030000000000002,1.4139648,0.0,55.75976331360947
45.599999999999994,0.0,1.6020000000000003,1.4139648,0.0,55.75976331360947
45.599999999999994,0.0,1.8010000000000004,1.4139648,0.0,55.75976331360947
45.599999999999994,0.0,2.0,1.4139648,0.0,55.75976331360947
45.599999999999994,7.6,0.01,1.4139648,0.010265927837826854,55.98309101631193
45.599999999999994,7.6,0.20900000000000002,1.4139648,0.21455789181058127,60.42731230009096
45.599999999999994,7.6,0.40800000000000003,1.4139648,0.4188498557833357,64.87153358386999
45.599999999999994,7.6,0.607,1.4139648,0.6231418197560901,69.31575486764902
45.599999999999994,7.6,0.806,1.4139648,0.8274337837288446,73.75997615142805
45.599999999999994,7.6,1.0050000000000001,1.4139648,1.0265927837826856,78.09253358385584
45.599999999999994,7.6,1.2040000000000002,1.4139648,1.3477283497396393,85.07860141271404
45.599999999999994,7.6,1.4030000000000002,1.4139648,1.6609929459427462,91.89344208890415
45.599999999999994,7.6,1.6020000000000003,1.4139648,1.974257542145853,98.70828276509425
45.599999999999994,7.6,1.8010000000000004,1.4139648,2.28752213834896,105.52312344128435
45.599999999999994,7.6,2.0,1.4139648,2.6007867345520657,112.33796411747446
45.599999999999994,15.2,0.01,1.4139648,0.05017098932391422,56.85119625226058
45.599999999999994,15.2,0.20900000000000002,1.4139648,1.0485736768698073,78.57071173141766
45.599999999999994,15.2,0.40800000000000003,1.4139648,2.0469763644157,100.29022721057474
45.599999999999994,15.2,0.607,1.4139648,3.0453790519615933,122.00974268973182
45.599999999999994,15.2,0.806,1.4139648,4.043781739507486,143.72925816888892
45.599999999999994,15.2,1.0050000000000001,1.4139648,5.017098932391422,164.90305717872045
45.599999999999994,15.2,1.2040000000000002,1.4139648,6.46258706426818,196.3485873709576
45.599999999999994,15.2,1.4030000000000002,1.4139648,7.872646565461684,227.02339378397326
45.599999999999994,15.2,1.6020000000000003,1.4139648,9.282706066655187,257.6982001969889
45.599999999999994,15.2,1.8010000000000004,1.4139648,10.692765567848692,288.37300661000455
45.599999999999994,15.2,2.0,1.4139648,12.102825069042193,319.0478130230202
45.599999999999994,22.799999999999997,0.01,1.4139648,0.12691813559591522,58.52077392089965
45.599999999999994,22.799999999999997,0.20900000000000002,1.4139648,2.6525890339546287,113.46488500597432
45.599999999999994,22.799999999999997,0.40800000000000003,1.4139648,5.178259932313342,168.408996091049
45.599999999999994,22.799999999999997,0.607,1.4139648,7.703930830672054,223.35310717612367
45.599999999999994,22.799999999999997,0.806,1.4139648,10.229601729030769,278.2972182611984
45.599999999999994,22.799999999999997,1.0050000000000001,1.4139648,12.691813559591523,331.86082404262794
45.599999999999994,22.799999999999997,1.2040000000000002,1.4139648,16.17206403590457,407.57111111870364
45.599999999999994,22.799999999999997,1.4030000000000002,1.4139648,19.567014255445237,481.425753903699
45.599999999999994,22.799999999999997,1.6020000000000003,1.4139648,22.9619644749859,555.2803966886943
45.599999999999994,22.799999999999997,1.8010000000000004,1.4139648,26.356914694526566,629.1350394736896
45.599999999999994,22.799999999999997,2.0,1.4139648,29.751864914067223,702.9896822586848
45.599999999999994,30.4,0.01,1.4139648,0.2451924667213668,61.09374492519506
45.599999999999994,30.4,0.20900000000000002,1.4139648,5.124522554476567,167.23997899574846
45.599999999999994,30.4,0.40800000000000003,1.4139648,10.003852642231767,273.3862130663019
45.599999999999994,30.4,0.607,1.4139648,14.883182729986963,379.53244713685524
45.599999999999994,30.4,0.806,1.4139648,19.762512817742167,485.6786812074087
45.599999999999994,30.4,1.0050000000000001,1.4139648,24.51924667213668,589.1579244721693
45.599999999999994,30.4,1.2040000000000002,1.4139648,31.006762384844887,730.2890529247495
45.599999999999994,30.4,1.4030000000000002,1.4139648,37.33527035949651,867.9610850917271
45.599999999999994,30.4,1.6020000000000003,1.4139648,43.66377833414814,1005.6331172587047
45.599999999999994,30.4,1.8010000000000004,1.4139648,49.99228630879977,1143.3051494256824
45.599999999999994,30.4,2.0,1.4139648,56.32079428345139,1280.9771815926597
45.599999999999994,38.0,0.01,1.4139648,0.40863269480396175,64.64926676827275
45.599999999999994,38.0,0.20900000000000002,1.4139648,8.5404233214028,241.55038551607205
45.599999999999994,38.0,0.40800000000000003,1.4139648,16.672213948001637,418.45150426387136
45.599999999999994,38.0,0.607,1.4139648,24.804004574600476,595.3526230116706
45.599999999999994,38.0,0.806,1.4139648,32.93579520119932,772.25374175947
45.599999999999994,38.0,1.0050000000000001,1.4139648,40.86326948039617,944.7101087799375
45.599999999999994,38.0,1.2040000000000002,1.4139648,51.37565974152237,1173.399420064444
45.599999999999994,38.0,1.4030000000000002,1.4139648,61.63039337860134,1396.4836011704083
45.599999999999994,38.0,1.6020000000000003,1.4139648,71.88512701568033,1619.567782276373
45.599999999999994,38.0,1.8010000000000004,1.4139648,82.1398606527593,1842.6519633823375
45.599999999999994,38.0,2.0,1.4139648,92.39459428983825,2065.7361444883018
45.599999999999994,45.599999999999994,0.01,1.4139648,0.620266236679654,69.25319867472271
45.599999999999994,45.599999999999994,0.20900000000000002,1.4139648,12.96356434660477,337.77256236087646
45.599999999999994,45.599999999999994,0.40800000000000003,1.4139648,25.30686245652988,606.2919260470301
45.599999999999994,45.599999999999994,0.607,1.4139648,37.65016056645499,874.8112897331838
45.599999999999994,45.599999999999994,0.806,1.4139648,49.993458676380115,1143.3306534193375
45.599999999999994,45.599999999999994,1.0050000000000001,1.4139648,62.026623667965396,1405.1032994249347
45.599999999999994,45.599999999999994,1.2040000000000002,1.4139648,77.61720368321687,1744.2648904284908
45.599999999999994,45.599999999999994,1.4030000000000002,1.4139648,92.825661639271,2075.1136973388225
45.599999999999994,45.599999999999994,1.6020000000000003,1.4139648,108.03411959532512,2405.9625042491543
45.599999999999994,45.599999999999994,1.8010000000000004,1.4139648,123.24257755137924,2736.8113111594857
45.599999999999994,45.599999999999994,2.0,1.4139648,138.45103550743335,3067.6601180698167
45.599999999999994,53.199999999999996,0.01,1.4139648,0.8827111875586752,74.96249537849536
45.599999999999994,53.199999999999996,0.20900000000000002,1.4139648,18.44866381997631,457.09686346972484
45.599999999999994,53.199999999999996,0.40800000000000003,1.4139648,36.01461645239395,839.2312315609544
45.599999999999994,53.199999999999996,0.607,1.4139648,53.58056908481158,1221.3655996521836
45.599999999999994,53.199999999999996,0.806,1.4139648,71.14652171722922,1603.4999677434132
45.599999999999994,53.199999999999996,1.0050000000000001,1.4139648,88.27111875586752,1976.0329698021997
45.599999999999994,53.199999999999996,1.2040000000000002,1.4139648,110.02286383089474,2449.2261710514867
45.599999999999994,53.199999999999996,1.4030000000000002,1.4139648,131.24147789918106,2910.821499721133
45.599999999999994,53.199999999999996,1.6020000000000003,1.4139648,152.46009196746746,3372.416828390781
45.599999999999994,53.199999999999996,1.8010000000000004,1.4139648,173.67870603575378,3834.012157060428
45.599999999999994,53.199999999999996,2.0,1.4139648,194.8973201040401,4295.607485730075
45.599999999999994,60.8,0.01,1.4139648,1.1982890221431697,81.82765885274907
45.599999999999994,60.8,0.20900000000000002,1.4139648,25.04424056279225,600.5787800816274
45.599999999999994,60.8,0.40800000000000003,1.4139648,48.89019210344132,1119.3299013105056
45.599999999999994,60.8,0.607,1.4139648,72.73614364409039,1638.0810225393836
45.599999999999994,60.8,0.806,1.4139648,96.58209518473949,2156.8321437682625
45.599999999999994,60.8,1.0050000000000001,1.4139648,119.82890221431697,2662.5493172275706
45.599999999999994,60.8,1.2040000000000002,1.4139648,148.85020739761444,3293.8864470417334
45.599999999999994,60.8,1.4030000000000002,1.4139648,177.16020608132123,3909.749627595745
45.599999999999994,60.8,1.6020000000000003,1.4139648,205.47020476502803,4525.612808149756
45.599999999999994,60.8,1.8010000000000004,1.4139648,233.78020344873485,5141.475988703768
45.599999999999994,60.8,2.0,1.4139648,262.0902021324416,5757.339169257779
45.599999999999994,68.39999999999999,0.01,1.4139648,1.5690947177506167,89.89426378677811
45.599999999999994,68.39999999999999,0.20900000000000002,1.4139648,32.79407960098789,769.1708232028343
45.599999999999994,68.39999999999999,0.40800000000000003,1.4139648,64.01906448422515,1448.4473826188903
45.599999999999994,68.39999999999999,0.607,1.4139648,95.24404936746241,2127.723942034946
45.599999999999994,68.39999999999999,0.806,1.4139648,126.46903425069969,2807.0005014510025
45.599999999999994,68.39999999999999,1.0050000000000001,1.4139648,156.90947177506166,3469.209810630474
45.599999999999994,68.39999999999999,1.2040000000000002,1.4139648,194.3310023100134,4283.287659023959
45.599999999999994,68.39999999999999,1.4030000000000002,1.4139648,230.83533846910848,5077.412618976428
45.599999999999994,68.39999999999999,1.6020000000000003,1.4139648,267.33967462820357,5871.537578928897
45.599999999999994,68.39999999999999,1.8010000000000004,1.4139648,303.8440107872986,6665.662538881365
45.599999999999994,68.39999999999999,2.0,1.4139648,340.34834694639363,7459.787498833832
53.199999999999996,0.0,0.01,1.9245631999999997,0.0,66.86745562130176
53.199999999999996,0.0,0.20900000000000002,1.9245631999999997,0.0,66.86745562130176
53.199999999999996,0.0,0.40800000000000003,1.9245631999999997,0.0,66.86745562130176
53.199999999999996,0.0,0.607,1.9245631999999997,0.0,66.86745562130176
53.199999999999996,0.0,0.806,1.9245631999999997,0.0,66.86745562130176
53.199999999999996,0.0,1.0050000000000001,1.9245631999999997,0.0,66.86745562130176
53.199999999999996,0.0,1.2040000000000002,1.9245631999999997,0.0,66.86745562130176
53.199999999999996,0.0,1.4030000000000002,1.9245631999999997,0.0,66.86745562130176
53.199999999999996,0.0,1.6020000000000003,1.9245631999999997,0.0,66.86745562130176
53.199999999999996,0.0,1.8010000000000004,1.9245631999999997,0.0,66.86745562130176
53.199999999999996,0.0,2.0,1.9245631999999997,0.0,66.86745562130176
53.199999999999996,7.6,0.01,1.9245631999999997,0.010265927837826854,67.09078332400424
53.199999999999996,7.6,0.20900000000000002,1.9245631999999997,0.21455789181058127,71.53500460778325
53.199999999999996,7.6,0.40800000000000003,1.9245631999999997,0.4188498557833357,75.9792258915623
53.199999999999996,7.6,0.607,1.9245631999999997,0.6231418197560901,80.42344717534132
53.199999999999996,7.6,0.806,1.9245631999999997,0.8274337837288446,84.86766845912034
53.199999999999996,7.6,1.0050000000000001,1.9245631999999997,1.0265927837826856,89.20022589154814
53.199999999999996,7.6,1.2040000000000002,1.9245631999999997,1.3477283497396393,96.18629372040634
53.199999999999996,7.6,1.4030000000000002,1.9245631999999997,1.6609929459427462,103.00113439659646
53.199999999999996,7.6,1.6020000000000003,1.9245631999999997,1.974257542145853,109.81597507278656
53.199999999999996,7.6,1.8010000000000004,1.9245631999999997,2.28752213834896,116.63081574897666
53.199999999999996,7.6,2.0,1.9245631999999997,2.6007867345520657,123.44565642516673
53.199999999999996,15.2,0.01,1.9245631999999997,0.05017098932391422,67.95888855995287
53.199999999999996,15.2,0.20900000000000002,1.9245631999999997,1.0485736768698073,89.67840403910995
53.199999999999996,15.2,0.40800000000000003,1.9245631999999997,2.0469763644157,111.39791951826705
53.199999999999996,15.2,0.607,1.9245631999999997,3.0453790519615933,133.11743499742414
53.199999999999996,15.2,0.806,1.9245631999999997,4.043781739507486,154.83695047658122
53.199999999999996,15.2,1.0050000000000001,1.9245631999999997,5.017098932391422,176.01074948641275
53.199999999999996,15.2,1.2040000000000002,1.9245631999999997,6.46258706426818,207.45627967864993
53.199999999999996,15.2,1.4030000000000002,1.9245631999999997,7.872646565461684,238.1310860916656
53.199999999999996,15.2,1.6020000000000003,1.9245631999999997,9.282706066655187,268.80589250468125
53.199999999999996,15.2,1.8010000000000004,1.9245631999999997,10.692765567848692,299.4806989176969
53.199999999999996,15.2,2.0,1.9245631999999997,12.102825069042193,330.15550533071246
53.199999999999996,22.799999999999997,0.01,1.9245631999999997,0.12691813559591522,69.62846622859195
53.199999999999996,22.799999999999997,0.20900000000000002,1.9245631999999997,2.6525890339546287,124.57257731366663
53.199999999999996,22.799999999999997,0.40800000000000003,1.9245631999999997,5.178259932313342,179.5166883987413
53.199999999999996,22.799999999999997,0.607,1.9245631999999997,7.703930830672054,234.46079948381595
53.199999999999996,22.799999999999997,0.806,1.9245631999999997,10.229601729030769,289.4049105688907
53.199999999999996,22.799999999999997,1.0050000000000001,1.9245631999999997,12.691813559591523,342.9685163503203
53.199999999999996,22.799999999999997,1.2040000000000002,1.9245631999999997,16.17206403590457,418.6788034263959
53.199999999999996,22.799999999999997,1.4030000000000002,1.9245631999999997,19.567014255445237,492.53344621139127
53.199999999999996,22.799999999999997,1.6020000000000003,1.9245631999999997,22.9619644749859,566.3880889963866
53.199999999999996,22.799999999999997,1.8010000000000004,1.9245631999999997,26.356914694526566,640.242731781382
53.199999999999996,22.799999999999997,2.0,1.9245631999999997,29.751864914067223,714.0973745663771
53.199999999999996,30.4,0.01,1.9245631999999997,0.2451924667213668,72.20143723288736
53.199999999999996,30.4,0.20900000000000002,1.9245631999999997,5.124522554476567,178.34767130344076
53.199999999999996,30.4,0.40800000000000003,1.9245631999999997,10.003852642231767,284.4939053739942
53.199999999999996,30.4,0.607,1.9245631999999997,14.883182729986963,390.6401394445475
53.199999999999996,30.4,0.806,1.9245631999999997,19.762512817742167,496.786373515101
53.199999999999996,30.4,1.0050000000000001,1.9245631999999997,24.51924667213668,600.2656167798616
53.199999999999996,30.4,1.2040000000000002,1.9245631999999997,31.006762384844887,741.3967452324417
53.199999999999996,30.4,1.4030000000000002,1.9245631999999997,37.33527035949651,879.0687773994193
53.199999999999996,30.4,1.6020000000000003,1.9245631999999997,43.66377833414814,1016.7408095663969
53.199999999999996,30.4,1.8010000000000004,1.9245631999999997,49.99228630879977,1154.4128417333745
53.199999999999996,30.4,2.0,1.9245631999999997,56.32079428345139,1292.084873900352
53.199999999999996,38.0,0.01,1.9245631999999997,0.40863269480396175,75.75695907596506
53.199999999999996,38.0,0.20900000000000002,1.9245631999999997,8.5404233214028,252.65807782376433
53.199999999999996,38.0,0.40800000000000003,1.9245631999999997,16.672213948001637,429.55919657156363
53.199999999999996,38.0,0.607,1.9245631999999997,24.804004574600476,606.460315319363
53.199999999999996,38.0,0.806,1.9245631999999997,32.93579520119932,783.3614340671622
53.199999999999996,38.0,1.0050000000000001,1.9245631999999997,40.86326948039617,955.8178010876297
53.199999999999996,38.0,1.2040000000000002,1.9245631999999997,51.37565974152237,1184.5071123721361
53.199999999999996,38.0,1.4030000000000002,1.9245631999999997,61.63039337860134,1407.5912934781006
53.199999999999996,38.0,1.6020000000000003,1.9245631999999997,71.88512701568033,1630.6754745840653
53.199999999999996,38.0,1.8010000000000004,1.9245631999999997,82.1398606527593,1853.7596556900298
53.199999999999996,38.0,2.0,1.9245631999999997,92.39459428983825,2076.843836795994
53.199999999999996,45.599999999999994,0.01,1.9245631999999997,0.620266236679654,80.36089098241501
53.199999999999996,45.599999999999994,0.20900000000000002,1.9245631999999997,12.96356434660477,348.88025466856874
53.199999999999996,45.599999999999994,0.40800000000000003,1.9245631999999997,25.30686245652988,617.3996183547224
53.199999999999996,45.599999999999994,0.607,1.9245631999999997,37.65016056645499,885.918982040876
53.199999999999996,45.599999999999994,0.806,1.9245631999999997,49.993458676380115,1154.4383457270299
53.199999999999996,45.599999999999994,1.0050000000000001,1.9245631999999997,62.026623667965396,1416.2109917326268
53.199999999999996,45.599999999999994,1.2040000000000002,1.9245631999999997,77.61720368321687,1755.3725827361832
53.199999999999996,45.599999999999994,1.4030000000000002,1.9245631999999997,92.825661639271,2086.221389646515
53.199999999999996,45.599999999999994,1.6020000000000003,1.9245631999999997,108.03411959532512,2417.0701965568464
53.199999999999996,45.599999999999994,1.8010000000000004,1.9245631999999997,123.24257755137924,2747.919003467178
53.199999999999996,45.599999999999994,2.0,1.9245631999999997,138.45103550743335,3078.7678103775092
53.199999999999996,53.199999999999996,0.01,1.9245631999999997,0.8827111875586752,86.07018768618767
53.199999999999996,53.199999999999996,0.20900000000000002,1.9245631999999997,18.44866381997631,468.2045557774171
53.199999999999996,53.199999999999996,0.40800000000000003,1.9245631999999997,36.01461645239395,850.3389238686466
53.199999999999996,53.199999999999996,0.607,1.9245631999999997,53.58056908481158,1232.4732919598757
53.199999999999996,53.199999999999996,0.806,1.9245631999999997,71.14652171722922,1614.6076600511055
53.199999999999996,53.199999999999996,1.0050000000000001,1.9245631999999997,88.27111875586752,1987.140662109892
53.199999999999996,53.199999999999996,1.2040000000000002,1.9245631999999997,110.02286383089474,2460.333863359179
53.199999999999996,53.199999999999996,1.4030000000000002,1.9245631999999997,131.24147789918106,2921.929192028826
53.199999999999996,53.199999999999996,1.6020000000000003,1.9245631999999997,152.46009196746746,3383.5245206984737
53.199999999999996,53.199999999999996,1.8010000000000004,1.9245631999999997,173.67870603575378,3845.1198493681204
53.199999999999996,53.199999999999996,2.0,1.9245631999999997,194.8973201040401,4306.715178037767
53.199999999999996,60.8,0.01,1.9245631999999997,1.1982890221431697,92.93535116044137
53.199999999999996,60.8,0.20900000000000002,1.9245631999999997,25.04424056279225,611.6864723893196
53.199999999999996,60.8,0.40800000000000003,1.9245631999999997,48.89019210344132,1130.4375936181978
53.199999999999996,60.8,0.607,1.9245631999999997,72.73614364409039,1649.188714847076
53.199999999999996,60.8,0.806,1.9245631999999997,96.58209518473949,2167.9398360759546
53.199999999999996,60.8,1.0050000000000001,1.9245631999999997,119.82890221431697,2673.657009535263
53.199999999999996,60.8,1.2040000000000002,1.9245631999999997,148.85020739761444,3304.9941393494264
53.199999999999996,60.8,1.4030000000000002,1.9245631999999997,177.16020608132123,3920.8573199034377
53.199999999999996,60.8,1.6020000000000003,1.9245631999999997,205.47020476502803,4536.720500457449
53.199999999999996,60.8,1.8010000000000004,1.9245631999999997,233.78020344873485,5152.5836810114615
53.199999999999996,60.8,2.0,1.9245631999999997,262.0902021324416,5768.446861565471
53.199999999999996,68.39999999999999,0.01,1.9245631999999997,1.5690947177506167,101.00195609447042
53.199999999999996,68.39999999999999,0.20900000000000002,1.9245631999999997,32.79407960098789,780.2785155105265
53.199999999999996,68.39999999999999,0.40800000000000003,1.9245631999999997,64.01906448422515,1459.5550749265826
53.199999999999996,68.39999999999999,0.607,1.9245631999999997,95.24404936746241,2138.8316343426386
53.199999999999996,68.39999999999999,0.806,1.9245631999999997,126.46903425069969,2818.108193758695
53.199999999999996,68.39999999999999,1.0050000000000001,1.9245631999999997,156.90947177506166,3480.317502938167
53.199999999999996,68.39999999999999,1.2040000000000002,1.9245631999999997,194.3310023100134,4294.395351331652
53.199999999999996,68.39999999999999,1.4030000000000002,1.9245631999999997,230.83533846910848,5088.520311284121
53.199999999999996,68.39999999999999,1.6020000000000003,1.9245631999999997,267.33967462820357,5882.645271236589
53.199999999999996,68.39999999999999,1.8010000000000004,1.9245631999999997,303.8440107872986,6676.770231189057
53.199999999999996,68.39999999999999,2.0,1.9245631999999997,340.34834694639363,7470.895191141523
60.8,0.0,0.01,2.5137152,0.0,79.68402366863904
60.8,0.0,0.20900000000000002,2.5137152,0.0,79.68402366863904
60.8,0.0,0.40800000000000003,2.5137152,0.0,79.68402366863904
60.8,0.0,0.607,2.5137152,0.0,79.68402366863904
60.8,0.0,0.806,2.5137152,0.0,79.68402366863904
60.8,0.0,1.0050000000000001,2.5137152,0.0,79.68402366863904
60.8,0.0,1.2040000000000002,2.5137152,0.0,79.68402366863904
60.8,0.0,1.4030000000000002,2.5137152,0.0,79.68402366863904
60.8,0.0,1.6020000000000003,2.5137152,0.0,79.68402366863904
60.8,0.0,1.8010000000000004,2.5137152,0.0,79.68402366863904
60.8,0.0,2.0,2.5137152,0.0,79.68402366863904
60.8,7.6,0.01,2.5137152,0.010265927837826854,79.90735137134152
60.8,7.6,0.20900000000000002,2.5137152,0.21455789181058127,84.35157265512055
60.8,7.6,0.40800000000000003,2.5137152,0.4188498557833357,88.79579393889958
60.8,7.6,0.607,2.5137152,0.6231418197560901,93.24001522267861
60.8,7.6,0.806,2.5137152,0.8274337837288446,97.68423650645762
60.8,7.6,1.0050000000000001,2.5137152,1.0265927837826856,102.01679393888543
60.8,7.6,1.2040000000000002,2.5137152,1.3477283497396393,109.00286176774362
60.8,7.6,1.4030000000000002,2.5137152,1.6609929459427462,115.81770244393374
60.8,7.6,1.6020000000000003,2.5137152,1.974257542145853,122.63254312012384
60.8,7.6,1.8010000000000004,2.5137152,2.28752213834896,129.44738379631394
60.8,7.6,2.0,2.5137152,2.6007867345520657,136.26222447250404
60.8,15.2,0.01,2.5137152,0.05017098932391422,80.77545660729015
60.8,15.2,0.20900000000000002,2.5137152,1.0485736768698073,102.49497208644725
60.8,15.2,0.40800000000000003,2.5137152,2.0469763644157,124.21448756560434
60.8,15.2,0.607,2.5137152,3.0453790519615933,145.93400304476143
60.8,15.2,0.806,2.5137152,4.043781739507486,167.6535185239185
60.8,15.2,1.0050000000000001,2.5137152,5.017098932391422,188.82731753375003
60.8,15.2,1.2040000000000002,2.5137152,6.46258706426818,220.27284772598722
60.8,15.2,1.4030000000000002,2.5137152,7.872646565461684,250.94765413900288
60.8,15.2,1.6020000000000003,2.5137152,9.282706066655187,281.62246055201854
60.8,15.2,1.8010000000000004,2.5137152,10.692765567848692,312.29726696503417
60.8,15.2,2.0,2.5137152,12.102825069042193,342.9720733780498
60.8,22.799999999999997,0.01,2.5137152,0.12691813559591522,82.44503427592923
60.8,22.799999999999997,0.20900000000000002,2.5137152,2.6525890339546287,137.3891453610039
60.8,22.799999999999997,0.40800000000000003,2.5137152,5.178259932313342,192.33325644607862
60.8,22.799999999999997,0.607,2.5137152,7.703930830672054,247.2773675311533
60.8,22.799999999999997,0.806,2.5137152,10.229601729030769,302.22147861622796
60.8,22.799999999999997,1.0050000000000001,2.5137152,12.691813559591523,355.78508439765756
60.8,22.799999999999997,1.2040000000000002,2.5137152,16.17206403590457,431.49537147373314
60.8,22.799999999999997,1.4030000000000002,2.5137152,19.567014255445237,505.35001425872855
60.8,22.799999999999997,1.6020000000000003,2.5137152,22.9619644749859,579.2046570437238
60.8,22.799999999999997,1.8010000000000004,2.5137152,26.356914694526566,653.0592998287192
60.8,22.799999999999997,2.0,2.5137152,29.751864914067223,726.9139426137143
60.8,30.4,0.01,2.5137152,0.2451924667213668,85.01800528022464
60.8,30.4,0.20900000000000002,2.5137152,5.124522554476567,191.16423935077805
60.8,30.4,0.40800000000000003,2.5137152,10.003852642231767,297.3104734213315
60.8,30.4,0.607,2.5137152,14.883182729986963,403.45670749188486
60.8,30.4,0.806,2.5137152,19.762512817742167,509.6029415624383
60.8,30.4,1.0050000000000001,2.5137152,24.51924667213668,613.0821848271988
60.8,30.4,1.2040000000000002,2.5137152,31.006762384844887,754.213313279779
60.8,30.4,1.4030000000000002,2.5137152,37.33527035949651,891.8853454467567
60.8,30.4,1.6020000000000003,2.5137152,43.66377833414814,1029.5573776137344
60.8,30.4,1.8010000000000004,2.5137152,49.99228630879977,1167.2294097807119
60.8,30.4,2.0,2.5137152,56.32079428345139,1304.9014419476894
60.8,38.0,0.01,2.5137152,0.40863269480396175,88.57352712330234
60.8,38.0,0.20900000000000002,2.5137152,8.5404233214028,265.47464587110164
60.8,38.0,0.40800000000000003,2.5137152,16.672213948001637,442.37576461890086
60.8,38.0,0.607,2.5137152,24.804004574600476,619.2768833667002
60.8,38.0,0.806,2.5137152,32.93579520119932,796.1780021144996
60.8,38.0,1.0050000000000001,2.5137152,40.86326948039617,968.6343691349671
60.8,38.0,1.2040000000000002,2.5137152,51.37565974152237,1197.3236804194735
60.8,38.0,1.4030000000000002,2.5137152,61.63039337860134,1420.407861525438
60.8,38.0,1.6020000000000003,2.5137152,71.88512701568033,1643.4920426314027
60.8,38.0,1.8010000000000004,2.5137152,82.1398606527593,1866.5762237373672
60.8,38.0,2.0,2.5137152,92.39459428983825,2089.660404843331
60.8,45.599999999999994,0.01,2.5137152,0.620266236679654,93.1774590297523
60.8,45.599999999999994,0.20900000000000002,2.5137152,12.96356434660477,361.696822715906
60.8,45.599999999999994,0.40800000000000003,2.5137152,25.30686245652988,630.2161864020596
60.8,45.599999999999994,0.607,2.5137152,37.65016056645499,898.7355500882132
60.8,45.599999999999994,0.806,2.5137152,49.993458676380115,1167.2549137743672
60.8,45.599999999999994,1.0050000000000001,2.5137152,62.026623667965396,1429.0275597799641
60.8,45.599999999999994,1.2040000000000002,2.5137152,77.61720368321687,1768.1891507835205
60.8,45.599999999999994,1.4030000000000002,2.5137152,92.825661639271,2099.037957693852
60.8,45.599999999999994,1.6020000000000003,2.5137152,108.03411959532512,2429.886764604184
60.8,45.599999999999994,1.8010000000000004,2.5137152,123.24257755137924,2760.7355715145154
60.8,45.599999999999994,2.0,2.5137152,138.45103550743335,3091.5843784248464
60.8,53.199999999999996,0.01,2.5137152,0.8827111875586752,98.88675573352495
60.8,53.199999999999996,0.20900000000000002,2.5137152,18.44866381997631,481.02112382475434
60.8,53.199999999999996,0.40800000000000003,2.5137152,36.01461645239395,863.1554919159839
60.8,53.199999999999996,0.607,2.5137152,53.58056908481158,1245.289860007213
60.8,53.199999999999996,0.806,2.5137152,71.14652171722922,1627.4242280984429
60.8,53.199999999999996,1.0050000000000001,2.5137152,88.27111875586752,1999.9572301572293
60.8,53.199999999999996,1.2040000000000002,2.5137152,110.02286383089474,2473.1504314065164
60.8,53.199999999999996,1.4030000000000002,2.5137152,131.24147789918106,2934.745760076163
60.8,53.199999999999996,1.6020000000000003,2.5137152,152.46009196746746,3396.3410887458112
60.8,53.199999999999996,1.8010000000000004,2.5137152,173.67870603575378,3857.9364174154575
60.8,53.199999999999996,2.0,2.5137152,194.8973201040401,4319.531746085105
60.8,60.8,0.01,2.5137152,1.1982890221431697,105.75191920777866
60.8,60.8,0.20900000000000002,2.5137152,25.04424056279225,624.5030404366569
60.8,60.8,0.40800000000000003,2.5137152,48.89019210344132,1143.254161665535
60.8,60.8,0.607,2.5137152,72.73614364409039,1662.0052828944133
60.8,60.8,0.806,2.5137152,96.58209518473949,2180.756404123292
60.8,60.8,1.0050000000000001,2.5137152,119.82890221431697,2686.4735775826002
60.8,60.8,1.2040000000000002,2.5137152,148.85020739761444,3317.8107073967635
60.8,60.8,1.4030000000000002,2.5137152,177.16020608132123,3933.6738879507748
60.8,60.8,1.6020000000000003,2.5137152,205.47020476502803,4549.5370685047865
60.8,60.8,1.8010000000000004,2.5137152,233.78020344873485,5165.400249058798
60.8,60.8,2.0,2.5137152,262.0902021324416,5781.263429612809
60.8,68.39999999999999,0.01,2.5137152,1.5690947177506167,113.8185241418077
60.8,68.39999999999999,0.20900000000000002,2.5137152,32.79407960098789,793.0950835578639
60.8,68.39999999999999,0.40800000000000003,2.5137152,64.01906448422515,1472.37164297392
60.8,68.39999999999999,0.607,2.5137152,95.24404936746241,2151.6482023899757
60.8,68.39999999999999,0.806,2.5137152,126.46903425069969,2830.924761806032
60.8,68.39999999999999,1.0050000000000001,2.5137152,156.90947177506166,3493.134070985504
60.8,68.39999999999999,1.2040000000000002,2.5137152,194.3310023100134,4307.2119193789895
60.8,68.39999999999999,1.4030000000000002,2.5137152,230.83533846910848,5101.3368793314585
60.8,68.39999999999999,1.6020000000000003,2.5137152,267.33967462820357,5895.461839283926
60.8,68.39999999999999,1.8010000000000004,2.5137152,303.8440107872986,6689.586799236394
60.8,68.39999999999999,2.0,2.5137152,340.34834694639363,7483.711759188861
68.39999999999999,0.0,0.01,3.1814207999999993,0.0,94.20946745562128
68.39999999999999,0.0,0.20900000000000002,3.1814207999999993,0.0,94.20946745562128
68.39999999999999,0.0,0.40800000000000003,3.1814207999999993,0.0,94.20946745562128
68.39999999999999,0.0,0.607,3.1814207999999993,0.0,94.20946745562128
68.39999999999999,0.0,0.806,3.1814207999999993,0.0,94.20946745562128
68.39999999999999,0.0,1.0050000000000001,3.1814207999999993,0.0,94.20946745562128
68.39999999999999,0.0,1.2040000000000002,3.1814207999999993,0.0,94.20946745562128
68.39999999999999,0.0,1.4030000000000002,3.1814207999999993,0.0,94.20946745562128
68.39999999999999,0.0,1.6020000000000003,3.1814207999999993,0.0,94.20946745562128
68.39999999999999,0.0,1.8010000000000004,3.1814207999999993,0.0,94.20946745562128
68.39999999999999,0.0,2.0,3.1814207999999993,0.0,94.20946745562128
68.39999999999999,7.6,0.01,3.1814207999999993,0.010265927837826854,94.43279515832374
68.39999999999999,7.6,0.20900000000000002,3.1814207999999993,0.21455789181058127,98.87701644210277
68.39999999999999,7.6,0.40800000000000003,3.1814207999999993,0.4188498557833357,103.32123772588182
68.39999999999999,7.6,0.607,3.1814207999999993,0.6231418197560901,107.76545900966083
68.39999999999999,7.6,0.806,3.1814207999999993,0.8274337837288446,112.20968029343986
68.39999999999999,7.6,1.0050000000000001,3.1814207999999993,1.0265927837826856,116.54223772586765
68.39999999999999,7.6,1.2040000000000002,3.1814207999999993,1.3477283497396393,123.52830555472585
68.39999999999999,7.6,1.4030000000000002,3.1814207999999993,1.6609929459427462,130.34314623091598
68.39999999999999,7.6,1.6020000000000003,3.1814207999999993,1.974257542145853,137.15798690710608
68.39999999999999,7.6,1.8010000000000004,3.1814207999999993,2.28752213834896,143.97282758329618
68.39999999999999,7.6,2.0,3.1814207999999993,2.6007867345520657,150.78766825948628
68.39999999999999,15.2,0.01,3.1814207999999993,0.05017098932391422,95.30090039427239
68.39999999999999,15.2,0.20900000000000002,3.1814207999999993,1.0485736768698073,117.02041587342949
68.39999999999999,15.2,0.40800000000000003,3.1814207999999993,2.0469763644157,138.73993135258655
68.39999999999999,15.2,0.607,3.1814207999999993,3.0453790519615933,160.45944683174363
68.39999999999999,15.2,0.806,3.1814207999999993,4.043781739507486,182.17896231090072
68.39999999999999,15.2,1.0050000000000001,3.1814207999999993,5.017098932391422,203.35276132073227
68.39999999999999,15.2,1.2040000000000002,3.1814207999999993,6.46258706426818,234.79829151296946
68.39999999999999,15.2,1.4030000000000002,3.1814207999999993,7.872646565461684,265.4730979259851
68.39999999999999,15.2,1.6020000000000003,3.1814207999999993,9.282706066655187,296.1479043390008
68.39999999999999,15.2,1.8010000000000004,3.1814207999999993,10.692765567848692,326.8227107520164
68.39999999999999,15.2,2.0,3.1814207999999993,12.102825069042193,357.49751716503204
68.39999999999999,22.799999999999997,0.01,3.1814207999999993,0.12691813559591522,96.97047806291147
68.39999999999999,22.799999999999997,0.20900000000000002,3.1814207999999993,2.6525890339546287,151.91458914798613
68.39999999999999,22.799999999999997,0.40800000000000003,3.1814207999999993,5.178259932313342,206.85870023306086
68.39999999999999,22.799999999999997,0.607,3.1814207999999993,7.703930830672054,261.80281131813547
68.39999999999999,22.799999999999997,0.806,3.1814207999999993,10.229601729030769,316.7469224032102
68.39999999999999,22.799999999999997,1.0050000000000001,3.1814207999999993,12.691813559591523,370.3105281846398
68.39999999999999,22.799999999999997,1.2040000000000002,3.1814207999999993,16.17206403590457,446.02081526071544
68.39999999999999,22.799999999999997,1.4030000000000002,3.1814207999999993,19.567014255445237,519.8754580457107
68.39999999999999,22.799999999999997,1.6020000000000003,3.1814207999999993,22.9619644749859,593.7301008307061
68.39999999999999,22.799999999999997,1.8010000000000004,3.1814207999999993,26.356914694526566,667.5847436157014
68.39999999999999,22.799999999999997,2.0,3.1814207999999993,29.751864914067223,741.4393864006965
68.39999999999999,30.4,0.01,3.1814207999999993,0.2451924667213668,99.54344906720688
68.39999999999999,30.4,0.20900000000000002,3.1814207999999993,5.124522554476567,205.68968313776028
68.39999999999999,30.4,0.40800000000000003,3.1814207999999993,10.003852642231767,311.83591720831373
68.39999999999999,30.4,0.607,3.1814207999999993,14.883182729986963,417.98215127886704
68.39999999999999,30.4,0.806,3.1814207999999993,19.762512817742167,524.1283853494206
68.39999999999999,30.4,1.0050000000000001,3.1814207999999993,24.51924667213668,627.6076286141811
68.39999999999999,30.4,1.2040000000000002,3.1814207999999993,31.006762384844887,768.7387570667613
68.39999999999999,30.4,1.4030000000000002,3.1814207999999993,37.33527035949651,906.4107892337389
68.39999999999999,30.4,1.6020000000000003,3.1814207999999993,43.66377833414814,1044.0828214007165
68.39999999999999,30.4,1.8010000000000004,3.1814207999999993,49.99228630879977,1181.7548535676942
68.39999999999999,30.4,2.0,3.1814207999999993,56.32079428345139,1319.4268857346715
68.39999999999999,38.0,0.01,3.1814207999999993,0.40863269480396175,103.09897091028456
68.39999999999999,38.0,0.20900000000000002,3.1814207999999993,8.5404233214028,280.0000896580839
68.39999999999999,38.0,0.40800000000000003,3.1814207999999993,16.672213948001637,456.90120840588315
68.39999999999999,38.0,0.607,3.1814207999999993,24.804004574600476,633.8023271536824
68.39999999999999,38.0,0.806,3.1814207999999993,32.93579520119932,810.7034459014818
68.39999999999999,38.0,1.0050000000000001,3.1814207999999993,40.86326948039617,983.1598129219493
68.39999999999999,38.0,1.2040000000000002,3.1814207999999993,51.37565974152237,1211.8491242064558
68.39999999999999,38.0,1.4030000000000002,3.1814207999999993,61.63039337860134,1434.93330531242
68.39999999999999,38.0,1.6020000000000003,3.1814207999999993,71.88512701568033,1658.0174864183848
68.39999999999999,38.0,1.8010000000000004,3.1814207999999993,82.1398606527593,1881.101667524349
68.39999999999999,38.0,2.0,3.1814207999999993,92.39459428983825,2104.185848630313
68.39999999999999,45.599999999999994,0.01,3.1814207999999993,0.620266236679654,107.70290281673454
68.39999999999999,45.599999999999994,0.20900000000000002,3.1814207999999993,12.96356434660477,376.22226650288826
68.39999999999999,45.599999999999994,0.40800000000000003,3.1814207999999993,25.30686245652988,644.7416301890419
68.39999999999999,45.599999999999994,0.607,3.1814207999999993,37.65016056645499,913.2609938751956
68.39999999999999,45.599999999999994,0.806,3.1814207999999993,49.993458676380115,1181.7803575613493
68.39999999999999,45.599999999999994,1.0050000000000001,3.1814207999999993,62.026623667965396,1443.5530035669465
68.39999999999999,45.599999999999994,1.2040000000000002,3.1814207999999993,77.61720368321687,1782.7145945705024
68.39999999999999,45.599999999999994,1.4030000000000002,3.1814207999999993,92.825661639271,2113.5634014808343
68.39999999999999,45.599999999999994,1.6020000000000003,3.1814207999999993,108.03411959532512,2444.4122083911657
68.39999999999999,45.599999999999994,1.8010000000000004,3.1814207999999993,123.24257755137924,2775.2610153014975
68.39999999999999,45.599999999999994,2.0,3.1814207999999993,138.45103550743335,3106.1098222118285
68.39999999999999,53.199999999999996,0.01,3.1814207999999993,0.8827111875586752,113.41219952050719
68.39999999999999,53.199999999999996,0.20900000000000002,3.1814207999999993,18.44866381997631,495.54656761173663
68.39999999999999,53.199999999999996,0.40800000000000003,3.1814207999999993,36.01461645239395,877.6809357029662
68.39999999999999,53.199999999999996,0.607,3.1814207999999993,53.58056908481158,1259.8153037941954
68.39999999999999,53.199999999999996,0.806,3.1814207999999993,71.14652171722922,1641.9496718854248
68.39999999999999,53.199999999999996,1.0050000000000001,3.1814207999999993,88.27111875586752,2014.4826739442112
68.39999999999999,53.199999999999996,1.2040000000000002,3.1814207999999993,110.02286383089474,2487.675875193498
68.39999999999999,53.199999999999996,1.4030000000000002,3.1814207999999993,131.24147789918106,2949.2712038631453
68.39999999999999,53.199999999999996,1.6020000000000003,3.1814207999999993,152.46009196746746,3410.866532532793
68.39999999999999,53.199999999999996,1.8010000000000004,3.1814207999999993,173.67870603575378,3872.4618612024396
68.39999999999999,53.199999999999996,2.0,3.1814207999999993,194.8973201040401,4334.057189872086
68.39999999999999,60.8,0.01,3.1814207999999993,1.1982890221431697,120.27736299476089
68.39999999999999,60.8,0.20900000000000002,3.1814207999999993,25.04424056279225,639.0284842236392
68.39999999999999,60.8,0.40800000000000003,3.1814207999999993,48.89019210344132,1157.7796054525174
68.39999999999999,60.8,0.607,3.1814207999999993,72.73614364409039,1676.5307266813952
68.39999999999999,60.8,0.806,3.1814207999999993,96.58209518473949,2195.281847910274
68.39999999999999,60.8,1.0050000000000001,3.1814207999999993,119.82890221431697,2700.9990213695824
68.39999999999999,60.8,1.2040000000000002,3.1814207999999993,148.85020739761444,3332.3361511837456
68.39999999999999,60.8,1.4030000000000002,3.1814207999999993,177.16020608132123,3948.199331737757
68.39999999999999,60.8,1.6020000000000003,3.1814207999999993,205.47020476502803,4564.062512291768
68.39999999999999,60.8,1.8010000000000004,3.1814207999999993,233.78020344873485,5179.925692845781
68.39999999999999,60.8,2.0,3.1814207999999993,262.0902021324416,5795.788873399791
68.39999999999999,68.39999999999999,0.01,3.1814207999999993,1.5690947177506167,128.34396792878994
68.39999999999999,68.39999999999999,0.20900000000000002,3.1814207999999993,32.79407960098789,807.6205273448461
68.39999999999999,68.39999999999999,0.40800000000000003,3.1814207999999993,64.01906448422515,1486.897086760902
68.39999999999999,68.39999999999999,0.607,3.1814207999999993,95.24404936746241,2166.173646176958
68.39999999999999,68.39999999999999,0.806,3.1814207999999993,126.46903425069969,2845.4502055930143
68.39999999999999,68.39999999999999,1.0050000000000001,3.1814207999999993,156.90947177506166,3507.659514772486
68.39999999999999,68.39999999999999,1.2040000000000002,3.1814207999999993,194.3310023100134,4321.737363165971
68.39999999999999,68.39999999999999,1.4030000000000002,3.1814207999999993,230.83533846910848,5115.86232311844
68.39999999999999,68.39999999999999,1.6020000000000003,3.1814207999999993,267.33967462820357,5909.987283070909
68.39999999999999,68.39999999999999,1.8010000000000004,3.1814207999999993,303.8440107872986,6704.112243023377
68.39999999999999,68.39999999999999,2.0,3.1814207999999993,340.34834694639363,7498.237202975844
