0.0,2.9,0.01,0.0,0.007088792798734016,25.122514600536704
0.0,2.9,0.20900000000000002,0.0,0.14815576949354092,27.560555151217073
0.0,2.9,0.40800000000000003,0.0,0.28922274618834787,29.998595701897447
0.0,2.9,0.607,0.0,0.4541948127309929,32.84978452995799
0.0,2.9,0.806,0.0,0.6397207883016859,36.05620365258838
0.0,2.9,1.0050000000000001,0.0,0.8205853071997483,39.18205948068032
0.0,2.9,1.2040000000000002,0.0,1.107905595388644,44.14777527079895
0.0,2.9,1.4030000000000002,0.0,1.3881837196513411,48.99178234057153
0.0,2.9,1.6020000000000003,0.0,1.6684618439140382,53.835789410344105
0.0,2.9,1.8010000000000004,0.0,1.9487399681767352,58.67979648011668
0.0,2.9,2.0,0.0,2.2290180924394316,63.523803549889244
0.0,5.8,0.01,0.0,0.03635369144939013,25.628295693274033
0.0,5.8,0.20900000000000002,0.0,0.7597921512922537,38.13137998942727
0.0,5.8,0.40800000000000003,0.0,1.4832306111351172,50.63446428558052
0.0,5.8,0.607,0.0,2.3302678955779625,65.2736895372681
0.0,5.8,0.806,0.0,3.283577066592756,81.74959673203197
0.0,5.8,1.0050000000000001,0.0,4.212933745873508,97.81153640933945
0.0,5.8,1.2040000000000002,0.0,5.503171487221943,120.11053229858457
0.0,5.8,1.4030000000000002,0.0,6.761785754517719,141.86298417093644
0.0,5.8,1.6020000000000003,0.0,8.020400021813495,163.6154360432883
0.0,5.8,1.8010000000000004,0.0,9.279014289109274,185.36788791564015
0.0,5.8,2.0,0.0,10.537628556405044,207.12033978799195
0.0,8.7,0.01,0.0,0.09459278026427699,26.634833605209003
0.0,8.7,0.20900000000000002,0.0,1.9769891075233892,59.168022348868135
0.0,8.7,0.40800000000000003,0.0,3.859385434782501,91.70121109252726
0.0,8.7,0.607,0.0,6.064919413993733,129.8191420442464
0.0,8.7,0.806,0.0,8.548291374322678,172.738907417849
0.0,8.7,1.0050000000000001,0.0,10.969267054241348,214.5802867267882
0.0,8.7,1.2040000000000002,0.0,14.064957878664373,268.08267218331537
0.0,8.7,1.4030000000000002,0.0,17.084773927978986,320.27372466296674
0.0,8.7,1.6020000000000003,0.0,20.104589977293603,372.4647771426182
0.0,8.7,1.8010000000000004,0.0,23.124406026608217,424.65582962226955
0.0,8.7,2.0,0.0,26.144222075922826,476.84688210192087
0.0,11.6,0.01,0.0,0.1864338427600089,28.2221096625005
0.0,11.6,0.20900000000000002,0.0,3.896467313684186,92.34209194626044
0.0,11.6,0.40800000000000003,0.0,7.606500784608363,156.46207423002036
0.0,11.6,0.607,0.0,11.955552809268173,231.62612354596155
0.0,11.6,0.806,0.0,16.854041347420306,316.28600619798385
0.0,11.6,1.0050000000000001,0.0,21.629452284111323,398.8187561200558
0.0,11.6,1.2040000000000002,0.0,27.37958583769112,498.1974987848616
0.0,11.6,1.4030000000000002,0.0,32.98878474534984,595.140487952981
0.0,11.6,1.6020000000000003,0.0,38.59798365300856,692.0834771211003
0.0,11.6,1.8010000000000004,0.0,44.20718256066727,789.0264662892195
0.0,11.6,2.0,0.0,49.81638146832598,885.9694554573385
0.0,14.5,0.01,0.0,0.31556297945425643,30.453830217595616
0.0,14.5,0.20900000000000002,0.0,6.59526627059396,138.98505154774838
0.0,14.5,0.40800000000000003,0.0,12.874969561733664,247.51627287790114
0.0,14.5,0.607,0.0,20.239108188134356,374.7896363018547
0.0,14.5,0.806,0.0,28.53565850466599,518.1777387223472
0.0,14.5,1.0050000000000001,0.0,36.62375278309381,657.9631250016213
0.0,14.5,1.2040000000000002,0.0,45.909051884813934,818.4396324422395
0.0,14.5,1.4030000000000002,0.0,54.966770126197765,974.9828921514697
0.0,14.5,1.6020000000000003,0.0,64.02448836758161,1131.5261518607003
0.0,14.5,1.8010000000000004,0.0,73.08220660896544,1288.0694115699305
0.0,14.5,2.0,0.0,82.13992485034926,1444.6126712791606
0.0,17.4,0.01,0.0,0.4851032953991289,33.38397145215982
0.0,17.4,0.20900000000000002,0.0,10.138658873841797,200.22500335014027
0.0,17.4,0.40800000000000003,0.0,19.792214452284462,367.06603524812067
0.0,17.4,0.607,0.0,31.116369499026845,562.7798008155236
0.0,17.4,0.806,0.0,43.87692782692413,783.3187205659813
0.0,17.4,1.0050000000000001,0.0,56.316869111406916,998.3164614282366
0.0,17.4,1.2040000000000002,0.0,70.04184667993188,1235.523302130836
0.0,17.4,1.4030000000000002,0.0,83.43042773942439,1466.9162496789602
0.0,17.4,1.6020000000000003,0.0,96.81900879891688,1698.3091972270843
0.0,17.4,1.8010000000000004,0.0,110.20758985840936,1929.7021447752081
0.0,17.4,2.0,0.0,123.59617091790183,2161.0950923233318
0.0,20.3,0.01,0.0,0.6977945268815409,37.05988383986293
0.0,20.3,0.20900000000000002,0.0,14.583905611824203,277.0515722531352
0.0,20.3,0.40800000000000003,0.0,28.470016696766866,517.0432606664074
0.0,20.3,0.607,0.0,44.763496632086344,798.6411634835042
0.0,20.3,0.806,0.0,63.12686380324384,1116.0126338253851
0.0,20.3,1.0050000000000001,0.0,81.02883983944764,1425.4099466209875
0.0,20.3,1.2040000000000002,0.0,100.11680035481858,1755.304460961801
0.0,20.3,1.4030000000000002,0.0,118.73691870069513,2077.11332544132
0.0,20.3,1.6020000000000003,0.0,137.35703704657166,2398.9221899208387
0.0,20.3,1.8010000000000004,0.0,155.97715539244825,2720.731054400358
0.0,20.3,2.0,0.0,174.59727373832473,3042.539918879876
0.0,23.2,0.01,0.0,0.9560948652120117,41.524051952479255
0.0,23.2,0.20900000000000002,0.0,19.982382682931046,370.35268580681645
0.0,23.2,0.40800000000000003,0.0,39.00867050065008,699.1813196611536
0.0,23.2,0.607,0.0,61.338563468219476,1085.10569276988
0.0,23.2,0.806,0.0,86.50893936837053,1520.1217295365864
0.0,23.2,1.0050000000000001,0.0,111.04689376349265,1944.2077151282497
0.0,23.2,1.2040000000000002,0.0,136.4364955223802,2383.0126013186855
0.0,23.2,1.4030000000000002,0.0,161.2038031205107,2811.0624657887674
0.0,23.2,1.6020000000000003,0.0,185.9711107186412,3239.1123302588485
0.0,23.2,1.8010000000000004,0.0,210.73841831677174,3667.162194728931
0.0,23.2,2.0,0.0,235.50572591490217,4095.2120591990115
0.0,26.099999999999998,0.01,0.0,1.2622451145311757,46.815203290158024
0.0,26.099999999999998,0.20900000000000002,0.0,26.380922893701573,480.9377487643028
0.0,26.099999999999998,0.40800000000000003,0.0,51.49960067287197,915.0602942384477
0.0,26.099999999999998,0.607,0.0,80.98567788197977,1424.6639846317328
0.0,26.099999999999998,0.806,0.0,114.2269022644917,1999.1673510302605
0.0,26.099999999999998,1.0050000000000001,0.0,146.63292000422695,2559.235959479076
0.0,26.099999999999998,1.2040000000000002,0.0,179.27566757804738,3123.3959360749827
0.0,26.099999999999998,1.4030000000000002,0.0,211.1183478093722,3673.728462264127
0.0,26.099999999999998,1.6020000000000003,0.0,242.96102804069702,4224.0609884532705
0.0,26.099999999999998,1.8010000000000004,0.0,274.8037082720218,4774.393514642415
0.0,26.099999999999998,2.0,0.0,306.6463885033466,5324.726040831558
2.9,0.0,0.01,0.036162999999999994,0.0,25.625
2.9,0.0,0.20900000000000002,0.036162999999999994,0.0,25.625
2.9,0.0,0.40800000000000003,0.036162999999999994,0.0,25.625
2.9,0.0,0.607,0.036162999999999994,0.0,25.625
2.9,0.0,0.806,0.036162999999999994,0.0,25.625
2.9,0.0,1.0050000000000001,0.036162999999999994,0.0,25.625
2.9,0.0,1.2040000000000002,0.036162999999999994,0.0,25.625
2.9,0.0,1.4030000000000002,0.036162999999999994,0.0,25.625
2.9,0.0,1.6020000000000003,0.036162999999999994,0.0,25.625
2.9,0.0,1.8010000000000004,0.036162999999999994,0.0,25.625
2.9,0.0,2.0,0.036162999999999994,0.0,25.625
2.9,2.9,0.01,0.036162999999999994,0.007088792798734016,25.747514600536704
2.9,2.9,0.20900000000000002,0.036162999999999994,0.14815576949354092,28.185555151217073
2.9,2.9,0.40800000000000003,0.036162999999999994,0.28922274618834787,30.623595701897447
2.9,2.9,0.607,0.036162999999999994,0.4541948127309929,33.47478452995799
2.9,2.9,0.806,0.036162999999999994,0.6397207883016859,36.68120365258838
2.9,2.9,1.0050000000000001,0.036162999999999994,0.8205853071997483,39.80705948068032
2.9,2.9,1.2040000000000002,0.036162999999999994,1.107905595388644,44.77277527079895
2.9,2.9,1.4030000000000002,0.036162999999999994,1.3881837196513411,49.61678234057153
2.9,2.9,1.6020000000000003,0.036162999999999994,1.6684618439140382,54.460789410344105
2.9,2.9,1.8010000000000004,0.036162999999999994,1.9487399681767352,59.30479648011668
2.9,2.9,2.0,0.036162999999999994,2.2290180924394316,64.14880354988924
2.9,5.8,0.01,0.036162999999999994,0.03635369144939013,26.253295693274033
2.9,5.8,0.20900000000000002,0.036162999999999994,0.7597921512922537,38.75637998942727
2.9,5.8,0.40800000000000003,0.036162999999999994,1.4832306111351172,51.25946428558052
2.9,5.8,0.607,0.036162999999999994,2.3302678955779625,65.8986895372681
2.9,5.8,0.806,0.036162999999999994,3.283577066592756,82.37459673203197
2.9,5.8,1.0050000000000001,0.036162999999999994,4.212933745873508,98.43653640933944
2.9,5.8,1.2040000000000002,0.036162999999999994,5.503171487221943,120.73553229858457
2.9,5.8,1.4030000000000002,0.036162999999999994,6.761785754517719,142.48798417093644
2.9,5.8,1.6020000000000003,0.036162999999999994,8.020400021813495,164.24043604328827
2.9,5.8,1.8010000000000004,0.036162999999999994,9.279014289109274,185.99288791564018
2.9,5.8,2.0,0.036162999999999994,10.537628556405044,207.74533978799195
2.9,8.7,0.01,0.036162999999999994,0.09459278026427699,27.259833605209003
2.9,8.7,0.20900000000000002,0.036162999999999994,1.9769891075233892,59.793022348868135
2.9,8.7,0.40800000000000003,0.036162999999999994,3.859385434782501,92.32621109252726
2.9,8.7,0.607,0.036162999999999994,6.064919413993733,130.4441420442464
2.9,8.7,0.806,0.036162999999999994,8.548291374322678,173.36390741784902
2.9,8.7,1.0050000000000001,0.036162999999999994,10.969267054241348,215.20528672678822
2.9,8.7,1.2040000000000002,0.036162999999999994,14.064957878664373,268.70767218331537
2.9,8.7,1.4030000000000002,0.036162999999999994,17.084773927978986,320.89872466296674
2.9,8.7,1.6020000000000003,0.036162999999999994,20.104589977293603,373.0897771426182
2.9,8.7,1.8010000000000004,0.036162999999999994,23.124406026608217,425.28082962226955
2.9,8.7,2.0,0.036162999999999994,26.144222075922826,477.4718821019209
2.9,11.6,0.01,0.036162999999999994,0.1864338427600089,28.8471096625005
2.9,11.6,0.20900000000000002,0.036162999999999994,3.896467313684186,92.96709194626044
2.9,11.6,0.40800000000000003,0.036162999999999994,7.606500784608363,157.08707423002036
2.9,11.6,0.607,0.036162999999999994,11.955552809268173,232.25112354596155
2.9,11.6,0.806,0.036162999999999994,16.854041347420306,316.91100619798385
2.9,11.6,1.0050000000000001,0.036162999999999994,21.629452284111323,399.4437561200558
2.9,11.6,1.2040000000000002,0.036162999999999994,27.37958583769112,498.8224987848616
2.9,11.6,1.4030000000000002,0.036162999999999994,32.98878474534984,595.765487952981
2.9,11.6,1.6020000000000003,0.036162999999999994,38.59798365300856,692.7084771211003
2.9,11.6,1.8010000000000004,0.036162999999999994,44.20718256066727,789.6514662892195
2.9,11.6,2.0,0.036162999999999994,49.81638146832598,886.5944554573385
2.9,14.5,0.01,0.036162999999999994,0.31556297945425643,31.078830217595616
2.9,14.5,0.20900000000000002,0.036162999999999994,6.59526627059396,139.61005154774838
2.9,14.5,0.40800000000000003,0.036162999999999994,12.874969561733664,248.14127287790117
2.9,14.5,0.607,0.036162999999999994,20.239108188134356,375.4146363018547
2.9,14.5,0.806,0.036162999999999994,28.53565850466599,518.8027387223472
2.9,14.5,1.0050000000000001,0.036162999999999994,36.62375278309381,658.5881250016213
2.9,14.5,1.2040000000000002,0.036162999999999994,45.909051884813934,819.0646324422395
2.9,14.5,1.4030000000000002,0.036162999999999994,54.966770126197765,975.6078921514697
2.9,14.5,1.6020000000000003,0.036162999999999994,64.02448836758161,1132.1511518607003
2.9,14.5,1.8010000000000004,0.036162999999999994,73.08220660896544,1288.6944115699305
2.9,14.5,2.0,0.036162999999999994,82.13992485034926,1445.2376712791606
2.9,17.4,0.01,0.036162999999999994,0.4851032953991289,34.00897145215982
2.9,17.4,0.20900000000000002,0.036162999999999994,10.138658873841797,200.85000335014027
2.9,17.4,0.40800000000000003,0.036162999999999994,19.792214452284462,367.69103524812067
2.9,17.4,0.607,0.036162999999999994,31.116369499026845,563.4048008155236
2.9,17.4,0.806,0.036162999999999994,43.87692782692413,783.9437205659813
2.9,17.4,1.0050000000000001,0.036162999999999994,56.316869111406916,998.9414614282366
2.9,17.4,1.2040000000000002,0.036162999999999994,70.04184667993188,1236.148302130836
2.9,17.4,1.4030000000000002,0.036162999999999994,83.43042773942439,1467.5412496789602
2.9,17.4,1.6020000000000003,0.036162999999999994,96.81900879891688,1698.9341972270843
2.9,17.4,1.8010000000000004,0.036162999999999994,110.20758985840936,1930.3271447752081
2.9,17.4,2.0,0.036162999999999994,123.59617091790183,2161.7200923233318
2.9,20.3,0.01,0.036162999999999994,0.6977945268815409,37.68488383986293
2.9,20.3,0.20900000000000002,0.036162999999999994,14.583905611824203,277.6765722531352
2.9,20.3,0.40800000000000003,0.036162999999999994,28.470016696766866,517.6682606664074
2.9,20.3,0.607,0.036162999999999994,44.763496632086344,799.2661634835043
2.9,20.3,0.806,0.036162999999999994,63.12686380324384,1116.6376338253851
2.9,20.3,1.0050000000000001,0.036162999999999994,81.02883983944764,1426.0349466209875
2.9,20.3,1.2040000000000002,0.036162999999999994,100.11680035481858,1755.929460961801
2.9,20.3,1.4030000000000002,0.036162999999999994,118.73691870069513,2077.73832544132
2.9,20.3,1.6020000000000003,0.036162999999999994,137.35703704657166,2399.5471899208387
2.9,20.3,1.8010000000000004,0.036162999999999994,155.97715539244825,2721.356054400358
2.9,20.3,2.0,0.036162999999999994,174.59727373832473,3043.164918879876
2.9,23.2,0.01,0.036162999999999994,0.9560948652120117,42.149051952479255
2.9,23.2,0.20900000000000002,0.036162999999999994,19.982382682931046,370.97768580681645
2.9,23.2,0.40800000000000003,0.036162999999999994,39.00867050065008,699.8063196611536
2.9,23.2,0.607,0.036162999999999994,61.338563468219476,1085.73069276988
2.9,23.2,0.806,0.036162999999999994,86.50893936837053,1520.7467295365866
2.9,23.2,1.0050000000000001,0.036162999999999994,111.04689376349265,1944.83271512825
2.9,23.2,1.2040000000000002,0.036162999999999994,136.4364955223802,2383.6376013186855
2.9,23.2,1.4030000000000002,0.036162999999999994,161.2038031205107,2811.6874657887674
2.9,23.2,1.6020000000000003,0.036162999999999994,185.9711107186412,3239.7373302588485
2.9,23.2,1.8010000000000004,0.036162999999999994,210.73841831677174,3667.787194728931
2.9,23.2,2.0,0.036162999999999994,235.50572591490217,4095.8370591990115
2.9,26.099999999999998,0.01,0.036162999999999994,1.2622451145311757,47.440203290158024
2.9,26.099999999999998,0.20900000000000002,0.036162999999999994,26.380922893701573,481.5627487643028
2.9,26.099999999999998,0.40800000000000003,0.036162999999999994,51.49960067287197,915.6852942384477
2.9,26.099999999999998,0.607,0.036162999999999994,80.98567788197977,1425.2889846317328
2.9,26.099999999999998,0.806,0.036162999999999994,114.2269022644917,1999.7923510302605
2.9,26.099999999999998,1.0050000000000001,0.036162999999999994,146.63292000422695,2559.860959479076
2.9,26.099999999999998,1.2040000000000002,0.036162999999999994,179.27566757804738,3124.0209360749827
2.9,26.099999999999998,1.4030000000000002,0.036162999999999994,211.1183478093722,3674.353462264127
2.9,26.099999999999998,1.6020000000000003,0.036162999999999994,242.96102804069702,4224.6859884532705
2.9,26.099999999999998,1.8010000000000004,0.036162999999999994,274.8037082720218,4775.018514642415
2.9,26.099999999999998,2.0,0.036162999999999994,306.6463885033466,5325.351040831558
5.8,0.0,0.01,0.14465199999999998,0.0,27.5
5.8,0.0,0.20900000000000002,0.14465199999999998,0.0,27.5
5.8,0.0,0.40800000000000003,0.14465199999999998,0.0,27.5
5.8,0.0,0.607,0.14465199999999998,0.0,27.5
5.8,0.0,0.806,0.14465199999999998,0.0,27.5
5.8,0.0,1.0050000000000001,0.14465199999999998,0.0,27.5
5.8,0.0,1.2040000000000002,0.14465199999999998,0.0,27.5
5.8,0.0,1.4030000000000002,0.14465199999999998,0.0,27.5
5.8,0.0,1.6020000000000003,0.14465199999999998,0.0,27.5
5.8,0.0,1.8010000000000004,0.14465199999999998,0.0,27.5
5.8,0.0,2.0,0.14465199999999998,0.0,27.5
5.8,2.9,0.01,0.14465199999999998,0.007088792798734016,27.6225146005367
5.8,2.9,0.20900000000000002,0.14465199999999998,0.14815576949354092,30.060555151217073
5.8,2.9,0.40800000000000003,0.14465199999999998,0.28922274618834787,32.49859570189745
5.8,2.9,0.607,0.14465199999999998,0.4541948127309929,35.34978452995799
5.8,2.9,0.806,0.14465199999999998,0.6397207883016859,38.55620365258838
5.8,2.9,1.0050000000000001,0.14465199999999998,0.8205853071997483,41.68205948068032
5.8,2.9,1.2040000000000002,0.14465199999999998,1.107905595388644,46.64777527079895
5.8,2.9,1.4030000000000002,0.14465199999999998,1.3881837196513411,51.49178234057153
5.8,2.9,1.6020000000000003,0.14465199999999998,1.6684618439140382,56.335789410344105
5.8,2.9,1.8010000000000004,0.14465199999999998,1.9487399681767352,61.17979648011668
5.8,2.9,2.0,0.14465199999999998,2.2290180924394316,66.02380354988924
5.8,5.8,0.01,0.14465199999999998,0.03635369144939013,28.128295693274033
5.8,5.8,0.20900000000000002,0.14465199999999998,0.7597921512922537,40.63137998942727
5.8,5.8,0.40800000000000003,0.14465199999999998,1.4832306111351172,53.13446428558052
5.8,5.8,0.607,0.14465199999999998,2.3302678955779625,67.7736895372681
5.8,5.8,0.806,0.14465199999999998,3.283577066592756,84.24959673203197
5.8,5.8,1.0050000000000001,0.14465199999999998,4.212933745873508,100.31153640933945
5.8,5.8,1.2040000000000002,0.14465199999999998,5.503171487221943,122.61053229858457
5.8,5.8,1.4030000000000002,0.14465199999999998,6.761785754517719,144.36298417093644
5.8,5.8,1.6020000000000003,0.14465199999999998,8.020400021813495,166.1154360432883
5.8,5.8,1.8010000000000004,0.14465199999999998,9.279014289109274,187.86788791564015
5.8,5.8,2.0,0.14465199999999998,10.537628556405044,209.62033978799195
5.8,8.7,0.01,0.14465199999999998,0.09459278026427699,29.134833605209
5.8,8.7,0.20900000000000002,0.14465199999999998,1.9769891075233892,61.66802234886813
5.8,8.7,0.40800000000000003,0.14465199999999998,3.859385434782501,94.20121109252726
5.8,8.7,0.607,0.14465199999999998,6.064919413993733,132.3191420442464
5.8,8.7,0.806,0.14465199999999998,8.548291374322678,175.23890741784902
5.8,8.7,1.0050000000000001,0.14465199999999998,10.969267054241348,217.0802867267882
5.8,8.7,1.2040000000000002,0.14465199999999998,14.064957878664373,270.58267218331537
5.8,8.7,1.4030000000000002,0.14465199999999998,17.084773927978986,322.7737246629667
5.8,8.7,1.6020000000000003,0.14465199999999998,20.104589977293603,374.9647771426181
5.8,8.7,1.8010000000000004,0.14465199999999998,23.124406026608217,427.15582962226955
5.8,8.7,2.0,0.14465199999999998,26.144222075922826,479.34688210192087
5.8,11.6,0.01,0.14465199999999998,0.1864338427600089,30.7221096625005
5.8,11.6,0.20900000000000002,0.14465199999999998,3.896467313684186,94.84209194626044
5.8,11.6,0.40800000000000003,0.14465199999999998,7.606500784608363,158.96207423002036
5.8,11.6,0.607,0.14465199999999998,11.955552809268173,234.12612354596155
5.8,11.6,0.806,0.14465199999999998,16.854041347420306,318.78600619798385
5.8,11.6,1.0050000000000001,0.14465199999999998,21.629452284111323,401.31875612005575
5.8,11.6,1.2040000000000002,0.14465199999999998,27.37958583769112,500.6974987848615
5.8,11.6,1.4030000000000002,0.14465199999999998,32.98878474534984,597.640487952981
5.8,11.6,1.6020000000000003,0.14465199999999998,38.59798365300856,694.5834771211003
5.8,11.6,1.8010000000000004,0.14465199999999998,44.20718256066727,791.5264662892195
5.8,11.6,2.0,0.14465199999999998,49.81638146832598,888.4694554573385
5.8,14.5,0.01,0.14465199999999998,0.31556297945425643,32.953830217595616
5.8,14.5,0.20900000000000002,0.14465199999999998,6.59526627059396,141.48505154774838
5.8,14.5,0.40800000000000003,0.14465199999999998,12.874969561733664,250.01627287790114
5.8,14.5,0.607,0.14465199999999998,20.239108188134356,377.28963630185467
5.8,14.5,0.806,0.14465199999999998,28.53565850466599,520.6777387223472
5.8,14.5,1.0050000000000001,0.14465199999999998,36.62375278309381,660.4631250016214
5.8,14.5,1.2040000000000002,0.14465199999999998,45.909051884813934,820.9396324422395
5.8,14.5,1.4030000000000002,0.14465199999999998,54.966770126197765,977.4828921514697
5.8,14.5,1.6020000000000003,0.14465199999999998,64.02448836758161,1134.0261518607003
5.8,14.5,1.8010000000000004,0.14465199999999998,73.08220660896544,1290.5694115699305
5.8,14.5,2.0,0.14465199999999998,82.13992485034926,1447.1126712791606
5.8,17.4,0.01,0.14465199999999998,0.4851032953991289,35.88397145215982
5.8,17.4,0.20900000000000002,0.14465199999999998,10.138658873841797,202.72500335014027
5.8,17.4,0.40800000000000003,0.14465199999999998,19.792214452284462,369.5660352481206
5.8,17.4,0.607,0.14465199999999998,31.116369499026845,565.2798008155235
5.8,17.4,0.806,0.14465199999999998,43.87692782692413,785.8187205659814
5.8,17.4,1.0050000000000001,0.14465199999999998,56.316869111406916,1000.8164614282366
5.8,17.4,1.2040000000000002,0.14465199999999998,70.04184667993188,1238.023302130836
5.8,17.4,1.4030000000000002,0.14465199999999998,83.43042773942439,1469.4162496789602
5.8,17.4,1.6020000000000003,0.14465199999999998,96.81900879891688,1700.8091972270843
5.8,17.4,1.8010000000000004,0.14465199999999998,110.20758985840936,1932.2021447752081
5.8,17.4,2.0,0.14465199999999998,123.59617091790183,2163.5950923233318
5.8,20.3,0.01,0.14465199999999998,0.6977945268815409,39.55988383986293
5.8,20.3,0.20900000000000002,0.14465199999999998,14.583905611824203,279.5515722531352
5.8,20.3,0.40800000000000003,0.14465199999999998,28.470016696766866,519.5432606664074
5.8,20.3,0.607,0.14465199999999998,44.763496632086344,801.1411634835043
5.8,20.3,0.806,0.14465199999999998,63.12686380324384,1118.5126338253851
5.8,20.3,1.0050000000000001,0.14465199999999998,81.02883983944764,1427.9099466209875
5.8,20.3,1.2040000000000002,0.14465199999999998,100.11680035481858,1757.804460961801
5.8,20.3,1.4030000000000002,0.14465199999999998,118.73691870069513,2079.61332544132
5.8,20.3,1.6020000000000003,0.14465199999999998,137.35703704657166,2401.4221899208387
5.8,20.3,1.8010000000000004,0.14465199999999998,155.97715539244825,2723.231054400358
5.8,20.3,2.0,0.14465199999999998,174.59727373832473,3045.039918879876
5.8,23.2,0.01,0.14465199999999998,0.9560948652120117,44.024051952479255
5.8,23.2,0.20900000000000002,0.14465199999999998,19.982382682931046,372.8526858068164
5.8,23.2,0.40800000000000003,0.14465199999999998,39.00867050065008,701.6813196611537
5.8,23.2,0.607,0.14465199999999998,61.338563468219476,1087.60569276988
5.8,23.2,0.806,0.14465199999999998,86.50893936837053,1522.6217295365866
5.8,23.2,1.0050000000000001,0.14465199999999998,111.04689376349265,1946.70771512825
5.8,23.2,1.2040000000000002,0.14465199999999998,136.4364955223802,2385.5126013186855
5.8,23.2,1.4030000000000002,0.14465199999999998,161.2038031205107,2813.5624657887674
5.8,23.2,1.6020000000000003,0.14465199999999998,185.9711107186412,3241.6123302588485
5.8,23.2,1.8010000000000004,0.14465199999999998,210.73841831677174,3669.662194728931
5.8,23.2,2.0,0.14465199999999998,235.50572591490217,4097.7120591990115
5.8,26.099999999999998,0.01,0.14465199999999998,1.2622451145311757,49.315203290158024
5.8,26.099999999999998,0.20900000000000002,0.14465199999999998,26.380922893701573,483.43774876430274
5.8,26.099999999999998,0.40800000000000003,0.14465199999999998,51.49960067287197,917.5602942384477
5.8,26.099999999999998,0.607,0.14465199999999998,80.98567788197977,1427.1639846317328
5.8,26.099999999999998,0.806,0.14465199999999998,114.2269022644917,2001.6673510302605
5.8,26.099999999999998,1.0050000000000001,0.14465199999999998,146.63292000422695,2561.735959479076
5.8,26.099999999999998,1.2040000000000002,0.14465199999999998,179.27566757804738,3125.8959360749827
5.8,26.099999999999998,1.4030000000000002,0.14465199999999998,211.1183478093722,3676.228462264127
5.8,26.099999999999998,1.6020000000000003,0.14465199999999998,242.96102804069702,4226.5609884532705
5.8,26.099999999999998,1.8010000000000004,0.14465199999999998,274.8037082720218,4776.893514642415
5.8,26.099999999999998,2.0,0.14465199999999998,306.6463885033466,5327.226040831558
8.7,0.0,0.01,0.32546699999999995,0.0,30.625
8.7,0.0,0.20900000000000002,0.32546699999999995,0.0,30.625
8.7,0.0,0.40800000000000003,0.32546699999999995,0.0,30.625
8.7,0.0,0.607,0.32546699999999995,0.0,30.625
8.7,0.0,0.806,0.32546699999999995,0.0,30.625
8.7,0.0,1.0050000000000001,0.32546699999999995,0.0,30.625
8.7,0.0,1.2040000000000002,0.32546699999999995,0.0,30.625
8.7,0.0,1.4030000000000002,0.32546699999999995,0.0,30.625
8.7,0.0,1.6020000000000003,0.32546699999999995,0.0,30.625
8.7,0.0,1.8010000000000004,0.32546699999999995,0.0,30.625
8.7,0.0,2.0,0.32546699999999995,0.0,30.625
8.7,2.9,0.01,0.32546699999999995,0.007088792798734016,30.7475146005367
8.7,2.9,0.20900000000000002,0.32546699999999995,0.14815576949354092,33.18555515121707
8.7,2.9,0.40800000000000003,0.32546699999999995,0.28922274618834787,35.62359570189744
8.7,2.9,0.607,0.32546699999999995,0.4541948127309929,38.47478452995798
8.7,2.9,0.806,0.32546699999999995,0.6397207883016859,41.68120365258838
8.7,2.9,1.0050000000000001,0.32546699999999995,0.8205853071997483,44.80705948068032
8.7,2.9,1.2040000000000002,0.32546699999999995,1.107905595388644,49.772775270798945
8.7,2.9,1.4030000000000002,0.32546699999999995,1.3881837196513411,54.616782340571525
8.7,2.9,1.6020000000000003,0.32546699999999995,1.6684618439140382,59.4607894103441
8.7,2.9,1.8010000000000004,0.32546699999999995,1.9487399681767352,64.30479648011668
8.7,2.9,2.0,0.32546699999999995,2.2290180924394316,69.14880354988924
8.7,5.8,0.01,0.32546699999999995,0.03635369144939013,31.25329569327403
8.7,5.8,0.20900000000000002,0.32546699999999995,0.7597921512922537,43.75637998942727
8.7,5.8,0.40800000000000003,0.32546699999999995,1.4832306111351172,56.25946428558051
8.7,5.8,0.607,0.32546699999999995,2.3302678955779625,70.8986895372681
8.7,5.8,0.806,0.32546699999999995,3.283577066592756,87.37459673203197
8.7,5.8,1.0050000000000001,0.32546699999999995,4.212933745873508,103.43653640933944
8.7,5.8,1.2040000000000002,0.32546699999999995,5.503171487221943,125.73553229858457
8.7,5.8,1.4030000000000002,0.32546699999999995,6.761785754517719,147.48798417093644
8.7,5.8,1.6020000000000003,0.32546699999999995,8.020400021813495,169.2404360432883
8.7,5.8,1.8010000000000004,0.32546699999999995,9.279014289109274,190.99288791564018
8.7,5.8,2.0,0.32546699999999995,10.537628556405044,212.74533978799195
8.7,8.7,0.01,0.32546699999999995,0.09459278026427699,32.259833605208996
8.7,8.7,0.20900000000000002,0.32546699999999995,1.9769891075233892,64.79302234886813
8.7,8.7,0.40800000000000003,0.32546699999999995,3.859385434782501,97.32621109252726
8.7,8.7,0.607,0.32546699999999995,6.064919413993733,135.4441420442464
8.7,8.7,0.806,0.32546699999999995,8.548291374322678,178.36390741784902
8.7,8.7,1.0050000000000001,0.32546699999999995,10.969267054241348,220.20528672678822
8.7,8.7,1.2040000000000002,0.32546699999999995,14.064957878664373,273.70767218331537
8.7,8.7,1.4030000000000002,0.32546699999999995,17.084773927978986,325.89872466296674
8.7,8.7,1.6020000000000003,0.32546699999999995,20.104589977293603,378.0897771426182
8.7,8.7,1.8010000000000004,0.32546699999999995,23.124406026608217,430.28082962226955
8.7,8.7,2.0,0.32546699999999995,26.144222075922826,482.4718821019209
8.7,11.6,0.01,0.32546699999999995,0.1864338427600089,33.8471096625005
8.7,11.6,0.20900000000000002,0.32546699999999995,3.896467313684186,97.96709194626044
8.7,11.6,0.40800000000000003,0.32546699999999995,7.606500784608363,162.08707423002036
8.7,11.6,0.607,0.32546699999999995,11.955552809268173,237.25112354596155
8.7,11.6,0.806,0.32546699999999995,16.854041347420306,321.91100619798385
8.7,11.6,1.0050000000000001,0.32546699999999995,21.629452284111323,404.4437561200558
8.7,11.6,1.2040000000000002,0.32546699999999995,27.37958583769112,503.8224987848616
8.7,11.6,1.4030000000000002,0.32546699999999995,32.98878474534984,600.7654879529808
8.7,11.6,1.6020000000000003,0.32546699999999995,38.59798365300856,697.7084771211001
8.7,11.6,1.8010000000000004,0.32546699999999995,44.20718256066727,794.6514662892195
8.7,11.6,2.0,0.32546699999999995,49.81638146832598,891.5944554573385
8.7,14.5,0.01,0.32546699999999995,0.31556297945425643,36.078830217595616
8.7,14.5,0.20900000000000002,0.32546699999999995,6.59526627059396,144.61005154774838
8.7,14.5,0.40800000000000003,0.32546699999999995,12.874969561733664,253.14127287790117
8.7,14.5,0.607,0.32546699999999995,20.239108188134356,380.4146363018547
8.7,14.5,0.806,0.32546699999999995,28.53565850466599,523.8027387223472
8.7,14.5,1.0050000000000001,0.32546699999999995,36.62375278309381,663.5881250016213
8.7,14.5,1.2040000000000002,0.32546699999999995,45.909051884813934,824.0646324422395
8.7,14.5,1.4030000000000002,0.32546699999999995,54.966770126197765,980.6078921514697
8.7,14.5,1.6020000000000003,0.32546699999999995,64.02448836758161,1137.1511518607
8.7,14.5,1.8010000000000004,0.32546699999999995,73.08220660896544,1293.6944115699307
8.7,14.5,2.0,0.32546699999999995,82.13992485034926,1450.2376712791606
8.7,17.4,0.01,0.32546699999999995,0.4851032953991289,39.00897145215982
8.7,17.4,0.20900000000000002,0.32546699999999995,10.138658873841797,205.85000335014027
8.7,17.4,0.40800000000000003,0.32546699999999995,19.792214452284462,372.69103524812067
8.7,17.4,0.607,0.32546699999999995,31.116369499026845,568.4048008155236
8.7,17.4,0.806,0.32546699999999995,43.87692782692413,788.9437205659813
8.7,17.4,1.0050000000000001,0.32546699999999995,56.316869111406916,1003.9414614282365
8.7,17.4,1.2040000000000002,0.32546699999999995,70.04184667993188,1241.148302130836
8.7,17.4,1.4030000000000002,0.32546699999999995,83.43042773942439,1472.5412496789602
8.7,17.4,1.6020000000000003,0.32546699999999995,96.81900879891688,1703.9341972270843
8.7,17.4,1.8010000000000004,0.32546699999999995,110.20758985840936,1935.3271447752081
8.7,17.4,2.0,0.32546699999999995,123.59617091790183,2166.7200923233318
8.7,20.3,0.01,0.32546699999999995,0.6977945268815409,42.68488383986292
8.7,20.3,0.20900000000000002,0.32546699999999995,14.583905611824203,282.6765722531352
8.7,20.3,0.40800000000000003,0.32546699999999995,28.470016696766866,522.6682606664074
8.7,20.3,0.607,0.32546699999999995,44.763496632086344,804.2661634835042
8.7,20.3,0.806,0.32546699999999995,63.12686380324384,1121.6376338253851
8.7,20.3,1.0050000000000001,0.32546699999999995,81.02883983944764,1431.0349466209875
8.7,20.3,1.2040000000000002,0.32546699999999995,100.11680035481858,1760.9294609618012
8.7,20.3,1.4030000000000002,0.32546699999999995,118.73691870069513,2082.73832544132
8.7,20.3,1.6020000000000003,0.32546699999999995,137.35703704657166,2404.5471899208387
8.7,20.3,1.8010000000000004,0.32546699999999995,155.97715539244825,2726.356054400358
8.7,20.3,2.0,0.32546699999999995,174.59727373832473,3048.164918879876
8.7,23.2,0.01,0.32546699999999995,0.9560948652120117,47.149051952479255
8.7,23.2,0.20900000000000002,0.32546699999999995,19.982382682931046,375.97768580681645
8.7,23.2,0.40800000000000003,0.32546699999999995,39.00867050065008,704.8063196611536
8.7,23.2,0.607,0.32546699999999995,61.338563468219476,1090.73069276988
8.7,23.2,0.806,0.32546699999999995,86.50893936837053,1525.7467295365866
8.7,23.2,1.0050000000000001,0.32546699999999995,111.04689376349265,1949.83271512825
8.7,23.2,1.2040000000000002,0.32546699999999995,136.4364955223802,2388.6376013186855
8.7,23.2,1.4030000000000002,0.32546699999999995,161.2038031205107,2816.6874657887674
8.7,23.2,1.6020000000000003,0.32546699999999995,185.9711107186412,3244.7373302588485
8.7,23.2,1.8010000000000004,0.32546699999999995,210.73841831677174,3672.787194728931
8.7,23.2,2.0,0.32546699999999995,235.50572591490217,4100.8370591990115
8.7,26.099999999999998,0.01,0.32546699999999995,1.2622451145311757,52.440203290158024
8.7,26.099999999999998,0.20900000000000002,0.32546699999999995,26.380922893701573,486.5627487643028
8.7,26.099999999999998,0.40800000000000003,0.32546699999999995,51.49960067287197,920.6852942384476
8.7,26.099999999999998,0.607,0.32546699999999995,80.98567788197977,1430.2889846317328
8.7,26.099999999999998,0.806,0.32546699999999995,114.2269022644917,2004.7923510302605
8.7,26.099999999999998,1.0050000000000001,0.32546699999999995,146.63292000422695,2564.8609594790764
8.7,26.099999999999998,1.2040000000000002,0.32546699999999995,179.27566757804738,3129.0209360749827
8.7,26.099999999999998,1.4030000000000002,0.32546699999999995,211.1183478093722,3679.353462264127
8.7,26.099999999999998,1.6020000000000003,0.32546699999999995,242.96102804069702,4229.6859884532705
8.7,26.099999999999998,1.8010000000000004,0.32546699999999995,274.8037082720218,4780.018514642415
8.7,26.099999999999998,2.0,0.32546699999999995,306.6463885033466,5330.351040831558
11.6,0.0,0.01,0.5786079999999999,0.0,35.0
11.6,0.0,0.20900000000000002,0.5786079999999999,0.0,35.0
11.6,0.0,0.40800000000000003,0.5786079999999999,0.0,35.0
11.6,0.0,0.607,0.5786079999999999,0.0,35.0
11.6,0.0,0.806,0.5786079999999999,0.0,35.0
11.6,0.0,1.0050000000000001,0.5786079999999999,0.0,35.0
11.6,0.0,1.2040000000000002,0.5786079999999999,0.0,35.0
11.6,0.0,1.4030000000000002,0.5786079999999999,0.0,35.0
11.6,0.0,1.6020000000000003,0.5786079999999999,0.0,35.0
11.6,0.0,1.8010000000000004,0.5786079999999999,0.0,35.0
11.6,0.0,2.0,0.5786079999999999,0.0,35.0
11.6,2.9,0.01,0.5786079999999999,0.007088792798734016,35.122514600536704
11.6,2.9,0.20900000000000002,0.5786079999999999,0.14815576949354092,37.56055515121707
11.6,2.9,0.40800000000000003,0.5786079999999999,0.28922274618834787,39.99859570189744
11.6,2.9,0.607,0.5786079999999999,0.4541948127309929,42.84978452995799
11.6,2.9,0.806,0.5786079999999999,0.6397207883016859,46.05620365258838
11.6,2.9,1.0050000000000001,0.5786079999999999,0.8205853071997483,49.18205948068032
11.6,2.9,1.2040000000000002,0.5786079999999999,1.107905595388644,54.14777527079895
11.6,2.9,1.4030000000000002,0.5786079999999999,1.3881837196513411,58.991782340571525
11.6,2.9,1.6020000000000003,0.5786079999999999,1.6684618439140382,63.8357894103441
11.6,2.9,1.8010000000000004,0.5786079999999999,1.9487399681767352,68.67979648011666
11.6,2.9,2.0,0.5786079999999999,2.2290180924394316,73.52380354988924
11.6,5.8,0.01,0.5786079999999999,0.03635369144939013,35.628295693274026
11.6,5.8,0.20900000000000002,0.5786079999999999,0.7597921512922537,48.13137998942727
11.6,5.8,0.40800000000000003,0.5786079999999999,1.4832306111351172,60.63446428558052
11.6,5.8,0.607,0.5786079999999999,2.3302678955779625,75.2736895372681
11.6,5.8,0.806,0.5786079999999999,3.283577066592756,91.74959673203197
11.6,5.8,1.0050000000000001,0.5786079999999999,4.212933745873508,107.81153640933945
11.6,5.8,1.2040000000000002,0.5786079999999999,5.503171487221943,130.1105322985846
11.6,5.8,1.4030000000000002,0.5786079999999999,6.761785754517719,151.86298417093644
11.6,5.8,1.6020000000000003,0.5786079999999999,8.020400021813495,173.6154360432883
11.6,5.8,1.8010000000000004,0.5786079999999999,9.279014289109274,195.36788791564015
11.6,5.8,2.0,0.5786079999999999,10.537628556405044,217.12033978799195
11.6,8.7,0.01,0.5786079999999999,0.09459278026427699,36.634833605209
11.6,8.7,0.20900000000000002,0.5786079999999999,1.9769891075233892,69.16802234886813
11.6,8.7,0.40800000000000003,0.5786079999999999,3.859385434782501,101.70121109252725
11.6,8.7,0.607,0.5786079999999999,6.064919413993733,139.8191420442464
11.6,8.7,0.806,0.5786079999999999,8.548291374322678,182.73890741784902
11.6,8.7,1.0050000000000001,0.5786079999999999,10.969267054241348,224.5802867267882
11.6,8.7,1.2040000000000002,0.5786079999999999,14.064957878664373,278.08267218331537
11.6,8.7,1.4030000000000002,0.5786079999999999,17.084773927978986,330.27372466296674
11.6,8.7,1.6020000000000003,0.5786079999999999,20.104589977293603,382.4647771426182
11.6,8.7,1.8010000000000004,0.5786079999999999,23.124406026608217,434.65582962226955
11.6,8.7,2.0,0.5786079999999999,26.144222075922826,486.84688210192087
11.6,11.6,0.01,0.5786079999999999,0.1864338427600089,38.2221096625005
11.6,11.6,0.20900000000000002,0.5786079999999999,3.896467313684186,102.34209194626044
11.6,11.6,0.40800000000000003,0.5786079999999999,7.606500784608363,166.46207423002036
11.6,11.6,0.607,0.5786079999999999,11.955552809268173,241.62612354596155
11.6,11.6,0.806,0.5786079999999999,16.854041347420306,326.28600619798385
11.6,11.6,1.0050000000000001,0.5786079999999999,21.629452284111323,408.8187561200558
11.6,11.6,1.2040000000000002,0.5786079999999999,27.37958583769112,508.1974987848616
11.6,11.6,1.4030000000000002,0.5786079999999999,32.98878474534984,605.140487952981
11.6,11.6,1.6020000000000003,0.5786079999999999,38.59798365300856,702.0834771211003
11.6,11.6,1.8010000000000004,0.5786079999999999,44.20718256066727,799.0264662892195
11.6,11.6,2.0,0.5786079999999999,49.81638146832598,895.9694554573385
11.6,14.5,0.01,0.5786079999999999,0.31556297945425643,40.453830217595616
11.6,14.5,0.20900000000000002,0.5786079999999999,6.59526627059396,148.98505154774838
11.6,14.5,0.40800000000000003,0.5786079999999999,12.874969561733664,257.51627287790114
11.6,14.5,0.607,0.5786079999999999,20.239108188134356,384.7896363018547
11.6,14.5,0.806,0.5786079999999999,28.53565850466599,528.1777387223472
11.6,14.5,1.0050000000000001,0.5786079999999999,36.62375278309381,667.9631250016213
11.6,14.5,1.2040000000000002,0.5786079999999999,45.909051884813934,828.4396324422395
11.6,14.5,1.4030000000000002,0.5786079999999999,54.966770126197765,984.9828921514697
11.6,14.5,1.6020000000000003,0.5786079999999999,64.02448836758161,1141.5261518607003
11.6,14.5,1.8010000000000004,0.5786079999999999,73.08220660896544,1298.0694115699305
11.6,14.5,2.0,0.5786079999999999,82.13992485034926,1454.6126712791604
11.6,17.4,0.01,0.5786079999999999,0.4851032953991289,43.38397145215982
11.6,17.4,0.20900000000000002,0.5786079999999999,10.138658873841797,210.22500335014027
11.6,17.4,0.40800000000000003,0.5786079999999999,19.792214452284462,377.06603524812067
11.6,17.4,0.607,0.5786079999999999,31.116369499026845,572.7798008155236
11.6,17.4,0.806,0.5786079999999999,43.87692782692413,793.3187205659813
11.6,17.4,1.0050000000000001,0.5786079999999999,56.316869111406916,1008.3164614282366
11.6,17.4,1.2040000000000002,0.5786079999999999,70.04184667993188,1245.5233021308359
11.6,17.4,1.4030000000000002,0.5786079999999999,83.43042773942439,1476.91624967896
11.6,17.4,1.6020000000000003,0.5786079999999999,96.81900879891688,1708.309197227084
11.6,17.4,1.8010000000000004,0.5786079999999999,110.20758985840936,1939.702144775208
11.6,17.4,2.0,0.5786079999999999,123.59617091790183,2171.0950923233318
11.6,20.3,0.01,0.5786079999999999,0.6977945268815409,47.05988383986292
11.6,20.3,0.20900000000000002,0.5786079999999999,14.583905611824203,287.0515722531352
11.6,20.3,0.40800000000000003,0.5786079999999999,28.470016696766866,527.0432606664074
11.6,20.3,0.607,0.5786079999999999,44.763496632086344,808.6411634835042
11.6,20.3,0.806,0.5786079999999999,63.12686380324384,1126.0126338253851
11.6,20.3,1.0050000000000001,0.5786079999999999,81.02883983944764,1435.4099466209875
11.6,20.3,1.2040000000000002,0.5786079999999999,100.11680035481858,1765.304460961801
11.6,20.3,1.4030000000000002,0.5786079999999999,118.73691870069513,2087.11332544132
11.6,20.3,1.6020000000000003,0.5786079999999999,137.35703704657166,2408.9221899208387
11.6,20.3,1.8010000000000004,0.5786079999999999,155.97715539244825,2730.731054400358
11.6,20.3,2.0,0.5786079999999999,174.59727373832473,3052.539918879876
11.6,23.2,0.01,0.5786079999999999,0.9560948652120117,51.524051952479255
11.6,23.2,0.20900000000000002,0.5786079999999999,19.982382682931046,380.35268580681645
11.6,23.2,0.40800000000000003,0.5786079999999999,39.00867050065008,709.1813196611536
11.6,23.2,0.607,0.5786079999999999,61.338563468219476,1095.10569276988
11.6,23.2,0.806,0.5786079999999999,86.50893936837053,1530.1217295365864
11.6,23.2,1.0050000000000001,0.5786079999999999,111.04689376349265,1954.2077151282497
11.6,23.2,1.2040000000000002,0.5786079999999999,136.4364955223802,2393.0126013186855
11.6,23.2,1.4030000000000002,0.5786079999999999,161.2038031205107,2821.0624657887674
11.6,23.2,1.6020000000000003,0.5786079999999999,185.9711107186412,3249.112330258849
11.6,23.2,1.8010000000000004,0.5786079999999999,210.73841831677174,3677.1621947289314
11.6,23.2,2.0,0.5786079999999999,235.50572591490217,4105.2120591990115
11.6,26.099999999999998,0.01,0.5786079999999999,1.2622451145311757,56.815203290158024
11.6,26.099999999999998,0.20900000000000002,0.5786079999999999,26.380922893701573,490.9377487643028
11.6,26.099999999999998,0.40800000000000003,0.5786079999999999,51.49960067287197,925.0602942384477
11.6,26.099999999999998,0.607,0.5786079999999999,80.98567788197977,1434.6639846317325
11.6,26.099999999999998,0.806,0.5786079999999999,114.2269022644917,2009.1673510302603
11.6,26.099999999999998,1.0050000000000001,0.5786079999999999,146.63292000422695,2569.2359594790764
11.6,26.099999999999998,1.2040000000000002,0.5786079999999999,179.27566757804738,3133.3959360749827
11.6,26.099999999999998,1.4030000000000002,0.5786079999999999,211.1183478093722,3683.7284622641273
11.6,26.099999999999998,1.6020000000000003,0.5786079999999999,242.96102804069702,4234.0609884532705
11.6,26.099999999999998,1.8010000000000004,0.5786079999999999,274.8037082720218,4784.393514642415
11.6,26.099999999999998,2.0,0.5786079999999999,306.6463885033466,5334.726040831558
14.5,0.0,0.01,0.904075,0.0,40.625
14.5,0.0,0.20900000000000002,0.904075,0.0,40.625
14.5,0.0,0.40800000000000003,0.904075,0.0,40.625
14.5,0.0,0.607,0.904075,0.0,40.625
14.5,0.0,0.806,0.904075,0.0,40.625
14.5,0.0,1.0050000000000001,0.904075,0.0,40.625
14.5,0.0,1.2040000000000002,0.904075,0.0,40.625
14.5,0.0,1.4030000000000002,0.904075,0.0,40.625
14.5,0.0,1.6020000000000003,0.904075,0.0,40.625
14.5,0.0,1.8010000000000004,0.904075,0.0,40.625
14.5,0.0,2.0,0.904075,0.0,40.625
14.5,2.9,0.01,0.904075,0.007088792798734016,40.747514600536704
14.5,2.9,0.20900000000000002,0.904075,0.14815576949354092,43.18555515121707
14.5,2.9,0.40800000000000003,0.904075,0.28922274618834787,45.62359570189744
14.5,2.9,0.607,0.904075,0.4541948127309929,48.47478452995798
14.5,2.9,0.806,0.904075,0.6397207883016859,51.68120365258838
14.5,2.9,1.0050000000000001,0.904075,0.8205853071997483,54.80705948068032
14.5,2.9,1.2040000000000002,0.904075,1.107905595388644,59.772775270798945
14.5,2.9,1.4030000000000002,0.904075,1.3881837196513411,64.61678234057152
14.5,2.9,1.6020000000000003,0.904075,1.6684618439140382,69.46078941034409
14.5,2.9,1.8010000000000004,0.904075,1.9487399681767352,74.30479648011666
14.5,2.9,2.0,0.904075,2.2290180924394316,79.14880354988924
14.5,5.8,0.01,0.904075,0.03635369144939013,41.253295693274026
14.5,5.8,0.20900000000000002,0.904075,0.7597921512922537,53.75637998942727
14.5,5.8,0.40800000000000003,0.904075,1.4832306111351172,66.25946428558052
14.5,5.8,0.607,0.904075,2.3302678955779625,80.8986895372681
14.5,5.8,0.806,0.904075,3.283577066592756,97.37459673203197
14.5,5.8,1.0050000000000001,0.904075,4.212933745873508,113.43653640933944
14.5,5.8,1.2040000000000002,0.904075,5.503171487221943,135.7355322985846
14.5,5.8,1.4030000000000002,0.904075,6.761785754517719,157.48798417093644
14.5,5.8,1.6020000000000003,0.904075,8.020400021813495,179.2404360432883
14.5,5.8,1.8010000000000004,0.904075,9.279014289109274,200.99288791564018
14.5,5.8,2.0,0.904075,10.537628556405044,222.74533978799195
14.5,8.7,0.01,0.904075,0.09459278026427699,42.259833605208996
14.5,8.7,0.20900000000000002,0.904075,1.9769891075233892,74.79302234886813
14.5,8.7,0.40800000000000003,0.904075,3.859385434782501,107.32621109252726
14.5,8.7,0.607,0.904075,6.064919413993733,145.4441420442464
14.5,8.7,0.806,0.904075,8.548291374322678,188.36390741784902
14.5,8.7,1.0050000000000001,0.904075,10.969267054241348,230.20528672678822
14.5,8.7,1.2040000000000002,0.904075,14.064957878664373,283.70767218331537
14.5,8.7,1.4030000000000002,0.904075,17.084773927978986,335.89872466296674
14.5,8.7,1.6020000000000003,0.904075,20.104589977293603,388.0897771426182
14.5,8.7,1.8010000000000004,0.904075,23.124406026608217,440.28082962226955
14.5,8.7,2.0,0.904075,26.144222075922826,492.4718821019209
14.5,11.6,0.01,0.904075,0.1864338427600089,43.8471096625005
14.5,11.6,0.20900000000000002,0.904075,3.896467313684186,107.96709194626044
14.5,11.6,0.40800000000000003,0.904075,7.606500784608363,172.08707423002036
14.5,11.6,0.607,0.904075,11.955552809268173,247.25112354596155
14.5,11.6,0.806,0.904075,16.854041347420306,331.91100619798385
14.5,11.6,1.0050000000000001,0.904075,21.629452284111323,414.4437561200558
14.5,11.6,1.2040000000000002,0.904075,27.37958583769112,513.8224987848616
14.5,11.6,1.4030000000000002,0.904075,32.98878474534984,610.7654879529808
14.5,11.6,1.6020000000000003,0.904075,38.59798365300856,707.7084771211003
14.5,11.6,1.8010000000000004,0.904075,44.20718256066727,804.6514662892195
14.5,11.6,2.0,0.904075,49.81638146832598,901.5944554573385
14.5,14.5,0.01,0.904075,0.31556297945425643,46.07883021759561
14.5,14.5,0.20900000000000002,0.904075,6.59526627059396,154.61005154774838
14.5,14.5,0.40800000000000003,0.904075,12.874969561733664,263.1412728779012
14.5,14.5,0.607,0.904075,20.239108188134356,390.4146363018547
14.5,14.5,0.806,0.904075,28.53565850466599,533.8027387223472
14.5,14.5,1.0050000000000001,0.904075,36.62375278309381,673.5881250016213
14.5,14.5,1.2040000000000002,0.904075,45.909051884813934,834.0646324422395
14.5,14.5,1.4030000000000002,0.904075,54.966770126197765,990.6078921514697
14.5,14.5,1.6020000000000003,0.904075,64.02448836758161,1147.1511518607
14.5,14.5,1.8010000000000004,0.904075,73.08220660896544,1303.6944115699305
14.5,14.5,2.0,0.904075,82.13992485034926,1460.2376712791604
14.5,17.4,0.01,0.904075,0.4851032953991289,49.00897145215981
14.5,17.4,0.20900000000000002,0.904075,10.138658873841797,215.85000335014027
14.5,17.4,0.40800000000000003,0.904075,19.792214452284462,382.69103524812067
14.5,17.4,0.607,0.904075,31.116369499026845,578.4048008155236
14.5,17.4,0.806,0.904075,43.87692782692413,798.9437205659813
14.5,17.4,1.0050000000000001,0.904075,56.316869111406916,1013.9414614282366
14.5,17.4,1.2040000000000002,0.904075,70.04184667993188,1251.148302130836
14.5,17.4,1.4030000000000002,0.904075,83.43042773942439,1482.5412496789602
14.5,17.4,1.6020000000000003,0.904075,96.81900879891688,1713.9341972270843
14.5,17.4,1.8010000000000004,0.904075,110.20758985840936,1945.3271447752081
14.5,17.4,2.0,0.904075,123.59617091790183,2176.7200923233318
14.5,20.3,0.01,0.904075,0.6977945268815409,52.68488383986293
14.5,20.3,0.20900000000000002,0.904075,14.583905611824203,292.6765722531352
14.5,20.3,0.40800000000000003,0.904075,28.470016696766866,532.6682606664074
14.5,20.3,0.607,0.904075,44.763496632086344,814.2661634835042
14.5,20.3,0.806,0.904075,63.12686380324384,1131.6376338253851
14.5,20.3,1.0050000000000001,0.904075,81.02883983944764,1441.0349466209875
14.5,20.3,1.2040000000000002,0.904075,100.11680035481858,1770.929460961801
14.5,20.3,1.4030000000000002,0.904075,118.73691870069513,2092.73832544132
14.5,20.3,1.6020000000000003,0.904075,137.35703704657166,2414.5471899208387
14.5,20.3,1.8010000000000004,0.904075,155.97715539244825,2736.356054400358
14.5,20.3,2.0,0.904075,174.59727373832473,3058.164918879876
14.5,23.2,0.01,0.904075,0.9560948652120117,57.149051952479255
14.5,23.2,0.20900000000000002,0.904075,19.982382682931046,385.97768580681645
14.5,23.2,0.40800000000000003,0.904075,39.00867050065008,714.8063196611536
14.5,23.2,0.607,0.904075,61.338563468219476,1100.73069276988
14.5,23.2,0.806,0.904075,86.50893936837053,1535.7467295365864
14.5,23.2,1.0050000000000001,0.904075,111.04689376349265,1959.8327151282497
14.5,23.2,1.2040000000000002,0.904075,136.4364955223802,2398.6376013186855
14.5,23.2,1.4030000000000002,0.904075,161.2038031205107,2826.6874657887674
14.5,23.2,1.6020000000000003,0.904075,185.9711107186412,3254.737330258849
14.5,23.2,1.8010000000000004,0.904075,210.73841831677174,3682.7871947289314
14.5,23.2,2.0,0.904075,235.50572591490217,4110.8370591990115
14.5,26.099999999999998,0.01,0.904075,1.2622451145311757,62.440203290158024
14.5,26.099999999999998,0.20900000000000002,0.904075,26.380922893701573,496.5627487643028
14.5,26.099999999999998,0.40800000000000003,0.904075,51.49960067287197,930.6852942384476
14.5,26.099999999999998,0.607,0.904075,80.98567788197977,1440.2889846317325
14.5,26.099999999999998,0.806,0.904075,114.2269022644917,2014.7923510302603
14.5,26.099999999999998,1.0050000000000001,0.904075,146.63292000422695,2574.8609594790764
14.5,26.099999999999998,1.2040000000000002,0.904075,179.27566757804738,3139.020936074983
14.5,26.099999999999998,1.4030000000000002,0.904075,211.1183478093722,3689.3534622641273
14.5,26.099999999999998,1.6020000000000003,0.904075,242.96102804069702,4239.6859884532705
14.5,26.099999999999998,1.8010000000000004,0.904075,274.8037082720218,4790.018514642415
14.5,26.099999999999998,2.0,0.904075,306.6463885033466,5340.351040831558
17.4,0.0,0.01,1.3018679999999998,0.0,47.49999999999999
17.4,0.0,0.20900000000000002,1.3018679999999998,0.0,47.49999999999999
17.4,0.0,0.40800000000000003,1.3018679999999998,0.0,47.49999999999999
17.4,0.0,0.607,1.3018679999999998,0.0,47.49999999999999
17.4,0.0,0.806,1.3018679999999998,0.0,47.49999999999999
17.4,0.0,1.0050000000000001,1.3018679999999998,0.0,47.49999999999999
17.4,0.0,1.2040000000000002,1.3018679999999998,0.0,47.49999999999999
17.4,0.0,1.4030000000000002,1.3018679999999998,0.0,47.49999999999999
17.4,0.0,1.6020000000000003,1.3018679999999998,0.0,47.49999999999999
17.4,0.0,1.8010000000000004,1.3018679999999998,0.0,47.49999999999999
17.4,0.0,2.0,1.3018679999999998,0.0,47.49999999999999
17.4,2.9,0.01,1.3018679999999998,0.007088792798734016,47.6225146005367
17.4,2.9,0.20900000000000002,1.3018679999999998,0.14815576949354092,50.06055515121707
17.4,2.9,0.40800000000000003,1.3018679999999998,0.28922274618834787,52.49859570189744
17.4,2.9,0.607,1.3018679999999998,0.4541948127309929,55.34978452995797
17.4,2.9,0.806,1.3018679999999998,0.6397207883016859,58.55620365258837
17.4,2.9,1.0050000000000001,1.3018679999999998,0.8205853071997483,61.68205948068032
17.4,2.9,1.2040000000000002,1.3018679999999998,1.107905595388644,66.64777527079895
17.4,2.9,1.4030000000000002,1.3018679999999998,1.3881837196513411,71.49178234057152
17.4,2.9,1.6020000000000003,1.3018679999999998,1.6684618439140382,76.33578941034409
17.4,2.9,1.8010000000000004,1.3018679999999998,1.9487399681767352,81.17979648011668
17.4,2.9,2.0,1.3018679999999998,2.2290180924394316,86.02380354988924
17.4,5.8,0.01,1.3018679999999998,0.03635369144939013,48.128295693274026
17.4,5.8,0.20900000000000002,1.3018679999999998,0.7597921512922537,60.631379989427266
17.4,5.8,0.40800000000000003,1.3018679999999998,1.4832306111351172,73.1344642855805
17.4,5.8,0.607,1.3018679999999998,2.3302678955779625,87.7736895372681
17.4,5.8,0.806,1.3018679999999998,3.283577066592756,104.24959673203196
17.4,5.8,1.0050000000000001,1.3018679999999998,4.212933745873508,120.31153640933944
17.4,5.8,1.2040000000000002,1.3018679999999998,5.503171487221943,142.61053229858456
17.4,5.8,1.4030000000000002,1.3018679999999998,6.761785754517719,164.36298417093641
17.4,5.8,1.6020000000000003,1.3018679999999998,8.020400021813495,186.1154360432883
17.4,5.8,1.8010000000000004,1.3018679999999998,9.279014289109274,207.86788791564018
17.4,5.8,2.0,1.3018679999999998,10.537628556405044,229.62033978799195
17.4,8.7,0.01,1.3018679999999998,0.09459278026427699,49.134833605208996
17.4,8.7,0.20900000000000002,1.3018679999999998,1.9769891075233892,81.66802234886813
17.4,8.7,0.40800000000000003,1.3018679999999998,3.859385434782501,114.20121109252726
17.4,8.7,0.607,1.3018679999999998,6.064919413993733,152.3191420442464
17.4,8.7,0.806,1.3018679999999998,8.548291374322678,195.23890741784902
17.4,8.7,1.0050000000000001,1.3018679999999998,10.969267054241348,237.08028672678822
17.4,8.7,1.2040000000000002,1.3018679999999998,14.064957878664373,290.5826721833153
17.4,8.7,1.4030000000000002,1.3018679999999998,17.084773927978986,342.7737246629667
17.4,8.7,1.6020000000000003,1.3018679999999998,20.104589977293603,394.9647771426182
17.4,8.7,1.8010000000000004,1.3018679999999998,23.124406026608217,447.15582962226955
17.4,8.7,2.0,1.3018679999999998,26.144222075922826,499.34688210192087
17.4,11.6,0.01,1.3018679999999998,0.1864338427600089,50.72210966250049
17.4,11.6,0.20900000000000002,1.3018679999999998,3.896467313684186,114.84209194626044
17.4,11.6,0.40800000000000003,1.3018679999999998,7.606500784608363,178.96207423002036
17.4,11.6,0.607,1.3018679999999998,11.955552809268173,254.12612354596155
17.4,11.6,0.806,1.3018679999999998,16.854041347420306,338.78600619798385
17.4,11.6,1.0050000000000001,1.3018679999999998,21.629452284111323,421.31875612005575
17.4,11.6,1.2040000000000002,1.3018679999999998,27.37958583769112,520.6974987848616
17.4,11.6,1.4030000000000002,1.3018679999999998,32.98878474534984,617.640487952981
17.4,11.6,1.6020000000000003,1.3018679999999998,38.59798365300856,714.5834771211003
17.4,11.6,1.8010000000000004,1.3018679999999998,44.20718256066727,811.5264662892195
17.4,11.6,2.0,1.3018679999999998,49.81638146832598,908.4694554573385
17.4,14.5,0.01,1.3018679999999998,0.31556297945425643,52.95383021759561
17.4,14.5,0.20900000000000002,1.3018679999999998,6.59526627059396,161.48505154774838
17.4,14.5,0.40800000000000003,1.3018679999999998,12.874969561733664,270.0162728779012
17.4,14.5,0.607,1.3018679999999998,20.239108188134356,397.28963630185467
17.4,14.5,0.806,1.3018679999999998,28.53565850466599,540.6777387223472
17.4,14.5,1.0050000000000001,1.3018679999999998,36.62375278309381,680.4631250016214
17.4,14.5,1.2040000000000002,1.3018679999999998,45.909051884813934,840.9396324422395
17.4,14.5,1.4030000000000002,1.3018679999999998,54.966770126197765,997.4828921514697
17.4,14.5,1.6020000000000003,1.3018679999999998,64.02448836758161,1154.0261518607003
17.4,14.5,1.8010000000000004,1.3018679999999998,73.08220660896544,1310.5694115699305
17.4,14.5,2.0,1.3018679999999998,82.13992485034926,1467.1126712791606
17.4,17.4,0.01,1.3018679999999998,0.4851032953991289,55.88397145215981
17.4,17.4,0.20900000000000002,1.3018679999999998,10.138658873841797,222.72500335014027
17.4,17.4,0.40800000000000003,1.3018679999999998,19.792214452284462,389.5660352481206
17.4,17.4,0.607,1.3018679999999998,31.116369499026845,585.2798008155235
17.4,17.4,0.806,1.3018679999999998,43.87692782692413,805.8187205659814
17.4,17.4,1.0050000000000001,1.3018679999999998,56.316869111406916,1020.8164614282366
17.4,17.4,1.2040000000000002,1.3018679999999998,70.04184667993188,1258.023302130836
17.4,17.4,1.4030000000000002,1.3018679999999998,83.43042773942439,1489.4162496789602
17.4,17.4,1.6020000000000003,1.3018679999999998,96.81900879891688,1720.8091972270843
17.4,17.4,1.8010000000000004,1.3018679999999998,110.20758985840936,1952.2021447752081
17.4,17.4,2.0,1.3018679999999998,123.59617091790183,2183.5950923233318
17.4,20.3,0.01,1.3018679999999998,0.6977945268815409,59.55988383986292
17.4,20.3,0.20900000000000002,1.3018679999999998,14.583905611824203,299.5515722531352
17.4,20.3,0.40800000000000003,1.3018679999999998,28.470016696766866,539.5432606664074
17.4,20.3,0.607,1.3018679999999998,44.763496632086344,821.1411634835043
17.4,20.3,0.806,1.3018679999999998,63.12686380324384,1138.5126338253851
17.4,20.3,1.0050000000000001,1.3018679999999998,81.02883983944764,1447.9099466209875
17.4,20.3,1.2040000000000002,1.3018679999999998,100.11680035481858,1777.804460961801
17.4,20.3,1.4030000000000002,1.3018679999999998,118.73691870069513,2099.61332544132
17.4,20.3,1.6020000000000003,1.3018679999999998,137.35703704657166,2421.4221899208383
17.4,20.3,1.8010000000000004,1.3018679999999998,155.97715539244825,2743.2310544003576
17.4,20.3,2.0,1.3018679999999998,174.59727373832473,3065.0399188798756
17.4,23.2,0.01,1.3018679999999998,0.9560948652120117,64.02405195247925
17.4,23.2,0.20900000000000002,1.3018679999999998,19.982382682931046,392.8526858068164
17.4,23.2,0.40800000000000003,1.3018679999999998,39.00867050065008,721.6813196611537
17.4,23.2,0.607,1.3018679999999998,61.338563468219476,1107.60569276988
17.4,23.2,0.806,1.3018679999999998,86.50893936837053,1542.6217295365866
17.4,23.2,1.0050000000000001,1.3018679999999998,111.04689376349265,1966.70771512825
17.4,23.2,1.2040000000000002,1.3018679999999998,136.4364955223802,2405.512601318685
17.4,23.2,1.4030000000000002,1.3018679999999998,161.2038031205107,2833.562465788767
17.4,23.2,1.6020000000000003,1.3018679999999998,185.9711107186412,3261.6123302588485
17.4,23.2,1.8010000000000004,1.3018679999999998,210.73841831677174,3689.662194728931
17.4,23.2,2.0,1.3018679999999998,235.50572591490217,4117.7120591990115
17.4,26.099999999999998,0.01,1.3018679999999998,1.2622451145311757,69.31520329015802
17.4,26.099999999999998,0.20900000000000002,1.3018679999999998,26.380922893701573,503.43774876430274
17.4,26.099999999999998,0.40800000000000003,1.3018679999999998,51.49960067287197,937.5602942384477
17.4,26.099999999999998,0.607,1.3018679999999998,80.98567788197977,1447.1639846317328
17.4,26.099999999999998,0.806,1.3018679999999998,114.2269022644917,2021.6673510302605
17.4,26.099999999999998,1.0050000000000001,1.3018679999999998,146.63292000422695,2581.735959479076
17.4,26.099999999999998,1.2040000000000002,1.3018679999999998,179.27566757804738,3145.8959360749827
17.4,26.099999999999998,1.4030000000000002,1.3018679999999998,211.1183478093722,3696.228462264127
17.4,26.099999999999998,1.6020000000000003,1.3018679999999998,242.96102804069702,4246.5609884532705
17.4,26.099999999999998,1.8010000000000004,1.3018679999999998,274.8037082720218,4796.893514642415
17.4,26.099999999999998,2.0,1.3018679999999998,306.6463885033466,5347.226040831558
20.3,0.0,0.01,1.771987,0.0,55.625
20.3,0.0,0.20900000000000002,1.771987,0.0,55.625
20.3,0.0,0.40800000000000003,1.771987,0.0,55.625
20.3,0.0,0.607,1.771987,0.0,55.625
20.3,0.0,0.806,1.771987,0.0,55.625
20.3,0.0,1.0050000000000001,1.771987,0.0,55.625
20.3,0.0,1.2040000000000002,1.771987,0.0,55.625
20.3,0.0,1.4030000000000002,1.771987,0.0,55.625
20.3,0.0,1.6020000000000003,1.771987,0.0,55.625
20.3,0.0,1.8010000000000004,1.771987,0.0,55.625
20.3,0.0,2.0,1.771987,0.0,55.625
20.3,2.9,0.01,1.771987,0.007088792798734016,55.747514600536704
20.3,2.9,0.20900000000000002,1.771987,0.14815576949354092,58.18555515121707
20.3,2.9,0.40800000000000003,1.771987,0.28922274618834787,60.62359570189744
20.3,2.9,0.607,1.771987,0.4541948127309929,63.47478452995799
20.3,2.9,0.806,1.771987,0.6397207883016859,66.68120365258838
20.3,2.9,1.0050000000000001,1.771987,0.8205853071997483,69.80705948068032
20.3,2.9,1.2040000000000002,1.771987,1.107905595388644,74.77277527079895
20.3,2.9,1.4030000000000002,1.771987,1.3881837196513411,79.61678234057152
20.3,2.9,1.6020000000000003,1.771987,1.6684618439140382,84.4607894103441
20.3,2.9,1.8010000000000004,1.771987,1.9487399681767352,89.30479648011668
20.3,2.9,2.0,1.771987,2.2290180924394316,94.14880354988925
20.3,5.8,0.01,1.771987,0.03635369144939013,56.25329569327403
20.3,5.8,0.20900000000000002,1.771987,0.7597921512922537,68.75637998942727
20.3,5.8,0.40800000000000003,1.771987,1.4832306111351172,81.25946428558052
20.3,5.8,0.607,1.771987,2.3302678955779625,95.8986895372681
20.3,5.8,0.806,1.771987,3.283577066592756,112.37459673203197
20.3,5.8,1.0050000000000001,1.771987,4.212933745873508,128.43653640933945
20.3,5.8,1.2040000000000002,1.771987,5.503171487221943,150.7355322985846
20.3,5.8,1.4030000000000002,1.771987,6.761785754517719,172.48798417093641
20.3,5.8,1.6020000000000003,1.771987,8.020400021813495,194.24043604328827
20.3,5.8,1.8010000000000004,1.771987,9.279014289109274,215.99288791564018
20.3,5.8,2.0,1.771987,10.537628556405044,237.74533978799195
20.3,8.7,0.01,1.771987,0.09459278026427699,57.259833605209
20.3,8.7,0.20900000000000002,1.771987,1.9769891075233892,89.79302234886812
20.3,8.7,0.40800000000000003,1.771987,3.859385434782501,122.32621109252725
20.3,8.7,0.607,1.771987,6.064919413993733,160.44414204424643
20.3,8.7,0.806,1.771987,8.548291374322678,203.36390741784902
20.3,8.7,1.0050000000000001,1.771987,10.969267054241348,245.20528672678822
20.3,8.7,1.2040000000000002,1.771987,14.064957878664373,298.70767218331537
20.3,8.7,1.4030000000000002,1.771987,17.084773927978986,350.89872466296674
20.3,8.7,1.6020000000000003,1.771987,20.104589977293603,403.0897771426182
20.3,8.7,1.8010000000000004,1.771987,23.124406026608217,455.2808296222696
20.3,8.7,2.0,1.771987,26.144222075922826,507.4718821019209
20.3,11.6,0.01,1.771987,0.1864338427600089,58.8471096625005
20.3,11.6,0.20900000000000002,1.771987,3.896467313684186,122.96709194626042
20.3,11.6,0.40800000000000003,1.771987,7.606500784608363,187.08707423002033
20.3,11.6,0.607,1.771987,11.955552809268173,262.2511235459615
20.3,11.6,0.806,1.771987,16.854041347420306,346.91100619798385
20.3,11.6,1.0050000000000001,1.771987,21.629452284111323,429.4437561200558
20.3,11.6,1.2040000000000002,1.771987,27.37958583769112,528.8224987848616
20.3,11.6,1.4030000000000002,1.771987,32.98878474534984,625.765487952981
20.3,11.6,1.6020000000000003,1.771987,38.59798365300856,722.7084771211003
20.3,11.6,1.8010000000000004,1.771987,44.20718256066727,819.6514662892195
20.3,11.6,2.0,1.771987,49.81638146832598,916.5944554573385
20.3,14.5,0.01,1.771987,0.31556297945425643,61.078830217595616
20.3,14.5,0.20900000000000002,1.771987,6.59526627059396,169.61005154774838
20.3,14.5,0.40800000000000003,1.771987,12.874969561733664,278.14127287790114
20.3,14.5,0.607,1.771987,20.239108188134356,405.4146363018547
20.3,14.5,0.806,1.771987,28.53565850466599,548.8027387223473
20.3,14.5,1.0050000000000001,1.771987,36.62375278309381,688.5881250016213
20.3,14.5,1.2040000000000002,1.771987,45.909051884813934,849.0646324422395
20.3,14.5,1.4030000000000002,1.771987,54.966770126197765,1005.6078921514697
20.3,14.5,1.6020000000000003,1.771987,64.02448836758161,1162.1511518607
20.3,14.5,1.8010000000000004,1.771987,73.08220660896544,1318.6944115699305
20.3,14.5,2.0,1.771987,82.13992485034926,1475.2376712791604
20.3,17.4,0.01,1.771987,0.4851032953991289,64.00897145215981
20.3,17.4,0.20900000000000002,1.771987,10.138658873841797,230.85000335014027
20.3,17.4,0.40800000000000003,1.771987,19.792214452284462,397.69103524812067
20.3,17.4,0.607,1.771987,31.116369499026845,593.4048008155235
20.3,17.4,0.806,1.771987,43.87692782692413,813.9437205659813
20.3,17.4,1.0050000000000001,1.771987,56.316869111406916,1028.9414614282366
20.3,17.4,1.2040000000000002,1.771987,70.04184667993188,1266.148302130836
20.3,17.4,1.4030000000000002,1.771987,83.43042773942439,1497.5412496789602
20.3,17.4,1.6020000000000003,1.771987,96.81900879891688,1728.9341972270843
20.3,17.4,1.8010000000000004,1.771987,110.20758985840936,1960.327144775208
20.3,17.4,2.0,1.771987,123.59617091790183,2191.7200923233318
20.3,20.3,0.01,1.771987,0.6977945268815409,67.68488383986292
20.3,20.3,0.20900000000000002,1.771987,14.583905611824203,307.6765722531352
20.3,20.3,0.40800000000000003,1.771987,28.470016696766866,547.6682606664074
20.3,20.3,0.607,1.771987,44.763496632086344,829.2661634835043
20.3,20.3,0.806,1.771987,63.12686380324384,1146.6376338253851
20.3,20.3,1.0050000000000001,1.771987,81.02883983944764,1456.0349466209875
20.3,20.3,1.2040000000000002,1.771987,100.11680035481858,1785.929460961801
20.3,20.3,1.4030000000000002,1.771987,118.73691870069513,2107.73832544132
20.3,20.3,1.6020000000000003,1.771987,137.35703704657166,2429.5471899208387
20.3,20.3,1.8010000000000004,1.771987,155.97715539244825,2751.356054400358
20.3,20.3,2.0,1.771987,174.59727373832473,3073.1649188798756
20.3,23.2,0.01,1.771987,0.9560948652120117,72.14905195247925
20.3,23.2,0.20900000000000002,1.771987,19.982382682931046,400.97768580681645
20.3,23.2,0.40800000000000003,1.771987,39.00867050065008,729.8063196611536
20.3,23.2,0.607,1.771987,61.338563468219476,1115.73069276988
20.3,23.2,0.806,1.771987,86.50893936837053,1550.7467295365864
20.3,23.2,1.0050000000000001,1.771987,111.04689376349265,1974.8327151282497
20.3,23.2,1.2040000000000002,1.771987,136.4364955223802,2413.637601318685
20.3,23.2,1.4030000000000002,1.771987,161.2038031205107,2841.687465788767
20.3,23.2,1.6020000000000003,1.771987,185.9711107186412,3269.7373302588485
20.3,23.2,1.8010000000000004,1.771987,210.73841831677174,3697.787194728931
20.3,23.2,2.0,1.771987,235.50572591490217,4125.8370591990115
20.3,26.099999999999998,0.01,1.771987,1.2622451145311757,77.44020329015802
20.3,26.099999999999998,0.20900000000000002,1.771987,26.380922893701573,511.5627487643028
20.3,26.099999999999998,0.40800000000000003,1.771987,51.49960067287197,945.6852942384477
20.3,26.099999999999998,0.607,1.771987,80.98567788197977,1455.2889846317325
20.3,26.099999999999998,0.806,1.771987,114.2269022644917,2029.7923510302603
20.3,26.099999999999998,1.0050000000000001,1.771987,146.63292000422695,2589.860959479076
20.3,26.099999999999998,1.2040000000000002,1.771987,179.27566757804738,3154.0209360749827
20.3,26.099999999999998,1.4030000000000002,1.771987,211.1183478093722,3704.353462264127
20.3,26.099999999999998,1.6020000000000003,1.771987,242.96102804069702,4254.6859884532705
20.3,26.099999999999998,1.8010000000000004,1.771987,274.8037082720218,4805.0185146424155
20.3,26.099999999999998,2.0,1.771987,306.6463885033466,5355.351040831558
23.2,0.0,0.01,2.3144319999999996,0.0,65.0
23.2,0.0,0.20900000000000002,2.3144319999999996,0.0,65.0
23.2,0.0,0.40800000000000003,2.3144319999999996,0.0,65.0
23.2,0.0,0.607,2.3144319999999996,0.0,65.0
23.2,0.0,0.806,2.3144319999999996,0.0,65.0
23.2,0.0,1.0050000000000001,2.3144319999999996,0.0,65.0
23.2,0.0,1.2040000000000002,2.3144319999999996,0.0,65.0
23.2,0.0,1.4030000000000002,2.3144319999999996,0.0,65.0
23.2,0.0,1.6020000000000003,2.3144319999999996,0.0,65.0
23.2,0.0,1.8010000000000004,2.3144319999999996,0.0,65.0
23.2,0.0,2.0,2.3144319999999996,0.0,65.0
23.2,2.9,0.01,2.3144319999999996,0.007088792798734016,65.1225146005367
23.2,2.9,0.20900000000000002,2.3144319999999996,0.14815576949354092,67.56055515121707
23.2,2.9,0.40800000000000003,2.3144319999999996,0.28922274618834787,69.99859570189744
23.2,2.9,0.607,2.3144319999999996,0.4541948127309929,72.84978452995799
23.2,2.9,0.806,2.3144319999999996,0.6397207883016859,76.05620365258838
23.2,2.9,1.0050000000000001,2.3144319999999996,0.8205853071997483,79.18205948068032
23.2,2.9,1.2040000000000002,2.3144319999999996,1.107905595388644,84.14777527079895
23.2,2.9,1.4030000000000002,2.3144319999999996,1.3881837196513411,88.99178234057152
23.2,2.9,1.6020000000000003,2.3144319999999996,1.6684618439140382,93.83578941034409
23.2,2.9,1.8010000000000004,2.3144319999999996,1.9487399681767352,98.67979648011668
23.2,2.9,2.0,2.3144319999999996,2.2290180924394316,103.52380354988924
23.2,5.8,0.01,2.3144319999999996,0.03635369144939013,65.62829569327403
23.2,5.8,0.20900000000000002,2.3144319999999996,0.7597921512922537,78.13137998942727
23.2,5.8,0.40800000000000003,2.3144319999999996,1.4832306111351172,90.6344642855805
23.2,5.8,0.607,2.3144319999999996,2.3302678955779625,105.2736895372681
23.2,5.8,0.806,2.3144319999999996,3.283577066592756,121.74959673203196
23.2,5.8,1.0050000000000001,2.3144319999999996,4.212933745873508,137.81153640933945
23.2,5.8,1.2040000000000002,2.3144319999999996,5.503171487221943,160.11053229858456
23.2,5.8,1.4030000000000002,2.3144319999999996,6.761785754517719,181.86298417093641
23.2,5.8,1.6020000000000003,2.3144319999999996,8.020400021813495,203.61543604328827
23.2,5.8,1.8010000000000004,2.3144319999999996,9.279014289109274,225.36788791564018
23.2,5.8,2.0,2.3144319999999996,10.537628556405044,247.12033978799195
23.2,8.7,0.01,2.3144319999999996,0.09459278026427699,66.634833605209
23.2,8.7,0.20900000000000002,2.3144319999999996,1.9769891075233892,99.16802234886812
23.2,8.7,0.40800000000000003,2.3144319999999996,3.859385434782501,131.70121109252725
23.2,8.7,0.607,2.3144319999999996,6.064919413993733,169.8191420442464
23.2,8.7,0.806,2.3144319999999996,8.548291374322678,212.73890741784902
23.2,8.7,1.0050000000000001,2.3144319999999996,10.969267054241348,254.58028672678822
23.2,8.7,1.2040000000000002,2.3144319999999996,14.064957878664373,308.08267218331537
23.2,8.7,1.4030000000000002,2.3144319999999996,17.084773927978986,360.27372466296674
23.2,8.7,1.6020000000000003,2.3144319999999996,20.104589977293603,412.4647771426182
23.2,8.7,1.8010000000000004,2.3144319999999996,23.124406026608217,464.65582962226955
23.2,8.7,2.0,2.3144319999999996,26.144222075922826,516.846882101921
23.2,11.6,0.01,2.3144319999999996,0.1864338427600089,68.22210966250049
23.2,11.6,0.20900000000000002,2.3144319999999996,3.896467313684186,132.34209194626044
23.2,11.6,0.40800000000000003,2.3144319999999996,7.606500784608363,196.46207423002033
23.2,11.6,0.607,2.3144319999999996,11.955552809268173,271.6261235459615
23.2,11.6,0.806,2.3144319999999996,16.854041347420306,356.28600619798385
23.2,11.6,1.0050000000000001,2.3144319999999996,21.629452284111323,438.8187561200558
23.2,11.6,1.2040000000000002,2.3144319999999996,27.37958583769112,538.1974987848616
23.2,11.6,1.4030000000000002,2.3144319999999996,32.98878474534984,635.140487952981
23.2,11.6,1.6020000000000003,2.3144319999999996,38.59798365300856,732.0834771211003
23.2,11.6,1.8010000000000004,2.3144319999999996,44.20718256066727,829.0264662892195
23.2,11.6,2.0,2.3144319999999996,49.81638146832598,925.9694554573385
23.2,14.5,0.01,2.3144319999999996,0.31556297945425643,70.45383021759561
23.2,14.5,0.20900000000000002,2.3144319999999996,6.59526627059396,178.98505154774836
23.2,14.5,0.40800000000000003,2.3144319999999996,12.874969561733664,287.51627287790114
23.2,14.5,0.607,2.3144319999999996,20.239108188134356,414.7896363018547
23.2,14.5,0.806,2.3144319999999996,28.53565850466599,558.1777387223473
23.2,14.5,1.0050000000000001,2.3144319999999996,36.62375278309381,697.9631250016213
23.2,14.5,1.2040000000000002,2.3144319999999996,45.909051884813934,858.4396324422395
23.2,14.5,1.4030000000000002,2.3144319999999996,54.966770126197765,1014.9828921514697
23.2,14.5,1.6020000000000003,2.3144319999999996,64.02448836758161,1171.5261518607003
23.2,14.5,1.8010000000000004,2.3144319999999996,73.08220660896544,1328.0694115699305
23.2,14.5,2.0,2.3144319999999996,82.13992485034926,1484.6126712791606
23.2,17.4,0.01,2.3144319999999996,0.4851032953991289,73.38397145215981
23.2,17.4,0.20900000000000002,2.3144319999999996,10.138658873841797,240.22500335014027
23.2,17.4,0.40800000000000003,2.3144319999999996,19.792214452284462,407.06603524812067
23.2,17.4,0.607,2.3144319999999996,31.116369499026845,602.7798008155235
23.2,17.4,0.806,2.3144319999999996,43.87692782692413,823.3187205659813
23.2,17.4,1.0050000000000001,2.3144319999999996,56.316869111406916,1038.3164614282366
23.2,17.4,1.2040000000000002,2.3144319999999996,70.04184667993188,1275.523302130836
23.2,17.4,1.4030000000000002,2.3144319999999996,83.43042773942439,1506.9162496789602
23.2,17.4,1.6020000000000003,2.3144319999999996,96.81900879891688,1738.3091972270843
23.2,17.4,1.8010000000000004,2.3144319999999996,110.20758985840936,1969.7021447752081
23.2,17.4,2.0,2.3144319999999996,123.59617091790183,2201.0950923233318
23.2,20.3,0.01,2.3144319999999996,0.6977945268815409,77.05988383986292
23.2,20.3,0.20900000000000002,2.3144319999999996,14.583905611824203,317.0515722531352
23.2,20.3,0.40800000000000003,2.3144319999999996,28.470016696766866,557.0432606664074
23.2,20.3,0.607,2.3144319999999996,44.763496632086344,838.6411634835043
23.2,20.3,0.806,2.3144319999999996,63.12686380324384,1156.0126338253851
23.2,20.3,1.0050000000000001,2.3144319999999996,81.02883983944764,1465.4099466209875
23.2,20.3,1.2040000000000002,2.3144319999999996,100.11680035481858,1795.304460961801
23.2,20.3,1.4030000000000002,2.3144319999999996,118.73691870069513,2117.11332544132
23.2,20.3,1.6020000000000003,2.3144319999999996,137.35703704657166,2438.9221899208387
23.2,20.3,1.8010000000000004,2.3144319999999996,155.97715539244825,2760.731054400358
23.2,20.3,2.0,2.3144319999999996,174.59727373832473,3082.539918879876
23.2,23.2,0.01,2.3144319999999996,0.9560948652120117,81.52405195247925
23.2,23.2,0.20900000000000002,2.3144319999999996,19.982382682931046,410.35268580681645
23.2,23.2,0.40800000000000003,2.3144319999999996,39.00867050065008,739.1813196611536
23.2,23.2,0.607,2.3144319999999996,61.338563468219476,1125.10569276988
23.2,23.2,0.806,2.3144319999999996,86.50893936837053,1560.1217295365866
23.2,23.2,1.0050000000000001,2.3144319999999996,111.04689376349265,1984.20771512825
23.2,23.2,1.2040000000000002,2.3144319999999996,136.4364955223802,2423.0126013186855
23.2,23.2,1.4030000000000002,2.3144319999999996,161.2038031205107,2851.0624657887674
23.2,23.2,1.6020000000000003,2.3144319999999996,185.9711107186412,3279.1123302588485
23.2,23.2,1.8010000000000004,2.3144319999999996,210.73841831677174,3707.162194728931
23.2,23.2,2.0,2.3144319999999996,235.50572591490217,4135.2120591990115
23.2,26.099999999999998,0.01,2.3144319999999996,1.2622451145311757,86.81520329015802
23.2,26.099999999999998,0.20900000000000002,2.3144319999999996,26.380922893701573,520.9377487643028
23.2,26.099999999999998,0.40800000000000003,2.3144319999999996,51.49960067287197,955.0602942384477
23.2,26.099999999999998,0.607,2.3144319999999996,80.98567788197977,1464.6639846317328
23.2,26.099999999999998,0.806,2.3144319999999996,114.2269022644917,2039.1673510302605
23.2,26.099999999999998,1.0050000000000001,2.3144319999999996,146.63292000422695,2599.235959479076
23.2,26.099999999999998,1.2040000000000002,2.3144319999999996,179.27566757804738,3163.3959360749827
23.2,26.099999999999998,1.4030000000000002,2.3144319999999996,211.1183478093722,3713.728462264127
23.2,26.099999999999998,1.6020000000000003,2.3144319999999996,242.96102804069702,4264.0609884532705
23.2,26.099999999999998,1.8010000000000004,2.3144319999999996,274.8037082720218,4814.393514642415
23.2,26.099999999999998,2.0,2.3144319999999996,306.6463885033466,5364.726040831557
26.099999999999998,0.0,0.01,2.9292029999999993,0.0,75.62499999999999
26.099999999999998,0.0,0.20900000000000002,2.9292029999999993,0.0,75.62499999999999
26.099999999999998,0.0,0.40800000000000003,2.9292029999999993,0.0,75.62499999999999
26.099999999999998,0.0,0.607,2.9292029999999993,0.0,75.62499999999999
26.099999999999998,0.0,0.806,2.9292029999999993,0.0,75.62499999999999
26.099999999999998,0.0,1.0050000000000001,2.9292029999999993,0.0,75.62499999999999
26.099999999999998,0.0,1.2040000000000002,2.9292029999999993,0.0,75.62499999999999
26.099999999999998,0.0,1.4030000000000002,2.9292029999999993,0.0,75.62499999999999
26.099999999999998,0.0,1.6020000000000003,2.9292029999999993,0.0,75.62499999999999
26.099999999999998,0.0,1.8010000000000004,2.9292029999999993,0.0,75.62499999999999
26.099999999999998,0.0,2.0,2.9292029999999993,0.0,75.62499999999999
26.099999999999998,2.9,0.01,2.9292029999999993,0.007088792798734016,75.7475146005367
26.099999999999998,2.9,0.20900000000000002,2.9292029999999993,0.14815576949354092,78.18555515121707
26.099999999999998,2.9,0.40800000000000003,2.9292029999999993,0.28922274618834787,80.62359570189744
26.099999999999998,2.9,0.607,2.9292029999999993,0.4541948127309929,83.47478452995797
26.099999999999998,2.9,0.806,2.9292029999999993,0.6397207883016859,86.68120365258838
26.099999999999998,2.9,1.0050000000000001,2.9292029999999993,0.8205853071997483,89.80705948068031
26.099999999999998,2.9,1.2040000000000002,2.9292029999999993,1.107905595388644,94.77277527079895
26.099999999999998,2.9,1.4030000000000002,2.9292029999999993,1.3881837196513411,99.6167823405715
26.099999999999998,2.9,1.6020000000000003,2.9292029999999993,1.6684618439140382,104.46078941034408
26.099999999999998,2.9,1.8010000000000004,2.9292029999999993,1.9487399681767352,109.30479648011666
26.099999999999998,2.9,2.0,2.9292029999999993,2.2290180924394316,114.14880354988924
26.099999999999998,5.8,0.01,2.9292029999999993,0.03635369144939013,76.25329569327403
26.099999999999998,5.8,0.20900000000000002,2.9292029999999993,0.7597921512922537,88.75637998942727
26.099999999999998,5.8,0.40800000000000003,2.9292029999999993,1.4832306111351172,101.2594642855805
26.099999999999998,5.8,0.607,2.9292029999999993,2.3302678955779625,115.8986895372681
26.099999999999998,5.8,0.806,2.9292029999999993,3.283577066592756,132.37459673203196
26.099999999999998,5.8,1.0050000000000001,2.9292029999999993,4.212933745873508,148.43653640933945
26.099999999999998,5.8,1.2040000000000002,2.9292029999999993,5.503171487221943,170.7355322985846
26.099999999999998,5.8,1.4030000000000002,2.9292029999999993,6.761785754517719,192.48798417093641
26.099999999999998,5.8,1.6020000000000003,2.9292029999999993,8.020400021813495,214.24043604328827
26.099999999999998,5.8,1.8010000000000004,2.9292029999999993,9.279014289109274,235.99288791564015
26.099999999999998,5.8,2.0,2.9292029999999993,10.537628556405044,257.74533978799195
26.099999999999998,8.7,0.01,2.9292029999999993,0.09459278026427699,77.259833605209
26.099999999999998,8.7,0.20900000000000002,2.9292029999999993,1.9769891075233892,109.79302234886812
26.099999999999998,8.7,0.40800000000000003,2.9292029999999993,3.859385434782501,142.32621109252727
26.099999999999998,8.7,0.607,2.9292029999999993,6.064919413993733,180.4441420442464
26.099999999999998,8.7,0.806,2.9292029999999993,8.548291374322678,223.363907417849
26.099999999999998,8.7,1.0050000000000001,2.9292029999999993,10.969267054241348,265.2052867267882
26.099999999999998,8.7,1.2040000000000002,2.9292029999999993,14.064957878664373,318.7076721833153
26.099999999999998,8.7,1.4030000000000002,2.9292029999999993,17.084773927978986,370.8987246629667
26.099999999999998,8.7,1.6020000000000003,2.9292029999999993,20.104589977293603,423.0897771426182
26.099999999999998,8.7,1.8010000000000004,2.9292029999999993,23.124406026608217,475.2808296222696
26.099999999999998,8.7,2.0,2.9292029999999993,26.144222075922826,527.4718821019209
26.099999999999998,11.6,0.01,2.9292029999999993,0.1864338427600089,78.84710966250049
26.099999999999998,11.6,0.20900000000000002,2.9292029999999993,3.896467313684186,142.96709194626044
26.099999999999998,11.6,0.40800000000000003,2.9292029999999993,7.606500784608363,207.08707423002036
26.099999999999998,11.6,0.607,2.9292029999999993,11.955552809268173,282.25112354596155
26.099999999999998,11.6,0.806,2.9292029999999993,16.854041347420306,366.9110061979838
26.099999999999998,11.6,1.0050000000000001,2.9292029999999993,21.629452284111323,449.44375612005575
26.099999999999998,11.6,1.2040000000000002,2.9292029999999993,27.37958583769112,548.8224987848616
26.099999999999998,11.6,1.4030000000000002,2.9292029999999993,32.98878474534984,645.765487952981
26.099999999999998,11.6,1.6020000000000003,2.9292029999999993,38.59798365300856,742.7084771211003
26.099999999999998,11.6,1.8010000000000004,2.9292029999999993,44.20718256066727,839.6514662892195
26.099999999999998,11.6,2.0,2.9292029999999993,49.81638146832598,936.5944554573385
26.099999999999998,14.5,0.01,2.9292029999999993,0.31556297945425643,81.07883021759561
26.099999999999998,14.5,0.20900000000000002,2.9292029999999993,6.59526627059396,189.61005154774838
26.099999999999998,14.5,0.40800000000000003,2.9292029999999993,12.874969561733664,298.14127287790114
26.099999999999998,14.5,0.607,2.9292029999999993,20.239108188134356,425.4146363018547
26.099999999999998,14.5,0.806,2.9292029999999993,28.53565850466599,568.8027387223473
26.099999999999998,14.5,1.0050000000000001,2.9292029999999993,36.62375278309381,708.5881250016214
26.099999999999998,14.5,1.2040000000000002,2.9292029999999993,45.909051884813934,869.0646324422395
26.099999999999998,14.5,1.4030000000000002,2.9292029999999993,54.966770126197765,1025.6078921514697
26.099999999999998,14.5,1.6020000000000003,2.9292029999999993,64.02448836758161,1182.1511518607
26.099999999999998,14.5,1.8010000000000004,2.9292029999999993,73.08220660896544,1338.6944115699305
26.099999999999998,14.5,2.0,2.9292029999999993,82.13992485034926,1495.2376712791604
26.099999999999998,17.4,0.01,2.9292029999999993,0.4851032953991289,84.00897145215981
26.099999999999998,17.4,0.20900000000000002,2.9292029999999993,10.138658873841797,250.85000335014024
26.099999999999998,17.4,0.40800000000000003,2.9292029999999993,19.792214452284462,417.69103524812067
26.099999999999998,17.4,0.607,2.9292029999999993,31.116369499026845,613.4048008155235
26.099999999999998,17.4,0.806,2.9292029999999993,43.87692782692413,833.9437205659814
26.099999999999998,17.4,1.0050000000000001,2.9292029999999993,56.316869111406916,1048.9414614282366
26.099999999999998,17.4,1.2040000000000002,2.9292029999999993,70.04184667993188,1286.148302130836
26.099999999999998,17.4,1.4030000000000002,2.9292029999999993,83.43042773942439,1517.5412496789602
26.099999999999998,17.4,1.6020000000000003,2.9292029999999993,96.81900879891688,1748.9341972270843
26.099999999999998,17.4,1.8010000000000004,2.9292029999999993,110.20758985840936,1980.327144775208
26.099999999999998,17.4,2.0,2.9292029999999993,123.59617091790183,2211.7200923233318
26.099999999999998,20.3,0.01,2.9292029999999993,0.6977945268815409,87.68488383986292
26.099999999999998,20.3,0.20900000000000002,2.9292029999999993,14.583905611824203,327.67657225313513
26.099999999999998,20.3,0.40800000000000003,2.9292029999999993,28.470016696766866,567.6682606664074
26.099999999999998,20.3,0.607,2.9292029999999993,44.763496632086344,849.2661634835043
26.099999999999998,20.3,0.806,2.9292029999999993,63.12686380324384,1166.637633825385
26.099999999999998,20.3,1.0050000000000001,2.9292029999999993,81.02883983944764,1476.0349466209875
26.099999999999998,20.3,1.2040000000000002,2.9292029999999993,100.11680035481858,1805.929460961801
26.099999999999998,20.3,1.4030000000000002,2.9292029999999993,118.73691870069513,2127.73832544132
26.099999999999998,20.3,1.6020000000000003,2.9292029999999993,137.35703704657166,2449.5471899208387
26.099999999999998,20.3,1.8010000000000004,2.9292029999999993,155.97715539244825,2771.356054400358
26.099999999999998,20.3,2.0,2.9292029999999993,174.59727373832473,3093.164918879876
26.099999999999998,23.2,0.01,2.9292029999999993,0.9560948652120117,92.14905195247924
26.099999999999998,23.2,0.20900000000000002,2.9292029999999993,19.982382682931046,420.9776858068164
26.099999999999998,23.2,0.40800000000000003,2.9292029999999993,39.00867050065008,749.8063196611536
26.099999999999998,23.2,0.607,2.9292029999999993,61.338563468219476,1135.73069276988
26.099999999999998,23.2,0.806,2.9292029999999993,86.50893936837053,1570.7467295365864
26.099999999999998,23.2,1.0050000000000001,2.9292029999999993,111.04689376349265,1994.8327151282497
26.099999999999998,23.2,1.2040000000000002,2.9292029999999993,136.4364955223802,2433.6376013186855
26.099999999999998,23.2,1.4030000000000002,2.9292029999999993,161.2038031205107,2861.6874657887674
26.099999999999998,23.2,1.6020000000000003,2.9292029999999993,185.9711107186412,3289.737330258849
26.099999999999998,23.2,1.8010000000000004,2.9292029999999993,210.73841831677174,3717.7871947289314
26.099999999999998,23.2,2.0,2.9292029999999993,235.50572591490217,4145.8370591990115
26.099999999999998,26.099999999999998,0.01,2.9292029999999993,1.2622451145311757,97.44020329015801
26.099999999999998,26.099999999999998,0.20900000000000002,2.9292029999999993,26.380922893701573,531.5627487643028
26.099999999999998,26.099999999999998,0.40800000000000003,2.9292029999999993,51.49960067287197,965.6852942384477
26.099999999999998,26.099999999999998,0.607,2.9292029999999993,80.98567788197977,1475.2889846317325
26.099999999999998,26.099999999999998,0.806,2.9292029999999993,114.2269022644917,2049.7923510302603
26.099999999999998,26.099999999999998,1.0050000000000001,2.9292029999999993,146.63292000422695,2609.8609594790764
26.099999999999998,26.099999999999998,1.2040000000000002,2.9292029999999993,179.27566757804738,3174.020936074983
26.099999999999998,26.099999999999998,1.4030000000000002,2.9292029999999993,211.1183478093722,3724.3534622641273
26.099999999999998,26.099999999999998,1.6020000000000003,2.9292029999999993,242.96102804069702,4274.6859884532705
26.099999999999998,26.099999999999998,1.8010000000000004,2.9292029999999993,274.8037082720218,4825.018514642415
26.099999999999998,26.099999999999998,2.0,2.9292029999999993,306.6463885033466,5375.351040831557
