0.0,2.9,0.01,0.0,0.013481490667797458,25.220975440800498
0.0,2.9,0.20900000000000002,0.0,0.2817631549569669,29.618386712730366
0.0,2.9,0.40800000000000003,0.0,0.5500448192461364,34.01579798466024
0.0,2.9,0.607,0.0,0.8693406303298461,39.24938337507329
0.0,2.9,0.806,0.0,1.2324990723023197,45.20192221315413
0.0,2.9,1.0050000000000001,0.0,1.5865329303056352,51.00489977389624
0.0,2.9,1.2040000000000002,0.0,2.1343754057598363,59.984599088000735
0.0,2.9,1.4030000000000002,0.0,2.6687903695607473,68.74420773264188
0.0,2.9,1.6020000000000003,0.0,3.203205333361659,77.50381637728302
0.0,2.9,1.8010000000000004,0.0,3.73762029716257,86.26342502192415
0.0,2.9,2.0,0.0,4.27203526096348,95.02303366656528
0.0,5.8,0.01,0.0,0.06661445926623395,26.091879218905966
0.0,5.8,0.20900000000000002,0.0,1.3922421986642899,47.82027567513465
0.0,5.8,0.40800000000000003,0.0,2.717869938062346,69.54867213136335
0.0,5.8,0.607,0.0,4.274062562120253,95.0562632090389
0.0,5.8,0.806,0.0,6.028497890745512,123.81325526964076
0.0,5.8,1.0050000000000001,0.0,7.738851929706819,151.84770984128278
0.0,5.8,1.2040000000000002,0.0,10.18742768688955,191.9823745167033
0.0,5.8,1.4030000000000002,0.0,12.575989332376622,231.13334643047133
0.0,5.8,1.6020000000000003,0.0,14.964550977863697,270.2843183442394
0.0,5.8,1.8010000000000004,0.0,17.35311262335077,309.4352902580074
0.0,5.8,2.0,0.0,19.74167426883784,348.5862621717754
0.0,8.7,0.01,0.0,0.16960294331474565,27.779965961001587
0.0,8.7,0.20900000000000002,0.0,3.544701515278184,83.10128858493312
0.0,8.7,0.40800000000000003,0.0,6.919800087241622,138.42261120886465
0.0,8.7,0.607,0.0,10.850223150677127,202.84627105307626
0.0,8.7,0.806,0.0,15.258121477808244,275.0962395352857
0.0,8.7,1.0050000000000001,0.0,19.55526859068983,345.53088217623355
0.0,8.7,1.2040000000000002,0.0,25.42577951225434,441.75456919887796
0.0,8.7,1.4030000000000002,0.0,31.152405362211873,535.6198325199869
0.0,8.7,1.6020000000000003,0.0,36.87903121216941,629.4850958410958
0.0,8.7,1.8010000000000004,0.0,42.605657062126944,723.3503591622048
0.0,8.7,2.0,0.0,48.33228291208446,817.2156224833135
0.0,11.6,0.01,0.0,0.3291539706311808,30.395170722863526
0.0,11.6,0.20900000000000002,0.0,6.879317986191679,137.7590681078477
0.0,11.6,0.40800000000000003,0.0,13.429482001752175,245.12296549283187
0.0,11.6,0.607,0.0,21.014009745532086,369.44114385635055
0.0,11.6,0.806,0.0,29.487896956566082,508.33683483692715
0.0,11.6,1.0050000000000001,0.0,37.74887242862937,643.7426843355796
0.0,11.6,1.2040000000000002,0.0,48.65882791363271,822.5680295306057
0.0,11.6,1.4030000000000002,0.0,59.301382528905584,997.0104005786949
0.0,11.6,1.6020000000000003,0.0,69.94393714417845,1171.452771626784
0.0,11.6,1.8010000000000004,0.0,80.5864917594513,1345.8951426748731
0.0,11.6,2.0,0.0,91.22904637472416,1520.3375137229618
0.0,14.5,0.01,0.0,0.5505067633091782,34.0233697210113
0.0,14.5,0.20900000000000002,0.0,11.505591353161826,213.58842716913617
0.0,14.5,0.40800000000000003,0.0,22.460675943014476,393.15348461726103
0.0,14.5,0.607,0.0,35.08972388776503,600.156516051157
0.0,14.5,0.806,0.0,49.15806742738108,830.7510765195478
0.0,14.5,1.0050000000000001,0.0,62.87293499866506,1055.5518038103405
0.0,14.5,1.2040000000000002,0.0,80.5092993655213,1344.6298802721128
0.0,14.5,1.4030000000000002,0.0,97.71339989985657,1626.6227097617825
0.0,14.5,1.6020000000000003,0.0,114.91750043419181,1908.615539251452
0.0,14.5,1.8010000000000004,0.0,132.12160096852708,2190.608368741122
0.0,14.5,2.0,0.0,149.3257015028623,2472.601198230791
0.0,17.4,0.01,0.0,0.8380385105232079,38.736309569460374
0.0,17.4,0.20900000000000002,0.0,17.515004869935044,312.08887000172183
0.0,17.4,0.40800000000000003,0.0,34.19197122934688,585.4414304339833
0.0,17.4,0.607,0.0,53.3478274271733,899.4255343830142
0.0,17.4,0.806,0.0,74.63506554214126,1248.3451710754362
0.0,17.4,1.0050000000000001,0.0,95.38744842808991,1588.4979827253344
0.0,17.4,1.2040000000000002,0.0,121.49186197225289,2016.3760588151408
0.0,17.4,1.4030000000000002,0.0,146.9564614589609,2433.766927157648
0.0,17.4,1.6020000000000003,0.0,172.4210609456689,2851.157795500155
0.0,17.4,1.8010000000000004,0.0,197.88566043237694,3268.5486638426623
0.0,17.4,2.0,0.0,223.35025991908486,3685.939532185168
0.0,20.3,0.01,0.0,1.1955469656598063,44.59623933616035
0.0,20.3,0.20900000000000002,0.0,24.986931582289955,434.5614021257513
0.0,20.3,0.40800000000000003,0.0,48.7783161989201,824.5265649153422
0.0,20.3,0.607,0.0,76.02265291087845,1271.0891493202391
0.0,20.3,0.806,0.0,106.23588301321247,1766.3149373569881
0.0,20.3,1.0050000000000001,0.0,135.6899867310657,2249.0978663978385
0.0,20.3,1.2040000000000002,0.0,172.04930024138307,2845.0642567716745
0.0,20.3,1.4030000000000002,0.0,207.51745410683966,3426.423627773602
0.0,20.3,1.6020000000000003,0.0,242.9856079722963,4007.782998775531
0.0,20.3,1.8010000000000004,0.0,278.4537618377529,4589.142369777458
0.0,20.3,2.0,0.0,313.9219157032095,5170.501740779386
0.0,23.2,0.01,0.0,1.6264087042914666,51.658504553286676
0.0,23.2,0.20900000000000002,0.0,33.991941919691655,582.1627451636916
0.0,23.2,0.40800000000000003,0.0,66.35747513509183,1112.6669857740965
0.0,23.2,0.607,0.0,103.32230602865027,1718.5584262756363
0.0,23.2,0.806,0.0,144.24167324361582,2389.2687676181527
0.0,23.2,1.0050000000000001,0.0,184.13291565418527,3043.127090333972
0.0,23.2,1.2040000000000002,0.0,232.57257412997302,3837.1027082884993
0.0,23.2,1.4030000000000002,0.0,279.82498607449145,4611.618139528456
0.0,23.2,1.6020000000000003,0.0,327.07739801900993,5386.133570768411
0.0,23.2,1.8010000000000004,0.0,374.32980996352836,6160.649002008367
0.0,23.2,2.0,0.0,421.5822219080467,6935.16443324832
0.0,26.099999999999998,0.01,0.0,2.1336778765670683,59.97316587006948
0.0,26.099999999999998,0.20900000000000002,0.0,44.59386762025173,755.9391666844522
0.0,26.099999999999998,0.40800000000000003,0.0,87.05405736393638,1451.9051674988348
0.0,26.099999999999998,0.607,0.0,135.43483696137977,2244.9157003291284
0.0,26.099999999999998,0.806,0.0,188.9062171807466,3121.366391528244
0.0,26.099999999999998,1.0050000000000001,0.0,241.03409538455142,3975.7957085766275
0.0,26.099999999999998,1.2040000000000002,0.0,303.4132380583111,4998.253750402583
0.0,26.099999999999998,1.4030000000000002,0.0,364.2634801763414,5995.651546105352
0.0,26.099999999999998,1.6020000000000003,0.0,425.1137222943717,6993.049341808123
0.0,26.099999999999998,1.8010000000000004,0.0,485.9639644124019,7990.4471375108915
0.0,26.099999999999998,2.0,0.0,546.8142065304321,8987.84493321366
2.9,0.0,0.01,0.03364,0.0,25.551394056614598
2.9,0.0,0.20900000000000002,0.03364,0.0,25.551394056614598
2.9,0.0,0.40800000000000003,0.03364,0.0,25.551394056614598
2.9,0.0,0.607,0.03364,0.0,25.551394056614598
2.9,0.0,0.806,0.03364,0.0,25.551394056614598
2.9,0.0,1.0050000000000001,0.03364,0.0,25.551394056614598
2.9,0.0,1.2040000000000002,0.03364,0.0,25.551394056614598
2.9,0.0,1.4030000000000002,0.03364,0.0,25.551394056614598
2.9,0.0,1.6020000000000003,0.03364,0.0,25.551394056614598
2.9,0.0,1.8010000000000004,0.03364,0.0,25.551394056614598
2.9,0.0,2.0,0.03364,0.0,25.551394056614598
2.9,2.9,0.01,0.03364,0.013481490667797458,25.772369497415095
2.9,2.9,0.20900000000000002,0.03364,0.2817631549569669,30.169780769344964
2.9,2.9,0.40800000000000003,0.03364,0.5500448192461364,34.567192041274836
2.9,2.9,0.607,0.03364,0.8693406303298461,39.80077743168789
2.9,2.9,0.806,0.03364,1.2324990723023197,45.753316269768725
2.9,2.9,1.0050000000000001,0.03364,1.5865329303056352,51.55629383051084
2.9,2.9,1.2040000000000002,0.03364,2.1343754057598363,60.535993144615325
2.9,2.9,1.4030000000000002,0.03364,2.6687903695607473,69.29560178925647
2.9,2.9,1.6020000000000003,0.03364,3.203205333361659,78.0552104338976
2.9,2.9,1.8010000000000004,0.03364,3.73762029716257,86.81481907853875
2.9,2.9,2.0,0.03364,4.27203526096348,95.57442772317988
2.9,5.8,0.01,0.03364,0.06661445926623395,26.643273275520563
2.9,5.8,0.20900000000000002,0.03364,1.3922421986642899,48.37166973174925
2.9,5.8,0.40800000000000003,0.03364,2.717869938062346,70.10006618797794
2.9,5.8,0.607,0.03364,4.274062562120253,95.6076572656535
2.9,5.8,0.806,0.03364,6.028497890745512,124.36464932625536
2.9,5.8,1.0050000000000001,0.03364,7.738851929706819,152.39910389789736
2.9,5.8,1.2040000000000002,0.03364,10.18742768688955,192.53376857331787
2.9,5.8,1.4030000000000002,0.03364,12.575989332376622,231.68474048708592
2.9,5.8,1.6020000000000003,0.03364,14.964550977863697,270.83571240085394
2.9,5.8,1.8010000000000004,0.03364,17.35311262335077,309.98668431462204
2.9,5.8,2.0,0.03364,19.74167426883784,349.13765622839
2.9,8.7,0.01,0.03364,0.16960294331474565,28.331360017616184
2.9,8.7,0.20900000000000002,0.03364,3.544701515278184,83.65268264154773
2.9,8.7,0.40800000000000003,0.03364,6.919800087241622,138.97400526547926
2.9,8.7,0.607,0.03364,10.850223150677127,203.39766510969085
2.9,8.7,0.806,0.03364,15.258121477808244,275.64763359190033
2.9,8.7,1.0050000000000001,0.03364,19.55526859068983,346.0822762328482
2.9,8.7,1.2040000000000002,0.03364,25.42577951225434,442.30596325549254
2.9,8.7,1.4030000000000002,0.03364,31.152405362211873,536.1712265766015
2.9,8.7,1.6020000000000003,0.03364,36.87903121216941,630.0364898977105
2.9,8.7,1.8010000000000004,0.03364,42.605657062126944,723.9017532188194
2.9,8.7,2.0,0.03364,48.33228291208446,817.767016539928
2.9,11.6,0.01,0.03364,0.3291539706311808,30.946564779478123
2.9,11.6,0.20900000000000002,0.03364,6.879317986191679,138.3104621644623
2.9,11.6,0.40800000000000003,0.03364,13.429482001752175,245.67435954944645
2.9,11.6,0.607,0.03364,21.014009745532086,369.99253791296513
2.9,11.6,0.806,0.03364,29.487896956566082,508.88822889354174
2.9,11.6,1.0050000000000001,0.03364,37.74887242862937,644.2940783921941
2.9,11.6,1.2040000000000002,0.03364,48.65882791363271,823.1194235872202
2.9,11.6,1.4030000000000002,0.03364,59.301382528905584,997.5617946353094
2.9,11.6,1.6020000000000003,0.03364,69.94393714417845,1172.0041656833985
2.9,11.6,1.8010000000000004,0.03364,80.5864917594513,1346.4465367314876
2.9,11.6,2.0,0.03364,91.22904637472416,1520.8889077795764
2.9,14.5,0.01,0.03364,0.5505067633091782,34.5747637776259
2.9,14.5,0.20900000000000002,0.03364,11.505591353161826,214.13982122575075
2.9,14.5,0.40800000000000003,0.03364,22.460675943014476,393.7048786738756
2.9,14.5,0.607,0.03364,35.08972388776503,600.7079101077716
2.9,14.5,0.806,0.03364,49.15806742738108,831.3024705761624
2.9,14.5,1.0050000000000001,0.03364,62.87293499866506,1056.1031978669553
2.9,14.5,1.2040000000000002,0.03364,80.5092993655213,1345.1812743287273
2.9,14.5,1.4030000000000002,0.03364,97.71339989985657,1627.174103818397
2.9,14.5,1.6020000000000003,0.03364,114.91750043419181,1909.1669333080665
2.9,14.5,1.8010000000000004,0.03364,132.12160096852708,2191.1597627977367
2.9,14.5,2.0,0.03364,149.3257015028623,2473.1525922874057
2.9,17.4,0.01,0.03364,0.8380385105232079,39.28770362607497
2.9,17.4,0.20900000000000002,0.03364,17.515004869935044,312.6402640583364
2.9,17.4,0.40800000000000003,0.03364,34.19197122934688,585.992824490598
2.9,17.4,0.607,0.03364,53.3478274271733,899.9769284396289
2.9,17.4,0.806,0.03364,74.63506554214126,1248.8965651320507
2.9,17.4,1.0050000000000001,0.03364,95.38744842808991,1589.049376781949
2.9,17.4,1.2040000000000002,0.03364,121.49186197225289,2016.9274528717553
2.9,17.4,1.4030000000000002,0.03364,146.9564614589609,2434.3183212142626
2.9,17.4,1.6020000000000003,0.03364,172.4210609456689,2851.7091895567696
2.9,17.4,1.8010000000000004,0.03364,197.88566043237694,3269.100057899277
2.9,17.4,2.0,0.03364,223.35025991908486,3686.4909262417827
2.9,20.3,0.01,0.03364,1.1955469656598063,45.14763339277495
2.9,20.3,0.20900000000000002,0.03364,24.986931582289955,435.1127961823659
2.9,20.3,0.40800000000000003,0.03364,48.7783161989201,825.0779589719568
2.9,20.3,0.607,0.03364,76.02265291087845,1271.6405433768537
2.9,20.3,0.806,0.03364,106.23588301321247,1766.866331413603
2.9,20.3,1.0050000000000001,0.03364,135.6899867310657,2249.6492604544533
2.9,20.3,1.2040000000000002,0.03364,172.04930024138307,2845.6156508282893
2.9,20.3,1.4030000000000002,0.03364,207.51745410683966,3426.9750218302174
2.9,20.3,1.6020000000000003,0.03364,242.9856079722963,4008.3343928321456
2.9,20.3,1.8010000000000004,0.03364,278.4537618377529,4589.693763834073
2.9,20.3,2.0,0.03364,313.9219157032095,5171.053134836
2.9,23.2,0.01,0.03364,1.6264087042914666,52.20989860990127
2.9,23.2,0.20900000000000002,0.03364,33.991941919691655,582.7141392203063
2.9,23.2,0.40800000000000003,0.03364,66.35747513509183,1113.218379830711
2.9,23.2,0.607,0.03364,103.32230602865027,1719.1098203322508
2.9,23.2,0.806,0.03364,144.24167324361582,2389.8201616747674
2.9,23.2,1.0050000000000001,0.03364,184.13291565418527,3043.6784843905866
2.9,23.2,1.2040000000000002,0.03364,232.57257412997302,3837.6541023451146
2.9,23.2,1.4030000000000002,0.03364,279.82498607449145,4612.16953358507
2.9,23.2,1.6020000000000003,0.03364,327.07739801900993,5386.684964825025
2.9,23.2,1.8010000000000004,0.03364,374.32980996352836,6161.200396064982
2.9,23.2,2.0,0.03364,421.5822219080467,6935.715827304935
2.9,26.099999999999998,0.01,0.03364,2.1336778765670683,60.52455992668408
2.9,26.099999999999998,0.20900000000000002,0.03364,44.59386762025173,756.4905607410667
2.9,26.099999999999998,0.40800000000000003,0.03364,87.05405736393638,1452.4565615554493
2.9,26.099999999999998,0.607,0.03364,135.43483696137977,2245.467094385743
2.9,26.099999999999998,0.806,0.03364,188.9062171807466,3121.917785584859
2.9,26.099999999999998,1.0050000000000001,0.03364,241.03409538455142,3976.3471026332422
2.9,26.099999999999998,1.2040000000000002,0.03364,303.4132380583111,4998.805144459197
2.9,26.099999999999998,1.4030000000000002,0.03364,364.2634801763414,5996.2029401619675
2.9,26.099999999999998,1.6020000000000003,0.03364,425.1137222943717,6993.600735864738
2.9,26.099999999999998,1.8010000000000004,0.03364,485.9639644124019,7990.998531567507
2.9,26.099999999999998,2.0,0.03364,546.8142065304321,8988.396327270275
5.8,0.0,0.01,0.13456,0.0,27.20557622645839
5.8,0.0,0.20900000000000002,0.13456,0.0,27.20557622645839
5.8,0.0,0.40800000000000003,0.13456,0.0,27.20557622645839
5.8,0.0,0.607,0.13456,0.0,27.20557622645839
5.8,0.0,0.806,0.13456,0.0,27.20557622645839
5.8,0.0,1.0050000000000001,0.13456,0.0,27.20557622645839
5.8,0.0,1.2040000000000002,0.13456,0.0,27.20557622645839
5.8,0.0,1.4030000000000002,0.13456,0.0,27.20557622645839
5.8,0.0,1.6020000000000003,0.13456,0.0,27.20557622645839
5.8,0.0,1.8010000000000004,0.13456,0.0,27.20557622645839
5.8,0.0,2.0,0.13456,0.0,27.20557622645839
5.8,2.9,0.01,0.13456,0.013481490667797458,27.426551667258888
5.8,2.9,0.20900000000000002,0.13456,0.2817631549569669,31.82396293918876
5.8,2.9,0.40800000000000003,0.13456,0.5500448192461364,36.22137421111863
5.8,2.9,0.607,0.13456,0.8693406303298461,41.454959601531684
5.8,2.9,0.806,0.13456,1.2324990723023197,47.40749843961252
5.8,2.9,1.0050000000000001,0.13456,1.5865329303056352,53.21047600035463
5.8,2.9,1.2040000000000002,0.13456,2.1343754057598363,62.190175314459125
5.8,2.9,1.4030000000000002,0.13456,2.6687903695607473,70.94978395910027
5.8,2.9,1.6020000000000003,0.13456,3.203205333361659,79.7093926037414
5.8,2.9,1.8010000000000004,0.13456,3.73762029716257,88.46900124838254
5.8,2.9,2.0,0.13456,4.27203526096348,97.22860989302367
5.8,5.8,0.01,0.13456,0.06661445926623395,28.297455445364356
5.8,5.8,0.20900000000000002,0.13456,1.3922421986642899,50.02585190159304
5.8,5.8,0.40800000000000003,0.13456,2.717869938062346,71.75424835782174
5.8,5.8,0.607,0.13456,4.274062562120253,97.26183943549731
5.8,5.8,0.806,0.13456,6.028497890745512,126.01883149609915
5.8,5.8,1.0050000000000001,0.13456,7.738851929706819,154.05328606774117
5.8,5.8,1.2040000000000002,0.13456,10.18742768688955,194.18795074316168
5.8,5.8,1.4030000000000002,0.13456,12.575989332376622,233.33892265692973
5.8,5.8,1.6020000000000003,0.13456,14.964550977863697,272.48989457069774
5.8,5.8,1.8010000000000004,0.13456,17.35311262335077,311.64086648446585
5.8,5.8,2.0,0.13456,19.74167426883784,350.7918383982338
5.8,8.7,0.01,0.13456,0.16960294331474565,29.985542187459977
5.8,8.7,0.20900000000000002,0.13456,3.544701515278184,85.3068648113915
5.8,8.7,0.40800000000000003,0.13456,6.919800087241622,140.62818743532307
5.8,8.7,0.607,0.13456,10.850223150677127,205.05184727953466
5.8,8.7,0.806,0.13456,15.258121477808244,277.30181576174414
5.8,8.7,1.0050000000000001,0.13456,19.55526859068983,347.736458402692
5.8,8.7,1.2040000000000002,0.13456,25.42577951225434,443.96014542533635
5.8,8.7,1.4030000000000002,0.13456,31.152405362211873,537.8254087464453
5.8,8.7,1.6020000000000003,0.13456,36.87903121216941,631.6906720675541
5.8,8.7,1.8010000000000004,0.13456,42.605657062126944,725.5559353886631
5.8,8.7,2.0,0.13456,48.33228291208446,819.4211987097718
5.8,11.6,0.01,0.13456,0.3291539706311808,32.600746949321916
5.8,11.6,0.20900000000000002,0.13456,6.879317986191679,139.96464433430612
5.8,11.6,0.40800000000000003,0.13456,13.429482001752175,247.32854171929026
5.8,11.6,0.607,0.13456,21.014009745532086,371.646720082809
5.8,11.6,0.806,0.13456,29.487896956566082,510.54241106338554
5.8,11.6,1.0050000000000001,0.13456,37.74887242862937,645.948260562038
5.8,11.6,1.2040000000000002,0.13456,48.65882791363271,824.773605757064
5.8,11.6,1.4030000000000002,0.13456,59.301382528905584,999.2159768051532
5.8,11.6,1.6020000000000003,0.13456,69.94393714417845,1173.6583478532423
5.8,11.6,1.8010000000000004,0.13456,80.5864917594513,1348.1007189013314
5.8,11.6,2.0,0.13456,91.22904637472416,1522.5430899494202
5.8,14.5,0.01,0.13456,0.5505067633091782,36.22894594746969
5.8,14.5,0.20900000000000002,0.13456,11.505591353161826,215.79400339559456
5.8,14.5,0.40800000000000003,0.13456,22.460675943014476,395.3590608437195
5.8,14.5,0.607,0.13456,35.08972388776503,602.3620922776154
5.8,14.5,0.806,0.13456,49.15806742738108,832.9566527460062
5.8,14.5,1.0050000000000001,0.13456,62.87293499866506,1057.7573800367988
5.8,14.5,1.2040000000000002,0.13456,80.5092993655213,1346.8354564985711
5.8,14.5,1.4030000000000002,0.13456,97.71339989985657,1628.8282859882409
5.8,14.5,1.6020000000000003,0.13456,114.91750043419181,1910.8211154779103
5.8,14.5,1.8010000000000004,0.13456,132.12160096852708,2192.8139449675805
5.8,14.5,2.0,0.13456,149.3257015028623,2474.8067744572495
5.8,17.4,0.01,0.13456,0.8380385105232079,40.941885795918765
5.8,17.4,0.20900000000000002,0.13456,17.515004869935044,314.2944462281803
5.8,17.4,0.40800000000000003,0.13456,34.19197122934688,587.6470066604418
5.8,17.4,0.607,0.13456,53.3478274271733,901.6311106094726
5.8,17.4,0.806,0.13456,74.63506554214126,1250.5507473018945
5.8,17.4,1.0050000000000001,0.13456,95.38744842808991,1590.7035589517927
5.8,17.4,1.2040000000000002,0.13456,121.49186197225289,2018.5816350415992
5.8,17.4,1.4030000000000002,0.13456,146.9564614589609,2435.972503384106
5.8,17.4,1.6020000000000003,0.13456,172.4210609456689,2853.363371726613
5.8,17.4,1.8010000000000004,0.13456,197.88566043237694,3270.7542400691204
5.8,17.4,2.0,0.13456,223.35025991908486,3688.1451084116266
5.8,20.3,0.01,0.13456,1.1955469656598063,46.80181556261874
5.8,20.3,0.20900000000000002,0.13456,24.986931582289955,436.7669783522097
5.8,20.3,0.40800000000000003,0.13456,48.7783161989201,826.7321411418006
5.8,20.3,0.607,0.13456,76.02265291087845,1273.2947255466975
5.8,20.3,0.806,0.13456,106.23588301321247,1768.5205135834467
5.8,20.3,1.0050000000000001,0.13456,135.6899867310657,2251.303442624297
5.8,20.3,1.2040000000000002,0.13456,172.04930024138307,2847.269832998133
5.8,20.3,1.4030000000000002,0.13456,207.51745410683966,3428.629204000061
5.8,20.3,1.6020000000000003,0.13456,242.9856079722963,4009.9885750019894
5.8,20.3,1.8010000000000004,0.13456,278.4537618377529,4591.347946003916
5.8,20.3,2.0,0.13456,313.9219157032095,5172.707317005844
5.8,23.2,0.01,0.13456,1.6264087042914666,53.864080779745066
5.8,23.2,0.20900000000000002,0.13456,33.991941919691655,584.3683213901501
5.8,23.2,0.40800000000000003,0.13456,66.35747513509183,1114.8725620005548
5.8,23.2,0.607,0.13456,103.32230602865027,1720.7640025020946
5.8,23.2,0.806,0.13456,144.24167324361582,2391.4743438446108
5.8,23.2,1.0050000000000001,0.13456,184.13291565418527,3045.3326665604304
5.8,23.2,1.2040000000000002,0.13456,232.57257412997302,3839.308284514958
5.8,23.2,1.4030000000000002,0.13456,279.82498607449145,4613.823715754914
5.8,23.2,1.6020000000000003,0.13456,327.07739801900993,5388.339146994869
5.8,23.2,1.8010000000000004,0.13456,374.32980996352836,6162.854578234825
5.8,23.2,2.0,0.13456,421.5822219080467,6937.370009474779
5.8,26.099999999999998,0.01,0.13456,2.1336778765670683,62.17874209652787
5.8,26.099999999999998,0.20900000000000002,0.13456,44.59386762025173,758.1447429109105
5.8,26.099999999999998,0.40800000000000003,0.13456,87.05405736393638,1454.110743725293
5.8,26.099999999999998,0.607,0.13456,135.43483696137977,2247.121276555587
5.8,26.099999999999998,0.806,0.13456,188.9062171807466,3123.5719677547027
5.8,26.099999999999998,1.0050000000000001,0.13456,241.03409538455142,3978.001284803086
5.8,26.099999999999998,1.2040000000000002,0.13456,303.4132380583111,5000.459326629041
5.8,26.099999999999998,1.4030000000000002,0.13456,364.2634801763414,5997.857122331811
5.8,26.099999999999998,1.6020000000000003,0.13456,425.1137222943717,6995.254918034581
5.8,26.099999999999998,1.8010000000000004,0.13456,485.9639644124019,7992.6527137373505
5.8,26.099999999999998,2.0,0.13456,546.8142065304321,8990.05050944012
8.7,0.0,0.01,0.3027599999999999,0.0,29.96254650953138
8.7,0.0,0.20900000000000002,0.3027599999999999,0.0,29.96254650953138
8.7,0.0,0.40800000000000003,0.3027599999999999,0.0,29.96254650953138
8.7,0.0,0.607,0.3027599999999999,0.0,29.96254650953138
8.7,0.0,0.806,0.3027599999999999,0.0,29.96254650953138
8.7,0.0,1.0050000000000001,0.3027599999999999,0.0,29.96254650953138
8.7,0.0,1.2040000000000002,0.3027599999999999,0.0,29.96254650953138
8.7,0.0,1.4030000000000002,0.3027599999999999,0.0,29.96254650953138
8.7,0.0,1.6020000000000003,0.3027599999999999,0.0,29.96254650953138
8.7,0.0,1.8010000000000004,0.3027599999999999,0.0,29.96254650953138
8.7,0.0,2.0,0.3027599999999999,0.0,29.96254650953138
8.7,2.9,0.01,0.3027599999999999,0.013481490667797458,30.183521950331876
8.7,2.9,0.20900000000000002,0.3027599999999999,0.2817631549569669,34.58093322226175
8.7,2.9,0.40800000000000003,0.3027599999999999,0.5500448192461364,38.97834449419162
8.7,2.9,0.607,0.3027599999999999,0.8693406303298461,44.21192988460467
8.7,2.9,0.806,0.3027599999999999,1.2324990723023197,50.164468722685505
8.7,2.9,1.0050000000000001,0.3027599999999999,1.5865329303056352,55.96744628342762
8.7,2.9,1.2040000000000002,0.3027599999999999,2.1343754057598363,64.94714559753211
8.7,2.9,1.4030000000000002,0.3027599999999999,2.6687903695607473,73.70675424217325
8.7,2.9,1.6020000000000003,0.3027599999999999,3.203205333361659,82.4663628868144
8.7,2.9,1.8010000000000004,0.3027599999999999,3.73762029716257,91.22597153145553
8.7,2.9,2.0,0.3027599999999999,4.27203526096348,99.98558017609666
8.7,5.8,0.01,0.3027599999999999,0.06661445926623395,31.054425728437344
8.7,5.8,0.20900000000000002,0.3027599999999999,1.3922421986642899,52.78282218466603
8.7,5.8,0.40800000000000003,0.3027599999999999,2.717869938062346,74.51121864089473
8.7,5.8,0.607,0.3027599999999999,4.274062562120253,100.01880971857028
8.7,5.8,0.806,0.3027599999999999,6.028497890745512,128.77580177917213
8.7,5.8,1.0050000000000001,0.3027599999999999,7.738851929706819,156.81025635081414
8.7,5.8,1.2040000000000002,0.3027599999999999,10.18742768688955,196.94492102623468
8.7,5.8,1.4030000000000002,0.3027599999999999,12.575989332376622,236.09589294000273
8.7,5.8,1.6020000000000003,0.3027599999999999,14.964550977863697,275.2468648537708
8.7,5.8,1.8010000000000004,0.3027599999999999,17.35311262335077,314.39783676753876
8.7,5.8,2.0,0.3027599999999999,19.74167426883784,353.54880868130675
8.7,8.7,0.01,0.3027599999999999,0.16960294331474565,32.742512470532965
8.7,8.7,0.20900000000000002,0.3027599999999999,3.544701515278184,88.06383509446451
8.7,8.7,0.40800000000000003,0.3027599999999999,6.919800087241622,143.38515771839604
8.7,8.7,0.607,0.3027599999999999,10.850223150677127,207.80881756260766
8.7,8.7,0.806,0.3027599999999999,15.258121477808244,280.0587860448171
8.7,8.7,1.0050000000000001,0.3027599999999999,19.55526859068983,350.4934286857649
8.7,8.7,1.2040000000000002,0.3027599999999999,25.42577951225434,446.7171157084093
8.7,8.7,1.4030000000000002,0.3027599999999999,31.152405362211873,540.5823790295183
8.7,8.7,1.6020000000000003,0.3027599999999999,36.87903121216941,634.4476423506272
8.7,8.7,1.8010000000000004,0.3027599999999999,42.605657062126944,728.3129056717362
8.7,8.7,2.0,0.3027599999999999,48.33228291208446,822.1781689928449
8.7,11.6,0.01,0.3027599999999999,0.3291539706311808,35.357717232394904
8.7,11.6,0.20900000000000002,0.3027599999999999,6.879317986191679,142.7216146173791
8.7,11.6,0.40800000000000003,0.3027599999999999,13.429482001752175,250.08551200236326
8.7,11.6,0.607,0.3027599999999999,21.014009745532086,374.4036903658819
8.7,11.6,0.806,0.3027599999999999,29.487896956566082,513.2993813464585
8.7,11.6,1.0050000000000001,0.3027599999999999,37.74887242862937,648.705230845111
8.7,11.6,1.2040000000000002,0.3027599999999999,48.65882791363271,827.5305760401371
8.7,11.6,1.4030000000000002,0.3027599999999999,59.301382528905584,1001.9729470882263
8.7,11.6,1.6020000000000003,0.3027599999999999,69.94393714417845,1176.4153181363151
8.7,11.6,1.8010000000000004,0.3027599999999999,80.5864917594513,1350.8576891844043
8.7,11.6,2.0,0.3027599999999999,91.22904637472416,1525.3000602324933
8.7,14.5,0.01,0.3027599999999999,0.5505067633091782,38.985916230542685
8.7,14.5,0.20900000000000002,0.3027599999999999,11.505591353161826,218.55097367866756
8.7,14.5,0.40800000000000003,0.3027599999999999,22.460675943014476,398.1160311267924
8.7,14.5,0.607,0.3027599999999999,35.08972388776503,605.1190625606885
8.7,14.5,0.806,0.3027599999999999,49.15806742738108,835.7136230290793
8.7,14.5,1.0050000000000001,0.3027599999999999,62.87293499866506,1060.514350319872
8.7,14.5,1.2040000000000002,0.3027599999999999,80.5092993655213,1349.592426781644
8.7,14.5,1.4030000000000002,0.3027599999999999,97.71339989985657,1631.5852562713137
8.7,14.5,1.6020000000000003,0.3027599999999999,114.91750043419181,1913.5780857609834
8.7,14.5,1.8010000000000004,0.3027599999999999,132.12160096852708,2195.5709152506533
8.7,14.5,2.0,0.3027599999999999,149.3257015028623,2477.563744740323
8.7,17.4,0.01,0.3027599999999999,0.8380385105232079,43.69885607899175
8.7,17.4,0.20900000000000002,0.3027599999999999,17.515004869935044,317.0514165112532
8.7,17.4,0.40800000000000003,0.3027599999999999,34.19197122934688,590.4039769435147
8.7,17.4,0.607,0.3027599999999999,53.3478274271733,904.3880808925456
8.7,17.4,0.806,0.3027599999999999,74.63506554214126,1253.3077175849673
8.7,17.4,1.0050000000000001,0.3027599999999999,95.38744842808991,1593.4605292348656
8.7,17.4,1.2040000000000002,0.3027599999999999,121.49186197225289,2021.338605324672
8.7,17.4,1.4030000000000002,0.3027599999999999,146.9564614589609,2438.7294736671793
8.7,17.4,1.6020000000000003,0.3027599999999999,172.4210609456689,2856.1203420096863
8.7,17.4,1.8010000000000004,0.3027599999999999,197.88566043237694,3273.5112103521938
8.7,17.4,2.0,0.3027599999999999,223.35025991908486,3690.9020786947
8.7,20.3,0.01,0.3027599999999999,1.1955469656598063,49.55878584569173
8.7,20.3,0.20900000000000002,0.3027599999999999,24.986931582289955,439.52394863528264
8.7,20.3,0.40800000000000003,0.3027599999999999,48.7783161989201,829.4891114248736
8.7,20.3,0.607,0.3027599999999999,76.02265291087845,1276.0516958297703
8.7,20.3,0.806,0.3027599999999999,106.23588301321247,1771.2774838665196
8.7,20.3,1.0050000000000001,0.3027599999999999,135.6899867310657,2254.06041290737
8.7,20.3,1.2040000000000002,0.3027599999999999,172.04930024138307,2850.026803281206
8.7,20.3,1.4030000000000002,0.3027599999999999,207.51745410683966,3431.386174283134
8.7,20.3,1.6020000000000003,0.3027599999999999,242.9856079722963,4012.7455452850622
8.7,20.3,1.8010000000000004,0.3027599999999999,278.4537618377529,4594.1049162869895
8.7,20.3,2.0,0.3027599999999999,313.9219157032095,5175.464287288917
8.7,23.2,0.01,0.3027599999999999,1.6264087042914666,56.62105106281806
8.7,23.2,0.20900000000000002,0.3027599999999999,33.991941919691655,587.125291673223
8.7,23.2,0.40800000000000003,0.3027599999999999,66.35747513509183,1117.629532283628
8.7,23.2,0.607,0.3027599999999999,103.32230602865027,1723.5209727851677
8.7,23.2,0.806,0.3027599999999999,144.24167324361582,2394.231314127684
8.7,23.2,1.0050000000000001,0.3027599999999999,184.13291565418527,3048.0896368435037
8.7,23.2,1.2040000000000002,0.3027599999999999,232.57257412997302,3842.065254798031
8.7,23.2,1.4030000000000002,0.3027599999999999,279.82498607449145,4616.580686037987
8.7,23.2,1.6020000000000003,0.3027599999999999,327.07739801900993,5391.0961172779425
8.7,23.2,1.8010000000000004,0.3027599999999999,374.32980996352836,6165.611548517898
8.7,23.2,2.0,0.3027599999999999,421.5822219080467,6940.126979757852
8.7,26.099999999999998,0.01,0.3027599999999999,2.1336778765670683,64.93571237960086
8.7,26.099999999999998,0.20900000000000002,0.3027599999999999,44.59386762025173,760.9017131939836
8.7,26.099999999999998,0.40800000000000003,0.3027599999999999,87.05405736393638,1456.867714008366
8.7,26.099999999999998,0.607,0.3027599999999999,135.43483696137977,2249.87824683866
8.7,26.099999999999998,0.806,0.3027599999999999,188.9062171807466,3126.3289380377755
8.7,26.099999999999998,1.0050000000000001,0.3027599999999999,241.03409538455142,3980.758255086159
8.7,26.099999999999998,1.2040000000000002,0.3027599999999999,303.4132380583111,5003.216296912115
8.7,26.099999999999998,1.4030000000000002,0.3027599999999999,364.2634801763414,6000.614092614884
8.7,26.099999999999998,1.6020000000000003,0.3027599999999999,425.1137222943717,6998.011888317655
8.7,26.099999999999998,1.8010000000000004,0.3027599999999999,485.9639644124019,7995.409684020424
8.7,26.099999999999998,2.0,0.3027599999999999,546.8142065304321,8992.807479723193
11.6,0.0,0.01,0.53824,0.0,33.82230490583357
11.6,0.0,0.20900000000000002,0.53824,0.0,33.82230490583357
11.6,0.0,0.40800000000000003,0.53824,0.0,33.82230490583357
11.6,0.0,0.607,0.53824,0.0,33.82230490583357
11.6,0.0,0.806,0.53824,0.0,33.82230490583357
11.6,0.0,1.0050000000000001,0.53824,0.0,33.82230490583357
11.6,0.0,1.2040000000000002,0.53824,0.0,33.82230490583357
11.6,0.0,1.4030000000000002,0.53824,0.0,33.82230490583357
11.6,0.0,1.6020000000000003,0.53824,0.0,33.82230490583357
11.6,0.0,1.8010000000000004,0.53824,0.0,33.82230490583357
11.6,0.0,2.0,0.53824,0.0,33.82230490583357
11.6,2.9,0.01,0.53824,0.013481490667797458,34.04328034663406
11.6,2.9,0.20900000000000002,0.53824,0.2817631549569669,38.44069161856393
11.6,2.9,0.40800000000000003,0.53824,0.5500448192461364,42.83810289049381
11.6,2.9,0.607,0.53824,0.8693406303298461,48.071688280906855
11.6,2.9,0.806,0.53824,1.2324990723023197,54.024227118987696
11.6,2.9,1.0050000000000001,0.53824,1.5865329303056352,59.82720467972981
11.6,2.9,1.2040000000000002,0.53824,2.1343754057598363,68.8069039938343
11.6,2.9,1.4030000000000002,0.53824,2.6687903695607473,77.56651263847544
11.6,2.9,1.6020000000000003,0.53824,3.203205333361659,86.32612128311658
11.6,2.9,1.8010000000000004,0.53824,3.73762029716257,95.08572992775771
11.6,2.9,2.0,0.53824,4.27203526096348,103.84533857239884
11.6,5.8,0.01,0.53824,0.06661445926623395,34.914184124739535
11.6,5.8,0.20900000000000002,0.53824,1.3922421986642899,56.64258058096822
11.6,5.8,0.40800000000000003,0.53824,2.717869938062346,78.37097703719691
11.6,5.8,0.607,0.53824,4.274062562120253,103.87856811487246
11.6,5.8,0.806,0.53824,6.028497890745512,132.63556017547432
11.6,5.8,1.0050000000000001,0.53824,7.738851929706819,160.67001474711634
11.6,5.8,1.2040000000000002,0.53824,10.18742768688955,200.80467942253685
11.6,5.8,1.4030000000000002,0.53824,12.575989332376622,239.9556513363049
11.6,5.8,1.6020000000000003,0.53824,14.964550977863697,279.10662325007297
11.6,5.8,1.8010000000000004,0.53824,17.35311262335077,318.257595163841
11.6,5.8,2.0,0.53824,19.74167426883784,357.40856707760895
11.6,8.7,0.01,0.53824,0.16960294331474565,36.602270866835156
11.6,8.7,0.20900000000000002,0.53824,3.544701515278184,91.92359349076669
11.6,8.7,0.40800000000000003,0.53824,6.919800087241622,147.24491611469824
11.6,8.7,0.607,0.53824,10.850223150677127,211.66857595890983
11.6,8.7,0.806,0.53824,15.258121477808244,283.9185444411193
11.6,8.7,1.0050000000000001,0.53824,19.55526859068983,354.35318708206717
11.6,8.7,1.2040000000000002,0.53824,25.42577951225434,450.5768741047115
11.6,8.7,1.4030000000000002,0.53824,31.152405362211873,544.4421374258205
11.6,8.7,1.6020000000000003,0.53824,36.87903121216941,638.3074007469294
11.6,8.7,1.8010000000000004,0.53824,42.605657062126944,732.1726640680383
11.6,8.7,2.0,0.53824,48.33228291208446,826.0379273891471
11.6,11.6,0.01,0.53824,0.3291539706311808,39.217475628697095
11.6,11.6,0.20900000000000002,0.53824,6.879317986191679,146.58137301368126
11.6,11.6,0.40800000000000003,0.53824,13.429482001752175,253.94527039866543
11.6,11.6,0.607,0.53824,21.014009745532086,378.26344876218417
11.6,11.6,0.806,0.53824,29.487896956566082,517.1591397427608
11.6,11.6,1.0050000000000001,0.53824,37.74887242862937,652.5649892414131
11.6,11.6,1.2040000000000002,0.53824,48.65882791363271,831.3903344364392
11.6,11.6,1.4030000000000002,0.53824,59.301382528905584,1005.8327054845284
11.6,11.6,1.6020000000000003,0.53824,69.94393714417845,1180.2750765326175
11.6,11.6,1.8010000000000004,0.53824,80.5864917594513,1354.7174475807067
11.6,11.6,2.0,0.53824,91.22904637472416,1529.1598186287956
11.6,14.5,0.01,0.53824,0.5505067633091782,42.84567462684487
11.6,14.5,0.20900000000000002,0.53824,11.505591353161826,222.41073207496973
11.6,14.5,0.40800000000000003,0.53824,22.460675943014476,401.97578952309465
11.6,14.5,0.607,0.53824,35.08972388776503,608.9788209569906
11.6,14.5,0.806,0.53824,49.15806742738108,839.5733814253813
11.6,14.5,1.0050000000000001,0.53824,62.87293499866506,1064.374108716174
11.6,14.5,1.2040000000000002,0.53824,80.5092993655213,1353.4521851779464
11.6,14.5,1.4030000000000002,0.53824,97.71339989985657,1635.445014667616
11.6,14.5,1.6020000000000003,0.53824,114.91750043419181,1917.4378441572858
11.6,14.5,1.8010000000000004,0.53824,132.12160096852708,2199.4306736469553
11.6,14.5,2.0,0.53824,149.3257015028623,2481.4235031366243
11.6,17.4,0.01,0.53824,0.8380385105232079,47.55861447529394
11.6,17.4,0.20900000000000002,0.53824,17.515004869935044,320.91117490755545
11.6,17.4,0.40800000000000003,0.53824,34.19197122934688,594.2637353398169
11.6,17.4,0.607,0.53824,53.3478274271733,908.2478392888478
11.6,17.4,0.806,0.53824,74.63506554214126,1257.1674759812697
11.6,17.4,1.0050000000000001,0.53824,95.38744842808991,1597.320287631168
11.6,17.4,1.2040000000000002,0.53824,121.49186197225289,2025.1983637209744
11.6,17.4,1.4030000000000002,0.53824,146.9564614589609,2442.589232063481
11.6,17.4,1.6020000000000003,0.53824,172.4210609456689,2859.980100405988
11.6,17.4,1.8010000000000004,0.53824,197.88566043237694,3277.3709687484957
11.6,17.4,2.0,0.53824,223.35025991908486,3694.7618370910013
11.6,20.3,0.01,0.53824,1.1955469656598063,53.418544241993914
11.6,20.3,0.20900000000000002,0.53824,24.986931582289955,443.3837070315849
11.6,20.3,0.40800000000000003,0.53824,48.7783161989201,833.3488698211758
11.6,20.3,0.607,0.53824,76.02265291087845,1279.9114542260727
11.6,20.3,0.806,0.53824,106.23588301321247,1775.137242262822
11.6,20.3,1.0050000000000001,0.53824,135.6899867310657,2257.920171303672
11.6,20.3,1.2040000000000002,0.53824,172.04930024138307,2853.886561677508
11.6,20.3,1.4030000000000002,0.53824,207.51745410683966,3435.245932679436
11.6,20.3,1.6020000000000003,0.53824,242.9856079722963,4016.605303681364
11.6,20.3,1.8010000000000004,0.53824,278.4537618377529,4597.964674683291
11.6,20.3,2.0,0.53824,313.9219157032095,5179.324045685219
11.6,23.2,0.01,0.53824,1.6264087042914666,60.48080945912025
11.6,23.2,0.20900000000000002,0.53824,33.991941919691655,590.9850500695252
11.6,23.2,0.40800000000000003,0.53824,66.35747513509183,1121.48929067993
11.6,23.2,0.607,0.53824,103.32230602865027,1727.38073118147
11.6,23.2,0.806,0.53824,144.24167324361582,2398.091072523986
11.6,23.2,1.0050000000000001,0.53824,184.13291565418527,3051.9493952398057
11.6,23.2,1.2040000000000002,0.53824,232.57257412997302,3845.925013194333
11.6,23.2,1.4030000000000002,0.53824,279.82498607449145,4620.440444434289
11.6,23.2,1.6020000000000003,0.53824,327.07739801900993,5394.955875674244
11.6,23.2,1.8010000000000004,0.53824,374.32980996352836,6169.4713069142
11.6,23.2,2.0,0.53824,421.5822219080467,6943.9867381541535
11.6,26.099999999999998,0.01,0.53824,2.1336778765670683,68.79547077590306
11.6,26.099999999999998,0.20900000000000002,0.53824,44.59386762025173,764.7614715902856
11.6,26.099999999999998,0.40800000000000003,0.53824,87.05405736393638,1460.7274724046683
11.6,26.099999999999998,0.607,0.53824,135.43483696137977,2253.7380052349617
11.6,26.099999999999998,0.806,0.53824,188.9062171807466,3130.1886964340774
11.6,26.099999999999998,1.0050000000000001,0.53824,241.03409538455142,3984.618013482461
11.6,26.099999999999998,1.2040000000000002,0.53824,303.4132380583111,5007.0760553084165
11.6,26.099999999999998,1.4030000000000002,0.53824,364.2634801763414,6004.473851011186
11.6,26.099999999999998,1.6020000000000003,0.53824,425.1137222943717,7001.871646713957
11.6,26.099999999999998,1.8010000000000004,0.53824,485.9639644124019,7999.269442416726
11.6,26.099999999999998,2.0,0.53824,546.8142065304321,8996.667238119495
14.5,0.0,0.01,0.841,0.0,38.78485141536495
14.5,0.0,0.20900000000000002,0.841,0.0,38.78485141536495
14.5,0.0,0.40800000000000003,0.841,0.0,38.78485141536495
14.5,0.0,0.607,0.841,0.0,38.78485141536495
14.5,0.0,0.806,0.841,0.0,38.78485141536495
14.5,0.0,1.0050000000000001,0.841,0.0,38.78485141536495
14.5,0.0,1.2040000000000002,0.841,0.0,38.78485141536495
14.5,0.0,1.4030000000000002,0.841,0.0,38.78485141536495
14.5,0.0,1.6020000000000003,0.841,0.0,38.78485141536495
14.5,0.0,1.8010000000000004,0.841,0.0,38.78485141536495
14.5,0.0,2.0,0.841,0.0,38.78485141536495
14.5,2.9,0.01,0.841,0.013481490667797458,39.00582685616545
14.5,2.9,0.20900000000000002,0.841,0.2817631549569669,43.40323812809532
14.5,2.9,0.40800000000000003,0.841,0.5500448192461364,47.800649400025186
14.5,2.9,0.607,0.841,0.8693406303298461,53.03423479043824
14.5,2.9,0.806,0.841,1.2324990723023197,58.986773628519074
14.5,2.9,1.0050000000000001,0.841,1.5865329303056352,64.78975118926118
14.5,2.9,1.2040000000000002,0.841,2.1343754057598363,73.76945050336568
14.5,2.9,1.4030000000000002,0.841,2.6687903695607473,82.52905914800682
14.5,2.9,1.6020000000000003,0.841,3.203205333361659,91.28866779264796
14.5,2.9,1.8010000000000004,0.841,3.73762029716257,100.0482764372891
14.5,2.9,2.0,0.841,4.27203526096348,108.80788508193022
14.5,5.8,0.01,0.841,0.06661445926623395,39.87673063427091
14.5,5.8,0.20900000000000002,0.841,1.3922421986642899,61.60512709049961
14.5,5.8,0.40800000000000003,0.841,2.717869938062346,83.33352354672829
14.5,5.8,0.607,0.841,4.274062562120253,108.84111462440386
14.5,5.8,0.806,0.841,6.028497890745512,137.5981066850057
14.5,5.8,1.0050000000000001,0.841,7.738851929706819,165.63256125664773
14.5,5.8,1.2040000000000002,0.841,10.18742768688955,205.76722593206824
14.5,5.8,1.4030000000000002,0.841,12.575989332376622,244.9181978458363
14.5,5.8,1.6020000000000003,0.841,14.964550977863697,284.06916975960434
14.5,5.8,1.8010000000000004,0.841,17.35311262335077,323.2201416733724
14.5,5.8,2.0,0.841,19.74167426883784,362.3711135871403
14.5,8.7,0.01,0.841,0.16960294331474565,41.564817376366534
14.5,8.7,0.20900000000000002,0.841,3.544701515278184,96.88614000029807
14.5,8.7,0.40800000000000003,0.841,6.919800087241622,152.2074626242296
14.5,8.7,0.607,0.841,10.850223150677127,216.63112246844122
14.5,8.7,0.806,0.841,15.258121477808244,288.8810909506507
14.5,8.7,1.0050000000000001,0.841,19.55526859068983,359.31573359159853
14.5,8.7,1.2040000000000002,0.841,25.42577951225434,455.5394206142429
14.5,8.7,1.4030000000000002,0.841,31.152405362211873,549.4046839353518
14.5,8.7,1.6020000000000003,0.841,36.87903121216941,643.2699472564608
14.5,8.7,1.8010000000000004,0.841,42.605657062126944,737.1352105775698
14.5,8.7,2.0,0.841,48.33228291208446,831.0004738986785
14.5,11.6,0.01,0.841,0.3291539706311808,44.18002213822847
14.5,11.6,0.20900000000000002,0.841,6.879317986191679,151.54391952321265
14.5,11.6,0.40800000000000003,0.841,13.429482001752175,258.9078169081968
14.5,11.6,0.607,0.841,21.014009745532086,383.22599527171553
14.5,11.6,0.806,0.841,29.487896956566082,522.1216862522921
14.5,11.6,1.0050000000000001,0.841,37.74887242862937,657.5275357509445
14.5,11.6,1.2040000000000002,0.841,48.65882791363271,836.3528809459706
14.5,11.6,1.4030000000000002,0.841,59.301382528905584,1010.7952519940599
14.5,11.6,1.6020000000000003,0.841,69.94393714417845,1185.237623042149
14.5,11.6,1.8010000000000004,0.841,80.5864917594513,1359.6799940902379
14.5,11.6,2.0,0.841,91.22904637472416,1534.1223651383268
14.5,14.5,0.01,0.841,0.5505067633091782,47.80822113637625
14.5,14.5,0.20900000000000002,0.841,11.505591353161826,227.37327858450112
14.5,14.5,0.40800000000000003,0.841,22.460675943014476,406.938336032626
14.5,14.5,0.607,0.841,35.08972388776503,613.941367466522
14.5,14.5,0.806,0.841,49.15806742738108,844.5359279349127
14.5,14.5,1.0050000000000001,0.841,62.87293499866506,1069.3366552257055
14.5,14.5,1.2040000000000002,0.841,80.5092993655213,1358.4147316874776
14.5,14.5,1.4030000000000002,0.841,97.71339989985657,1640.4075611771475
14.5,14.5,1.6020000000000003,0.841,114.91750043419181,1922.400390666817
14.5,14.5,1.8010000000000004,0.841,132.12160096852708,2204.393220156487
14.5,14.5,2.0,0.841,149.3257015028623,2486.386049646156
14.5,17.4,0.01,0.841,0.8380385105232079,52.52116098482533
14.5,17.4,0.20900000000000002,0.841,17.515004869935044,325.8737214170868
14.5,17.4,0.40800000000000003,0.841,34.19197122934688,599.2262818493483
14.5,17.4,0.607,0.841,53.3478274271733,913.2103857983792
14.5,17.4,0.806,0.841,74.63506554214126,1262.1300224908011
14.5,17.4,1.0050000000000001,0.841,95.38744842808991,1602.2828341406994
14.5,17.4,1.2040000000000002,0.841,121.49186197225289,2030.1609102305058
14.5,17.4,1.4030000000000002,0.841,146.9564614589609,2447.5517785730126
14.5,17.4,1.6020000000000003,0.841,172.4210609456689,2864.9426469155196
14.5,17.4,1.8010000000000004,0.841,197.88566043237694,3282.333515258027
14.5,17.4,2.0,0.841,223.35025991908486,3699.724383600533
14.5,20.3,0.01,0.841,1.1955469656598063,58.3810907515253
14.5,20.3,0.20900000000000002,0.841,24.986931582289955,448.34625354111625
14.5,20.3,0.40800000000000003,0.841,48.7783161989201,838.3114163307072
14.5,20.3,0.607,0.841,76.02265291087845,1284.8740007356039
14.5,20.3,0.806,0.841,106.23588301321247,1780.0997887723531
14.5,20.3,1.0050000000000001,0.841,135.6899867310657,2262.8827178132033
14.5,20.3,1.2040000000000002,0.841,172.04930024138307,2858.8491081870393
14.5,20.3,1.4030000000000002,0.841,207.51745410683966,3440.2084791889674
14.5,20.3,1.6020000000000003,0.841,242.9856079722963,4021.5678501908956
14.5,20.3,1.8010000000000004,0.841,278.4537618377529,4602.927221192823
14.5,20.3,2.0,0.841,313.9219157032095,5184.2865921947505
14.5,23.2,0.01,0.841,1.6264087042914666,65.44335596865163
14.5,23.2,0.20900000000000002,0.841,33.991941919691655,595.9475965790566
14.5,23.2,0.40800000000000003,0.841,66.35747513509183,1126.4518371894615
14.5,23.2,0.607,0.841,103.32230602865027,1732.3432776910013
14.5,23.2,0.806,0.841,144.24167324361582,2403.0536190335174
14.5,23.2,1.0050000000000001,0.841,184.13291565418527,3056.911941749337
14.5,23.2,1.2040000000000002,0.841,232.57257412997302,3850.8875597038646
14.5,23.2,1.4030000000000002,0.841,279.82498607449145,4625.40299094382
14.5,23.2,1.6020000000000003,0.841,327.07739801900993,5399.918422183776
14.5,23.2,1.8010000000000004,0.841,374.32980996352836,6174.433853423731
14.5,23.2,2.0,0.841,421.5822219080467,6948.949284663686
14.5,26.099999999999998,0.01,0.841,2.1336778765670683,73.75801728543442
14.5,26.099999999999998,0.20900000000000002,0.841,44.59386762025173,769.724018099817
14.5,26.099999999999998,0.40800000000000003,0.841,87.05405736393638,1465.6900189141998
14.5,26.099999999999998,0.607,0.841,135.43483696137977,2258.7005517444936
14.5,26.099999999999998,0.806,0.841,188.9062171807466,3135.1512429436093
14.5,26.099999999999998,1.0050000000000001,0.841,241.03409538455142,3989.5805599919927
14.5,26.099999999999998,1.2040000000000002,0.841,303.4132380583111,5012.038601817948
14.5,26.099999999999998,1.4030000000000002,0.841,364.2634801763414,6009.436397520717
14.5,26.099999999999998,1.6020000000000003,0.841,425.1137222943717,7006.834193223488
14.5,26.099999999999998,1.8010000000000004,0.841,485.9639644124019,8004.231988926257
14.5,26.099999999999998,2.0,0.841,546.8142065304321,9001.629784629025
17.4,0.0,0.01,1.2110399999999997,0.0,44.85018603812552
17.4,0.0,0.20900000000000002,1.2110399999999997,0.0,44.85018603812552
17.4,0.0,0.40800000000000003,1.2110399999999997,0.0,44.85018603812552
17.4,0.0,0.607,1.2110399999999997,0.0,44.85018603812552
17.4,0.0,0.806,1.2110399999999997,0.0,44.85018603812552
17.4,0.0,1.0050000000000001,1.2110399999999997,0.0,44.85018603812552
17.4,0.0,1.2040000000000002,1.2110399999999997,0.0,44.85018603812552
17.4,0.0,1.4030000000000002,1.2110399999999997,0.0,44.85018603812552
17.4,0.0,1.6020000000000003,1.2110399999999997,0.0,44.85018603812552
17.4,0.0,1.8010000000000004,1.2110399999999997,0.0,44.85018603812552
17.4,0.0,2.0,1.2110399999999997,0.0,44.85018603812552
17.4,2.9,0.01,1.2110399999999997,0.013481490667797458,45.071161478926015
17.4,2.9,0.20900000000000002,1.2110399999999997,0.2817631549569669,49.46857275085589
17.4,2.9,0.40800000000000003,1.2110399999999997,0.5500448192461364,53.86598402278577
17.4,2.9,0.607,1.2110399999999997,0.8693406303298461,59.099569413198815
17.4,2.9,0.806,1.2110399999999997,1.2324990723023197,65.05210825127963
17.4,2.9,1.0050000000000001,1.2110399999999997,1.5865329303056352,70.85508581202177
17.4,2.9,1.2040000000000002,1.2110399999999997,2.1343754057598363,79.83478512612626
17.4,2.9,1.4030000000000002,1.2110399999999997,2.6687903695607473,88.5943937707674
17.4,2.9,1.6020000000000003,1.2110399999999997,3.203205333361659,97.35400241540854
17.4,2.9,1.8010000000000004,1.2110399999999997,3.73762029716257,106.11361106004968
17.4,2.9,2.0,1.2110399999999997,4.27203526096348,114.87321970469081
17.4,5.8,0.01,1.2110399999999997,0.06661445926623395,45.94206525703149
17.4,5.8,0.20900000000000002,1.2110399999999997,1.3922421986642899,67.67046171326018
17.4,5.8,0.40800000000000003,1.2110399999999997,2.717869938062346,89.39885816948888
17.4,5.8,0.607,1.2110399999999997,4.274062562120253,114.90644924716443
17.4,5.8,0.806,1.2110399999999997,6.028497890745512,143.66344130776628
17.4,5.8,1.0050000000000001,1.2110399999999997,7.738851929706819,171.6978958794083
17.4,5.8,1.2040000000000002,1.2110399999999997,10.18742768688955,211.8325605548288
17.4,5.8,1.4030000000000002,1.2110399999999997,12.575989332376622,250.98353246859685
17.4,5.8,1.6020000000000003,1.2110399999999997,14.964550977863697,290.13450438236487
17.4,5.8,1.8010000000000004,1.2110399999999997,17.35311262335077,329.28547629613297
17.4,5.8,2.0,1.2110399999999997,19.74167426883784,368.4364482099009
17.4,8.7,0.01,1.2110399999999997,0.16960294331474565,47.63015199912711
17.4,8.7,0.20900000000000002,1.2110399999999997,3.544701515278184,102.95147462305864
17.4,8.7,0.40800000000000003,1.2110399999999997,6.919800087241622,158.2727972469902
17.4,8.7,0.607,1.2110399999999997,10.850223150677127,222.69645709120178
17.4,8.7,0.806,1.2110399999999997,15.258121477808244,294.94642557341126
17.4,8.7,1.0050000000000001,1.2110399999999997,19.55526859068983,365.3810682143591
17.4,8.7,1.2040000000000002,1.2110399999999997,25.42577951225434,461.6047552370035
17.4,8.7,1.4030000000000002,1.2110399999999997,31.152405362211873,555.4700185581124
17.4,8.7,1.6020000000000003,1.2110399999999997,36.87903121216941,649.3352818792214
17.4,8.7,1.8010000000000004,1.2110399999999997,42.605657062126944,743.2005452003303
17.4,8.7,2.0,1.2110399999999997,48.33228291208446,837.0658085214391
17.4,11.6,0.01,1.2110399999999997,0.3291539706311808,50.24535676098905
17.4,11.6,0.20900000000000002,1.2110399999999997,6.879317986191679,157.60925414597324
17.4,11.6,0.40800000000000003,1.2110399999999997,13.429482001752175,264.97315153095735
17.4,11.6,0.607,1.2110399999999997,21.014009745532086,389.2913298944761
17.4,11.6,0.806,1.2110399999999997,29.487896956566082,528.1870208750527
17.4,11.6,1.0050000000000001,1.2110399999999997,37.74887242862937,663.5928703737051
17.4,11.6,1.2040000000000002,1.2110399999999997,48.65882791363271,842.4182155687312
17.4,11.6,1.4030000000000002,1.2110399999999997,59.301382528905584,1016.8605866168205
17.4,11.6,1.6020000000000003,1.2110399999999997,69.94393714417845,1191.3029576649094
17.4,11.6,1.8010000000000004,1.2110399999999997,80.5864917594513,1365.7453287129983
17.4,11.6,2.0,1.2110399999999997,91.22904637472416,1540.1876997610873
17.4,14.5,0.01,1.2110399999999997,0.5505067633091782,53.87355575913682
17.4,14.5,0.20900000000000002,1.2110399999999997,11.505591353161826,233.43861320726168
17.4,14.5,0.40800000000000003,1.2110399999999997,22.460675943014476,413.0036706553866
17.4,14.5,0.607,1.2110399999999997,35.08972388776503,620.0067020892826
17.4,14.5,0.806,1.2110399999999997,49.15806742738108,850.6012625576733
17.4,14.5,1.0050000000000001,1.2110399999999997,62.87293499866506,1075.4019898484662
17.4,14.5,1.2040000000000002,1.2110399999999997,80.5092993655213,1364.480066310238
17.4,14.5,1.4030000000000002,1.2110399999999997,97.71339989985657,1646.472895799908
17.4,14.5,1.6020000000000003,1.2110399999999997,114.91750043419181,1928.4657252895774
17.4,14.5,1.8010000000000004,1.2110399999999997,132.12160096852708,2210.4585547792476
17.4,14.5,2.0,1.2110399999999997,149.3257015028623,2492.4513842689166
17.4,17.4,0.01,1.2110399999999997,0.8380385105232079,58.586495607585896
17.4,17.4,0.20900000000000002,1.2110399999999997,17.515004869935044,331.9390560398474
17.4,17.4,0.40800000000000003,1.2110399999999997,34.19197122934688,605.2916164721089
17.4,17.4,0.607,1.2110399999999997,53.3478274271733,919.2757204211398
17.4,17.4,0.806,1.2110399999999997,74.63506554214126,1268.1953571135616
17.4,17.4,1.0050000000000001,1.2110399999999997,95.38744842808991,1608.3481687634599
17.4,17.4,1.2040000000000002,1.2110399999999997,121.49186197225289,2036.2262448532663
17.4,17.4,1.4030000000000002,1.2110399999999997,146.9564614589609,2453.6171131957735
17.4,17.4,1.6020000000000003,1.2110399999999997,172.4210609456689,2871.0079815382805
17.4,17.4,1.8010000000000004,1.2110399999999997,197.88566043237694,3288.3988498807876
17.4,17.4,2.0,1.2110399999999997,223.35025991908486,3705.7897182232937
17.4,20.3,0.01,1.2110399999999997,1.1955469656598063,64.44642537428587
17.4,20.3,0.20900000000000002,1.2110399999999997,24.986931582289955,454.41158816387684
17.4,20.3,0.40800000000000003,1.2110399999999997,48.7783161989201,844.3767509534678
17.4,20.3,0.607,1.2110399999999997,76.02265291087845,1290.9393353583644
17.4,20.3,0.806,1.2110399999999997,106.23588301321247,1786.1651233951136
17.4,20.3,1.0050000000000001,1.2110399999999997,135.6899867310657,2268.948052435964
17.4,20.3,1.2040000000000002,1.2110399999999997,172.04930024138307,2864.9144428098
17.4,20.3,1.4030000000000002,1.2110399999999997,207.51745410683966,3446.273813811728
17.4,20.3,1.6020000000000003,1.2110399999999997,242.9856079722963,4027.6331848136565
17.4,20.3,1.8010000000000004,1.2110399999999997,278.4537618377529,4608.992555815584
17.4,20.3,2.0,1.2110399999999997,313.9219157032095,5190.3519268175105
17.4,23.2,0.01,1.2110399999999997,1.6264087042914666,71.5086905914122
17.4,23.2,0.20900000000000002,1.2110399999999997,33.991941919691655,602.0129312018172
17.4,23.2,0.40800000000000003,1.2110399999999997,66.35747513509183,1132.517171812222
17.4,23.2,0.607,1.2110399999999997,103.32230602865027,1738.4086123137618
17.4,23.2,0.806,1.2110399999999997,144.24167324361582,2409.1189536562783
17.4,23.2,1.0050000000000001,1.2110399999999997,184.13291565418527,3062.9772763720975
17.4,23.2,1.2040000000000002,1.2110399999999997,232.57257412997302,3856.952894326625
17.4,23.2,1.4030000000000002,1.2110399999999997,279.82498607449145,4631.4683255665805
17.4,23.2,1.6020000000000003,1.2110399999999997,327.07739801900993,5405.983756806536
17.4,23.2,1.8010000000000004,1.2110399999999997,374.32980996352836,6180.499188046492
17.4,23.2,2.0,1.2110399999999997,421.5822219080467,6955.014619286446
17.4,26.099999999999998,0.01,1.2110399999999997,2.1336778765670683,79.82335190819501
17.4,26.099999999999998,0.20900000000000002,1.2110399999999997,44.59386762025173,775.7893527225776
17.4,26.099999999999998,0.40800000000000003,1.2110399999999997,87.05405736393638,1471.7553535369602
17.4,26.099999999999998,0.607,1.2110399999999997,135.43483696137977,2264.765886367254
17.4,26.099999999999998,0.806,1.2110399999999997,188.9062171807466,3141.21657756637
17.4,26.099999999999998,1.0050000000000001,1.2110399999999997,241.03409538455142,3995.645894614753
17.4,26.099999999999998,1.2040000000000002,1.2110399999999997,303.4132380583111,5018.103936440708
17.4,26.099999999999998,1.4030000000000002,1.2110399999999997,364.2634801763414,6015.501732143478
17.4,26.099999999999998,1.6020000000000003,1.2110399999999997,425.1137222943717,7012.899527846248
17.4,26.099999999999998,1.8010000000000004,1.2110399999999997,485.9639644124019,8010.297323549017
17.4,26.099999999999998,2.0,1.2110399999999997,546.8142065304321,9007.695119251786
20.3,0.0,0.01,1.64836,0.0,52.0183087741153
20.3,0.0,0.20900000000000002,1.64836,0.0,52.0183087741153
20.3,0.0,0.40800000000000003,1.64836,0.0,52.0183087741153
20.3,0.0,0.607,1.64836,0.0,52.0183087741153
20.3,0.0,0.806,1.64836,0.0,52.0183087741153
20.3,0.0,1.0050000000000001,1.64836,0.0,52.0183087741153
20.3,0.0,1.2040000000000002,1.64836,0.0,52.0183087741153
20.3,0.0,1.4030000000000002,1.64836,0.0,52.0183087741153
20.3,0.0,1.6020000000000003,1.64836,0.0,52.0183087741153
20.3,0.0,1.8010000000000004,1.64836,0.0,52.0183087741153
20.3,0.0,2.0,1.64836,0.0,52.0183087741153
20.3,2.9,0.01,1.64836,0.013481490667797458,52.2392842149158
20.3,2.9,0.20900000000000002,1.64836,0.2817631549569669,56.63669548684567
20.3,2.9,0.40800000000000003,1.64836,0.5500448192461364,61.03410675877554
20.3,2.9,0.607,1.64836,0.8693406303298461,66.26769214918859
20.3,2.9,0.806,1.64836,1.2324990723023197,72.22023098726942
20.3,2.9,1.0050000000000001,1.64836,1.5865329303056352,78.02320854801155
20.3,2.9,1.2040000000000002,1.64836,2.1343754057598363,87.00290786211603
20.3,2.9,1.4030000000000002,1.64836,2.6687903695607473,95.76251650675718
20.3,2.9,1.6020000000000003,1.64836,3.203205333361659,104.52212515139833
20.3,2.9,1.8010000000000004,1.64836,3.73762029716257,113.28173379603946
20.3,2.9,2.0,1.64836,4.27203526096348,122.04134244068058
20.3,5.8,0.01,1.64836,0.06661445926623395,53.11018799302127
20.3,5.8,0.20900000000000002,1.64836,1.3922421986642899,74.83858444924996
20.3,5.8,0.40800000000000003,1.64836,2.717869938062346,96.56698090547866
20.3,5.8,0.607,1.64836,4.274062562120253,122.0745719831542
20.3,5.8,0.806,1.64836,6.028497890745512,150.83156404375606
20.3,5.8,1.0050000000000001,1.64836,7.738851929706819,178.86601861539808
20.3,5.8,1.2040000000000002,1.64836,10.18742768688955,219.00068329081859
20.3,5.8,1.4030000000000002,1.64836,12.575989332376622,258.15165520458663
20.3,5.8,1.6020000000000003,1.64836,14.964550977863697,297.3026271183547
20.3,5.8,1.8010000000000004,1.64836,17.35311262335077,336.4535990321227
20.3,5.8,2.0,1.64836,19.74167426883784,375.6045709458907
20.3,8.7,0.01,1.64836,0.16960294331474565,54.79827473511689
20.3,8.7,0.20900000000000002,1.64836,3.544701515278184,110.11959735904843
20.3,8.7,0.40800000000000003,1.64836,6.919800087241622,165.44091998297995
20.3,8.7,0.607,1.64836,10.850223150677127,229.8645798271916
20.3,8.7,0.806,1.64836,15.258121477808244,302.114548309401
20.3,8.7,1.0050000000000001,1.64836,19.55526859068983,372.5491909503489
20.3,8.7,1.2040000000000002,1.64836,25.42577951225434,468.7728779729933
20.3,8.7,1.4030000000000002,1.64836,31.152405362211873,562.6381412941022
20.3,8.7,1.6020000000000003,1.64836,36.87903121216941,656.5034046152111
20.3,8.7,1.8010000000000004,1.64836,42.605657062126944,750.3686679363201
20.3,8.7,2.0,1.64836,48.33228291208446,844.2339312574288
20.3,11.6,0.01,1.64836,0.3291539706311808,57.41347949697883
20.3,11.6,0.20900000000000002,1.64836,6.879317986191679,164.777376881963
20.3,11.6,0.40800000000000003,1.64836,13.429482001752175,272.14127426694716
20.3,11.6,0.607,1.64836,21.014009745532086,396.4594526304659
20.3,11.6,0.806,1.64836,29.487896956566082,535.3551436110424
20.3,11.6,1.0050000000000001,1.64836,37.74887242862937,670.7609931096949
20.3,11.6,1.2040000000000002,1.64836,48.65882791363271,849.586338304721
20.3,11.6,1.4030000000000002,1.64836,59.301382528905584,1024.0287093528102
20.3,11.6,1.6020000000000003,1.64836,69.94393714417845,1198.4710804008992
20.3,11.6,1.8010000000000004,1.64836,80.5864917594513,1372.9134514489883
20.3,11.6,2.0,1.64836,91.22904637472416,1547.3558224970773
20.3,14.5,0.01,1.64836,0.5505067633091782,61.0416784951266
20.3,14.5,0.20900000000000002,1.64836,11.505591353161826,240.6067359432515
20.3,14.5,0.40800000000000003,1.64836,22.460675943014476,420.17179339137635
20.3,14.5,0.607,1.64836,35.08972388776503,627.1748248252724
20.3,14.5,0.806,1.64836,49.15806742738108,857.769385293663
20.3,14.5,1.0050000000000001,1.64836,62.87293499866506,1082.570112584456
20.3,14.5,1.2040000000000002,1.64836,80.5092993655213,1371.648189046228
20.3,14.5,1.4030000000000002,1.64836,97.71339989985657,1653.6410185358977
20.3,14.5,1.6020000000000003,1.64836,114.91750043419181,1935.6338480255674
20.3,14.5,1.8010000000000004,1.64836,132.12160096852708,2217.626677515237
20.3,14.5,2.0,1.64836,149.3257015028623,2499.619507004906
20.3,17.4,0.01,1.64836,0.8380385105232079,65.75461834357567
20.3,17.4,0.20900000000000002,1.64836,17.515004869935044,339.10717877583716
20.3,17.4,0.40800000000000003,1.64836,34.19197122934688,612.4597392080987
20.3,17.4,0.607,1.64836,53.3478274271733,926.4438431571295
20.3,17.4,0.806,1.64836,74.63506554214126,1275.3634798495514
20.3,17.4,1.0050000000000001,1.64836,95.38744842808991,1615.5162914994496
20.3,17.4,1.2040000000000002,1.64836,121.49186197225289,2043.394367589256
20.3,17.4,1.4030000000000002,1.64836,146.9564614589609,2460.7852359317626
20.3,17.4,1.6020000000000003,1.64836,172.4210609456689,2878.1761042742696
20.3,17.4,1.8010000000000004,1.64836,197.88566043237694,3295.566972616777
20.3,17.4,2.0,1.64836,223.35025991908486,3712.957840959283
20.3,20.3,0.01,1.64836,1.1955469656598063,71.61454811027565
20.3,20.3,0.20900000000000002,1.64836,24.986931582289955,461.5797108998666
20.3,20.3,0.40800000000000003,1.64836,48.7783161989201,851.5448736894575
20.3,20.3,0.607,1.64836,76.02265291087845,1298.1074580943543
20.3,20.3,0.806,1.64836,106.23588301321247,1793.3332461311036
20.3,20.3,1.0050000000000001,1.64836,135.6899867310657,2276.1161751719537
20.3,20.3,1.2040000000000002,1.64836,172.04930024138307,2872.0825655457897
20.3,20.3,1.4030000000000002,1.64836,207.51745410683966,3453.4419365477174
20.3,20.3,1.6020000000000003,1.64836,242.9856079722963,4034.801307549646
20.3,20.3,1.8010000000000004,1.64836,278.4537618377529,4616.160678551573
20.3,20.3,2.0,1.64836,313.9219157032095,5197.520049553501
20.3,23.2,0.01,1.64836,1.6264087042914666,78.67681332740199
20.3,23.2,0.20900000000000002,1.64836,33.991941919691655,609.181053937807
20.3,23.2,0.40800000000000003,1.64836,66.35747513509183,1139.6852945482117
20.3,23.2,0.607,1.64836,103.32230602865027,1745.5767350497517
20.3,23.2,0.806,1.64836,144.24167324361582,2416.2870763922674
20.3,23.2,1.0050000000000001,1.64836,184.13291565418527,3070.145399108087
20.3,23.2,1.2040000000000002,1.64836,232.57257412997302,3864.1210170626146
20.3,23.2,1.4030000000000002,1.64836,279.82498607449145,4638.63644830257
20.3,23.2,1.6020000000000003,1.64836,327.07739801900993,5413.151879542526
20.3,23.2,1.8010000000000004,1.64836,374.32980996352836,6187.667310782482
20.3,23.2,2.0,1.64836,421.5822219080467,6962.182742022435
20.3,26.099999999999998,0.01,1.64836,2.1336778765670683,86.99147464418479
20.3,26.099999999999998,0.20900000000000002,1.64836,44.59386762025173,782.9574754585675
20.3,26.099999999999998,0.40800000000000003,1.64836,87.05405736393638,1478.92347627295
20.3,26.099999999999998,0.607,1.64836,135.43483696137977,2271.9340091032436
20.3,26.099999999999998,0.806,1.64836,188.9062171807466,3148.3847003023593
20.3,26.099999999999998,1.0050000000000001,1.64836,241.03409538455142,4002.8140173507427
20.3,26.099999999999998,1.2040000000000002,1.64836,303.4132380583111,5025.272059176698
20.3,26.099999999999998,1.4030000000000002,1.64836,364.2634801763414,6022.6698548794675
20.3,26.099999999999998,1.6020000000000003,1.64836,425.1137222943717,7020.0676505822385
20.3,26.099999999999998,1.8010000000000004,1.64836,485.9639644124019,8017.465446285007
20.3,26.099999999999998,2.0,1.64836,546.8142065304321,9014.863241987776
23.2,0.0,0.01,2.15296,0.0,60.28921962333427
23.2,0.0,0.20900000000000002,2.15296,0.0,60.28921962333427
23.2,0.0,0.40800000000000003,2.15296,0.0,60.28921962333427
23.2,0.0,0.607,2.15296,0.0,60.28921962333427
23.2,0.0,0.806,2.15296,0.0,60.28921962333427
23.2,0.0,1.0050000000000001,2.15296,0.0,60.28921962333427
23.2,0.0,1.2040000000000002,2.15296,0.0,60.28921962333427
23.2,0.0,1.4030000000000002,2.15296,0.0,60.28921962333427
23.2,0.0,1.6020000000000003,2.15296,0.0,60.28921962333427
23.2,0.0,1.8010000000000004,2.15296,0.0,60.28921962333427
23.2,0.0,2.0,2.15296,0.0,60.28921962333427
23.2,2.9,0.01,2.15296,0.013481490667797458,60.51019506413477
23.2,2.9,0.20900000000000002,2.15296,0.2817631549569669,64.90760633606465
23.2,2.9,0.40800000000000003,2.15296,0.5500448192461364,69.3050176079945
23.2,2.9,0.607,2.15296,0.8693406303298461,74.53860299840755
23.2,2.9,0.806,2.15296,1.2324990723023197,80.4911418364884
23.2,2.9,1.0050000000000001,2.15296,1.5865329303056352,86.2941193972305
23.2,2.9,1.2040000000000002,2.15296,2.1343754057598363,95.273818711335
23.2,2.9,1.4030000000000002,2.15296,2.6687903695607473,104.03342735597614
23.2,2.9,1.6020000000000003,2.15296,3.203205333361659,112.79303600061728
23.2,2.9,1.8010000000000004,2.15296,3.73762029716257,121.55264464525843
23.2,2.9,2.0,2.15296,4.27203526096348,130.31225328989956
23.2,5.8,0.01,2.15296,0.06661445926623395,61.381098842240235
23.2,5.8,0.20900000000000002,2.15296,1.3922421986642899,83.10949529846893
23.2,5.8,0.40800000000000003,2.15296,2.717869938062346,104.83789175469761
23.2,5.8,0.607,2.15296,4.274062562120253,130.3454828323732
23.2,5.8,0.806,2.15296,6.028497890745512,159.10247489297504
23.2,5.8,1.0050000000000001,2.15296,7.738851929706819,187.13692946461705
23.2,5.8,1.2040000000000002,2.15296,10.18742768688955,227.27159414003756
23.2,5.8,1.4030000000000002,2.15296,12.575989332376622,266.42256605380555
23.2,5.8,1.6020000000000003,2.15296,14.964550977863697,305.57353796757366
23.2,5.8,1.8010000000000004,2.15296,17.35311262335077,344.7245098813417
23.2,5.8,2.0,2.15296,19.74167426883784,383.87548179510964
23.2,8.7,0.01,2.15296,0.16960294331474565,63.069185584335855
23.2,8.7,0.20900000000000002,2.15296,3.544701515278184,118.39050820826739
23.2,8.7,0.40800000000000003,2.15296,6.919800087241622,173.71183083219893
23.2,8.7,0.607,2.15296,10.850223150677127,238.1354906764105
23.2,8.7,0.806,2.15296,15.258121477808244,310.38545915862
23.2,8.7,1.0050000000000001,2.15296,19.55526859068983,380.82010179956785
23.2,8.7,1.2040000000000002,2.15296,25.42577951225434,477.0437888222122
23.2,8.7,1.4030000000000002,2.15296,31.152405362211873,570.9090521433211
23.2,8.7,1.6020000000000003,2.15296,36.87903121216941,664.7743154644301
23.2,8.7,1.8010000000000004,2.15296,42.605657062126944,758.639578785539
23.2,8.7,2.0,2.15296,48.33228291208446,852.5048421066477
23.2,11.6,0.01,2.15296,0.3291539706311808,65.6843903461978
23.2,11.6,0.20900000000000002,2.15296,6.879317986191679,173.04828773118197
23.2,11.6,0.40800000000000003,2.15296,13.429482001752175,280.41218511616614
23.2,11.6,0.607,2.15296,21.014009745532086,404.7303634796848
23.2,11.6,0.806,2.15296,29.487896956566082,543.6260544602613
23.2,11.6,1.0050000000000001,2.15296,37.74887242862937,679.0319039589139
23.2,11.6,1.2040000000000002,2.15296,48.65882791363271,857.85724915394
23.2,11.6,1.4030000000000002,2.15296,59.301382528905584,1032.299620202029
23.2,11.6,1.6020000000000003,2.15296,69.94393714417845,1206.7419912501184
23.2,11.6,1.8010000000000004,2.15296,80.5864917594513,1381.1843622982074
23.2,11.6,2.0,2.15296,91.22904637472416,1555.6267333462963
23.2,14.5,0.01,2.15296,0.5505067633091782,69.31258934434558
23.2,14.5,0.20900000000000002,2.15296,11.505591353161826,248.87764679247047
23.2,14.5,0.40800000000000003,2.15296,22.460675943014476,428.4427042405953
23.2,14.5,0.607,2.15296,35.08972388776503,635.4457356744913
23.2,14.5,0.806,2.15296,49.15806742738108,866.0402961428821
23.2,14.5,1.0050000000000001,2.15296,62.87293499866506,1090.8410234336748
23.2,14.5,1.2040000000000002,2.15296,80.5092993655213,1379.919099895447
23.2,14.5,1.4030000000000002,2.15296,97.71339989985657,1661.9119293851168
23.2,14.5,1.6020000000000003,2.15296,114.91750043419181,1943.9047588747865
23.2,14.5,1.8010000000000004,2.15296,132.12160096852708,2225.897588364456
23.2,14.5,2.0,2.15296,149.3257015028623,2507.890417854125
23.2,17.4,0.01,2.15296,0.8380385105232079,74.02552919279465
23.2,17.4,0.20900000000000002,2.15296,17.515004869935044,347.37808962505613
23.2,17.4,0.40800000000000003,2.15296,34.19197122934688,620.7306500573176
23.2,17.4,0.607,2.15296,53.3478274271733,934.7147540063485
23.2,17.4,0.806,2.15296,74.63506554214126,1283.6343906987704
23.2,17.4,1.0050000000000001,2.15296,95.38744842808991,1623.7872023486689
23.2,17.4,1.2040000000000002,2.15296,121.49186197225289,2051.665278438475
23.2,17.4,1.4030000000000002,2.15296,146.9564614589609,2469.056146780982
23.2,17.4,1.6020000000000003,2.15296,172.4210609456689,2886.4470151234887
23.2,17.4,1.8010000000000004,2.15296,197.88566043237694,3303.837883465996
23.2,17.4,2.0,2.15296,223.35025991908486,3721.2287518085022
23.2,20.3,0.01,2.15296,1.1955469656598063,79.88545895949461
23.2,20.3,0.20900000000000002,2.15296,24.986931582289955,469.8506217490856
23.2,20.3,0.40800000000000003,2.15296,48.7783161989201,859.8157845386764
23.2,20.3,0.607,2.15296,76.02265291087845,1306.3783689435734
23.2,20.3,0.806,2.15296,106.23588301321247,1801.6041569803226
23.2,20.3,1.0050000000000001,2.15296,135.6899867310657,2284.3870860211728
23.2,20.3,1.2040000000000002,2.15296,172.04930024138307,2880.353476395009
23.2,20.3,1.4030000000000002,2.15296,207.51745410683966,3461.7128473969365
23.2,20.3,1.6020000000000003,2.15296,242.9856079722963,4043.072218398865
23.2,20.3,1.8010000000000004,2.15296,278.4537618377529,4624.431589400793
23.2,20.3,2.0,2.15296,313.9219157032095,5205.79096040272
23.2,23.2,0.01,2.15296,1.6264087042914666,86.94772417662095
23.2,23.2,0.20900000000000002,2.15296,33.991941919691655,617.4519647870259
23.2,23.2,0.40800000000000003,2.15296,66.35747513509183,1147.956205397431
23.2,23.2,0.607,2.15296,103.32230602865027,1753.8476458989708
23.2,23.2,0.806,2.15296,144.24167324361582,2424.5579872414864
23.2,23.2,1.0050000000000001,2.15296,184.13291565418527,3078.416309957306
23.2,23.2,1.2040000000000002,2.15296,232.57257412997302,3872.3919279118336
23.2,23.2,1.4030000000000002,2.15296,279.82498607449145,4646.90735915179
23.2,23.2,1.6020000000000003,2.15296,327.07739801900993,5421.422790391745
23.2,23.2,1.8010000000000004,2.15296,374.32980996352836,6195.938221631702
23.2,23.2,2.0,2.15296,421.5822219080467,6970.453652871655
23.2,26.099999999999998,0.01,2.15296,2.1336778765670683,95.26238549340376
23.2,26.099999999999998,0.20900000000000002,2.15296,44.59386762025173,791.2283863077864
23.2,26.099999999999998,0.40800000000000003,2.15296,87.05405736393638,1487.194387122169
23.2,26.099999999999998,0.607,2.15296,135.43483696137977,2280.2049199524627
23.2,26.099999999999998,0.806,2.15296,188.9062171807466,3156.6556111515783
23.2,26.099999999999998,1.0050000000000001,2.15296,241.03409538455142,4011.0849281999617
23.2,26.099999999999998,1.2040000000000002,2.15296,303.4132380583111,5033.542970025917
23.2,26.099999999999998,1.4030000000000002,2.15296,364.2634801763414,6030.940765728687
23.2,26.099999999999998,1.6020000000000003,2.15296,425.1137222943717,7028.3385614314575
23.2,26.099999999999998,1.8010000000000004,2.15296,485.9639644124019,8025.736357134227
23.2,26.099999999999998,2.0,2.15296,546.8142065304321,9023.134152836994
26.099999999999998,0.0,0.01,2.7248399999999995,0.0,69.66291858578242
26.099999999999998,0.0,0.20900000000000002,2.7248399999999995,0.0,69.66291858578242
26.099999999999998,0.0,0.40800000000000003,2.7248399999999995,0.0,69.66291858578242
26.099999999999998,0.0,0.607,2.7248399999999995,0.0,69.66291858578242
26.099999999999998,0.0,0.806,2.7248399999999995,0.0,69.66291858578242
26.099999999999998,0.0,1.0050000000000001,2.7248399999999995,0.0,69.66291858578242
26.099999999999998,0.0,1.2040000000000002,2.7248399999999995,0.0,69.66291858578242
26.099999999999998,0.0,1.4030000000000002,2.7248399999999995,0.0,69.66291858578242
26.099999999999998,0.0,1.6020000000000003,2.7248399999999995,0.0,69.66291858578242
26.099999999999998,0.0,1.8010000000000004,2.7248399999999995,0.0,69.66291858578242
26.099999999999998,0.0,2.0,2.7248399999999995,0.0,69.66291858578242
26.099999999999998,2.9,0.01,2.7248399999999995,0.013481490667797458,69.88389402658294
26.099999999999998,2.9,0.20900000000000002,2.7248399999999995,0.2817631549569669,74.28130529851279
26.099999999999998,2.9,0.40800000000000003,2.7248399999999995,0.5500448192461364,78.67871657044267
26.099999999999998,2.9,0.607,2.7248399999999995,0.8693406303298461,83.91230196085573
26.099999999999998,2.9,0.806,2.7248399999999995,1.2324990723023197,89.86484079893656
26.099999999999998,2.9,1.0050000000000001,2.7248399999999995,1.5865329303056352,95.66781835967868
26.099999999999998,2.9,1.2040000000000002,2.7248399999999995,2.1343754057598363,104.64751767378317
26.099999999999998,2.9,1.4030000000000002,2.7248399999999995,2.6687903695607473,113.40712631842432
26.099999999999998,2.9,1.6020000000000003,2.7248399999999995,3.203205333361659,122.16673496306545
26.099999999999998,2.9,1.8010000000000004,2.7248399999999995,3.73762029716257,130.9263436077066
26.099999999999998,2.9,2.0,2.7248399999999995,4.27203526096348,139.6859522523477
26.099999999999998,5.8,0.01,2.7248399999999995,0.06661445926623395,70.7547978046884
26.099999999999998,5.8,0.20900000000000002,2.7248399999999995,1.3922421986642899,92.48319426091709
26.099999999999998,5.8,0.40800000000000003,2.7248399999999995,2.717869938062346,114.21159071714578
26.099999999999998,5.8,0.607,2.7248399999999995,4.274062562120253,139.71918179482134
26.099999999999998,5.8,0.806,2.7248399999999995,6.028497890745512,168.47617385542318
26.099999999999998,5.8,1.0050000000000001,2.7248399999999995,7.738851929706819,196.5106284270652
26.099999999999998,5.8,1.2040000000000002,2.7248399999999995,10.18742768688955,236.64529310248574
26.099999999999998,5.8,1.4030000000000002,2.7248399999999995,12.575989332376622,275.79626501625376
26.099999999999998,5.8,1.6020000000000003,2.7248399999999995,14.964550977863697,314.9472369300218
26.099999999999998,5.8,1.8010000000000004,2.7248399999999995,17.35311262335077,354.09820884378985
26.099999999999998,5.8,2.0,2.7248399999999995,19.74167426883784,393.24918075755784
26.099999999999998,8.7,0.01,2.7248399999999995,0.16960294331474565,72.44288454678401
26.099999999999998,8.7,0.20900000000000002,2.7248399999999995,3.544701515278184,127.76420717071557
26.099999999999998,8.7,0.40800000000000003,2.7248399999999995,6.919800087241622,183.08552979464707
26.099999999999998,8.7,0.607,2.7248399999999995,10.850223150677127,247.50918963885871
26.099999999999998,8.7,0.806,2.7248399999999995,15.258121477808244,319.75915812106814
26.099999999999998,8.7,1.0050000000000001,2.7248399999999995,19.55526859068983,390.193800762016
26.099999999999998,8.7,1.2040000000000002,2.7248399999999995,25.42577951225434,486.4174877846604
26.099999999999998,8.7,1.4030000000000002,2.7248399999999995,31.152405362211873,580.2827511057693
26.099999999999998,8.7,1.6020000000000003,2.7248399999999995,36.87903121216941,674.1480144268783
26.099999999999998,8.7,1.8010000000000004,2.7248399999999995,42.605657062126944,768.0132777479872
26.099999999999998,8.7,2.0,2.7248399999999995,48.33228291208446,861.8785410690958
26.099999999999998,11.6,0.01,2.7248399999999995,0.3291539706311808,75.05808930864596
26.099999999999998,11.6,0.20900000000000002,2.7248399999999995,6.879317986191679,182.42198669363012
26.099999999999998,11.6,0.40800000000000003,2.7248399999999995,13.429482001752175,289.7858840786143
26.099999999999998,11.6,0.607,2.7248399999999995,21.014009745532086,414.104062442133
26.099999999999998,11.6,0.806,2.7248399999999995,29.487896956566082,552.9997534227095
26.099999999999998,11.6,1.0050000000000001,2.7248399999999995,37.74887242862937,688.405602921362
26.099999999999998,11.6,1.2040000000000002,2.7248399999999995,48.65882791363271,867.230948116388
26.099999999999998,11.6,1.4030000000000002,2.7248399999999995,59.301382528905584,1041.673319164477
26.099999999999998,11.6,1.6020000000000003,2.7248399999999995,69.94393714417845,1216.1156902125663
26.099999999999998,11.6,1.8010000000000004,2.7248399999999995,80.5864917594513,1390.5580612606554
26.099999999999998,11.6,2.0,2.7248399999999995,91.22904637472416,1565.0004323087442
26.099999999999998,14.5,0.01,2.7248399999999995,0.5505067633091782,78.68628830679373
26.099999999999998,14.5,0.20900000000000002,2.7248399999999995,11.505591353161826,258.2513457549186
26.099999999999998,14.5,0.40800000000000003,2.7248399999999995,22.460675943014476,437.8164032030435
26.099999999999998,14.5,0.607,2.7248399999999995,35.08972388776503,644.8194346369394
26.099999999999998,14.5,0.806,2.7248399999999995,49.15806742738108,875.4139951053302
26.099999999999998,14.5,1.0050000000000001,2.7248399999999995,62.87293499866506,1100.214722396123
26.099999999999998,14.5,1.2040000000000002,2.7248399999999995,80.5092993655213,1389.2927988578951
26.099999999999998,14.5,1.4030000000000002,2.7248399999999995,97.71339989985657,1671.2856283475649
26.099999999999998,14.5,1.6020000000000003,2.7248399999999995,114.91750043419181,1953.2784578372343
26.099999999999998,14.5,1.8010000000000004,2.7248399999999995,132.12160096852708,2235.2712873269043
26.099999999999998,14.5,2.0,2.7248399999999995,149.3257015028623,2517.2641168165733
26.099999999999998,17.4,0.01,2.7248399999999995,0.8380385105232079,83.39922815524281
26.099999999999998,17.4,0.20900000000000002,2.7248399999999995,17.515004869935044,356.7517885875043
26.099999999999998,17.4,0.40800000000000003,2.7248399999999995,34.19197122934688,630.1043490197658
26.099999999999998,17.4,0.607,2.7248399999999995,53.3478274271733,944.0884529687966
26.099999999999998,17.4,0.806,2.7248399999999995,74.63506554214126,1293.0080896612185
26.099999999999998,17.4,1.0050000000000001,2.7248399999999995,95.38744842808991,1633.1609013111167
26.099999999999998,17.4,1.2040000000000002,2.7248399999999995,121.49186197225289,2061.038977400923
26.099999999999998,17.4,1.4030000000000002,2.7248399999999995,146.9564614589609,2478.42984574343
26.099999999999998,17.4,1.6020000000000003,2.7248399999999995,172.4210609456689,2895.820714085937
26.099999999999998,17.4,1.8010000000000004,2.7248399999999995,197.88566043237694,3313.2115824284447
26.099999999999998,17.4,2.0,2.7248399999999995,223.35025991908486,3730.6024507709503
26.099999999999998,20.3,0.01,2.7248399999999995,1.1955469656598063,89.25915792194279
26.099999999999998,20.3,0.20900000000000002,2.7248399999999995,24.986931582289955,479.2243207115337
26.099999999999998,20.3,0.40800000000000003,2.7248399999999995,48.7783161989201,869.1894835011246
26.099999999999998,20.3,0.607,2.7248399999999995,76.02265291087845,1315.7520679060215
26.099999999999998,20.3,0.806,2.7248399999999995,106.23588301321247,1810.9778559427707
26.099999999999998,20.3,1.0050000000000001,2.7248399999999995,135.6899867310657,2293.760784983621
26.099999999999998,20.3,1.2040000000000002,2.7248399999999995,172.04930024138307,2889.727175357457
26.099999999999998,20.3,1.4030000000000002,2.7248399999999995,207.51745410683966,3471.086546359385
26.099999999999998,20.3,1.6020000000000003,2.7248399999999995,242.9856079722963,4052.445917361313
26.099999999999998,20.3,1.8010000000000004,2.7248399999999995,278.4537618377529,4633.805288363241
26.099999999999998,20.3,2.0,2.7248399999999995,313.9219157032095,5215.1646593651685
26.099999999999998,23.2,0.01,2.7248399999999995,1.6264087042914666,96.32142313906911
26.099999999999998,23.2,0.20900000000000002,2.7248399999999995,33.991941919691655,626.8256637494741
26.099999999999998,23.2,0.40800000000000003,2.7248399999999995,66.35747513509183,1157.3299043598788
26.099999999999998,23.2,0.607,2.7248399999999995,103.32230602865027,1763.2213448614186
26.099999999999998,23.2,0.806,2.7248399999999995,144.24167324361582,2433.931686203935
26.099999999999998,23.2,1.0050000000000001,2.7248399999999995,184.13291565418527,3087.790008919754
26.099999999999998,23.2,1.2040000000000002,2.7248399999999995,232.57257412997302,3881.7656268742817
26.099999999999998,23.2,1.4030000000000002,2.7248399999999995,279.82498607449145,4656.2810581142385
26.099999999999998,23.2,1.6020000000000003,2.7248399999999995,327.07739801900993,5430.796489354194
26.099999999999998,23.2,1.8010000000000004,2.7248399999999995,374.32980996352836,6205.311920594149
26.099999999999998,23.2,2.0,2.7248399999999995,421.5822219080467,6979.827351834103
26.099999999999998,26.099999999999998,0.01,2.7248399999999995,2.1336778765670683,104.63608445585191
26.099999999999998,26.099999999999998,0.20900000000000002,2.7248399999999995,44.59386762025173,800.6020852702345
26.099999999999998,26.099999999999998,0.40800000000000003,2.7248399999999995,87.05405736393638,1496.568086084617
26.099999999999998,26.099999999999998,0.607,2.7248399999999995,135.43483696137977,2289.5786189149107
26.099999999999998,26.099999999999998,0.806,2.7248399999999995,188.9062171807466,3166.0293101140264
26.099999999999998,26.099999999999998,1.0050000000000001,2.7248399999999995,241.03409538455142,4020.45862716241
26.099999999999998,26.099999999999998,1.2040000000000002,2.7248399999999995,303.4132380583111,5042.916668988366
26.099999999999998,26.099999999999998,1.4030000000000002,2.7248399999999995,364.2634801763414,6040.314464691135
26.099999999999998,26.099999999999998,1.6020000000000003,2.7248399999999995,425.1137222943717,7037.712260393906
26.099999999999998,26.099999999999998,1.8010000000000004,2.7248399999999995,485.9639644124019,8035.110056096675
26.099999999999998,26.099999999999998,2.0,2.7248399999999995,546.8142065304321,9032.507851799443
