0.0,4.6,0.01,0.0,0.014911842560847407,25.52453388069639
0.0,4.6,0.20900000000000002,0.0,0.31165750952171084,35.96275810655449
0.0,4.6,0.40800000000000003,0.0,0.6084031764825741,46.40098233241258
0.0,4.6,0.607,0.0,0.9719558615183612,59.189187407760144
0.0,4.6,0.806,0.0,1.3929500948054847,73.99793676491174
0.0,4.6,1.0050000000000001,0.0,1.803366583537655,88.43460699248666
0.0,4.6,1.2040000000000002,0.0,2.4708060528219757,111.9122297963145
0.0,4.6,1.4030000000000002,0.0,3.1218867115846214,134.81442066867595
0.0,4.6,1.6020000000000003,0.0,3.772967370347267,157.71661154103742
0.0,4.6,1.8010000000000004,0.0,4.424048029109914,180.6188024133989
0.0,4.6,2.0,0.0,5.075128687872557,203.5209932857603
0.0,9.2,0.01,0.0,0.0776936830453805,27.732926458088397
0.0,9.2,0.20900000000000002,0.0,1.6237979756484529,82.11816297404751
0.0,9.2,0.40800000000000003,0.0,3.169902268251525,136.50339949000661
0.0,9.2,0.607,0.0,4.934000113117931,198.55670274345275
0.0,9.2,0.806,0.0,6.88553166647244,267.20311010763544
0.0,9.2,1.0050000000000001,0.0,8.788029763712514,334.1247333671904
0.0,9.2,1.2040000000000002,0.0,11.767112087428295,438.91591566383664
0.0,9.2,1.4030000000000002,0.0,14.67317768752359,541.1386866296826
0.0,9.2,1.6020000000000003,0.0,17.579243287618883,643.3614575955287
0.0,9.2,1.8010000000000004,0.0,20.48530888771418,745.5842285613746
0.0,9.2,2.0,0.0,23.39137448780947,847.8069995272206
0.0,13.799999999999999,0.01,0.0,0.2040415678038793,32.17729649752027
0.0,13.799999999999999,0.20900000000000002,0.0,4.264468767101078,175.00549679817362
0.0,13.799999999999999,0.40800000000000003,0.0,8.324895966398275,317.8336970988269
0.0,13.799999999999999,0.607,0.0,12.768322639304182,474.1341560675085
0.0,13.799999999999999,0.806,0.0,17.541057270826926,642.0182393115042
0.0,13.799999999999999,1.0050000000000001,0.0,22.193873946783768,805.6841295091684
0.0,13.799999999999999,1.2040000000000002,0.0,29.330984184133897,1056.7366814979166
0.0,13.799999999999999,1.4030000000000002,0.0,36.29316524899995,1301.6359846634111
0.0,13.799999999999999,1.6020000000000003,0.0,43.255346313866,1546.5352878289057
0.0,13.799999999999999,1.8010000000000004,0.0,50.21752737873206,1791.4345909944004
0.0,13.799999999999999,2.0,0.0,57.17970844359809,2036.3338941598943
0.0,18.4,0.01,0.0,0.40479963227381466,39.23909360326482
0.0,18.4,0.20900000000000002,0.0,8.460312314522728,322.59705630823476
0.0,18.4,0.40800000000000003,0.0,16.51582499677164,605.9550190132046
0.0,18.4,0.607,0.0,25.073210340072436,906.9666830258959
0.0,18.4,0.806,0.0,34.06211236390384,1223.1572304059744
0.0,18.4,1.0050000000000001,0.0,42.82516257809123,1531.403291670975
0.0,18.4,1.2040000000000002,0.0,56.08234180411821,1997.7333000613187
0.0,18.4,1.4030000000000002,0.0,69.01459016676216,2452.633651383271
0.0,18.4,1.6020000000000003,0.0,81.94683852940614,2907.534002705224
0.0,18.4,1.8010000000000004,0.0,94.87908689205008,3362.434354027176
0.0,18.4,2.0,0.0,107.81133525469401,3817.334705349128
0.0,23.0,0.01,0.0,0.6886771611269068,49.22467259822915
0.0,23.0,0.20900000000000002,0.0,14.393352667552351,531.2956573029892
0.0,23.0,0.40800000000000003,0.0,28.098028173977795,1013.3666420077492
0.0,23.0,0.607,0.0,42.32440873403199,1513.7889454876488
0.0,23.0,0.806,0.0,56.99935812524361,2029.9899529611262
0.0,23.0,1.0050000000000001,0.0,71.305590195068,2533.2210858749686
0.0,23.0,1.2040000000000002,0.0,92.7282918258847,3286.7787213959355
0.0,23.0,1.4030000000000002,0.0,113.62592724025977,4021.8668070266817
0.0,23.0,1.6020000000000003,0.0,134.52356265463484,4756.954892657428
0.0,23.0,1.8010000000000004,0.0,155.42119806900993,5492.042978288175
0.0,23.0,2.0,0.0,176.31883348338496,6227.131063918919
0.0,27.599999999999998,0.01,0.0,1.0630973893635474,62.39515066133922
0.0,27.599999999999998,0.20900000000000002,0.0,22.218735437698143,806.5586488219899
0.0,27.599999999999998,0.40800000000000003,0.0,43.37437348603274,1550.7221469826407
0.0,27.599999999999998,0.607,0.0,64.92457842214732,2308.7647952212924
0.0,27.599999999999998,0.806,0.0,86.81403713093256,3078.740918293367
0.0,27.599999999999998,1.0050000000000001,0.0,108.15350943999954,3829.370907619911
0.0,27.599999999999998,1.2040000000000002,0.0,139.85285833234136,4944.4163771654175
0.0,27.599999999999998,1.4030000000000002,0.0,170.7752623988905,6032.132300888731
0.0,27.599999999999998,1.6020000000000003,0.0,201.6976664654396,7119.848224612043
0.0,27.599999999999998,1.8010000000000004,0.0,232.62007053198874,8207.564148335357
0.0,27.599999999999998,2.0,0.0,263.5424745985378,9295.280072058666
0.0,32.199999999999996,0.01,0.0,1.534602980575306,78.98067029240843
0.0,32.199999999999996,0.20900000000000002,0.0,32.07320229402389,1153.1960091113363
0.0,32.199999999999996,0.40800000000000003,0.0,62.611801607472486,2227.411347930264
0.0,32.199999999999996,0.607,0.0,93.22669384023091,3304.310340420557
0.0,32.199999999999996,0.806,0.0,123.90718372323705,4383.516773450717
0.0,32.199999999999996,1.0050000000000001,0.0,153.81680702626815,5435.6074669575055
0.0,32.199999999999996,1.2040000000000002,0.0,197.95823881947314,6988.311394960142
0.0,32.199999999999996,1.4030000000000002,0.0,241.01777277460934,8502.958854139184
0.0,32.199999999999996,1.6020000000000003,0.0,284.07730672974554,10017.606313318227
0.0,32.199999999999996,1.8010000000000004,0.0,327.1368406848818,11532.253772497272
0.0,32.199999999999996,2.0,0.0,370.19637464001784,13046.90123167631
0.0,36.8,0.01,0.0,2.109087069450731,99.18852638440774
0.0,36.8,0.20900000000000002,0.0,44.079919751520286,1575.5402014341216
0.0,36.8,0.40800000000000003,0.0,86.05075243358984,3051.8918764838354
0.0,36.8,0.607,0.0,127.54728391561346,4511.559694520985
0.0,36.8,0.806,0.0,168.63600502002754,5956.882514005279
0.0,36.8,1.0050000000000001,0.0,208.69234619719504,7365.890689783935
0.0,36.8,1.2040000000000002,0.0,267.4876671312499,9434.054817086573
0.0,36.8,1.4030000000000002,0.0,324.8419262777053,11451.5286471514
0.0,36.8,1.6020000000000003,0.0,382.1961854241607,13469.002477216225
0.0,36.8,1.8010000000000004,0.0,439.55044457061615,15486.476307281053
0.0,36.8,2.0,0.0,496.90470371707147,17503.950137345873
0.0,41.4,0.01,0.0,2.7919394415534358,123.2083081934111
0.0,41.4,0.20900000000000002,0.0,58.35153432846681,2077.5536412422925
0.0,41.4,0.40800000000000003,0.0,113.91112921538019,4031.8989742911735
0.0,41.4,0.607,0.0,168.17476378581912,5940.6580498903095
0.0,41.4,0.806,0.0,221.32411471966327,7810.221464878452
0.0,41.4,1.0050000000000001,0.0,273.13805482602385,9632.810924716137
0.0,41.4,1.2040000000000002,0.0,348.839561670014,12295.66127318345
0.0,41.4,1.4030000000000002,0.0,422.68563942469063,14893.24568173735
0.0,41.4,1.6020000000000003,0.0,496.5317171793672,17490.830090291245
0.0,41.4,1.8010000000000004,0.0,570.3777949340438,20088.41449884514
0.0,41.4,2.0,0.0,644.2238726887202,22685.998907399033
4.6,0.0,0.01,0.02962399999999999,0.0,26.042043705755617
4.6,0.0,0.20900000000000002,0.02962399999999999,0.0,26.042043705755617
4.6,0.0,0.40800000000000003,0.02962399999999999,0.0,26.042043705755617
4.6,0.0,0.607,0.02962399999999999,0.0,26.042043705755617
4.6,0.0,0.806,0.02962399999999999,0.0,26.042043705755617
4.6,0.0,1.0050000000000001,0.02962399999999999,0.0,26.042043705755617
4.6,0.0,1.2040000000000002,0.02962399999999999,0.0,26.042043705755617
4.6,0.0,1.4030000000000002,0.02962399999999999,0.0,26.042043705755617
4.6,0.0,1.6020000000000003,0.02962399999999999,0.0,26.042043705755617
4.6,0.0,1.8010000000000004,0.02962399999999999,0.0,26.042043705755617
4.6,0.0,2.0,0.02962399999999999,0.0,26.042043705755617
4.6,4.6,0.01,0.02962399999999999,0.014911842560847407,26.566577586452002
4.6,4.6,0.20900000000000002,0.02962399999999999,0.31165750952171084,37.004801812310106
4.6,4.6,0.40800000000000003,0.02962399999999999,0.6084031764825741,47.4430260381682
4.6,4.6,0.607,0.02962399999999999,0.9719558615183612,60.23123111351576
4.6,4.6,0.806,0.02962399999999999,1.3929500948054847,75.03998047066736
4.6,4.6,1.0050000000000001,0.02962399999999999,1.803366583537655,89.47665069824228
4.6,4.6,1.2040000000000002,0.02962399999999999,2.4708060528219757,112.95427350207011
4.6,4.6,1.4030000000000002,0.02962399999999999,3.1218867115846214,135.85646437443157
4.6,4.6,1.6020000000000003,0.02962399999999999,3.772967370347267,158.75865524679304
4.6,4.6,1.8010000000000004,0.02962399999999999,4.424048029109914,181.6608461191545
4.6,4.6,2.0,0.02962399999999999,5.075128687872557,204.5630369915159
4.6,9.2,0.01,0.02962399999999999,0.0776936830453805,28.774970163844014
4.6,9.2,0.20900000000000002,0.02962399999999999,1.6237979756484529,83.16020667980312
4.6,9.2,0.40800000000000003,0.02962399999999999,3.169902268251525,137.54544319576223
4.6,9.2,0.607,0.02962399999999999,4.934000113117931,199.59874644920833
4.6,9.2,0.806,0.02962399999999999,6.88553166647244,268.2451538133911
4.6,9.2,1.0050000000000001,0.02962399999999999,8.788029763712514,335.166777072946
4.6,9.2,1.2040000000000002,0.02962399999999999,11.767112087428295,439.9579593695923
4.6,9.2,1.4030000000000002,0.02962399999999999,14.67317768752359,542.1807303354383
4.6,9.2,1.6020000000000003,0.02962399999999999,17.579243287618883,644.4035013012842
4.6,9.2,1.8010000000000004,0.02962399999999999,20.48530888771418,746.6262722671303
4.6,9.2,2.0,0.02962399999999999,23.39137448780947,848.8490432329762
4.6,13.799999999999999,0.01,0.02962399999999999,0.2040415678038793,33.219340203275884
4.6,13.799999999999999,0.20900000000000002,0.02962399999999999,4.264468767101078,176.04754050392924
4.6,13.799999999999999,0.40800000000000003,0.02962399999999999,8.324895966398275,318.8757408045825
4.6,13.799999999999999,0.607,0.02962399999999999,12.768322639304182,475.17619977326416
4.6,13.799999999999999,0.806,0.02962399999999999,17.541057270826926,643.0602830172598
4.6,13.799999999999999,1.0050000000000001,0.02962399999999999,22.193873946783768,806.7261732149241
4.6,13.799999999999999,1.2040000000000002,0.02962399999999999,29.330984184133897,1057.7787252036724
4.6,13.799999999999999,1.4030000000000002,0.02962399999999999,36.29316524899995,1302.678028369167
4.6,13.799999999999999,1.6020000000000003,0.02962399999999999,43.255346313866,1547.5773315346614
4.6,13.799999999999999,1.8010000000000004,0.02962399999999999,50.21752737873206,1792.4766347001562
4.6,13.799999999999999,2.0,0.02962399999999999,57.17970844359809,2037.37593786565
4.6,18.4,0.01,0.02962399999999999,0.40479963227381466,40.28113730902044
4.6,18.4,0.20900000000000002,0.02962399999999999,8.460312314522728,323.63910001399034
4.6,18.4,0.40800000000000003,0.02962399999999999,16.51582499677164,606.9970627189603
4.6,18.4,0.607,0.02962399999999999,25.073210340072436,908.0087267316516
4.6,18.4,0.806,0.02962399999999999,34.06211236390384,1224.1992741117301
4.6,18.4,1.0050000000000001,0.02962399999999999,42.82516257809123,1532.4453353767308
4.6,18.4,1.2040000000000002,0.02962399999999999,56.08234180411821,1998.7753437670744
4.6,18.4,1.4030000000000002,0.02962399999999999,69.01459016676216,2453.6756950890267
4.6,18.4,1.6020000000000003,0.02962399999999999,81.94683852940614,2908.5760464109794
4.6,18.4,1.8010000000000004,0.02962399999999999,94.87908689205008,3363.4763977329317
4.6,18.4,2.0,0.02962399999999999,107.81133525469401,3818.3767490548835
4.6,23.0,0.01,0.02962399999999999,0.6886771611269068,50.266716303984765
4.6,23.0,0.20900000000000002,0.02962399999999999,14.393352667552351,532.3377010087447
4.6,23.0,0.40800000000000003,0.02962399999999999,28.098028173977795,1014.4086857135047
4.6,23.0,0.607,0.02962399999999999,42.32440873403199,1514.8309891934045
4.6,23.0,0.806,0.02962399999999999,56.99935812524361,2031.031996666882
4.6,23.0,1.0050000000000001,0.02962399999999999,71.305590195068,2534.263129580724
4.6,23.0,1.2040000000000002,0.02962399999999999,92.7282918258847,3287.820765101691
4.6,23.0,1.4030000000000002,0.02962399999999999,113.62592724025977,4022.9088507324373
4.6,23.0,1.6020000000000003,0.02962399999999999,134.52356265463484,4757.996936363184
4.6,23.0,1.8010000000000004,0.02962399999999999,155.42119806900993,5493.08502199393
4.6,23.0,2.0,0.02962399999999999,176.31883348338496,6228.173107624675
4.6,27.599999999999998,0.01,0.02962399999999999,1.0630973893635474,63.43719436709484
4.6,27.599999999999998,0.20900000000000002,0.02962399999999999,22.218735437698143,807.6006925277454
4.6,27.599999999999998,0.40800000000000003,0.02962399999999999,43.37437348603274,1551.7641906883962
4.6,27.599999999999998,0.607,0.02962399999999999,64.92457842214732,2309.8068389270484
4.6,27.599999999999998,0.806,0.02962399999999999,86.81403713093256,3079.7829619991226
4.6,27.599999999999998,1.0050000000000001,0.02962399999999999,108.15350943999954,3830.4129513256667
4.6,27.599999999999998,1.2040000000000002,0.02962399999999999,139.85285833234136,4945.458420871174
4.6,27.599999999999998,1.4030000000000002,0.02962399999999999,170.7752623988905,6033.174344594488
4.6,27.599999999999998,1.6020000000000003,0.02962399999999999,201.6976664654396,7120.890268317799
4.6,27.599999999999998,1.8010000000000004,0.02962399999999999,232.62007053198874,8208.606192041112
4.6,27.599999999999998,2.0,0.02962399999999999,263.5424745985378,9296.322115764422
4.6,32.199999999999996,0.01,0.02962399999999999,1.534602980575306,80.02271399816405
4.6,32.199999999999996,0.20900000000000002,0.02962399999999999,32.07320229402389,1154.2380528170918
4.6,32.199999999999996,0.40800000000000003,0.02962399999999999,62.611801607472486,2228.4533916360197
4.6,32.199999999999996,0.607,0.02962399999999999,93.22669384023091,3305.3523841263127
4.6,32.199999999999996,0.806,0.02962399999999999,123.90718372323705,4384.558817156472
4.6,32.199999999999996,1.0050000000000001,0.02962399999999999,153.81680702626815,5436.649510663261
4.6,32.199999999999996,1.2040000000000002,0.02962399999999999,197.95823881947314,6989.3534386658985
4.6,32.199999999999996,1.4030000000000002,0.02962399999999999,241.01777277460934,8504.00089784494
4.6,32.199999999999996,1.6020000000000003,0.02962399999999999,284.07730672974554,10018.648357023983
4.6,32.199999999999996,1.8010000000000004,0.02962399999999999,327.1368406848818,11533.295816203028
4.6,32.199999999999996,2.0,0.02962399999999999,370.19637464001784,13047.943275382066
4.6,36.8,0.01,0.02962399999999999,2.109087069450731,100.23057009016334
4.6,36.8,0.20900000000000002,0.02962399999999999,44.079919751520286,1576.5822451398774
4.6,36.8,0.40800000000000003,0.02962399999999999,86.05075243358984,3052.933920189591
4.6,36.8,0.607,0.02962399999999999,127.54728391561346,4512.601738226741
4.6,36.8,0.806,0.02962399999999999,168.63600502002754,5957.924557711034
4.6,36.8,1.0050000000000001,0.02962399999999999,208.69234619719504,7366.932733489692
4.6,36.8,1.2040000000000002,0.02962399999999999,267.4876671312499,9435.09686079233
4.6,36.8,1.4030000000000002,0.02962399999999999,324.8419262777053,11452.570690857154
4.6,36.8,1.6020000000000003,0.02962399999999999,382.1961854241607,13470.044520921982
4.6,36.8,1.8010000000000004,0.02962399999999999,439.55044457061615,15487.518350986807
4.6,36.8,2.0,0.02962399999999999,496.90470371707147,17504.992181051628
4.6,41.4,0.01,0.02962399999999999,2.7919394415534358,124.25035189916672
4.6,41.4,0.20900000000000002,0.02962399999999999,58.35153432846681,2078.595684948048
4.6,41.4,0.40800000000000003,0.02962399999999999,113.91112921538019,4032.941017996929
4.6,41.4,0.607,0.02962399999999999,168.17476378581912,5941.700093596065
4.6,41.4,0.806,0.02962399999999999,221.32411471966327,7811.2635085842085
4.6,41.4,1.0050000000000001,0.02962399999999999,273.13805482602385,9633.852968421894
4.6,41.4,1.2040000000000002,0.02962399999999999,348.839561670014,12296.703316889207
4.6,41.4,1.4030000000000002,0.02962399999999999,422.68563942469063,14894.287725443106
4.6,41.4,1.6020000000000003,0.02962399999999999,496.5317171793672,17491.872133997
4.6,41.4,1.8010000000000004,0.02962399999999999,570.3777949340438,20089.456542550895
4.6,41.4,2.0,0.02962399999999999,644.2238726887202,22687.040951104787
9.2,0.0,0.01,0.11849599999999996,0.0,29.16817482302247
9.2,0.0,0.20900000000000002,0.11849599999999996,0.0,29.16817482302247
9.2,0.0,0.40800000000000003,0.11849599999999996,0.0,29.16817482302247
9.2,0.0,0.607,0.11849599999999996,0.0,29.16817482302247
9.2,0.0,0.806,0.11849599999999996,0.0,29.16817482302247
9.2,0.0,1.0050000000000001,0.11849599999999996,0.0,29.16817482302247
9.2,0.0,1.2040000000000002,0.11849599999999996,0.0,29.16817482302247
9.2,0.0,1.4030000000000002,0.11849599999999996,0.0,29.16817482302247
9.2,0.0,1.6020000000000003,0.11849599999999996,0.0,29.16817482302247
9.2,0.0,1.8010000000000004,0.11849599999999996,0.0,29.16817482302247
9.2,0.0,2.0,0.11849599999999996,0.0,29.16817482302247
9.2,4.6,0.01,0.11849599999999996,0.014911842560847407,29.692708703718854
9.2,4.6,0.20900000000000002,0.11849599999999996,0.31165750952171084,40.13093292957696
9.2,4.6,0.40800000000000003,0.11849599999999996,0.6084031764825741,50.56915715543505
9.2,4.6,0.607,0.11849599999999996,0.9719558615183612,63.35736223078261
9.2,4.6,0.806,0.11849599999999996,1.3929500948054847,78.16611158793421
9.2,4.6,1.0050000000000001,0.11849599999999996,1.803366583537655,92.60278181550913
9.2,4.6,1.2040000000000002,0.11849599999999996,2.4708060528219757,116.08040461933697
9.2,4.6,1.4030000000000002,0.11849599999999996,3.1218867115846214,138.98259549169842
9.2,4.6,1.6020000000000003,0.11849599999999996,3.772967370347267,161.8847863640599
9.2,4.6,1.8010000000000004,0.11849599999999996,4.424048029109914,184.7869772364214
9.2,4.6,2.0,0.11849599999999996,5.075128687872557,207.68916810878278
9.2,9.2,0.01,0.11849599999999996,0.0776936830453805,31.901101281110865
9.2,9.2,0.20900000000000002,0.11849599999999996,1.6237979756484529,86.28633779706996
9.2,9.2,0.40800000000000003,0.11849599999999996,3.169902268251525,140.67157431302908
9.2,9.2,0.607,0.11849599999999996,4.934000113117931,202.72487756647521
9.2,9.2,0.806,0.11849599999999996,6.88553166647244,271.3712849306579
9.2,9.2,1.0050000000000001,0.11849599999999996,8.788029763712514,338.2929081902128
9.2,9.2,1.2040000000000002,0.11849599999999996,11.767112087428295,443.0840904868591
9.2,9.2,1.4030000000000002,0.11849599999999996,14.67317768752359,545.3068614527051
9.2,9.2,1.6020000000000003,0.11849599999999996,17.579243287618883,647.529632418551
9.2,9.2,1.8010000000000004,0.11849599999999996,20.48530888771418,749.7524033843971
9.2,9.2,2.0,0.11849599999999996,23.39137448780947,851.975174350243
9.2,13.799999999999999,0.01,0.11849599999999996,0.2040415678038793,36.345471320542735
9.2,13.799999999999999,0.20900000000000002,0.11849599999999996,4.264468767101078,179.1736716211961
9.2,13.799999999999999,0.40800000000000003,0.11849599999999996,8.324895966398275,322.0018719218494
9.2,13.799999999999999,0.607,0.11849599999999996,12.768322639304182,478.302330890531
9.2,13.799999999999999,0.806,0.11849599999999996,17.541057270826926,646.1864141345267
9.2,13.799999999999999,1.0050000000000001,0.11849599999999996,22.193873946783768,809.8523043321909
9.2,13.799999999999999,1.2040000000000002,0.11849599999999996,29.330984184133897,1060.9048563209392
9.2,13.799999999999999,1.4030000000000002,0.11849599999999996,36.29316524899995,1305.8041594864337
9.2,13.799999999999999,1.6020000000000003,0.11849599999999996,43.255346313866,1550.7034626519282
9.2,13.799999999999999,1.8010000000000004,0.11849599999999996,50.21752737873206,1795.6027658174228
9.2,13.799999999999999,2.0,0.11849599999999996,57.17970844359809,2040.5020689829166
9.2,18.4,0.01,0.11849599999999996,0.40479963227381466,43.40726842628729
9.2,18.4,0.20900000000000002,0.11849599999999996,8.460312314522728,326.76523113125717
9.2,18.4,0.40800000000000003,0.11849599999999996,16.51582499677164,610.1231938362271
9.2,18.4,0.607,0.11849599999999996,25.073210340072436,911.1348578489184
9.2,18.4,0.806,0.11849599999999996,34.06211236390384,1227.325405228997
9.2,18.4,1.0050000000000001,0.11849599999999996,42.82516257809123,1535.5714664939976
9.2,18.4,1.2040000000000002,0.11849599999999996,56.08234180411821,2001.901474884341
9.2,18.4,1.4030000000000002,0.11849599999999996,69.01459016676216,2456.8018262062938
9.2,18.4,1.6020000000000003,0.11849599999999996,81.94683852940614,2911.7021775282465
9.2,18.4,1.8010000000000004,0.11849599999999996,94.87908689205008,3366.6025288501987
9.2,18.4,2.0,0.11849599999999996,107.81133525469401,3821.5028801721505
9.2,23.0,0.01,0.11849599999999996,0.6886771611269068,53.392847421251616
9.2,23.0,0.20900000000000002,0.11849599999999996,14.393352667552351,535.4638321260115
9.2,23.0,0.40800000000000003,0.11849599999999996,28.098028173977795,1017.5348168307717
9.2,23.0,0.607,0.11849599999999996,42.32440873403199,1517.9571203106711
9.2,23.0,0.806,0.11849599999999996,56.99935812524361,2034.1581277841487
9.2,23.0,1.0050000000000001,0.11849599999999996,71.305590195068,2537.389260697991
9.2,23.0,1.2040000000000002,0.11849599999999996,92.7282918258847,3290.946896218958
9.2,23.0,1.4030000000000002,0.11849599999999996,113.62592724025977,4026.0349818497043
9.2,23.0,1.6020000000000003,0.11849599999999996,134.52356265463484,4761.123067480451
9.2,23.0,1.8010000000000004,0.11849599999999996,155.42119806900993,5496.211153111198
9.2,23.0,2.0,0.11849599999999996,176.31883348338496,6231.299238741942
9.2,27.599999999999998,0.01,0.11849599999999996,1.0630973893635474,66.56332548436168
9.2,27.599999999999998,0.20900000000000002,0.11849599999999996,22.218735437698143,810.7268236450122
9.2,27.599999999999998,0.40800000000000003,0.11849599999999996,43.37437348603274,1554.890321805663
9.2,27.599999999999998,0.607,0.11849599999999996,64.92457842214732,2312.932970044315
9.2,27.599999999999998,0.806,0.11849599999999996,86.81403713093256,3082.9090931163896
9.2,27.599999999999998,1.0050000000000001,0.11849599999999996,108.15350943999954,3833.5390824429337
9.2,27.599999999999998,1.2040000000000002,0.11849599999999996,139.85285833234136,4948.584551988441
9.2,27.599999999999998,1.4030000000000002,0.11849599999999996,170.7752623988905,6036.300475711754
9.2,27.599999999999998,1.6020000000000003,0.11849599999999996,201.6976664654396,7124.016399435066
9.2,27.599999999999998,1.8010000000000004,0.11849599999999996,232.62007053198874,8211.73232315838
9.2,27.599999999999998,2.0,0.11849599999999996,263.5424745985378,9299.448246881688
9.2,32.199999999999996,0.01,0.11849599999999996,1.534602980575306,83.1488451154309
9.2,32.199999999999996,0.20900000000000002,0.11849599999999996,32.07320229402389,1157.3641839343586
9.2,32.199999999999996,0.40800000000000003,0.11849599999999996,62.611801607472486,2231.5795227532863
9.2,32.199999999999996,0.607,0.11849599999999996,93.22669384023091,3308.4785152435793
9.2,32.199999999999996,0.806,0.11849599999999996,123.90718372323705,4387.68494827374
9.2,32.199999999999996,1.0050000000000001,0.11849599999999996,153.81680702626815,5439.775641780528
9.2,32.199999999999996,1.2040000000000002,0.11849599999999996,197.95823881947314,6992.479569783165
9.2,32.199999999999996,1.4030000000000002,0.11849599999999996,241.01777277460934,8507.127028962208
9.2,32.199999999999996,1.6020000000000003,0.11849599999999996,284.07730672974554,10021.77448814125
9.2,32.199999999999996,1.8010000000000004,0.11849599999999996,327.1368406848818,11536.421947320294
9.2,32.199999999999996,2.0,0.11849599999999996,370.19637464001784,13051.069406499331
9.2,36.8,0.01,0.11849599999999996,2.109087069450731,103.3567012074302
9.2,36.8,0.20900000000000002,0.11849599999999996,44.079919751520286,1579.7083762571442
9.2,36.8,0.40800000000000003,0.11849599999999996,86.05075243358984,3056.060051306858
9.2,36.8,0.607,0.11849599999999996,127.54728391561346,4515.7278693440085
9.2,36.8,0.806,0.11849599999999996,168.63600502002754,5961.050688828302
9.2,36.8,1.0050000000000001,0.11849599999999996,208.69234619719504,7370.058864606958
9.2,36.8,1.2040000000000002,0.11849599999999996,267.4876671312499,9438.222991909595
9.2,36.8,1.4030000000000002,0.11849599999999996,324.8419262777053,11455.696821974421
9.2,36.8,1.6020000000000003,0.11849599999999996,382.1961854241607,13473.170652039247
9.2,36.8,1.8010000000000004,0.11849599999999996,439.55044457061615,15490.644482104075
9.2,36.8,2.0,0.11849599999999996,496.90470371707147,17508.118312168895
9.2,41.4,0.01,0.11849599999999996,2.7919394415534358,127.37648301643358
9.2,41.4,0.20900000000000002,0.11849599999999996,58.35153432846681,2081.7218160653147
9.2,41.4,0.40800000000000003,0.11849599999999996,113.91112921538019,4036.067149114196
9.2,41.4,0.607,0.11849599999999996,168.17476378581912,5944.8262247133325
9.2,41.4,0.806,0.11849599999999996,221.32411471966327,7814.389639701475
9.2,41.4,1.0050000000000001,0.11849599999999996,273.13805482602385,9636.97909953916
9.2,41.4,1.2040000000000002,0.11849599999999996,348.839561670014,12299.829448006472
9.2,41.4,1.4030000000000002,0.11849599999999996,422.68563942469063,14897.413856560372
9.2,41.4,1.6020000000000003,0.11849599999999996,496.5317171793672,17494.998265114267
9.2,41.4,1.8010000000000004,0.11849599999999996,570.3777949340438,20092.582673668167
9.2,41.4,2.0,0.11849599999999996,644.2238726887202,22690.16708222206
13.799999999999999,0.0,0.01,0.2666159999999999,0.0,34.378393351800554
13.799999999999999,0.0,0.20900000000000002,0.2666159999999999,0.0,34.378393351800554
13.799999999999999,0.0,0.40800000000000003,0.2666159999999999,0.0,34.378393351800554
13.799999999999999,0.0,0.607,0.2666159999999999,0.0,34.378393351800554
13.799999999999999,0.0,0.806,0.2666159999999999,0.0,34.378393351800554
13.799999999999999,0.0,1.0050000000000001,0.2666159999999999,0.0,34.378393351800554
13.799999999999999,0.0,1.2040000000000002,0.2666159999999999,0.0,34.378393351800554
13.799999999999999,0.0,1.4030000000000002,0.2666159999999999,0.0,34.378393351800554
13.799999999999999,0.0,1.6020000000000003,0.2666159999999999,0.0,34.378393351800554
13.799999999999999,0.0,1.8010000000000004,0.2666159999999999,0.0,34.378393351800554
13.799999999999999,0.0,2.0,0.2666159999999999,0.0,34.378393351800554
13.799999999999999,4.6,0.01,0.2666159999999999,0.014911842560847407,34.902927232496936
13.799999999999999,4.6,0.20900000000000002,0.2666159999999999,0.31165750952171084,45.34115145835504
13.799999999999999,4.6,0.40800000000000003,0.2666159999999999,0.6084031764825741,55.779375684213136
13.799999999999999,4.6,0.607,0.2666159999999999,0.9719558615183612,68.5675807595607
13.799999999999999,4.6,0.806,0.2666159999999999,1.3929500948054847,83.3763301167123
13.799999999999999,4.6,1.0050000000000001,0.2666159999999999,1.803366583537655,97.81300034428722
13.799999999999999,4.6,1.2040000000000002,0.2666159999999999,2.4708060528219757,121.29062314811506
13.799999999999999,4.6,1.4030000000000002,0.2666159999999999,3.1218867115846214,144.19281402047653
13.799999999999999,4.6,1.6020000000000003,0.2666159999999999,3.772967370347267,167.09500489283798
13.799999999999999,4.6,1.8010000000000004,0.2666159999999999,4.424048029109914,189.99719576519945
13.799999999999999,4.6,2.0,0.2666159999999999,5.075128687872557,212.89938663756087
13.799999999999999,9.2,0.01,0.2666159999999999,0.0776936830453805,37.11131980988895
13.799999999999999,9.2,0.20900000000000002,0.2666159999999999,1.6237979756484529,91.49655632584806
13.799999999999999,9.2,0.40800000000000003,0.2666159999999999,3.169902268251525,145.88179284180717
13.799999999999999,9.2,0.607,0.2666159999999999,4.934000113117931,207.9350960952533
13.799999999999999,9.2,0.806,0.2666159999999999,6.88553166647244,276.581503459436
13.799999999999999,9.2,1.0050000000000001,0.2666159999999999,8.788029763712514,343.5031267189909
13.799999999999999,9.2,1.2040000000000002,0.2666159999999999,11.767112087428295,448.2943090156372
13.799999999999999,9.2,1.4030000000000002,0.2666159999999999,14.67317768752359,550.5170799814832
13.799999999999999,9.2,1.6020000000000003,0.2666159999999999,17.579243287618883,652.7398509473292
13.799999999999999,9.2,1.8010000000000004,0.2666159999999999,20.48530888771418,754.9626219131751
13.799999999999999,9.2,2.0,0.2666159999999999,23.39137448780947,857.185392879021
13.799999999999999,13.799999999999999,0.01,0.2666159999999999,0.2040415678038793,41.55568984932082
13.799999999999999,13.799999999999999,0.20900000000000002,0.2666159999999999,4.264468767101078,184.38389014997418
13.799999999999999,13.799999999999999,0.40800000000000003,0.2666159999999999,8.324895966398275,327.2120904506275
13.799999999999999,13.799999999999999,0.607,0.2666159999999999,12.768322639304182,483.5125494193091
13.799999999999999,13.799999999999999,0.806,0.2666159999999999,17.541057270826926,651.3966326633048
13.799999999999999,13.799999999999999,1.0050000000000001,0.2666159999999999,22.193873946783768,815.0625228609689
13.799999999999999,13.799999999999999,1.2040000000000002,0.2666159999999999,29.330984184133897,1066.115074849717
13.799999999999999,13.799999999999999,1.4030000000000002,0.2666159999999999,36.29316524899995,1311.0143780152118
13.799999999999999,13.799999999999999,1.6020000000000003,0.2666159999999999,43.255346313866,1555.9136811807064
13.799999999999999,13.799999999999999,1.8010000000000004,0.2666159999999999,50.21752737873206,1800.812984346201
13.799999999999999,13.799999999999999,2.0,0.2666159999999999,57.17970844359809,2045.7122875116947
13.799999999999999,18.4,0.01,0.2666159999999999,0.40479963227381466,48.617486955065374
13.799999999999999,18.4,0.20900000000000002,0.2666159999999999,8.460312314522728,331.9754496600353
13.799999999999999,18.4,0.40800000000000003,0.2666159999999999,16.51582499677164,615.3334123650052
13.799999999999999,18.4,0.607,0.2666159999999999,25.073210340072436,916.3450763776964
13.799999999999999,18.4,0.806,0.2666159999999999,34.06211236390384,1232.535623757775
13.799999999999999,18.4,1.0050000000000001,0.2666159999999999,42.82516257809123,1540.7816850227757
13.799999999999999,18.4,1.2040000000000002,0.2666159999999999,56.08234180411821,2007.1116934131194
13.799999999999999,18.4,1.4030000000000002,0.2666159999999999,69.01459016676216,2462.0120447350714
13.799999999999999,18.4,1.6020000000000003,0.2666159999999999,81.94683852940614,2916.9123960570246
13.799999999999999,18.4,1.8010000000000004,0.2666159999999999,94.87908689205008,3371.812747378977
13.799999999999999,18.4,2.0,0.2666159999999999,107.81133525469401,3826.7130987009286
13.799999999999999,23.0,0.01,0.2666159999999999,0.6886771611269068,58.603065950029695
13.799999999999999,23.0,0.20900000000000002,0.2666159999999999,14.393352667552351,540.6740506547898
13.799999999999999,23.0,0.40800000000000003,0.2666159999999999,28.098028173977795,1022.7450353595497
13.799999999999999,23.0,0.607,0.2666159999999999,42.32440873403199,1523.1673388394493
13.799999999999999,23.0,0.806,0.2666159999999999,56.99935812524361,2039.3683463129269
13.799999999999999,23.0,1.0050000000000001,0.2666159999999999,71.305590195068,2542.5994792267693
13.799999999999999,23.0,1.2040000000000002,0.2666159999999999,92.7282918258847,3296.1571147477357
13.799999999999999,23.0,1.4030000000000002,0.2666159999999999,113.62592724025977,4031.245200378482
13.799999999999999,23.0,1.6020000000000003,0.2666159999999999,134.52356265463484,4766.333286009229
13.799999999999999,23.0,1.8010000000000004,0.2666159999999999,155.42119806900993,5501.421371639975
13.799999999999999,23.0,2.0,0.2666159999999999,176.31883348338496,6236.509457270719
13.799999999999999,27.599999999999998,0.01,0.2666159999999999,1.0630973893635474,71.77354401313977
13.799999999999999,27.599999999999998,0.20900000000000002,0.2666159999999999,22.218735437698143,815.9370421737904
13.799999999999999,27.599999999999998,0.40800000000000003,0.2666159999999999,43.37437348603274,1560.1005403344411
13.799999999999999,27.599999999999998,0.607,0.2666159999999999,64.92457842214732,2318.143188573093
13.799999999999999,27.599999999999998,0.806,0.2666159999999999,86.81403713093256,3088.1193116451677
13.799999999999999,27.599999999999998,1.0050000000000001,0.2666159999999999,108.15350943999954,3838.749300971712
13.799999999999999,27.599999999999998,1.2040000000000002,0.2666159999999999,139.85285833234136,4953.794770517219
13.799999999999999,27.599999999999998,1.4030000000000002,0.2666159999999999,170.7752623988905,6041.510694240533
13.799999999999999,27.599999999999998,1.6020000000000003,0.2666159999999999,201.6976664654396,7129.226617963844
13.799999999999999,27.599999999999998,1.8010000000000004,0.2666159999999999,232.62007053198874,8216.942541687156
13.799999999999999,27.599999999999998,2.0,0.2666159999999999,263.5424745985378,9304.658465410466
13.799999999999999,32.199999999999996,0.01,0.2666159999999999,1.534602980575306,88.35906364420899
13.799999999999999,32.199999999999996,0.20900000000000002,0.2666159999999999,32.07320229402389,1162.5744024631367
13.799999999999999,32.199999999999996,0.40800000000000003,0.2666159999999999,62.611801607472486,2236.789741282065
13.799999999999999,32.199999999999996,0.607,0.2666159999999999,93.22669384023091,3313.6887337723574
13.799999999999999,32.199999999999996,0.806,0.2666159999999999,123.90718372323705,4392.895166802517
13.799999999999999,32.199999999999996,1.0050000000000001,0.2666159999999999,153.81680702626815,5444.985860309306
13.799999999999999,32.199999999999996,1.2040000000000002,0.2666159999999999,197.95823881947314,6997.689788311944
13.799999999999999,32.199999999999996,1.4030000000000002,0.2666159999999999,241.01777277460934,8512.337247490987
13.799999999999999,32.199999999999996,1.6020000000000003,0.2666159999999999,284.07730672974554,10026.984706670028
13.799999999999999,32.199999999999996,1.8010000000000004,0.2666159999999999,327.1368406848818,11541.632165849072
13.799999999999999,32.199999999999996,2.0,0.2666159999999999,370.19637464001784,13056.27962502811
13.799999999999999,36.8,0.01,0.2666159999999999,2.109087069450731,108.56691973620829
13.799999999999999,36.8,0.20900000000000002,0.2666159999999999,44.079919751520286,1584.9185947859223
13.799999999999999,36.8,0.40800000000000003,0.2666159999999999,86.05075243358984,3061.270269835636
13.799999999999999,36.8,0.607,0.2666159999999999,127.54728391561346,4520.938087872786
13.799999999999999,36.8,0.806,0.2666159999999999,168.63600502002754,5966.260907357079
13.799999999999999,36.8,1.0050000000000001,0.2666159999999999,208.69234619719504,7375.269083135736
13.799999999999999,36.8,1.2040000000000002,0.2666159999999999,267.4876671312499,9443.433210438374
13.799999999999999,36.8,1.4030000000000002,0.2666159999999999,324.8419262777053,11460.907040503198
13.799999999999999,36.8,1.6020000000000003,0.2666159999999999,382.1961854241607,13478.380870568026
13.799999999999999,36.8,1.8010000000000004,0.2666159999999999,439.55044457061615,15495.854700632852
13.799999999999999,36.8,2.0,0.2666159999999999,496.90470371707147,17513.328530697672
13.799999999999999,41.4,0.01,0.2666159999999999,2.7919394415534358,132.58670154521167
13.799999999999999,41.4,0.20900000000000002,0.2666159999999999,58.35153432846681,2086.932034594093
13.799999999999999,41.4,0.40800000000000003,0.2666159999999999,113.91112921538019,4041.277367642974
13.799999999999999,41.4,0.607,0.2666159999999999,168.17476378581912,5950.03644324211
13.799999999999999,41.4,0.806,0.2666159999999999,221.32411471966327,7819.599858230254
13.799999999999999,41.4,1.0050000000000001,0.2666159999999999,273.13805482602385,9642.189318067938
13.799999999999999,41.4,1.2040000000000002,0.2666159999999999,348.839561670014,12305.039666535251
13.799999999999999,41.4,1.4030000000000002,0.2666159999999999,422.68563942469063,14902.624075089148
13.799999999999999,41.4,1.6020000000000003,0.2666159999999999,496.5317171793672,17500.208483643044
13.799999999999999,41.4,1.8010000000000004,0.2666159999999999,570.3777949340438,20097.792892196943
13.799999999999999,41.4,2.0,0.2666159999999999,644.2238726887202,22695.377300750835
18.4,0.0,0.01,0.47398399999999985,0.0,41.672699292089874
18.4,0.0,0.20900000000000002,0.47398399999999985,0.0,41.672699292089874
18.4,0.0,0.40800000000000003,0.47398399999999985,0.0,41.672699292089874
18.4,0.0,0.607,0.47398399999999985,0.0,41.672699292089874
18.4,0.0,0.806,0.47398399999999985,0.0,41.672699292089874
18.4,0.0,1.0050000000000001,0.47398399999999985,0.0,41.672699292089874
18.4,0.0,1.2040000000000002,0.47398399999999985,0.0,41.672699292089874
18.4,0.0,1.4030000000000002,0.47398399999999985,0.0,41.672699292089874
18.4,0.0,1.6020000000000003,0.47398399999999985,0.0,41.672699292089874
18.4,0.0,1.8010000000000004,0.47398399999999985,0.0,41.672699292089874
18.4,0.0,2.0,0.47398399999999985,0.0,41.672699292089874
18.4,4.6,0.01,0.47398399999999985,0.014911842560847407,42.197233172786255
18.4,4.6,0.20900000000000002,0.47398399999999985,0.31165750952171084,52.63545739864436
18.4,4.6,0.40800000000000003,0.47398399999999985,0.6084031764825741,63.07368162450245
18.4,4.6,0.607,0.47398399999999985,0.9719558615183612,75.86188669985002
18.4,4.6,0.806,0.47398399999999985,1.3929500948054847,90.67063605700162
18.4,4.6,1.0050000000000001,0.47398399999999985,1.803366583537655,105.10730628457654
18.4,4.6,1.2040000000000002,0.47398399999999985,2.4708060528219757,128.58492908840438
18.4,4.6,1.4030000000000002,0.47398399999999985,3.1218867115846214,151.48711996076582
18.4,4.6,1.6020000000000003,0.47398399999999985,3.772967370347267,174.38931083312727
18.4,4.6,1.8010000000000004,0.47398399999999985,4.424048029109914,197.29150170548877
18.4,4.6,2.0,0.47398399999999985,5.075128687872557,220.19369257785016
18.4,9.2,0.01,0.47398399999999985,0.0776936830453805,44.40562575017827
18.4,9.2,0.20900000000000002,0.47398399999999985,1.6237979756484529,98.79086226613738
18.4,9.2,0.40800000000000003,0.47398399999999985,3.169902268251525,153.1760987820965
18.4,9.2,0.607,0.47398399999999985,4.934000113117931,215.2294020355426
18.4,9.2,0.806,0.47398399999999985,6.88553166647244,283.8758093997253
18.4,9.2,1.0050000000000001,0.47398399999999985,8.788029763712514,350.7974326592803
18.4,9.2,1.2040000000000002,0.47398399999999985,11.767112087428295,455.5886149559265
18.4,9.2,1.4030000000000002,0.47398399999999985,14.67317768752359,557.8113859217725
18.4,9.2,1.6020000000000003,0.47398399999999985,17.579243287618883,660.0341568876186
18.4,9.2,1.8010000000000004,0.47398399999999985,20.48530888771418,762.2569278534645
18.4,9.2,2.0,0.47398399999999985,23.39137448780947,864.4796988193104
18.4,13.799999999999999,0.01,0.47398399999999985,0.2040415678038793,48.84999578961014
18.4,13.799999999999999,0.20900000000000002,0.47398399999999985,4.264468767101078,191.67819609026347
18.4,13.799999999999999,0.40800000000000003,0.47398399999999985,8.324895966398275,334.5063963909168
18.4,13.799999999999999,0.607,0.47398399999999985,12.768322639304182,490.80685535959844
18.4,13.799999999999999,0.806,0.47398399999999985,17.541057270826926,658.6909386035941
18.4,13.799999999999999,1.0050000000000001,0.47398399999999985,22.193873946783768,822.3568288012583
18.4,13.799999999999999,1.2040000000000002,0.47398399999999985,29.330984184133897,1073.4093807900065
18.4,13.799999999999999,1.4030000000000002,0.47398399999999985,36.29316524899995,1318.308683955501
18.4,13.799999999999999,1.6020000000000003,0.47398399999999985,43.255346313866,1563.2079871209955
18.4,13.799999999999999,1.8010000000000004,0.47398399999999985,50.21752737873206,1808.10729028649
18.4,13.799999999999999,2.0,0.47398399999999985,57.17970844359809,2053.006593451984
18.4,18.4,0.01,0.47398399999999985,0.40479963227381466,55.911792895354694
18.4,18.4,0.20900000000000002,0.47398399999999985,8.460312314522728,339.26975560032463
18.4,18.4,0.40800000000000003,0.47398399999999985,16.51582499677164,622.6277183052946
18.4,18.4,0.607,0.47398399999999985,25.073210340072436,923.6393823179858
18.4,18.4,0.806,0.47398399999999985,34.06211236390384,1239.8299296980642
18.4,18.4,1.0050000000000001,0.47398399999999985,42.82516257809123,1548.075990963065
18.4,18.4,1.2040000000000002,0.47398399999999985,56.08234180411821,2014.4059993534083
18.4,18.4,1.4030000000000002,0.47398399999999985,69.01459016676216,2469.306350675361
18.4,18.4,1.6020000000000003,0.47398399999999985,81.94683852940614,2924.2067019973138
18.4,18.4,1.8010000000000004,0.47398399999999985,94.87908689205008,3379.107053319266
18.4,18.4,2.0,0.47398399999999985,107.81133525469401,3834.007404641218
18.4,23.0,0.01,0.47398399999999985,0.6886771611269068,65.89737189031902
18.4,23.0,0.20900000000000002,0.47398399999999985,14.393352667552351,547.9683565950791
18.4,23.0,0.40800000000000003,0.47398399999999985,28.098028173977795,1030.0393412998392
18.4,23.0,0.607,0.47398399999999985,42.32440873403199,1530.4616447797384
18.4,23.0,0.806,0.47398399999999985,56.99935812524361,2046.662652253216
18.4,23.0,1.0050000000000001,0.47398399999999985,71.305590195068,2549.8937851670585
18.4,23.0,1.2040000000000002,0.47398399999999985,92.7282918258847,3303.4514206880253
18.4,23.0,1.4030000000000002,0.47398399999999985,113.62592724025977,4038.5395063187716
18.4,23.0,1.6020000000000003,0.47398399999999985,134.52356265463484,4773.627591949518
18.4,23.0,1.8010000000000004,0.47398399999999985,155.42119806900993,5508.715677580264
18.4,23.0,2.0,0.47398399999999985,176.31883348338496,6243.803763211009
18.4,27.599999999999998,0.01,0.47398399999999985,1.0630973893635474,79.06784995342909
18.4,27.599999999999998,0.20900000000000002,0.47398399999999985,22.218735437698143,823.2313481140798
18.4,27.599999999999998,0.40800000000000003,0.47398399999999985,43.37437348603274,1567.3948462747303
18.4,27.599999999999998,0.607,0.47398399999999985,64.92457842214732,2325.4374945133823
18.4,27.599999999999998,0.806,0.47398399999999985,86.81403713093256,3095.413617585457
18.4,27.599999999999998,1.0050000000000001,0.47398399999999985,108.15350943999954,3846.043606912001
18.4,27.599999999999998,1.2040000000000002,0.47398399999999985,139.85285833234136,4961.089076457508
18.4,27.599999999999998,1.4030000000000002,0.47398399999999985,170.7752623988905,6048.8050001808215
18.4,27.599999999999998,1.6020000000000003,0.47398399999999985,201.6976664654396,7136.520923904133
18.4,27.599999999999998,1.8010000000000004,0.47398399999999985,232.62007053198874,8224.236847627446
18.4,27.599999999999998,2.0,0.47398399999999985,263.5424745985378,9311.952771350756
18.4,32.199999999999996,0.01,0.47398399999999985,1.534602980575306,95.65336958449831
18.4,32.199999999999996,0.20900000000000002,0.47398399999999985,32.07320229402389,1169.8687084034261
18.4,32.199999999999996,0.40800000000000003,0.47398399999999985,62.611801607472486,2244.0840472223535
18.4,32.199999999999996,0.607,0.47398399999999985,93.22669384023091,3320.9830397126466
18.4,32.199999999999996,0.806,0.47398399999999985,123.90718372323705,4400.189472742807
18.4,32.199999999999996,1.0050000000000001,0.47398399999999985,153.81680702626815,5452.280166249595
18.4,32.199999999999996,1.2040000000000002,0.47398399999999985,197.95823881947314,7004.984094252232
18.4,32.199999999999996,1.4030000000000002,0.47398399999999985,241.01777277460934,8519.631553431274
18.4,32.199999999999996,1.6020000000000003,0.47398399999999985,284.07730672974554,10034.279012610317
18.4,32.199999999999996,1.8010000000000004,0.47398399999999985,327.1368406848818,11548.926471789362
18.4,32.199999999999996,2.0,0.47398399999999985,370.19637464001784,13063.5739309684
18.4,36.8,0.01,0.47398399999999985,2.109087069450731,115.86122567649761
18.4,36.8,0.20900000000000002,0.47398399999999985,44.079919751520286,1592.2129007262115
18.4,36.8,0.40800000000000003,0.47398399999999985,86.05075243358984,3068.5645757759253
18.4,36.8,0.607,0.47398399999999985,127.54728391561346,4528.232393813076
18.4,36.8,0.806,0.47398399999999985,168.63600502002754,5973.555213297368
18.4,36.8,1.0050000000000001,0.47398399999999985,208.69234619719504,7382.563389076025
18.4,36.8,1.2040000000000002,0.47398399999999985,267.4876671312499,9450.727516378663
18.4,36.8,1.4030000000000002,0.47398399999999985,324.8419262777053,11468.201346443488
18.4,36.8,1.6020000000000003,0.47398399999999985,382.1961854241607,13485.675176508315
18.4,36.8,1.8010000000000004,0.47398399999999985,439.55044457061615,15503.149006573141
18.4,36.8,2.0,0.47398399999999985,496.90470371707147,17520.622836637962
18.4,41.4,0.01,0.47398399999999985,2.7919394415534358,139.88100748550096
18.4,41.4,0.20900000000000002,0.47398399999999985,58.35153432846681,2094.226340534382
18.4,41.4,0.40800000000000003,0.47398399999999985,113.91112921538019,4048.5716735832634
18.4,41.4,0.607,0.47398399999999985,168.17476378581912,5957.330749182399
18.4,41.4,0.806,0.47398399999999985,221.32411471966327,7826.894164170542
18.4,41.4,1.0050000000000001,0.47398399999999985,273.13805482602385,9649.483624008228
18.4,41.4,1.2040000000000002,0.47398399999999985,348.839561670014,12312.33397247554
18.4,41.4,1.4030000000000002,0.47398399999999985,422.68563942469063,14909.91838102944
18.4,41.4,1.6020000000000003,0.47398399999999985,496.5317171793672,17507.502789583334
18.4,41.4,1.8010000000000004,0.47398399999999985,570.3777949340438,20105.087198137233
18.4,41.4,2.0,0.47398399999999985,644.2238726887202,22702.671606691125
23.0,0.0,0.01,0.7405999999999999,0.0,51.05109264389043
23.0,0.0,0.20900000000000002,0.7405999999999999,0.0,51.05109264389043
23.0,0.0,0.40800000000000003,0.7405999999999999,0.0,51.05109264389043
23.0,0.0,0.607,0.7405999999999999,0.0,51.05109264389043
23.0,0.0,0.806,0.7405999999999999,0.0,51.05109264389043
23.0,0.0,1.0050000000000001,0.7405999999999999,0.0,51.05109264389043
23.0,0.0,1.2040000000000002,0.7405999999999999,0.0,51.05109264389043
23.0,0.0,1.4030000000000002,0.7405999999999999,0.0,51.05109264389043
23.0,0.0,1.6020000000000003,0.7405999999999999,0.0,51.05109264389043
23.0,0.0,1.8010000000000004,0.7405999999999999,0.0,51.05109264389043
23.0,0.0,2.0,0.7405999999999999,0.0,51.05109264389043
23.0,4.6,0.01,0.7405999999999999,0.014911842560847407,51.57562652458681
23.0,4.6,0.20900000000000002,0.7405999999999999,0.31165750952171084,62.01385075044492
23.0,4.6,0.40800000000000003,0.7405999999999999,0.6084031764825741,72.45207497630301
23.0,4.6,0.607,0.7405999999999999,0.9719558615183612,85.24028005165057
23.0,4.6,0.806,0.7405999999999999,1.3929500948054847,100.04902940880217
23.0,4.6,1.0050000000000001,0.7405999999999999,1.803366583537655,114.48569963637709
23.0,4.6,1.2040000000000002,0.7405999999999999,2.4708060528219757,137.96332244020493
23.0,4.6,1.4030000000000002,0.7405999999999999,3.1218867115846214,160.86551331256638
23.0,4.6,1.6020000000000003,0.7405999999999999,3.772967370347267,183.76770418492785
23.0,4.6,1.8010000000000004,0.7405999999999999,4.424048029109914,206.66989505728935
23.0,4.6,2.0,0.7405999999999999,5.075128687872557,229.5720859296507
23.0,9.2,0.01,0.7405999999999999,0.0776936830453805,53.78401910197883
23.0,9.2,0.20900000000000002,0.7405999999999999,1.6237979756484529,108.16925561793794
23.0,9.2,0.40800000000000003,0.7405999999999999,3.169902268251525,162.55449213389704
23.0,9.2,0.607,0.7405999999999999,4.934000113117931,224.60779538734315
23.0,9.2,0.806,0.7405999999999999,6.88553166647244,293.25420275152584
23.0,9.2,1.0050000000000001,0.7405999999999999,8.788029763712514,360.17582601108086
23.0,9.2,1.2040000000000002,0.7405999999999999,11.767112087428295,464.9670083077271
23.0,9.2,1.4030000000000002,0.7405999999999999,14.67317768752359,567.1897792735731
23.0,9.2,1.6020000000000003,0.7405999999999999,17.579243287618883,669.412550239419
23.0,9.2,1.8010000000000004,0.7405999999999999,20.48530888771418,771.6353212052651
23.0,9.2,2.0,0.7405999999999999,23.39137448780947,873.8580921711109
23.0,13.799999999999999,0.01,0.7405999999999999,0.2040415678038793,58.228389141410695
23.0,13.799999999999999,0.20900000000000002,0.7405999999999999,4.264468767101078,201.05658944206405
23.0,13.799999999999999,0.40800000000000003,0.7405999999999999,8.324895966398275,343.8847897427174
23.0,13.799999999999999,0.607,0.7405999999999999,12.768322639304182,500.18524871139897
23.0,13.799999999999999,0.806,0.7405999999999999,17.541057270826926,668.0693319553947
23.0,13.799999999999999,1.0050000000000001,0.7405999999999999,22.193873946783768,831.7352221530588
23.0,13.799999999999999,1.2040000000000002,0.7405999999999999,29.330984184133897,1082.7877741418072
23.0,13.799999999999999,1.4030000000000002,0.7405999999999999,36.29316524899995,1327.6870773073015
23.0,13.799999999999999,1.6020000000000003,0.7405999999999999,43.255346313866,1572.5863804727962
23.0,13.799999999999999,1.8010000000000004,0.7405999999999999,50.21752737873206,1817.4856836382908
23.0,13.799999999999999,2.0,0.7405999999999999,57.17970844359809,2062.3849868037846
23.0,18.4,0.01,0.7405999999999999,0.40479963227381466,65.29018624715525
23.0,18.4,0.20900000000000002,0.7405999999999999,8.460312314522728,348.64814895212515
23.0,18.4,0.40800000000000003,0.7405999999999999,16.51582499677164,632.0061116570951
23.0,18.4,0.607,0.7405999999999999,25.073210340072436,933.0177756697864
23.0,18.4,0.806,0.7405999999999999,34.06211236390384,1249.2083230498647
23.0,18.4,1.0050000000000001,0.7405999999999999,42.82516257809123,1557.4543843148654
23.0,18.4,1.2040000000000002,0.7405999999999999,56.08234180411821,2023.784392705209
23.0,18.4,1.4030000000000002,0.7405999999999999,69.01459016676216,2478.6847440271617
23.0,18.4,1.6020000000000003,0.7405999999999999,81.94683852940614,2933.5850953491145
23.0,18.4,1.8010000000000004,0.7405999999999999,94.87908689205008,3388.4854466710667
23.0,18.4,2.0,0.7405999999999999,107.81133525469401,3843.3857979930185
23.0,23.0,0.01,0.7405999999999999,0.6886771611269068,75.27576524211958
23.0,23.0,0.20900000000000002,0.7405999999999999,14.393352667552351,557.3467499468796
23.0,23.0,0.40800000000000003,0.7405999999999999,28.098028173977795,1039.4177346516394
23.0,23.0,0.607,0.7405999999999999,42.32440873403199,1539.8400381315391
23.0,23.0,0.806,0.7405999999999999,56.99935812524361,2056.0410456050167
23.0,23.0,1.0050000000000001,0.7405999999999999,71.305590195068,2559.2721785188596
23.0,23.0,1.2040000000000002,0.7405999999999999,92.7282918258847,3312.829814039826
23.0,23.0,1.4030000000000002,0.7405999999999999,113.62592724025977,4047.9178996705723
23.0,23.0,1.6020000000000003,0.7405999999999999,134.52356265463484,4783.005985301319
23.0,23.0,1.8010000000000004,0.7405999999999999,155.42119806900993,5518.094070932065
23.0,23.0,2.0,0.7405999999999999,176.31883348338496,6253.18215656281
23.0,27.599999999999998,0.01,0.7405999999999999,1.0630973893635474,88.44624330522964
23.0,27.599999999999998,0.20900000000000002,0.7405999999999999,22.218735437698143,832.6097414658802
23.0,27.599999999999998,0.40800000000000003,0.7405999999999999,43.37437348603274,1576.773239626531
23.0,27.599999999999998,0.607,0.7405999999999999,64.92457842214732,2334.8158878651834
23.0,27.599999999999998,0.806,0.7405999999999999,86.81403713093256,3104.792010937258
23.0,27.599999999999998,1.0050000000000001,0.7405999999999999,108.15350943999954,3855.422000263802
23.0,27.599999999999998,1.2040000000000002,0.7405999999999999,139.85285833234136,4970.467469809309
23.0,27.599999999999998,1.4030000000000002,0.7405999999999999,170.7752623988905,6058.183393532622
23.0,27.599999999999998,1.6020000000000003,0.7405999999999999,201.6976664654396,7145.899317255934
23.0,27.599999999999998,1.8010000000000004,0.7405999999999999,232.62007053198874,8233.615240979247
23.0,27.599999999999998,2.0,0.7405999999999999,263.5424745985378,9321.331164702557
23.0,32.199999999999996,0.01,0.7405999999999999,1.534602980575306,105.03176293629886
23.0,32.199999999999996,0.20900000000000002,0.7405999999999999,32.07320229402389,1179.2471017552266
23.0,32.199999999999996,0.40800000000000003,0.7405999999999999,62.611801607472486,2253.4624405741542
23.0,32.199999999999996,0.607,0.7405999999999999,93.22669384023091,3330.3614330644477
23.0,32.199999999999996,0.806,0.7405999999999999,123.90718372323705,4409.567866094608
23.0,32.199999999999996,1.0050000000000001,0.7405999999999999,153.81680702626815,5461.658559601396
23.0,32.199999999999996,1.2040000000000002,0.7405999999999999,197.95823881947314,7014.362487604033
23.0,32.199999999999996,1.4030000000000002,0.7405999999999999,241.01777277460934,8529.009946783075
23.0,32.199999999999996,1.6020000000000003,0.7405999999999999,284.07730672974554,10043.657405962116
23.0,32.199999999999996,1.8010000000000004,0.7405999999999999,327.1368406848818,11558.304865141161
23.0,32.199999999999996,2.0,0.7405999999999999,370.19637464001784,13072.9523243202
23.0,36.8,0.01,0.7405999999999999,2.109087069450731,125.23961902829816
23.0,36.8,0.20900000000000002,0.7405999999999999,44.079919751520286,1601.591294078012
23.0,36.8,0.40800000000000003,0.7405999999999999,86.05075243358984,3077.9429691277264
23.0,36.8,0.607,0.7405999999999999,127.54728391561346,4537.6107871648765
23.0,36.8,0.806,0.7405999999999999,168.63600502002754,5982.933606649169
23.0,36.8,1.0050000000000001,0.7405999999999999,208.69234619719504,7391.941782427826
23.0,36.8,1.2040000000000002,0.7405999999999999,267.4876671312499,9460.105909730464
23.0,36.8,1.4030000000000002,0.7405999999999999,324.8419262777053,11477.579739795288
23.0,36.8,1.6020000000000003,0.7405999999999999,382.1961854241607,13495.053569860114
23.0,36.8,1.8010000000000004,0.7405999999999999,439.55044457061615,15512.527399924942
23.0,36.8,2.0,0.7405999999999999,496.90470371707147,17530.001229989764
23.0,41.4,0.01,0.7405999999999999,2.7919394415534358,149.25940083730154
23.0,41.4,0.20900000000000002,0.7405999999999999,58.35153432846681,2103.6047338861827
23.0,41.4,0.40800000000000003,0.7405999999999999,113.91112921538019,4057.950066935064
23.0,41.4,0.607,0.7405999999999999,168.17476378581912,5966.7091425342
23.0,41.4,0.806,0.7405999999999999,221.32411471966327,7836.272557522343
23.0,41.4,1.0050000000000001,0.7405999999999999,273.13805482602385,9658.862017360027
23.0,41.4,1.2040000000000002,0.7405999999999999,348.839561670014,12321.712365827341
23.0,41.4,1.4030000000000002,0.7405999999999999,422.68563942469063,14919.296774381239
23.0,41.4,1.6020000000000003,0.7405999999999999,496.5317171793672,17516.881182935136
23.0,41.4,1.8010000000000004,0.7405999999999999,570.3777949340438,20114.46559148903
23.0,41.4,2.0,0.7405999999999999,644.2238726887202,22712.050000042924
27.599999999999998,0.0,0.01,1.0664639999999996,0.0,62.51357340720221
27.599999999999998,0.0,0.20900000000000002,1.0664639999999996,0.0,62.51357340720221
27.599999999999998,0.0,0.40800000000000003,1.0664639999999996,0.0,62.51357340720221
27.599999999999998,0.0,0.607,1.0664639999999996,0.0,62.51357340720221
27.599999999999998,0.0,0.806,1.0664639999999996,0.0,62.51357340720221
27.599999999999998,0.0,1.0050000000000001,1.0664639999999996,0.0,62.51357340720221
27.599999999999998,0.0,1.2040000000000002,1.0664639999999996,0.0,62.51357340720221
27.599999999999998,0.0,1.4030000000000002,1.0664639999999996,0.0,62.51357340720221
27.599999999999998,0.0,1.6020000000000003,1.0664639999999996,0.0,62.51357340720221
27.599999999999998,0.0,1.8010000000000004,1.0664639999999996,0.0,62.51357340720221
27.599999999999998,0.0,2.0,1.0664639999999996,0.0,62.51357340720221
27.599999999999998,4.6,0.01,1.0664639999999996,0.014911842560847407,63.0381072878986
27.599999999999998,4.6,0.20900000000000002,1.0664639999999996,0.31165750952171084,73.47633151375669
27.599999999999998,4.6,0.40800000000000003,1.0664639999999996,0.6084031764825741,83.9145557396148
27.599999999999998,4.6,0.607,1.0664639999999996,0.9719558615183612,96.70276081496236
27.599999999999998,4.6,0.806,1.0664639999999996,1.3929500948054847,111.51151017211396
27.599999999999998,4.6,1.0050000000000001,1.0664639999999996,1.803366583537655,125.94818039968888
27.599999999999998,4.6,1.2040000000000002,1.0664639999999996,2.4708060528219757,149.42580320351672
27.599999999999998,4.6,1.4030000000000002,1.0664639999999996,3.1218867115846214,172.32799407587817
27.599999999999998,4.6,1.6020000000000003,1.0664639999999996,3.772967370347267,195.23018494823964
27.599999999999998,4.6,1.8010000000000004,1.0664639999999996,4.424048029109914,218.13237582060114
27.599999999999998,4.6,2.0,1.0664639999999996,5.075128687872557,241.03456669296253
27.599999999999998,9.2,0.01,1.0664639999999996,0.0776936830453805,65.24649986529062
27.599999999999998,9.2,0.20900000000000002,1.0664639999999996,1.6237979756484529,119.63173638124972
27.599999999999998,9.2,0.40800000000000003,1.0664639999999996,3.169902268251525,174.01697289720883
27.599999999999998,9.2,0.607,1.0664639999999996,4.934000113117931,236.07027615065496
27.599999999999998,9.2,0.806,1.0664639999999996,6.88553166647244,304.71668351483765
27.599999999999998,9.2,1.0050000000000001,1.0664639999999996,8.788029763712514,371.6383067743926
27.599999999999998,9.2,1.2040000000000002,1.0664639999999996,11.767112087428295,476.42948907103886
27.599999999999998,9.2,1.4030000000000002,1.0664639999999996,14.67317768752359,578.6522600368849
27.599999999999998,9.2,1.6020000000000003,1.0664639999999996,17.579243287618883,680.8750310027309
27.599999999999998,9.2,1.8010000000000004,1.0664639999999996,20.48530888771418,783.0978019685768
27.599999999999998,9.2,2.0,1.0664639999999996,23.39137448780947,885.3205729344228
27.599999999999998,13.799999999999999,0.01,1.0664639999999996,0.2040415678038793,69.69086990472249
27.599999999999998,13.799999999999999,0.20900000000000002,1.0664639999999996,4.264468767101078,212.51907020537584
27.599999999999998,13.799999999999999,0.40800000000000003,1.0664639999999996,8.324895966398275,355.34727050602913
27.599999999999998,13.799999999999999,0.607,1.0664639999999996,12.768322639304182,511.6477294747108
27.599999999999998,13.799999999999999,0.806,1.0664639999999996,17.541057270826926,679.5318127187064
27.599999999999998,13.799999999999999,1.0050000000000001,1.0664639999999996,22.193873946783768,843.1977029163706
27.599999999999998,13.799999999999999,1.2040000000000002,1.0664639999999996,29.330984184133897,1094.250254905119
27.599999999999998,13.799999999999999,1.4030000000000002,1.0664639999999996,36.29316524899995,1339.1495580706135
27.599999999999998,13.799999999999999,1.6020000000000003,1.0664639999999996,43.255346313866,1584.048861236108
27.599999999999998,13.799999999999999,1.8010000000000004,1.0664639999999996,50.21752737873206,1828.9481644016025
27.599999999999998,13.799999999999999,2.0,1.0664639999999996,57.17970844359809,2073.8474675670964
27.599999999999998,18.4,0.01,1.0664639999999996,0.40479963227381466,76.75266701046704
27.599999999999998,18.4,0.20900000000000002,1.0664639999999996,8.460312314522728,360.11062971543697
27.599999999999998,18.4,0.40800000000000003,1.0664639999999996,16.51582499677164,643.4685924204068
27.599999999999998,18.4,0.607,1.0664639999999996,25.073210340072436,944.4802564330981
27.599999999999998,18.4,0.806,1.0664639999999996,34.06211236390384,1260.6708038131767
27.599999999999998,18.4,1.0050000000000001,1.0664639999999996,42.82516257809123,1568.9168650781774
27.599999999999998,18.4,1.2040000000000002,1.0664639999999996,56.08234180411821,2035.2468734685208
27.599999999999998,18.4,1.4030000000000002,1.0664639999999996,69.01459016676216,2490.147224790473
27.599999999999998,18.4,1.6020000000000003,1.0664639999999996,81.94683852940614,2945.0475761124258
27.599999999999998,18.4,1.8010000000000004,1.0664639999999996,94.87908689205008,3399.9479274343785
27.599999999999998,18.4,2.0,1.0664639999999996,107.81133525469401,3854.84827875633
27.599999999999998,23.0,0.01,1.0664639999999996,0.6886771611269068,86.73824600543135
27.599999999999998,23.0,0.20900000000000002,1.0664639999999996,14.393352667552351,568.8092307101914
27.599999999999998,23.0,0.40800000000000003,1.0664639999999996,28.098028173977795,1050.8802154149514
27.599999999999998,23.0,0.607,1.0664639999999996,42.32440873403199,1551.302518894851
27.599999999999998,23.0,0.806,1.0664639999999996,56.99935812524361,2067.5035263683285
27.599999999999998,23.0,1.0050000000000001,1.0664639999999996,71.305590195068,2570.734659282171
27.599999999999998,23.0,1.2040000000000002,1.0664639999999996,92.7282918258847,3324.2922948031373
27.599999999999998,23.0,1.4030000000000002,1.0664639999999996,113.62592724025977,4059.3803804338836
27.599999999999998,23.0,1.6020000000000003,1.0664639999999996,134.52356265463484,4794.468466064631
27.599999999999998,23.0,1.8010000000000004,1.0664639999999996,155.42119806900993,5529.5565516953775
27.599999999999998,23.0,2.0,1.0664639999999996,176.31883348338496,6264.6446373261215
27.599999999999998,27.599999999999998,0.01,1.0664639999999996,1.0630973893635474,99.90872406854145
27.599999999999998,27.599999999999998,0.20900000000000002,1.0664639999999996,22.218735437698143,844.0722222291921
27.599999999999998,27.599999999999998,0.40800000000000003,1.0664639999999996,43.37437348603274,1588.2357203898428
27.599999999999998,27.599999999999998,0.607,1.0664639999999996,64.92457842214732,2346.2783686284947
27.599999999999998,27.599999999999998,0.806,1.0664639999999996,86.81403713093256,3116.2544917005694
27.599999999999998,27.599999999999998,1.0050000000000001,1.0664639999999996,108.15350943999954,3866.8844810271135
27.599999999999998,27.599999999999998,1.2040000000000002,1.0664639999999996,139.85285833234136,4981.92995057262
27.599999999999998,27.599999999999998,1.4030000000000002,1.0664639999999996,170.7752623988905,6069.645874295934
27.599999999999998,27.599999999999998,1.6020000000000003,1.0664639999999996,201.6976664654396,7157.361798019246
27.599999999999998,27.599999999999998,1.8010000000000004,1.0664639999999996,232.62007053198874,8245.077721742558
27.599999999999998,27.599999999999998,2.0,1.0664639999999996,263.5424745985378,9332.793645465868
27.599999999999998,32.199999999999996,0.01,1.0664639999999996,1.534602980575306,116.49424369961065
27.599999999999998,32.199999999999996,0.20900000000000002,1.0664639999999996,32.07320229402389,1190.7095825185384
27.599999999999998,32.199999999999996,0.40800000000000003,1.0664639999999996,62.611801607472486,2264.924921337466
27.599999999999998,32.199999999999996,0.607,1.0664639999999996,93.22669384023091,3341.823913827759
27.599999999999998,32.199999999999996,0.806,1.0664639999999996,123.90718372323705,4421.030346857919
27.599999999999998,32.199999999999996,1.0050000000000001,1.0664639999999996,153.81680702626815,5473.121040364707
27.599999999999998,32.199999999999996,1.2040000000000002,1.0664639999999996,197.95823881947314,7025.824968367345
27.599999999999998,32.199999999999996,1.4030000000000002,1.0664639999999996,241.01777277460934,8540.472427546387
27.599999999999998,32.199999999999996,1.6020000000000003,1.0664639999999996,284.07730672974554,10055.119886725428
27.599999999999998,32.199999999999996,1.8010000000000004,1.0664639999999996,327.1368406848818,11569.767345904473
27.599999999999998,32.199999999999996,2.0,1.0664639999999996,370.19637464001784,13084.414805083512
27.599999999999998,36.8,0.01,1.0664639999999996,2.109087069450731,136.70209979160995
27.599999999999998,36.8,0.20900000000000002,1.0664639999999996,44.079919751520286,1613.053774841324
27.599999999999998,36.8,0.40800000000000003,1.0664639999999996,86.05075243358984,3089.4054498910377
27.599999999999998,36.8,0.607,1.0664639999999996,127.54728391561346,4549.073267928187
27.599999999999998,36.8,0.806,1.0664639999999996,168.63600502002754,5994.3960874124805
27.599999999999998,36.8,1.0050000000000001,1.0664639999999996,208.69234619719504,7403.404263191138
27.599999999999998,36.8,1.2040000000000002,1.0664639999999996,267.4876671312499,9471.568390493776
27.599999999999998,36.8,1.4030000000000002,1.0664639999999996,324.8419262777053,11489.0422205586
27.599999999999998,36.8,1.6020000000000003,1.0664639999999996,382.1961854241607,13506.516050623426
27.599999999999998,36.8,1.8010000000000004,1.0664639999999996,439.55044457061615,15523.989880688254
27.599999999999998,36.8,2.0,1.0664639999999996,496.90470371707147,17541.463710753076
27.599999999999998,41.4,0.01,1.0664639999999996,2.7919394415534358,160.7218816006133
27.599999999999998,41.4,0.20900000000000002,1.0664639999999996,58.35153432846681,2115.0672146494944
27.599999999999998,41.4,0.40800000000000003,1.0664639999999996,113.91112921538019,4069.4125476983754
27.599999999999998,41.4,0.607,1.0664639999999996,168.17476378581912,5978.171623297511
27.599999999999998,41.4,0.806,1.0664639999999996,221.32411471966327,7847.735038285655
27.599999999999998,41.4,1.0050000000000001,1.0664639999999996,273.13805482602385,9670.324498123338
27.599999999999998,41.4,1.2040000000000002,1.0664639999999996,348.839561670014,12333.174846590653
27.599999999999998,41.4,1.4030000000000002,1.0664639999999996,422.68563942469063,14930.75925514455
27.599999999999998,41.4,1.6020000000000003,1.0664639999999996,496.5317171793672,17528.343663698448
27.599999999999998,41.4,1.8010000000000004,1.0664639999999996,570.3777949340438,20125.928072252347
27.599999999999998,41.4,2.0,1.0664639999999996,644.2238726887202,22723.51248080624
32.199999999999996,0.0,0.01,1.4515759999999995,0.0,76.06014158202524
32.199999999999996,0.0,0.20900000000000002,1.4515759999999995,0.0,76.06014158202524
32.199999999999996,0.0,0.40800000000000003,1.4515759999999995,0.0,76.06014158202524
32.199999999999996,0.0,0.607,1.4515759999999995,0.0,76.06014158202524
32.199999999999996,0.0,0.806,1.4515759999999995,0.0,76.06014158202524
32.199999999999996,0.0,1.0050000000000001,1.4515759999999995,0.0,76.06014158202524
32.199999999999996,0.0,1.2040000000000002,1.4515759999999995,0.0,76.06014158202524
32.199999999999996,0.0,1.4030000000000002,1.4515759999999995,0.0,76.06014158202524
32.199999999999996,0.0,1.6020000000000003,1.4515759999999995,0.0,76.06014158202524
32.199999999999996,0.0,1.8010000000000004,1.4515759999999995,0.0,76.06014158202524
32.199999999999996,0.0,2.0,1.4515759999999995,0.0,76.06014158202524
32.199999999999996,4.6,0.01,1.4515759999999995,0.014911842560847407,76.5846754627216
32.199999999999996,4.6,0.20900000000000002,1.4515759999999995,0.31165750952171084,87.02289968857971
32.199999999999996,4.6,0.40800000000000003,1.4515759999999995,0.6084031764825741,97.4611239144378
32.199999999999996,4.6,0.607,1.4515759999999995,0.9719558615183612,110.24932898978537
32.199999999999996,4.6,0.806,1.4515759999999995,1.3929500948054847,125.05807834693698
32.199999999999996,4.6,1.0050000000000001,1.4515759999999995,1.803366583537655,139.4947485745119
32.199999999999996,4.6,1.2040000000000002,1.4515759999999995,2.4708060528219757,162.97237137833974
32.199999999999996,4.6,1.4030000000000002,1.4515759999999995,3.1218867115846214,185.87456225070122
32.199999999999996,4.6,1.6020000000000003,1.4515759999999995,3.772967370347267,208.77675312306263
32.199999999999996,4.6,1.8010000000000004,1.4515759999999995,4.424048029109914,231.67894399542413
32.199999999999996,4.6,2.0,1.4515759999999995,5.075128687872557,254.58113486778555
32.199999999999996,9.2,0.01,1.4515759999999995,0.0776936830453805,78.79306804011362
32.199999999999996,9.2,0.20900000000000002,1.4515759999999995,1.6237979756484529,133.17830455607273
32.199999999999996,9.2,0.40800000000000003,1.4515759999999995,3.169902268251525,187.56354107203185
32.199999999999996,9.2,0.607,1.4515759999999995,4.934000113117931,249.61684432547798
32.199999999999996,9.2,0.806,1.4515759999999995,6.88553166647244,318.2632516896607
32.199999999999996,9.2,1.0050000000000001,1.4515759999999995,8.788029763712514,385.1848749492156
32.199999999999996,9.2,1.2040000000000002,1.4515759999999995,11.767112087428295,489.97605724586185
32.199999999999996,9.2,1.4030000000000002,1.4515759999999995,14.67317768752359,592.1988282117079
32.199999999999996,9.2,1.6020000000000003,1.4515759999999995,17.579243287618883,694.421599177554
32.199999999999996,9.2,1.8010000000000004,1.4515759999999995,20.48530888771418,796.6443701433999
32.199999999999996,9.2,2.0,1.4515759999999995,23.39137448780947,898.8671411092458
32.199999999999996,13.799999999999999,0.01,1.4515759999999995,0.2040415678038793,83.2374380795455
32.199999999999996,13.799999999999999,0.20900000000000002,1.4515759999999995,4.264468767101078,226.06563838019883
32.199999999999996,13.799999999999999,0.40800000000000003,1.4515759999999995,8.324895966398275,368.8938386808521
32.199999999999996,13.799999999999999,0.607,1.4515759999999995,12.768322639304182,525.1942976495338
32.199999999999996,13.799999999999999,0.806,1.4515759999999995,17.541057270826926,693.0783808935295
32.199999999999996,13.799999999999999,1.0050000000000001,1.4515759999999995,22.193873946783768,856.7442710911937
32.199999999999996,13.799999999999999,1.2040000000000002,1.4515759999999995,29.330984184133897,1107.796823079942
32.199999999999996,13.799999999999999,1.4030000000000002,1.4515759999999995,36.29316524899995,1352.6961262454365
32.199999999999996,13.799999999999999,1.6020000000000003,1.4515759999999995,43.255346313866,1597.595429410931
32.199999999999996,13.799999999999999,1.8010000000000004,1.4515759999999995,50.21752737873206,1842.4947325764256
32.199999999999996,13.799999999999999,2.0,1.4515759999999995,57.17970844359809,2087.3940357419197
32.199999999999996,18.4,0.01,1.4515759999999995,0.40479963227381466,90.29923518529004
32.199999999999996,18.4,0.20900000000000002,1.4515759999999995,8.460312314522728,373.65719789025997
32.199999999999996,18.4,0.40800000000000003,1.4515759999999995,16.51582499677164,657.0151605952299
32.199999999999996,18.4,0.607,1.4515759999999995,25.073210340072436,958.0268246079212
32.199999999999996,18.4,0.806,1.4515759999999995,34.06211236390384,1274.2173719879997
32.199999999999996,18.4,1.0050000000000001,1.4515759999999995,42.82516257809123,1582.4634332530004
32.199999999999996,18.4,1.2040000000000002,1.4515759999999995,56.08234180411821,2048.793441643344
32.199999999999996,18.4,1.4030000000000002,1.4515759999999995,69.01459016676216,2503.6937929652963
32.199999999999996,18.4,1.6020000000000003,1.4515759999999995,81.94683852940614,2958.5941442872495
32.199999999999996,18.4,1.8010000000000004,1.4515759999999995,94.87908689205008,3413.4944956092017
32.199999999999996,18.4,2.0,1.4515759999999995,107.81133525469401,3868.3948469311536
32.199999999999996,23.0,0.01,1.4515759999999995,0.6886771611269068,100.28481418025437
32.199999999999996,23.0,0.20900000000000002,1.4515759999999995,14.393352667552351,582.3557988850143
32.199999999999996,23.0,0.40800000000000003,1.4515759999999995,28.098028173977795,1064.4267835897745
32.199999999999996,23.0,0.607,1.4515759999999995,42.32440873403199,1564.849087069674
32.199999999999996,23.0,0.806,1.4515759999999995,56.99935812524361,2081.0500945431513
32.199999999999996,23.0,1.0050000000000001,1.4515759999999995,71.305590195068,2584.281227456994
32.199999999999996,23.0,1.2040000000000002,1.4515759999999995,92.7282918258847,3337.8388629779606
32.199999999999996,23.0,1.4030000000000002,1.4515759999999995,113.62592724025977,4072.926948608707
32.199999999999996,23.0,1.6020000000000003,1.4515759999999995,134.52356265463484,4808.015034239454
32.199999999999996,23.0,1.8010000000000004,1.4515759999999995,155.42119806900993,5543.1031198702
32.199999999999996,23.0,2.0,1.4515759999999995,176.31883348338496,6278.191205500944
32.199999999999996,27.599999999999998,0.01,1.4515759999999995,1.0630973893635474,113.45529224336445
32.199999999999996,27.599999999999998,0.20900000000000002,1.4515759999999995,22.218735437698143,857.6187904040152
32.199999999999996,27.599999999999998,0.40800000000000003,1.4515759999999995,43.37437348603274,1601.7822885646658
32.199999999999996,27.599999999999998,0.607,1.4515759999999995,64.92457842214732,2359.824936803318
32.199999999999996,27.599999999999998,0.806,1.4515759999999995,86.81403713093256,3129.8010598753926
32.199999999999996,27.599999999999998,1.0050000000000001,1.4515759999999995,108.15350943999954,3880.4310492019367
32.199999999999996,27.599999999999998,1.2040000000000002,1.4515759999999995,139.85285833234136,4995.476518747443
32.199999999999996,27.599999999999998,1.4030000000000002,1.4515759999999995,170.7752623988905,6083.192442470757
32.199999999999996,27.599999999999998,1.6020000000000003,1.4515759999999995,201.6976664654396,7170.908366194069
32.199999999999996,27.599999999999998,1.8010000000000004,1.4515759999999995,232.62007053198874,8258.624289917381
32.199999999999996,27.599999999999998,2.0,1.4515759999999995,263.5424745985378,9346.340213640691
32.199999999999996,32.199999999999996,0.01,1.4515759999999995,1.534602980575306,130.04081187443364
32.199999999999996,32.199999999999996,0.20900000000000002,1.4515759999999995,32.07320229402389,1204.2561506933614
32.199999999999996,32.199999999999996,0.40800000000000003,1.4515759999999995,62.611801607472486,2278.4714895122893
32.199999999999996,32.199999999999996,0.607,1.4515759999999995,93.22669384023091,3355.3704820025823
32.199999999999996,32.199999999999996,0.806,1.4515759999999995,123.90718372323705,4434.576915032742
32.199999999999996,32.199999999999996,1.0050000000000001,1.4515759999999995,153.81680702626815,5486.66760853953
32.199999999999996,32.199999999999996,1.2040000000000002,1.4515759999999995,197.95823881947314,7039.371536542168
32.199999999999996,32.199999999999996,1.4030000000000002,1.4515759999999995,241.01777277460934,8554.01899572121
32.199999999999996,32.199999999999996,1.6020000000000003,1.4515759999999995,284.07730672974554,10068.666454900253
32.199999999999996,32.199999999999996,1.8010000000000004,1.4515759999999995,327.1368406848818,11583.313914079297
32.199999999999996,32.199999999999996,2.0,1.4515759999999995,370.19637464001784,13097.961373258335
32.199999999999996,36.8,0.01,1.4515759999999995,2.109087069450731,150.24866796643295
32.199999999999996,36.8,0.20900000000000002,1.4515759999999995,44.079919751520286,1626.600343016147
32.199999999999996,36.8,0.40800000000000003,1.4515759999999995,86.05075243358984,3102.952018065861
32.199999999999996,36.8,0.607,1.4515759999999995,127.54728391561346,4562.619836103011
32.199999999999996,36.8,0.806,1.4515759999999995,168.63600502002754,6007.942655587303
32.199999999999996,36.8,1.0050000000000001,1.4515759999999995,208.69234619719504,7416.950831365961
32.199999999999996,36.8,1.2040000000000002,1.4515759999999995,267.4876671312499,9485.114958668599
32.199999999999996,36.8,1.4030000000000002,1.4515759999999995,324.8419262777053,11502.588788733425
32.199999999999996,36.8,1.6020000000000003,1.4515759999999995,382.1961854241607,13520.06261879825
32.199999999999996,36.8,1.8010000000000004,1.4515759999999995,439.55044457061615,15537.536448863078
32.199999999999996,36.8,2.0,1.4515759999999995,496.90470371707147,17555.010278927897
32.199999999999996,41.4,0.01,1.4515759999999995,2.7919394415534358,174.26844977543632
32.199999999999996,41.4,0.20900000000000002,1.4515759999999995,58.35153432846681,2128.6137828243177
32.199999999999996,41.4,0.40800000000000003,1.4515759999999995,113.91112921538019,4082.9591158731987
32.199999999999996,41.4,0.607,1.4515759999999995,168.17476378581912,5991.718191472334
32.199999999999996,41.4,0.806,1.4515759999999995,221.32411471966327,7861.281606460478
32.199999999999996,41.4,1.0050000000000001,1.4515759999999995,273.13805482602385,9683.871066298163
32.199999999999996,41.4,1.2040000000000002,1.4515759999999995,348.839561670014,12346.721414765476
32.199999999999996,41.4,1.4030000000000002,1.4515759999999995,422.68563942469063,14944.305823319375
32.199999999999996,41.4,1.6020000000000003,1.4515759999999995,496.5317171793672,17541.890231873273
32.199999999999996,41.4,1.8010000000000004,1.4515759999999995,570.3777949340438,20139.47464042717
32.199999999999996,41.4,2.0,1.4515759999999995,644.2238726887202,22737.05904898106
36.8,0.0,0.01,1.8959359999999994,0.0,91.69079716835948
36.8,0.0,0.20900000000000002,1.8959359999999994,0.0,91.69079716835948
36.8,0.0,0.40800000000000003,1.8959359999999994,0.0,91.69079716835948
36.8,0.0,0.607,1.8959359999999994,0.0,91.69079716835948
36.8,0.0,0.806,1.8959359999999994,0.0,91.69079716835948
36.8,0.0,1.0050000000000001,1.8959359999999994,0.0,91.69079716835948
36.8,0.0,1.2040000000000002,1.8959359999999994,0.0,91.69079716835948
36.8,0.0,1.4030000000000002,1.8959359999999994,0.0,91.69079716835948
36.8,0.0,1.6020000000000003,1.8959359999999994,0.0,91.69079716835948
36.8,0.0,1.8010000000000004,1.8959359999999994,0.0,91.69079716835948
36.8,0.0,2.0,1.8959359999999994,0.0,91.69079716835948
36.8,4.6,0.01,1.8959359999999994,0.014911842560847407,92.21533104905586
36.8,4.6,0.20900000000000002,1.8959359999999994,0.31165750952171084,102.65355527491396
36.8,4.6,0.40800000000000003,1.8959359999999994,0.6084031764825741,113.09177950077206
36.8,4.6,0.607,1.8959359999999994,0.9719558615183612,125.87998457611963
36.8,4.6,0.806,1.8959359999999994,1.3929500948054847,140.68873393327124
36.8,4.6,1.0050000000000001,1.8959359999999994,1.803366583537655,155.12540416084616
36.8,4.6,1.2040000000000002,1.8959359999999994,2.4708060528219757,178.603026964674
36.8,4.6,1.4030000000000002,1.8959359999999994,3.1218867115846214,201.50521783703545
36.8,4.6,1.6020000000000003,1.8959359999999994,3.772967370347267,224.40740870939692
36.8,4.6,1.8010000000000004,1.8959359999999994,4.424048029109914,247.3095995817584
36.8,4.6,2.0,1.8959359999999994,5.075128687872557,270.2117904541198
36.8,9.2,0.01,1.8959359999999994,0.0776936830453805,94.42372362644788
36.8,9.2,0.20900000000000002,1.8959359999999994,1.6237979756484529,148.808960142407
36.8,9.2,0.40800000000000003,1.8959359999999994,3.169902268251525,203.1941966583661
36.8,9.2,0.607,1.8959359999999994,4.934000113117931,265.2474999118122
36.8,9.2,0.806,1.8959359999999994,6.88553166647244,333.8939072759949
36.8,9.2,1.0050000000000001,1.8959359999999994,8.788029763712514,400.8155305355499
36.8,9.2,1.2040000000000002,1.8959359999999994,11.767112087428295,505.60671283219614
36.8,9.2,1.4030000000000002,1.8959359999999994,14.67317768752359,607.8294837980421
36.8,9.2,1.6020000000000003,1.8959359999999994,17.579243287618883,710.0522547638881
36.8,9.2,1.8010000000000004,1.8959359999999994,20.48530888771418,812.2750257297341
36.8,9.2,2.0,1.8959359999999994,23.39137448780947,914.49779669558
36.8,13.799999999999999,0.01,1.8959359999999994,0.2040415678038793,98.86809366587974
36.8,13.799999999999999,0.20900000000000002,1.8959359999999994,4.264468767101078,241.69629396653312
36.8,13.799999999999999,0.40800000000000003,1.8959359999999994,8.324895966398275,384.5244942671864
36.8,13.799999999999999,0.607,1.8959359999999994,12.768322639304182,540.8249532358681
36.8,13.799999999999999,0.806,1.8959359999999994,17.541057270826926,708.7090364798637
36.8,13.799999999999999,1.0050000000000001,1.8959359999999994,22.193873946783768,872.3749266775278
36.8,13.799999999999999,1.2040000000000002,1.8959359999999994,29.330984184133897,1123.427478666276
36.8,13.799999999999999,1.4030000000000002,1.8959359999999994,36.29316524899995,1368.3267818317706
36.8,13.799999999999999,1.6020000000000003,1.8959359999999994,43.255346313866,1613.2260849972654
36.8,13.799999999999999,1.8010000000000004,1.8959359999999994,50.21752737873206,1858.12538816276
36.8,13.799999999999999,2.0,1.8959359999999994,57.17970844359809,2103.0246913282535
36.8,18.4,0.01,1.8959359999999994,0.40479963227381466,105.9298907716243
36.8,18.4,0.20900000000000002,1.8959359999999994,8.460312314522728,389.2878534765942
36.8,18.4,0.40800000000000003,1.8959359999999994,16.51582499677164,672.6458161815641
36.8,18.4,0.607,1.8959359999999994,25.073210340072436,973.6574801942554
36.8,18.4,0.806,1.8959359999999994,34.06211236390384,1289.8480275743339
36.8,18.4,1.0050000000000001,1.8959359999999994,42.82516257809123,1598.0940888393347
36.8,18.4,1.2040000000000002,1.8959359999999994,56.08234180411821,2064.4240972296784
36.8,18.4,1.4030000000000002,1.8959359999999994,69.01459016676216,2519.3244485516307
36.8,18.4,1.6020000000000003,1.8959359999999994,81.94683852940614,2974.2247998735834
36.8,18.4,1.8010000000000004,1.8959359999999994,94.87908689205008,3429.1251511955356
36.8,18.4,2.0,1.8959359999999994,107.81133525469401,3884.0255025174874
36.8,23.0,0.01,1.8959359999999994,0.6886771611269068,115.91546976658863
36.8,23.0,0.20900000000000002,1.8959359999999994,14.393352667552351,597.9864544713487
36.8,23.0,0.40800000000000003,1.8959359999999994,28.098028173977795,1080.0574391761086
36.8,23.0,0.607,1.8959359999999994,42.32440873403199,1580.4797426560083
36.8,23.0,0.806,1.8959359999999994,56.99935812524361,2096.6807501294857
36.8,23.0,1.0050000000000001,1.8959359999999994,71.305590195068,2599.9118830433285
36.8,23.0,1.2040000000000002,1.8959359999999994,92.7282918258847,3353.469518564295
36.8,23.0,1.4030000000000002,1.8959359999999994,113.62592724025977,4088.557604195041
36.8,23.0,1.6020000000000003,1.8959359999999994,134.52356265463484,4823.6456898257875
36.8,23.0,1.8010000000000004,1.8959359999999994,155.42119806900993,5558.733775456533
36.8,23.0,2.0,1.8959359999999994,176.31883348338496,6293.821861087278
36.8,27.599999999999998,0.01,1.8959359999999994,1.0630973893635474,129.0859478296987
36.8,27.599999999999998,0.20900000000000002,1.8959359999999994,22.218735437698143,873.2494459903493
36.8,27.599999999999998,0.40800000000000003,1.8959359999999994,43.37437348603274,1617.4129441510001
36.8,27.599999999999998,0.607,1.8959359999999994,64.92457842214732,2375.4555923896523
36.8,27.599999999999998,0.806,1.8959359999999994,86.81403713093256,3145.431715461727
36.8,27.599999999999998,1.0050000000000001,1.8959359999999994,108.15350943999954,3896.0617047882706
36.8,27.599999999999998,1.2040000000000002,1.8959359999999994,139.85285833234136,5011.107174333777
36.8,27.599999999999998,1.4030000000000002,1.8959359999999994,170.7752623988905,6098.823098057091
36.8,27.599999999999998,1.6020000000000003,1.8959359999999994,201.6976664654396,7186.539021780402
36.8,27.599999999999998,1.8010000000000004,1.8959359999999994,232.62007053198874,8274.254945503715
36.8,27.599999999999998,2.0,1.8959359999999994,263.5424745985378,9361.970869227025
36.8,32.199999999999996,0.01,1.8959359999999994,1.534602980575306,145.67146746076793
36.8,32.199999999999996,0.20900000000000002,1.8959359999999994,32.07320229402389,1219.8868062796957
36.8,32.199999999999996,0.40800000000000003,1.8959359999999994,62.611801607472486,2294.1021450986236
36.8,32.199999999999996,0.607,1.8959359999999994,93.22669384023091,3371.0011375889167
36.8,32.199999999999996,0.806,1.8959359999999994,123.90718372323705,4450.207570619076
36.8,32.199999999999996,1.0050000000000001,1.8959359999999994,153.81680702626815,5502.298264125864
36.8,32.199999999999996,1.2040000000000002,1.8959359999999994,197.95823881947314,7055.0021921285015
36.8,32.199999999999996,1.4030000000000002,1.8959359999999994,241.01777277460934,8569.649651307544
36.8,32.199999999999996,1.6020000000000003,1.8959359999999994,284.07730672974554,10084.297110486586
36.8,32.199999999999996,1.8010000000000004,1.8959359999999994,327.1368406848818,11598.944569665631
36.8,32.199999999999996,2.0,1.8959359999999994,370.19637464001784,13113.592028844669
36.8,36.8,0.01,1.8959359999999994,2.109087069450731,165.87932355276723
36.8,36.8,0.20900000000000002,1.8959359999999994,44.079919751520286,1642.2309986024813
36.8,36.8,0.40800000000000003,1.8959359999999994,86.05075243358984,3118.5826736521954
36.8,36.8,0.607,1.8959359999999994,127.54728391561346,4578.250491689345
36.8,36.8,0.806,1.8959359999999994,168.63600502002754,6023.573311173637
36.8,36.8,1.0050000000000001,1.8959359999999994,208.69234619719504,7432.581486952295
36.8,36.8,1.2040000000000002,1.8959359999999994,267.4876671312499,9500.745614254933
36.8,36.8,1.4030000000000002,1.8959359999999994,324.8419262777053,11518.219444319757
36.8,36.8,1.6020000000000003,1.8959359999999994,382.1961854241607,13535.693274384585
36.8,36.8,1.8010000000000004,1.8959359999999994,439.55044457061615,15553.16710444941
36.8,36.8,2.0,1.8959359999999994,496.90470371707147,17570.64093451423
36.8,41.4,0.01,1.8959359999999994,2.7919394415534358,189.89910536177058
36.8,41.4,0.20900000000000002,1.8959359999999994,58.35153432846681,2144.244438410652
36.8,41.4,0.40800000000000003,1.8959359999999994,113.91112921538019,4098.589771459533
36.8,41.4,0.607,1.8959359999999994,168.17476378581912,6007.348847058668
36.8,41.4,0.806,1.8959359999999994,221.32411471966327,7876.9122620468115
36.8,41.4,1.0050000000000001,1.8959359999999994,273.13805482602385,9699.501721884497
36.8,41.4,1.2040000000000002,1.8959359999999994,348.839561670014,12362.35207035181
36.8,41.4,1.4030000000000002,1.8959359999999994,422.68563942469063,14959.936478905709
36.8,41.4,1.6020000000000003,1.8959359999999994,496.5317171793672,17557.520887459603
36.8,41.4,1.8010000000000004,1.8959359999999994,570.3777949340438,20155.105296013502
36.8,41.4,2.0,1.8959359999999994,644.2238726887202,22752.689704567394
41.4,0.0,0.01,2.3995439999999992,0.0,109.40554016620497
41.4,0.0,0.20900000000000002,2.3995439999999992,0.0,109.40554016620497
41.4,0.0,0.40800000000000003,2.3995439999999992,0.0,109.40554016620497
41.4,0.0,0.607,2.3995439999999992,0.0,109.40554016620497
41.4,0.0,0.806,2.3995439999999992,0.0,109.40554016620497
41.4,0.0,1.0050000000000001,2.3995439999999992,0.0,109.40554016620497
41.4,0.0,1.2040000000000002,2.3995439999999992,0.0,109.40554016620497
41.4,0.0,1.4030000000000002,2.3995439999999992,0.0,109.40554016620497
41.4,0.0,1.6020000000000003,2.3995439999999992,0.0,109.40554016620497
41.4,0.0,1.8010000000000004,2.3995439999999992,0.0,109.40554016620497
41.4,0.0,2.0,2.3995439999999992,0.0,109.40554016620497
41.4,4.6,0.01,2.3995439999999992,0.014911842560847407,109.93007404690137
41.4,4.6,0.20900000000000002,2.3995439999999992,0.31165750952171084,120.36829827275946
41.4,4.6,0.40800000000000003,2.3995439999999992,0.6084031764825741,130.80652249861754
41.4,4.6,0.607,2.3995439999999992,0.9719558615183612,143.59472757396512
41.4,4.6,0.806,2.3995439999999992,1.3929500948054847,158.40347693111673
41.4,4.6,1.0050000000000001,2.3995439999999992,1.803366583537655,172.84014715869162
41.4,4.6,1.2040000000000002,2.3995439999999992,2.4708060528219757,196.3177699625195
41.4,4.6,1.4030000000000002,2.3995439999999992,3.1218867115846214,219.2199608348809
41.4,4.6,1.6020000000000003,2.3995439999999992,3.772967370347267,242.1221517072424
41.4,4.6,1.8010000000000004,2.3995439999999992,4.424048029109914,265.0243425796039
41.4,4.6,2.0,2.3995439999999992,5.075128687872557,287.92653345196527
41.4,9.2,0.01,2.3995439999999992,0.0776936830453805,112.13846662429337
41.4,9.2,0.20900000000000002,2.3995439999999992,1.6237979756484529,166.52370314025248
41.4,9.2,0.40800000000000003,2.3995439999999992,3.169902268251525,220.90893965621157
41.4,9.2,0.607,2.3995439999999992,4.934000113117931,282.9622429096577
41.4,9.2,0.806,2.3995439999999992,6.88553166647244,351.6086502738404
41.4,9.2,1.0050000000000001,2.3995439999999992,8.788029763712514,418.53027353339536
41.4,9.2,1.2040000000000002,2.3995439999999992,11.767112087428295,523.3214558300417
41.4,9.2,1.4030000000000002,2.3995439999999992,14.67317768752359,625.5442267958877
41.4,9.2,1.6020000000000003,2.3995439999999992,17.579243287618883,727.7669977617336
41.4,9.2,1.8010000000000004,2.3995439999999992,20.48530888771418,829.9897687275796
41.4,9.2,2.0,2.3995439999999992,23.39137448780947,932.2125396934255
41.4,13.799999999999999,0.01,2.3995439999999992,0.2040415678038793,116.58283666372525
41.4,13.799999999999999,0.20900000000000002,2.3995439999999992,4.264468767101078,259.4110369643786
41.4,13.799999999999999,0.40800000000000003,2.3995439999999992,8.324895966398275,402.23923726503193
41.4,13.799999999999999,0.607,2.3995439999999992,12.768322639304182,558.5396962337136
41.4,13.799999999999999,0.806,2.3995439999999992,17.541057270826926,726.4237794777092
41.4,13.799999999999999,1.0050000000000001,2.3995439999999992,22.193873946783768,890.0896696753733
41.4,13.799999999999999,1.2040000000000002,2.3995439999999992,29.330984184133897,1141.1422216641217
41.4,13.799999999999999,1.4030000000000002,2.3995439999999992,36.29316524899995,1386.0415248296163
41.4,13.799999999999999,1.6020000000000003,2.3995439999999992,43.255346313866,1630.9408279951108
41.4,13.799999999999999,1.8010000000000004,2.3995439999999992,50.21752737873206,1875.8401311606053
41.4,13.799999999999999,2.0,2.3995439999999992,57.17970844359809,2120.7394343260994
41.4,18.4,0.01,2.3995439999999992,0.40479963227381466,123.64463376946979
41.4,18.4,0.20900000000000002,2.3995439999999992,8.460312314522728,407.0025964744397
41.4,18.4,0.40800000000000003,2.3995439999999992,16.51582499677164,690.3605591794096
41.4,18.4,0.607,2.3995439999999992,25.073210340072436,991.3722231921008
41.4,18.4,0.806,2.3995439999999992,34.06211236390384,1307.5627705721795
41.4,18.4,1.0050000000000001,2.3995439999999992,42.82516257809123,1615.8088318371802
41.4,18.4,1.2040000000000002,2.3995439999999992,56.08234180411821,2082.138840227524
41.4,18.4,1.4030000000000002,2.3995439999999992,69.01459016676216,2537.039191549476
41.4,18.4,1.6020000000000003,2.3995439999999992,81.94683852940614,2991.939542871429
41.4,18.4,1.8010000000000004,2.3995439999999992,94.87908689205008,3446.839894193381
41.4,18.4,2.0,2.3995439999999992,107.81133525469401,3901.740245515333
41.4,23.0,0.01,2.3995439999999992,0.6886771611269068,133.63021276443413
41.4,23.0,0.20900000000000002,2.3995439999999992,14.393352667552351,615.7011974691942
41.4,23.0,0.40800000000000003,2.3995439999999992,28.098028173977795,1097.772182173954
41.4,23.0,0.607,2.3995439999999992,42.32440873403199,1598.1944856538537
41.4,23.0,0.806,2.3995439999999992,56.99935812524361,2114.395493127331
41.4,23.0,1.0050000000000001,2.3995439999999992,71.305590195068,2617.6266260411735
41.4,23.0,1.2040000000000002,2.3995439999999992,92.7282918258847,3371.1842615621404
41.4,23.0,1.4030000000000002,2.3995439999999992,113.62592724025977,4106.272347192887
41.4,23.0,1.6020000000000003,2.3995439999999992,134.52356265463484,4841.360432823633
41.4,23.0,1.8010000000000004,2.3995439999999992,155.42119806900993,5576.448518454379
41.4,23.0,2.0,2.3995439999999992,176.31883348338496,6311.536604085124
41.4,27.599999999999998,0.01,2.3995439999999992,1.0630973893635474,146.8006908275442
41.4,27.599999999999998,0.20900000000000002,2.3995439999999992,22.218735437698143,890.9641889881948
41.4,27.599999999999998,0.40800000000000003,2.3995439999999992,43.37437348603274,1635.1276871488456
41.4,27.599999999999998,0.607,2.3995439999999992,64.92457842214732,2393.1703353874973
41.4,27.599999999999998,0.806,2.3995439999999992,86.81403713093256,3163.146458459572
41.4,27.599999999999998,1.0050000000000001,2.3995439999999992,108.15350943999954,3913.776447786116
41.4,27.599999999999998,1.2040000000000002,2.3995439999999992,139.85285833234136,5028.821917331623
41.4,27.599999999999998,1.4030000000000002,2.3995439999999992,170.7752623988905,6116.5378410549365
41.4,27.599999999999998,1.6020000000000003,2.3995439999999992,201.6976664654396,7204.253764778248
41.4,27.599999999999998,1.8010000000000004,2.3995439999999992,232.62007053198874,8291.969688501562
41.4,27.599999999999998,2.0,2.3995439999999992,263.5424745985378,9379.68561222487
41.4,32.199999999999996,0.01,2.3995439999999992,1.534602980575306,163.3862104586134
41.4,32.199999999999996,0.20900000000000002,2.3995439999999992,32.07320229402389,1237.6015492775414
41.4,32.199999999999996,0.40800000000000003,2.3995439999999992,62.611801607472486,2311.816888096469
41.4,32.199999999999996,0.607,2.3995439999999992,93.22669384023091,3388.7158805867616
41.4,32.199999999999996,0.806,2.3995439999999992,123.90718372323705,4467.922313616922
41.4,32.199999999999996,1.0050000000000001,2.3995439999999992,153.81680702626815,5520.01300712371
41.4,32.199999999999996,1.2040000000000002,2.3995439999999992,197.95823881947314,7072.716935126347
41.4,32.199999999999996,1.4030000000000002,2.3995439999999992,241.01777277460934,8587.36439430539
41.4,32.199999999999996,1.6020000000000003,2.3995439999999992,284.07730672974554,10102.011853484431
41.4,32.199999999999996,1.8010000000000004,2.3995439999999992,327.1368406848818,11616.659312663476
41.4,32.199999999999996,2.0,2.3995439999999992,370.19637464001784,13131.306771842515
41.4,36.8,0.01,2.3995439999999992,2.109087069450731,183.5940665506127
41.4,36.8,0.20900000000000002,2.3995439999999992,44.079919751520286,1659.9457416003268
41.4,36.8,0.40800000000000003,2.3995439999999992,86.05075243358984,3136.2974166500403
41.4,36.8,0.607,2.3995439999999992,127.54728391561346,4595.965234687191
41.4,36.8,0.806,2.3995439999999992,168.63600502002754,6041.288054171483
41.4,36.8,1.0050000000000001,2.3995439999999992,208.69234619719504,7450.2962299501405
41.4,36.8,1.2040000000000002,2.3995439999999992,267.4876671312499,9518.46035725278
41.4,36.8,1.4030000000000002,2.3995439999999992,324.8419262777053,11535.934187317604
41.4,36.8,1.6020000000000003,2.3995439999999992,382.1961854241607,13553.40801738243
41.4,36.8,1.8010000000000004,2.3995439999999992,439.55044457061615,15570.881847447257
41.4,36.8,2.0,2.3995439999999992,496.90470371707147,17588.355677512078
41.4,41.4,0.01,2.3995439999999992,2.7919394415534358,207.61384835961607
41.4,41.4,0.20900000000000002,2.3995439999999992,58.35153432846681,2161.9591814084974
41.4,41.4,0.40800000000000003,2.3995439999999992,113.91112921538019,4116.304514457379
41.4,41.4,0.607,2.3995439999999992,168.17476378581912,6025.063590056514
41.4,41.4,0.806,2.3995439999999992,221.32411471966327,7894.627005044657
41.4,41.4,1.0050000000000001,2.3995439999999992,273.13805482602385,9717.216464882342
41.4,41.4,1.2040000000000002,2.3995439999999992,348.839561670014,12380.066813349655
41.4,41.4,1.4030000000000002,2.3995439999999992,422.68563942469063,14977.651221903554
41.4,41.4,1.6020000000000003,2.3995439999999992,496.5317171793672,17575.23563045745
41.4,41.4,1.8010000000000004,2.3995439999999992,570.3777949340438,20172.820039011345
41.4,41.4,2.0,2.3995439999999992,644.2238726887202,22770.404447565237
