0.0,1.16,0.01,0.0,0.012094834809820116,25.21075253028152
0.0,1.16,0.20900000000000002,0.0,0.2780726858076938,29.84541732546584
0.0,1.16,0.40800000000000003,0.0,0.6066068696610045,35.57012639506323
0.0,1.16,0.607,0.0,1.0866180319633572,43.934322236453056
0.0,1.16,0.806,0.0,1.6666793287804966,54.04189195070287
0.0,1.16,1.0050000000000001,0.0,2.232166221154994,63.8955026269062
0.0,1.16,1.2040000000000002,0.0,2.8268019224147762,74.2570313792025
0.0,1.16,1.4030000000000002,0.0,3.4068632192319157,84.36460109345231
0.0,1.16,1.6020000000000003,0.0,3.986924516049055,94.47217080770213
0.0,1.16,1.8010000000000004,0.0,4.5669858128661955,104.57974052195195
0.0,1.16,2.0,0.0,5.147047109683332,114.68731023620172
0.0,2.32,0.01,0.0,0.06214056025759036,26.082799435736423
0.0,2.32,0.20900000000000002,0.0,1.350467634695374,48.53190229967126
0.0,2.32,0.40800000000000003,0.0,2.9141747200702075,75.77950262194379
0.0,2.32,0.607,0.0,5.127904015053433,114.35374175890476
0.0,2.32,0.806,0.0,7.7319700260354,159.72959926040275
0.0,2.32,1.0050000000000001,0.0,10.270607242771588,203.96535983975252
0.0,2.32,1.2040000000000002,0.0,12.940102047999336,250.48131426339873
0.0,2.32,1.4030000000000002,0.0,15.544168058981304,295.85717176489675
0.0,2.32,1.6020000000000003,0.0,18.14823406996327,341.2330292663947
0.0,2.32,1.8010000000000004,0.0,20.75230008094524,386.6088867678927
0.0,2.32,2.0,0.0,23.3563660919272,431.9847442693906
0.0,3.4799999999999995,0.01,0.0,0.16186465152814783,27.820492004156698
0.0,3.4799999999999995,0.20900000000000002,0.0,3.4050590169583335,84.33316286380503
0.0,3.4799999999999995,0.40800000000000003,0.0,7.298472645715678,152.1759061997407
0.0,3.4799999999999995,0.607,0.0,12.712272632179541,246.5113860575503
0.0,3.4799999999999995,0.806,0.0,18.975467703836994,355.6475776429721
0.0,3.4799999999999995,1.0050000000000001,0.0,25.081296065151296,462.04165386192597
0.0,3.4799999999999995,1.2040000000000002,0.0,31.501857847151907,573.9199608138158
0.0,3.4799999999999995,1.4030000000000002,0.0,37.76505291880937,683.0561523992376
0.0,3.4799999999999995,1.6020000000000003,0.0,44.02824799046682,792.1923439846594
0.0,3.4799999999999995,1.8010000000000004,0.0,50.291443062124266,901.3285355700812
0.0,3.4799999999999995,2.0,0.0,56.554638133781715,1010.4647271555028
0.0,4.64,0.01,0.0,0.3192643214930067,30.563181692124715
0.0,4.64,0.20900000000000002,0.0,6.5640102465473396,139.3778968465509
0.0,4.64,0.40800000000000003,0.0,13.999943210795688,268.9490494799628
0.0,4.64,0.607,0.0,24.211163877583655,446.8795980676309
0.0,4.64,0.806,0.0,35.880659908938675,650.2205989485523
0.0,4.64,1.0050000000000001,0.0,47.25695252242044,848.452529455581
0.0,4.64,1.2040000000000002,0.0,59.21965197164871,1056.902600710395
0.0,4.64,1.4030000000000002,0.0,70.88914800300374,1260.2436015913165
0.0,4.64,1.6020000000000003,0.0,82.55864403435875,1463.5846024722377
0.0,4.64,1.8010000000000004,0.0,94.22814006571376,1666.925603353159
0.0,4.64,2.0,0.0,105.89763609706876,1870.26660423408
0.0,5.8,0.01,0.0,0.5407156024534829,34.42197088026728
0.0,5.8,0.20900000000000002,0.0,10.922230376639295,215.3198947641229
0.0,5.8,0.40800000000000003,0.0,23.203656058787043,429.32377151616777
0.0,5.8,0.607,0.0,39.90843015472184,720.4045067107493
0.0,5.8,0.806,0.0,58.813475604253306,1049.8249763761103
0.0,5.8,1.0050000000000001,0.0,77.24351991183673,1370.9685498187232
0.0,5.8,1.2040000000000002,0.0,96.62356650331624,1708.665915706832
0.0,5.8,1.4030000000000002,0.0,115.5286119528477,2038.086385372193
0.0,5.8,1.6020000000000003,0.0,134.43365740237917,2367.506855037554
0.0,5.8,1.8010000000000004,0.0,153.33870285191063,2696.927324702915
0.0,5.8,2.0,0.0,172.24374830144208,3026.3477943682756
0.0,6.959999999999999,0.01,0.0,0.8316244322487222,39.49105805050327
0.0,6.959999999999999,0.20900000000000002,0.0,16.55871698301458,313.53568959473944
0.0,6.959999999999999,0.40800000000000003,0.0,35.06259770340681,635.9658627364017
0.0,6.959999999999999,0.607,0.0,60.03752704661858,1071.154076171981
0.0,6.959999999999999,0.806,0.0,88.07279297666787,1559.668663165424
0.0,6.959999999999999,1.0050000000000001,0.0,115.40365524013299,2035.90901430476
0.0,6.959999999999999,1.2040000000000002,0.0,144.14332483676645,2536.69783715231
0.0,6.959999999999999,1.4030000000000002,0.0,172.17859076681577,3025.2124241457527
0.0,6.959999999999999,1.6020000000000003,0.0,200.21385669686507,3513.727011139196
0.0,6.959999999999999,1.8010000000000004,0.0,228.24912262691436,4002.241598132639
0.0,6.959999999999999,2.0,0.0,256.28438855696356,4490.756185126081
0.0,8.12,0.01,0.0,1.1967357445843627,45.85312368588231
0.0,8.12,0.20900000000000002,0.0,23.541816776428234,435.21622296385766
0.0,8.12,0.40800000000000003,0.0,49.70839993524937,891.1690074587616
0.0,8.12,0.607,0.0,84.79853198913464,1502.6146563290163
0.0,8.12,0.806,0.0,123.91336407251985,2184.190714434173
0.0,8.12,1.0050000000000001,0.0,162.04541143019182,2848.6417459537724
0.0,8.12,1.2040000000000002,0.0,202.14302823929026,3547.342830644486
0.0,8.12,1.4030000000000002,0.0,241.25786032267547,4228.918888749643
0.0,8.12,1.6020000000000003,0.0,280.3726924060607,4910.494946854799
0.0,8.12,1.8010000000000004,0.0,319.4875244894459,5592.071004959957
0.0,8.12,2.0,0.0,358.60235657283107,6273.647063065112
0.0,9.28,0.01,0.0,1.6403087863363681,53.582385175092845
0.0,9.28,0.20900000000000002,0.0,31.932159437287794,581.4179672216146
0.0,9.28,0.40800000000000003,0.0,67.25729277839784,1196.9585141769446
0.0,9.28,0.607,0.0,114.36754266951016,2017.8547498729747
0.0,9.28,0.806,0.0,166.55839953791929,2927.2805763131364
0.0,9.28,1.0050000000000001,0.0,217.43792834430806,3813.8565076166096
0.0,9.28,1.2040000000000002,0.0,270.9401132747375,4746.132229193458
0.0,9.28,1.4030000000000002,0.0,323.1309701431466,5655.55805563362
0.0,9.28,1.6020000000000003,0.0,375.3218270115558,6564.983882073781
0.0,9.28,1.8010000000000004,0.0,427.51268387996487,7474.409708513942
0.0,9.28,2.0,0.0,479.7035407483738,8383.8355349541
0.0,10.44,0.01,0.0,2.1662276357057912,62.74652259161703
0.0,10.44,0.20900000000000002,0.0,41.784482418504005,753.094722637588
0.0,10.44,0.40800000000000003,0.0,87.81379190148071,1555.1555687081925
0.0,10.44,0.607,0.0,148.90247675098757,2619.6260725261304
0.0,10.44,0.806,0.0,216.20729776351422,3792.412766315278
0.0,10.44,1.0050000000000001,0.0,281.82104287120353,4935.732457747915
0.0,10.44,1.2040000000000002,0.0,350.8169397885676,6137.986153893576
0.0,10.44,1.4030000000000002,0.0,418.12176080109424,7310.772847682723
0.0,10.44,1.6020000000000003,0.0,485.4265818136209,8483.559541471872
0.0,10.44,1.8010000000000004,0.0,552.7314028261476,9656.34623526102
0.0,10.44,2.0,0.0,620.036223838674,10829.132929050165
1.16,0.0,0.01,0.024624479999999997,0.0,25.429081632653062
1.16,0.0,0.20900000000000002,0.024624479999999997,0.0,25.429081632653062
1.16,0.0,0.40800000000000003,0.024624479999999997,0.0,25.429081632653062
1.16,0.0,0.607,0.024624479999999997,0.0,25.429081632653062
1.16,0.0,0.806,0.024624479999999997,0.0,25.429081632653062
1.16,0.0,1.0050000000000001,0.024624479999999997,0.0,25.429081632653062
1.16,0.0,1.2040000000000002,0.024624479999999997,0.0,25.429081632653062
1.16,0.0,1.4030000000000002,0.024624479999999997,0.0,25.429081632653062
1.16,0.0,1.6020000000000003,0.024624479999999997,0.0,25.429081632653062
1.16,0.0,1.8010000000000004,0.024624479999999997,0.0,25.429081632653062
1.16,0.0,2.0,0.024624479999999997,0.0,25.429081632653062
1.16,1.16,0.01,0.024624479999999997,0.012094834809820116,25.63983416293458
1.16,1.16,0.20900000000000002,0.024624479999999997,0.2780726858076938,30.274498958118897
1.16,1.16,0.40800000000000003,0.024624479999999997,0.6066068696610045,35.99920802771629
1.16,1.16,0.607,0.024624479999999997,1.0866180319633572,44.36340386910612
1.16,1.16,0.806,0.024624479999999997,1.6666793287804966,54.47097358335593
1.16,1.16,1.0050000000000001,0.024624479999999997,2.232166221154994,64.32458425955926
1.16,1.16,1.2040000000000002,0.024624479999999997,2.8268019224147762,74.68611301185555
1.16,1.16,1.4030000000000002,0.024624479999999997,3.4068632192319157,84.79368272610537
1.16,1.16,1.6020000000000003,0.024624479999999997,3.986924516049055,94.90125244035518
1.16,1.16,1.8010000000000004,0.024624479999999997,4.5669858128661955,105.00882215460501
1.16,1.16,2.0,0.024624479999999997,5.147047109683332,115.11639186885479
1.16,2.32,0.01,0.024624479999999997,0.06214056025759036,26.51188106838948
1.16,2.32,0.20900000000000002,0.024624479999999997,1.350467634695374,48.960983932324325
1.16,2.32,0.40800000000000003,0.024624479999999997,2.9141747200702075,76.20858425459684
1.16,2.32,0.607,0.024624479999999997,5.127904015053433,114.78282339155783
1.16,2.32,0.806,0.024624479999999997,7.7319700260354,160.15868089305582
1.16,2.32,1.0050000000000001,0.024624479999999997,10.270607242771588,204.3944414724056
1.16,2.32,1.2040000000000002,0.024624479999999997,12.940102047999336,250.9103958960518
1.16,2.32,1.4030000000000002,0.024624479999999997,15.544168058981304,296.2862533975498
1.16,2.32,1.6020000000000003,0.024624479999999997,18.14823406996327,341.6621108990477
1.16,2.32,1.8010000000000004,0.024624479999999997,20.75230008094524,387.03796840054576
1.16,2.32,2.0,0.024624479999999997,23.3563660919272,432.41382590204364
1.16,3.4799999999999995,0.01,0.024624479999999997,0.16186465152814783,28.249573636809757
1.16,3.4799999999999995,0.20900000000000002,0.024624479999999997,3.4050590169583335,84.76224449645808
1.16,3.4799999999999995,0.40800000000000003,0.024624479999999997,7.298472645715678,152.60498783239376
1.16,3.4799999999999995,0.607,0.024624479999999997,12.712272632179541,246.94046769020338
1.16,3.4799999999999995,0.806,0.024624479999999997,18.975467703836994,356.07665927562516
1.16,3.4799999999999995,1.0050000000000001,0.024624479999999997,25.081296065151296,462.470735494579
1.16,3.4799999999999995,1.2040000000000002,0.024624479999999997,31.501857847151907,574.3490424464688
1.16,3.4799999999999995,1.4030000000000002,0.024624479999999997,37.76505291880937,683.4852340318906
1.16,3.4799999999999995,1.6020000000000003,0.024624479999999997,44.02824799046682,792.6214256173124
1.16,3.4799999999999995,1.8010000000000004,0.024624479999999997,50.291443062124266,901.7576172027341
1.16,3.4799999999999995,2.0,0.024624479999999997,56.554638133781715,1010.8938087881559
1.16,4.64,0.01,0.024624479999999997,0.3192643214930067,30.992263324777774
1.16,4.64,0.20900000000000002,0.024624479999999997,6.5640102465473396,139.80697847920396
1.16,4.64,0.40800000000000003,0.024624479999999997,13.999943210795688,269.3781311126159
1.16,4.64,0.607,0.024624479999999997,24.211163877583655,447.30867970028396
1.16,4.64,0.806,0.024624479999999997,35.880659908938675,650.6496805812053
1.16,4.64,1.0050000000000001,0.024624479999999997,47.25695252242044,848.8816110882341
1.16,4.64,1.2040000000000002,0.024624479999999997,59.21965197164871,1057.331682343048
1.16,4.64,1.4030000000000002,0.024624479999999997,70.88914800300374,1260.6726832239694
1.16,4.64,1.6020000000000003,0.024624479999999997,82.55864403435875,1464.0136841048907
1.16,4.64,1.8010000000000004,0.024624479999999997,94.22814006571376,1667.354684985812
1.16,4.64,2.0,0.024624479999999997,105.89763609706876,1870.695685866733
1.16,5.8,0.01,0.024624479999999997,0.5407156024534829,34.85105251292034
1.16,5.8,0.20900000000000002,0.024624479999999997,10.922230376639295,215.74897639677596
1.16,5.8,0.40800000000000003,0.024624479999999997,23.203656058787043,429.75285314882075
1.16,5.8,0.607,0.024624479999999997,39.90843015472184,720.8335883434023
1.16,5.8,0.806,0.024624479999999997,58.813475604253306,1050.2540580087632
1.16,5.8,1.0050000000000001,0.024624479999999997,77.24351991183673,1371.3976314513761
1.16,5.8,1.2040000000000002,0.024624479999999997,96.62356650331624,1709.0949973394852
1.16,5.8,1.4030000000000002,0.024624479999999997,115.5286119528477,2038.5154670048462
1.16,5.8,1.6020000000000003,0.024624479999999997,134.43365740237917,2367.9359366702074
1.16,5.8,1.8010000000000004,0.024624479999999997,153.33870285191063,2697.356406335568
1.16,5.8,2.0,0.024624479999999997,172.24374830144208,3026.7768760009285
1.16,6.959999999999999,0.01,0.024624479999999997,0.8316244322487222,39.920139683156336
1.16,6.959999999999999,0.20900000000000002,0.024624479999999997,16.55871698301458,313.9647712273925
1.16,6.959999999999999,0.40800000000000003,0.024624479999999997,35.06259770340681,636.3949443690548
1.16,6.959999999999999,0.607,0.024624479999999997,60.03752704661858,1071.583157804634
1.16,6.959999999999999,0.806,0.024624479999999997,88.07279297666787,1560.097744798077
1.16,6.959999999999999,1.0050000000000001,0.024624479999999997,115.40365524013299,2036.338095937413
1.16,6.959999999999999,1.2040000000000002,0.024624479999999997,144.14332483676645,2537.126918784963
1.16,6.959999999999999,1.4030000000000002,0.024624479999999997,172.17859076681577,3025.6415057784056
1.16,6.959999999999999,1.6020000000000003,0.024624479999999997,200.21385669686507,3514.1560927718488
1.16,6.959999999999999,1.8010000000000004,0.024624479999999997,228.24912262691436,4002.670679765292
1.16,6.959999999999999,2.0,0.024624479999999997,256.28438855696356,4491.185266758734
1.16,8.12,0.01,0.024624479999999997,1.1967357445843627,46.282205318535375
1.16,8.12,0.20900000000000002,0.024624479999999997,23.541816776428234,435.6453045965107
1.16,8.12,0.40800000000000003,0.024624479999999997,49.70839993524937,891.5980890914146
1.16,8.12,0.607,0.024624479999999997,84.79853198913464,1503.0437379616694
1.16,8.12,0.806,0.024624479999999997,123.91336407251985,2184.619796066826
1.16,8.12,1.0050000000000001,0.024624479999999997,162.04541143019182,2849.0708275864254
1.16,8.12,1.2040000000000002,0.024624479999999997,202.14302823929026,3547.771912277139
1.16,8.12,1.4030000000000002,0.024624479999999997,241.25786032267547,4229.347970382296
1.16,8.12,1.6020000000000003,0.024624479999999997,280.3726924060607,4910.924028487453
1.16,8.12,1.8010000000000004,0.024624479999999997,319.4875244894459,5592.5000865926095
1.16,8.12,2.0,0.024624479999999997,358.60235657283107,6274.076144697765
1.16,9.28,0.01,0.024624479999999997,1.6403087863363681,54.011466807745904
1.16,9.28,0.20900000000000002,0.024624479999999997,31.932159437287794,581.8470488542677
1.16,9.28,0.40800000000000003,0.024624479999999997,67.25729277839784,1197.3875958095978
1.16,9.28,0.607,0.024624479999999997,114.36754266951016,2018.2838315056279
1.16,9.28,0.806,0.024624479999999997,166.55839953791929,2927.7096579457893
1.16,9.28,1.0050000000000001,0.024624479999999997,217.43792834430806,3814.2855892492626
1.16,9.28,1.2040000000000002,0.024624479999999997,270.9401132747375,4746.561310826111
1.16,9.28,1.4030000000000002,0.024624479999999997,323.1309701431466,5655.987137266273
1.16,9.28,1.6020000000000003,0.024624479999999997,375.3218270115558,6565.412963706434
1.16,9.28,1.8010000000000004,0.024624479999999997,427.51268387996487,7474.838790146595
1.16,9.28,2.0,0.024624479999999997,479.7035407483738,8384.264616586754
1.16,10.44,0.01,0.024624479999999997,2.1662276357057912,63.175604224270096
1.16,10.44,0.20900000000000002,0.024624479999999997,41.784482418504005,753.523804270241
1.16,10.44,0.40800000000000003,0.024624479999999997,87.81379190148071,1555.5846503408457
1.16,10.44,0.607,0.024624479999999997,148.90247675098757,2620.0551541587834
1.16,10.44,0.806,0.024624479999999997,216.20729776351422,3792.8418479479315
1.16,10.44,1.0050000000000001,0.024624479999999997,281.82104287120353,4936.161539380568
1.16,10.44,1.2040000000000002,0.024624479999999997,350.8169397885676,6138.415235526229
1.16,10.44,1.4030000000000002,0.024624479999999997,418.12176080109424,7311.201929315376
1.16,10.44,1.6020000000000003,0.024624479999999997,485.4265818136209,8483.988623104524
1.16,10.44,1.8010000000000004,0.024624479999999997,552.7314028261476,9656.775316893674
1.16,10.44,2.0,0.024624479999999997,620.036223838674,10829.562010682817
2.32,0.0,0.01,0.09849791999999999,0.0,26.716326530612246
2.32,0.0,0.20900000000000002,0.09849791999999999,0.0,26.716326530612246
2.32,0.0,0.40800000000000003,0.09849791999999999,0.0,26.716326530612246
2.32,0.0,0.607,0.09849791999999999,0.0,26.716326530612246
2.32,0.0,0.806,0.09849791999999999,0.0,26.716326530612246
2.32,0.0,1.0050000000000001,0.09849791999999999,0.0,26.716326530612246
2.32,0.0,1.2040000000000002,0.09849791999999999,0.0,26.716326530612246
2.32,0.0,1.4030000000000002,0.09849791999999999,0.0,26.716326530612246
2.32,0.0,1.6020000000000003,0.09849791999999999,0.0,26.716326530612246
2.32,0.0,1.8010000000000004,0.09849791999999999,0.0,26.716326530612246
2.32,0.0,2.0,0.09849791999999999,0.0,26.716326530612246
2.32,1.16,0.01,0.09849791999999999,0.012094834809820116,26.927079060893764
2.32,1.16,0.20900000000000002,0.09849791999999999,0.2780726858076938,31.56174385607808
2.32,1.16,0.40800000000000003,0.09849791999999999,0.6066068696610045,37.286452925675476
2.32,1.16,0.607,0.09849791999999999,1.0866180319633572,45.650648767065306
2.32,1.16,0.806,0.09849791999999999,1.6666793287804966,55.75821848131511
2.32,1.16,1.0050000000000001,0.09849791999999999,2.232166221154994,65.61182915751844
2.32,1.16,1.2040000000000002,0.09849791999999999,2.8268019224147762,75.97335790981474
2.32,1.16,1.4030000000000002,0.09849791999999999,3.4068632192319157,86.08092762406454
2.32,1.16,1.6020000000000003,0.09849791999999999,3.986924516049055,96.18849733831436
2.32,1.16,1.8010000000000004,0.09849791999999999,4.5669858128661955,106.29606705256418
2.32,1.16,2.0,0.09849791999999999,5.147047109683332,116.40363676681396
2.32,2.32,0.01,0.09849791999999999,0.06214056025759036,27.799125966348665
2.32,2.32,0.20900000000000002,0.09849791999999999,1.350467634695374,50.24822883028351
2.32,2.32,0.40800000000000003,0.09849791999999999,2.9141747200702075,77.49582915255604
2.32,2.32,0.607,0.09849791999999999,5.127904015053433,116.070068289517
2.32,2.32,0.806,0.09849791999999999,7.7319700260354,161.445925791015
2.32,2.32,1.0050000000000001,0.09849791999999999,10.270607242771588,205.68168637036476
2.32,2.32,1.2040000000000002,0.09849791999999999,12.940102047999336,252.19764079401097
2.32,2.32,1.4030000000000002,0.09849791999999999,15.544168058981304,297.57349829550895
2.32,2.32,1.6020000000000003,0.09849791999999999,18.14823406996327,342.94935579700694
2.32,2.32,1.8010000000000004,0.09849791999999999,20.75230008094524,388.325213298505
2.32,2.32,2.0,0.09849791999999999,23.3563660919272,433.70107080000287
2.32,3.4799999999999995,0.01,0.09849791999999999,0.16186465152814783,29.53681853476894
2.32,3.4799999999999995,0.20900000000000002,0.09849791999999999,3.4050590169583335,86.04948939441726
2.32,3.4799999999999995,0.40800000000000003,0.09849791999999999,7.298472645715678,153.89223273035293
2.32,3.4799999999999995,0.607,0.09849791999999999,12.712272632179541,248.22771258816255
2.32,3.4799999999999995,0.806,0.09849791999999999,18.975467703836994,357.3639041735844
2.32,3.4799999999999995,1.0050000000000001,0.09849791999999999,25.081296065151296,463.75798039253823
2.32,3.4799999999999995,1.2040000000000002,0.09849791999999999,31.501857847151907,575.6362873444281
2.32,3.4799999999999995,1.4030000000000002,0.09849791999999999,37.76505291880937,684.7724789298499
2.32,3.4799999999999995,1.6020000000000003,0.09849791999999999,44.02824799046682,793.9086705152716
2.32,3.4799999999999995,1.8010000000000004,0.09849791999999999,50.291443062124266,903.0448621006934
2.32,3.4799999999999995,2.0,0.09849791999999999,56.554638133781715,1012.1810536861151
2.32,4.64,0.01,0.09849791999999999,0.3192643214930067,32.27950822273696
2.32,4.64,0.20900000000000002,0.09849791999999999,6.5640102465473396,141.09422337716313
2.32,4.64,0.40800000000000003,0.09849791999999999,13.999943210795688,270.6653760105751
2.32,4.64,0.607,0.09849791999999999,24.211163877583655,448.5959245982432
2.32,4.64,0.806,0.09849791999999999,35.880659908938675,651.9369254791645
2.32,4.64,1.0050000000000001,0.09849791999999999,47.25695252242044,850.1688559861933
2.32,4.64,1.2040000000000002,0.09849791999999999,59.21965197164871,1058.6189272410072
2.32,4.64,1.4030000000000002,0.09849791999999999,70.88914800300374,1261.9599281219287
2.32,4.64,1.6020000000000003,0.09849791999999999,82.55864403435875,1465.30092900285
2.32,4.64,1.8010000000000004,0.09849791999999999,94.22814006571376,1668.6419298837711
2.32,4.64,2.0,0.09849791999999999,105.89763609706876,1871.9829307646921
2.32,5.8,0.01,0.09849791999999999,0.5407156024534829,36.13829741087953
2.32,5.8,0.20900000000000002,0.09849791999999999,10.922230376639295,217.03622129473513
2.32,5.8,0.40800000000000003,0.09849791999999999,23.203656058787043,431.04009804678003
2.32,5.8,0.607,0.09849791999999999,39.90843015472184,722.1208332413615
2.32,5.8,0.806,0.09849791999999999,58.813475604253306,1051.5413029067224
2.32,5.8,1.0050000000000001,0.09849791999999999,77.24351991183673,1372.6848763493354
2.32,5.8,1.2040000000000002,0.09849791999999999,96.62356650331624,1710.3822422374442
2.32,5.8,1.4030000000000002,0.09849791999999999,115.5286119528477,2039.8027119028052
2.32,5.8,1.6020000000000003,0.09849791999999999,134.43365740237917,2369.223181568166
2.32,5.8,1.8010000000000004,0.09849791999999999,153.33870285191063,2698.643651233527
2.32,5.8,2.0,0.09849791999999999,172.24374830144208,3028.0641208988877
2.32,6.959999999999999,0.01,0.09849791999999999,0.8316244322487222,41.20738458111552
2.32,6.959999999999999,0.20900000000000002,0.09849791999999999,16.55871698301458,315.2520161253517
2.32,6.959999999999999,0.40800000000000003,0.09849791999999999,35.06259770340681,637.682189267014
2.32,6.959999999999999,0.607,0.09849791999999999,60.03752704661858,1072.8704027025933
2.32,6.959999999999999,0.806,0.09849791999999999,88.07279297666787,1561.3849896960362
2.32,6.959999999999999,1.0050000000000001,0.09849791999999999,115.40365524013299,2037.625340835372
2.32,6.959999999999999,1.2040000000000002,0.09849791999999999,144.14332483676645,2538.414163682922
2.32,6.959999999999999,1.4030000000000002,0.09849791999999999,172.17859076681577,3026.928750676365
2.32,6.959999999999999,1.6020000000000003,0.09849791999999999,200.21385669686507,3515.443337669808
2.32,6.959999999999999,1.8010000000000004,0.09849791999999999,228.24912262691436,4003.957924663251
2.32,6.959999999999999,2.0,0.09849791999999999,256.28438855696356,4492.472511656692
2.32,8.12,0.01,0.09849791999999999,1.1967357445843627,47.56945021649456
2.32,8.12,0.20900000000000002,0.09849791999999999,23.541816776428234,436.93254949447
2.32,8.12,0.40800000000000003,0.09849791999999999,49.70839993524937,892.8853339893739
2.32,8.12,0.607,0.09849791999999999,84.79853198913464,1504.3309828596284
2.32,8.12,0.806,0.09849791999999999,123.91336407251985,2185.907040964785
2.32,8.12,1.0050000000000001,0.09849791999999999,162.04541143019182,2850.3580724843846
2.32,8.12,1.2040000000000002,0.09849791999999999,202.14302823929026,3549.0591571750983
2.32,8.12,1.4030000000000002,0.09849791999999999,241.25786032267547,4230.635215280255
2.32,8.12,1.6020000000000003,0.09849791999999999,280.3726924060607,4912.211273385412
2.32,8.12,1.8010000000000004,0.09849791999999999,319.4875244894459,5593.787331490568
2.32,8.12,2.0,0.09849791999999999,358.60235657283107,6275.363389595724
2.32,9.28,0.01,0.09849791999999999,1.6403087863363681,55.29871170570509
2.32,9.28,0.20900000000000002,0.09849791999999999,31.932159437287794,583.1342937522269
2.32,9.28,0.40800000000000003,0.09849791999999999,67.25729277839784,1198.6748407075568
2.32,9.28,0.607,0.09849791999999999,114.36754266951016,2019.5710764035869
2.32,9.28,0.806,0.09849791999999999,166.55839953791929,2928.9969028437486
2.32,9.28,1.0050000000000001,0.09849791999999999,217.43792834430806,3815.572834147222
2.32,9.28,1.2040000000000002,0.09849791999999999,270.9401132747375,4747.84855572407
2.32,9.28,1.4030000000000002,0.09849791999999999,323.1309701431466,5657.274382164232
2.32,9.28,1.6020000000000003,0.09849791999999999,375.3218270115558,6566.700208604394
2.32,9.28,1.8010000000000004,0.09849791999999999,427.51268387996487,7476.126035044555
2.32,9.28,2.0,0.09849791999999999,479.7035407483738,8385.551861484713
2.32,10.44,0.01,0.09849791999999999,2.1662276357057912,64.46284912222927
2.32,10.44,0.20900000000000002,0.09849791999999999,41.784482418504005,754.8110491682003
2.32,10.44,0.40800000000000003,0.09849791999999999,87.81379190148071,1556.8718952388047
2.32,10.44,0.607,0.09849791999999999,148.90247675098757,2621.3423990567426
2.32,10.44,0.806,0.09849791999999999,216.20729776351422,3794.12909284589
2.32,10.44,1.0050000000000001,0.09849791999999999,281.82104287120353,4937.4487842785275
2.32,10.44,1.2040000000000002,0.09849791999999999,350.8169397885676,6139.702480424188
2.32,10.44,1.4030000000000002,0.09849791999999999,418.12176080109424,7312.489174213336
2.32,10.44,1.6020000000000003,0.09849791999999999,485.4265818136209,8485.275868002484
2.32,10.44,1.8010000000000004,0.09849791999999999,552.7314028261476,9658.062561791634
2.32,10.44,2.0,0.09849791999999999,620.036223838674,10830.849255580777
3.4799999999999995,0.0,0.01,0.22162031999999993,0.0,28.86173469387755
3.4799999999999995,0.0,0.20900000000000002,0.22162031999999993,0.0,28.86173469387755
3.4799999999999995,0.0,0.40800000000000003,0.22162031999999993,0.0,28.86173469387755
3.4799999999999995,0.0,0.607,0.22162031999999993,0.0,28.86173469387755
3.4799999999999995,0.0,0.806,0.22162031999999993,0.0,28.86173469387755
3.4799999999999995,0.0,1.0050000000000001,0.22162031999999993,0.0,28.86173469387755
3.4799999999999995,0.0,1.2040000000000002,0.22162031999999993,0.0,28.86173469387755
3.4799999999999995,0.0,1.4030000000000002,0.22162031999999993,0.0,28.86173469387755
3.4799999999999995,0.0,1.6020000000000003,0.22162031999999993,0.0,28.86173469387755
3.4799999999999995,0.0,1.8010000000000004,0.22162031999999993,0.0,28.86173469387755
3.4799999999999995,0.0,2.0,0.22162031999999993,0.0,28.86173469387755
3.4799999999999995,1.16,0.01,0.22162031999999993,0.012094834809820116,29.07248722415907
3.4799999999999995,1.16,0.20900000000000002,0.22162031999999993,0.2780726858076938,33.70715201934339
3.4799999999999995,1.16,0.40800000000000003,0.22162031999999993,0.6066068696610045,39.43186108894078
3.4799999999999995,1.16,0.607,0.22162031999999993,1.0866180319633572,47.79605693033061
3.4799999999999995,1.16,0.806,0.22162031999999993,1.6666793287804966,57.90362664458042
3.4799999999999995,1.16,1.0050000000000001,0.22162031999999993,2.232166221154994,67.75723732078376
3.4799999999999995,1.16,1.2040000000000002,0.22162031999999993,2.8268019224147762,78.11876607308005
3.4799999999999995,1.16,1.4030000000000002,0.22162031999999993,3.4068632192319157,88.22633578732986
3.4799999999999995,1.16,1.6020000000000003,0.22162031999999993,3.986924516049055,98.33390550157966
3.4799999999999995,1.16,1.8010000000000004,0.22162031999999993,4.5669858128661955,108.4414752158295
3.4799999999999995,1.16,2.0,0.22162031999999993,5.147047109683332,118.54904493007928
3.4799999999999995,2.32,0.01,0.22162031999999993,0.06214056025759036,29.944534129613974
3.4799999999999995,2.32,0.20900000000000002,0.22162031999999993,1.350467634695374,52.39363699354881
3.4799999999999995,2.32,0.40800000000000003,0.22162031999999993,2.9141747200702075,79.64123731582134
3.4799999999999995,2.32,0.607,0.22162031999999993,5.127904015053433,118.21547645278231
3.4799999999999995,2.32,0.806,0.22162031999999993,7.7319700260354,163.5913339542803
3.4799999999999995,2.32,1.0050000000000001,0.22162031999999993,10.270607242771588,207.82709453363006
3.4799999999999995,2.32,1.2040000000000002,0.22162031999999993,12.940102047999336,254.34304895727627
3.4799999999999995,2.32,1.4030000000000002,0.22162031999999993,15.544168058981304,299.7189064587743
3.4799999999999995,2.32,1.6020000000000003,0.22162031999999993,18.14823406996327,345.0947639602722
3.4799999999999995,2.32,1.8010000000000004,0.22162031999999993,20.75230008094524,390.47062146177024
3.4799999999999995,2.32,2.0,0.22162031999999993,23.3563660919272,435.8464789632681
3.4799999999999995,3.4799999999999995,0.01,0.22162031999999993,0.16186465152814783,31.68222669803425
3.4799999999999995,3.4799999999999995,0.20900000000000002,0.22162031999999993,3.4050590169583335,88.19489755768257
3.4799999999999995,3.4799999999999995,0.40800000000000003,0.22162031999999993,7.298472645715678,156.03764089361823
3.4799999999999995,3.4799999999999995,0.607,0.22162031999999993,12.712272632179541,250.37312075142785
3.4799999999999995,3.4799999999999995,0.806,0.22162031999999993,18.975467703836994,359.50931233684963
3.4799999999999995,3.4799999999999995,1.0050000000000001,0.22162031999999993,25.081296065151296,465.9033885558035
3.4799999999999995,3.4799999999999995,1.2040000000000002,0.22162031999999993,31.501857847151907,577.7816955076933
3.4799999999999995,3.4799999999999995,1.4030000000000002,0.22162031999999993,37.76505291880937,686.9178870931153
3.4799999999999995,3.4799999999999995,1.6020000000000003,0.22162031999999993,44.02824799046682,796.0540786785369
3.4799999999999995,3.4799999999999995,1.8010000000000004,0.22162031999999993,50.291443062124266,905.1902702639587
3.4799999999999995,3.4799999999999995,2.0,0.22162031999999993,56.554638133781715,1014.3264618493804
3.4799999999999995,4.64,0.01,0.22162031999999993,0.3192643214930067,34.424916386002266
3.4799999999999995,4.64,0.20900000000000002,0.22162031999999993,6.5640102465473396,143.23963154042843
3.4799999999999995,4.64,0.40800000000000003,0.22162031999999993,13.999943210795688,272.8107841738404
3.4799999999999995,4.64,0.607,0.22162031999999993,24.211163877583655,450.74133276150843
3.4799999999999995,4.64,0.806,0.22162031999999993,35.880659908938675,654.0823336424298
3.4799999999999995,4.64,1.0050000000000001,0.22162031999999993,47.25695252242044,852.3142641494586
3.4799999999999995,4.64,1.2040000000000002,0.22162031999999993,59.21965197164871,1060.7643354042725
3.4799999999999995,4.64,1.4030000000000002,0.22162031999999993,70.88914800300374,1264.105336285194
3.4799999999999995,4.64,1.6020000000000003,0.22162031999999993,82.55864403435875,1467.4463371661152
3.4799999999999995,4.64,1.8010000000000004,0.22162031999999993,94.22814006571376,1670.7873380470364
3.4799999999999995,4.64,2.0,0.22162031999999993,105.89763609706876,1874.1283389279574
3.4799999999999995,5.8,0.01,0.22162031999999993,0.5407156024534829,38.28370557414483
3.4799999999999995,5.8,0.20900000000000002,0.22162031999999993,10.922230376639295,219.18162945800043
3.4799999999999995,5.8,0.40800000000000003,0.22162031999999993,23.203656058787043,433.1855062100453
3.4799999999999995,5.8,0.607,0.22162031999999993,39.90843015472184,724.2662414046268
3.4799999999999995,5.8,0.806,0.22162031999999993,58.813475604253306,1053.6867110699877
3.4799999999999995,5.8,1.0050000000000001,0.22162031999999993,77.24351991183673,1374.8302845126007
3.4799999999999995,5.8,1.2040000000000002,0.22162031999999993,96.62356650331624,1712.5276504007097
3.4799999999999995,5.8,1.4030000000000002,0.22162031999999993,115.5286119528477,2041.9481200660707
3.4799999999999995,5.8,1.6020000000000003,0.22162031999999993,134.43365740237917,2371.3685897314317
3.4799999999999995,5.8,1.8010000000000004,0.22162031999999993,153.33870285191063,2700.7890593967923
3.4799999999999995,5.8,2.0,0.22162031999999993,172.24374830144208,3030.209529062153
3.4799999999999995,6.959999999999999,0.01,0.22162031999999993,0.8316244322487222,43.35279274438082
3.4799999999999995,6.959999999999999,0.20900000000000002,0.22162031999999993,16.55871698301458,317.39742428861695
3.4799999999999995,6.959999999999999,0.40800000000000003,0.22162031999999993,35.06259770340681,639.8275974302793
3.4799999999999995,6.959999999999999,0.607,0.22162031999999993,60.03752704661858,1075.0158108658586
3.4799999999999995,6.959999999999999,0.806,0.22162031999999993,88.07279297666787,1563.5303978593015
3.4799999999999995,6.959999999999999,1.0050000000000001,0.22162031999999993,115.40365524013299,2039.7707489986376
3.4799999999999995,6.959999999999999,1.2040000000000002,0.22162031999999993,144.14332483676645,2540.5595718461873
3.4799999999999995,6.959999999999999,1.4030000000000002,0.22162031999999993,172.17859076681577,3029.07415883963
3.4799999999999995,6.959999999999999,1.6020000000000003,0.22162031999999993,200.21385669686507,3517.588745833073
3.4799999999999995,6.959999999999999,1.8010000000000004,0.22162031999999993,228.24912262691436,4006.103332826516
3.4799999999999995,6.959999999999999,2.0,0.22162031999999993,256.28438855696356,4494.617919819958
3.4799999999999995,8.12,0.01,0.22162031999999993,1.1967357445843627,49.71485837975986
3.4799999999999995,8.12,0.20900000000000002,0.22162031999999993,23.541816776428234,439.0779576577352
3.4799999999999995,8.12,0.40800000000000003,0.22162031999999993,49.70839993524937,895.0307421526392
3.4799999999999995,8.12,0.607,0.22162031999999993,84.79853198913464,1506.476391022894
3.4799999999999995,8.12,0.806,0.22162031999999993,123.91336407251985,2188.0524491280507
3.4799999999999995,8.12,1.0050000000000001,0.22162031999999993,162.04541143019182,2852.5034806476497
3.4799999999999995,8.12,1.2040000000000002,0.22162031999999993,202.14302823929026,3551.2045653383634
3.4799999999999995,8.12,1.4030000000000002,0.22162031999999993,241.25786032267547,4232.78062344352
3.4799999999999995,8.12,1.6020000000000003,0.22162031999999993,280.3726924060607,4914.356681548677
3.4799999999999995,8.12,1.8010000000000004,0.22162031999999993,319.4875244894459,5595.932739653834
3.4799999999999995,8.12,2.0,0.22162031999999993,358.60235657283107,6277.508797758989
3.4799999999999995,9.28,0.01,0.22162031999999993,1.6403087863363681,57.4441198689704
3.4799999999999995,9.28,0.20900000000000002,0.22162031999999993,31.932159437287794,585.2797019154922
3.4799999999999995,9.28,0.40800000000000003,0.22162031999999993,67.25729277839784,1200.8202488708223
3.4799999999999995,9.28,0.607,0.22162031999999993,114.36754266951016,2021.7164845668524
3.4799999999999995,9.28,0.806,0.22162031999999993,166.55839953791929,2931.1423110070136
3.4799999999999995,9.28,1.0050000000000001,0.22162031999999993,217.43792834430806,3817.718242310487
3.4799999999999995,9.28,1.2040000000000002,0.22162031999999993,270.9401132747375,4749.993963887336
3.4799999999999995,9.28,1.4030000000000002,0.22162031999999993,323.1309701431466,5659.419790327497
3.4799999999999995,9.28,1.6020000000000003,0.22162031999999993,375.3218270115558,6568.845616767659
3.4799999999999995,9.28,1.8010000000000004,0.22162031999999993,427.51268387996487,7478.271443207819
3.4799999999999995,9.28,2.0,0.22162031999999993,479.7035407483738,8387.697269647979
3.4799999999999995,10.44,0.01,0.22162031999999993,2.1662276357057912,66.60825728549457
3.4799999999999995,10.44,0.20900000000000002,0.22162031999999993,41.784482418504005,756.9564573314656
3.4799999999999995,10.44,0.40800000000000003,0.22162031999999993,87.81379190148071,1559.0173034020702
3.4799999999999995,10.44,0.607,0.22162031999999993,148.90247675098757,2623.4878072200077
3.4799999999999995,10.44,0.806,0.22162031999999993,216.20729776351422,3796.2745010091558
3.4799999999999995,10.44,1.0050000000000001,0.22162031999999993,281.82104287120353,4939.594192441792
3.4799999999999995,10.44,1.2040000000000002,0.22162031999999993,350.8169397885676,6141.847888587453
3.4799999999999995,10.44,1.4030000000000002,0.22162031999999993,418.12176080109424,7314.6345823766005
3.4799999999999995,10.44,1.6020000000000003,0.22162031999999993,485.4265818136209,8487.421276165749
3.4799999999999995,10.44,1.8010000000000004,0.22162031999999993,552.7314028261476,9660.207969954898
3.4799999999999995,10.44,2.0,0.22162031999999993,620.036223838674,10832.994663744043
4.64,0.0,0.01,0.39399167999999996,0.0,31.86530612244898
4.64,0.0,0.20900000000000002,0.39399167999999996,0.0,31.86530612244898
4.64,0.0,0.40800000000000003,0.39399167999999996,0.0,31.86530612244898
4.64,0.0,0.607,0.39399167999999996,0.0,31.86530612244898
4.64,0.0,0.806,0.39399167999999996,0.0,31.86530612244898
4.64,0.0,1.0050000000000001,0.39399167999999996,0.0,31.86530612244898
4.64,0.0,1.2040000000000002,0.39399167999999996,0.0,31.86530612244898
4.64,0.0,1.4030000000000002,0.39399167999999996,0.0,31.86530612244898
4.64,0.0,1.6020000000000003,0.39399167999999996,0.0,31.86530612244898
4.64,0.0,1.8010000000000004,0.39399167999999996,0.0,31.86530612244898
4.64,0.0,2.0,0.39399167999999996,0.0,31.86530612244898
4.64,1.16,0.01,0.39399167999999996,0.012094834809820116,32.0760586527305
4.64,1.16,0.20900000000000002,0.39399167999999996,0.2780726858076938,36.710723447914816
4.64,1.16,0.40800000000000003,0.39399167999999996,0.6066068696610045,42.43543251751221
4.64,1.16,0.607,0.39399167999999996,1.0866180319633572,50.79962835890204
4.64,1.16,0.806,0.39399167999999996,1.6666793287804966,60.907198073151854
4.64,1.16,1.0050000000000001,0.39399167999999996,2.232166221154994,70.76080874935518
4.64,1.16,1.2040000000000002,0.39399167999999996,2.8268019224147762,81.12233750165149
4.64,1.16,1.4030000000000002,0.39399167999999996,3.4068632192319157,91.22990721590129
4.64,1.16,1.6020000000000003,0.39399167999999996,3.986924516049055,101.3374769301511
4.64,1.16,1.8010000000000004,0.39399167999999996,4.5669858128661955,111.44504664440093
4.64,1.16,2.0,0.39399167999999996,5.147047109683332,121.5526163586507
4.64,2.32,0.01,0.39399167999999996,0.06214056025759036,32.948105558185404
4.64,2.32,0.20900000000000002,0.39399167999999996,1.350467634695374,55.397208422120244
4.64,2.32,0.40800000000000003,0.39399167999999996,2.9141747200702075,82.64480874439278
4.64,2.32,0.607,0.39399167999999996,5.127904015053433,121.21904788135375
4.64,2.32,0.806,0.39399167999999996,7.7319700260354,166.59490538285172
4.64,2.32,1.0050000000000001,0.39399167999999996,10.270607242771588,210.8306659622015
4.64,2.32,1.2040000000000002,0.39399167999999996,12.940102047999336,257.3466203858477
4.64,2.32,1.4030000000000002,0.39399167999999996,15.544168058981304,302.7224778873457
4.64,2.32,1.6020000000000003,0.39399167999999996,18.14823406996327,348.0983353888437
4.64,2.32,1.8010000000000004,0.39399167999999996,20.75230008094524,393.47419289034167
4.64,2.32,2.0,0.39399167999999996,23.3563660919272,438.85005039183955
4.64,3.4799999999999995,0.01,0.39399167999999996,0.16186465152814783,34.685798126605675
4.64,3.4799999999999995,0.20900000000000002,0.39399167999999996,3.4050590169583335,91.198468986254
4.64,3.4799999999999995,0.40800000000000003,0.39399167999999996,7.298472645715678,159.04121232218966
4.64,3.4799999999999995,0.607,0.39399167999999996,12.712272632179541,253.37669217999928
4.64,3.4799999999999995,0.806,0.39399167999999996,18.975467703836994,362.51288376542107
4.64,3.4799999999999995,1.0050000000000001,0.39399167999999996,25.081296065151296,468.90695998437496
4.64,3.4799999999999995,1.2040000000000002,0.39399167999999996,31.501857847151907,580.7852669362647
4.64,3.4799999999999995,1.4030000000000002,0.39399167999999996,37.76505291880937,689.9214585216866
4.64,3.4799999999999995,1.6020000000000003,0.39399167999999996,44.02824799046682,799.0576501071083
4.64,3.4799999999999995,1.8010000000000004,0.39399167999999996,50.291443062124266,908.1938416925301
4.64,3.4799999999999995,2.0,0.39399167999999996,56.554638133781715,1017.3300332779518
4.64,4.64,0.01,0.39399167999999996,0.3192643214930067,37.42848781457369
4.64,4.64,0.20900000000000002,0.39399167999999996,6.5640102465473396,146.24320296899987
4.64,4.64,0.40800000000000003,0.39399167999999996,13.999943210795688,275.81435560241175
4.64,4.64,0.607,0.39399167999999996,24.211163877583655,453.74490419007986
4.64,4.64,0.806,0.39399167999999996,35.880659908938675,657.0859050710012
4.64,4.64,1.0050000000000001,0.39399167999999996,47.25695252242044,855.31783557803
4.64,4.64,1.2040000000000002,0.39399167999999996,59.21965197164871,1063.767906832844
4.64,4.64,1.4030000000000002,0.39399167999999996,70.88914800300374,1267.1089077137656
4.64,4.64,1.6020000000000003,0.39399167999999996,82.55864403435875,1470.4499085946868
4.64,4.64,1.8010000000000004,0.39399167999999996,94.22814006571376,1673.790909475608
4.64,4.64,2.0,0.39399167999999996,105.89763609706876,1877.131910356529
4.64,5.8,0.01,0.39399167999999996,0.5407156024534829,41.287277002716266
4.64,5.8,0.20900000000000002,0.39399167999999996,10.922230376639295,222.18520088657186
4.64,5.8,0.40800000000000003,0.39399167999999996,23.203656058787043,436.1890776386167
4.64,5.8,0.607,0.39399167999999996,39.90843015472184,727.2698128331982
4.64,5.8,0.806,0.39399167999999996,58.813475604253306,1056.690282498559
4.64,5.8,1.0050000000000001,0.39399167999999996,77.24351991183673,1377.8338559411723
4.64,5.8,1.2040000000000002,0.39399167999999996,96.62356650331624,1715.5312218292813
4.64,5.8,1.4030000000000002,0.39399167999999996,115.5286119528477,2044.951691494642
4.64,5.8,1.6020000000000003,0.39399167999999996,134.43365740237917,2374.372161160003
4.64,5.8,1.8010000000000004,0.39399167999999996,153.33870285191063,2703.792630825364
4.64,5.8,2.0,0.39399167999999996,172.24374830144208,3033.2131004907246
4.64,6.959999999999999,0.01,0.39399167999999996,0.8316244322487222,46.356364172952254
4.64,6.959999999999999,0.20900000000000002,0.39399167999999996,16.55871698301458,320.4009957171884
4.64,6.959999999999999,0.40800000000000003,0.39399167999999996,35.06259770340681,642.8311688588507
4.64,6.959999999999999,0.607,0.39399167999999996,60.03752704661858,1078.01938229443
4.64,6.959999999999999,0.806,0.39399167999999996,88.07279297666787,1566.533969287873
4.64,6.959999999999999,1.0050000000000001,0.39399167999999996,115.40365524013299,2042.774320427209
4.64,6.959999999999999,1.2040000000000002,0.39399167999999996,144.14332483676645,2543.563143274759
4.64,6.959999999999999,1.4030000000000002,0.39399167999999996,172.17859076681577,3032.077730268202
4.64,6.959999999999999,1.6020000000000003,0.39399167999999996,200.21385669686507,3520.592317261645
4.64,6.959999999999999,1.8010000000000004,0.39399167999999996,228.24912262691436,4009.106904255088
4.64,6.959999999999999,2.0,0.39399167999999996,256.28438855696356,4497.62149124853
4.64,8.12,0.01,0.39399167999999996,1.1967357445843627,52.718429808331294
4.64,8.12,0.20900000000000002,0.39399167999999996,23.541816776428234,442.08152908630666
4.64,8.12,0.40800000000000003,0.39399167999999996,49.70839993524937,898.0343135812105
4.64,8.12,0.607,0.39399167999999996,84.79853198913464,1509.4799624514656
4.64,8.12,0.806,0.39399167999999996,123.91336407251985,2191.056020556622
4.64,8.12,1.0050000000000001,0.39399167999999996,162.04541143019182,2855.5070520762215
4.64,8.12,1.2040000000000002,0.39399167999999996,202.14302823929026,3554.2081367669352
4.64,8.12,1.4030000000000002,0.39399167999999996,241.25786032267547,4235.784194872092
4.64,8.12,1.6020000000000003,0.39399167999999996,280.3726924060607,4917.360252977248
4.64,8.12,1.8010000000000004,0.39399167999999996,319.4875244894459,5598.936311082405
4.64,8.12,2.0,0.39399167999999996,358.60235657283107,6280.512369187561
4.64,9.28,0.01,0.39399167999999996,1.6403087863363681,60.44769129754182
4.64,9.28,0.20900000000000002,0.39399167999999996,31.932159437287794,588.2832733440637
4.64,9.28,0.40800000000000003,0.39399167999999996,67.25729277839784,1203.823820299394
4.64,9.28,0.607,0.39399167999999996,114.36754266951016,2024.720055995424
4.64,9.28,0.806,0.39399167999999996,166.55839953791929,2934.1458824355855
4.64,9.28,1.0050000000000001,0.39399167999999996,217.43792834430806,3820.7218137390587
4.64,9.28,1.2040000000000002,0.39399167999999996,270.9401132747375,4752.997535315907
4.64,9.28,1.4030000000000002,0.39399167999999996,323.1309701431466,5662.4233617560685
4.64,9.28,1.6020000000000003,0.39399167999999996,375.3218270115558,6571.84918819623
4.64,9.28,1.8010000000000004,0.39399167999999996,427.51268387996487,7481.275014636391
4.64,9.28,2.0,0.39399167999999996,479.7035407483738,8390.700841076548
4.64,10.44,0.01,0.39399167999999996,2.1662276357057912,69.61182871406601
4.64,10.44,0.20900000000000002,0.39399167999999996,41.784482418504005,759.960028760037
4.64,10.44,0.40800000000000003,0.39399167999999996,87.81379190148071,1562.0208748306416
4.64,10.44,0.607,0.39399167999999996,148.90247675098757,2626.4913786485795
4.64,10.44,0.806,0.39399167999999996,216.20729776351422,3799.278072437727
4.64,10.44,1.0050000000000001,0.39399167999999996,281.82104287120353,4942.597763870363
4.64,10.44,1.2040000000000002,0.39399167999999996,350.8169397885676,6144.851460016024
4.64,10.44,1.4030000000000002,0.39399167999999996,418.12176080109424,7317.638153805172
4.64,10.44,1.6020000000000003,0.39399167999999996,485.4265818136209,8490.42484759432
4.64,10.44,1.8010000000000004,0.39399167999999996,552.7314028261476,9663.211541383469
4.64,10.44,2.0,0.39399167999999996,620.036223838674,10835.998235172614
5.8,0.0,0.01,0.615612,0.0,35.727040816326536
5.8,0.0,0.20900000000000002,0.615612,0.0,35.727040816326536
5.8,0.0,0.40800000000000003,0.615612,0.0,35.727040816326536
5.8,0.0,0.607,0.615612,0.0,35.727040816326536
5.8,0.0,0.806,0.615612,0.0,35.727040816326536
5.8,0.0,1.0050000000000001,0.615612,0.0,35.727040816326536
5.8,0.0,1.2040000000000002,0.615612,0.0,35.727040816326536
5.8,0.0,1.4030000000000002,0.615612,0.0,35.727040816326536
5.8,0.0,1.6020000000000003,0.615612,0.0,35.727040816326536
5.8,0.0,1.8010000000000004,0.615612,0.0,35.727040816326536
5.8,0.0,2.0,0.615612,0.0,35.727040816326536
5.8,1.16,0.01,0.615612,0.012094834809820116,35.93779334660805
5.8,1.16,0.20900000000000002,0.615612,0.2780726858076938,40.57245814179237
5.8,1.16,0.40800000000000003,0.615612,0.6066068696610045,46.29716721138976
5.8,1.16,0.607,0.615612,1.0866180319633572,54.66136305277959
5.8,1.16,0.806,0.615612,1.6666793287804966,64.76893276702941
5.8,1.16,1.0050000000000001,0.615612,2.232166221154994,74.62254344323273
5.8,1.16,1.2040000000000002,0.615612,2.8268019224147762,84.98407219552902
5.8,1.16,1.4030000000000002,0.615612,3.4068632192319157,95.09164190977884
5.8,1.16,1.6020000000000003,0.615612,3.986924516049055,105.19921162402865
5.8,1.16,1.8010000000000004,0.615612,4.5669858128661955,115.30678133827848
5.8,1.16,2.0,0.615612,5.147047109683332,125.41435105252825
5.8,2.32,0.01,0.615612,0.06214056025759036,36.809840252062955
5.8,2.32,0.20900000000000002,0.615612,1.350467634695374,59.258943115997795
5.8,2.32,0.40800000000000003,0.615612,2.9141747200702075,86.50654343827033
5.8,2.32,0.607,0.615612,5.127904015053433,125.0807825752313
5.8,2.32,0.806,0.615612,7.7319700260354,170.4566400767293
5.8,2.32,1.0050000000000001,0.615612,10.270607242771588,214.69240065607906
5.8,2.32,1.2040000000000002,0.615612,12.940102047999336,261.20835507972527
5.8,2.32,1.4030000000000002,0.615612,15.544168058981304,306.5842125812233
5.8,2.32,1.6020000000000003,0.615612,18.14823406996327,351.96007008272124
5.8,2.32,1.8010000000000004,0.615612,20.75230008094524,397.33592758421923
5.8,2.32,2.0,0.615612,23.3563660919272,442.71178508571717
5.8,3.4799999999999995,0.01,0.615612,0.16186465152814783,38.54753282048323
5.8,3.4799999999999995,0.20900000000000002,0.615612,3.4050590169583335,95.06020368013155
5.8,3.4799999999999995,0.40800000000000003,0.615612,7.298472645715678,162.90294701606723
5.8,3.4799999999999995,0.607,0.615612,12.712272632179541,257.23842687387685
5.8,3.4799999999999995,0.806,0.615612,18.975467703836994,366.37461845929863
5.8,3.4799999999999995,1.0050000000000001,0.615612,25.081296065151296,472.76869467825253
5.8,3.4799999999999995,1.2040000000000002,0.615612,31.501857847151907,584.6470016301423
5.8,3.4799999999999995,1.4030000000000002,0.615612,37.76505291880937,693.7831932155642
5.8,3.4799999999999995,1.6020000000000003,0.615612,44.02824799046682,802.9193848009859
5.8,3.4799999999999995,1.8010000000000004,0.615612,50.291443062124266,912.0555763864077
5.8,3.4799999999999995,2.0,0.615612,56.554638133781715,1021.1917679718293
5.8,4.64,0.01,0.615612,0.3192643214930067,41.29022250845125
5.8,4.64,0.20900000000000002,0.615612,6.5640102465473396,150.10493766287743
5.8,4.64,0.40800000000000003,0.615612,13.999943210795688,279.6760902962894
5.8,4.64,0.607,0.615612,24.211163877583655,457.6066388839575
5.8,4.64,0.806,0.615612,35.880659908938675,660.9476397648788
5.8,4.64,1.0050000000000001,0.615612,47.25695252242044,859.1795702719076
5.8,4.64,1.2040000000000002,0.615612,59.21965197164871,1067.6296415267216
5.8,4.64,1.4030000000000002,0.615612,70.88914800300374,1270.9706424076428
5.8,4.64,1.6020000000000003,0.615612,82.55864403435875,1474.311643288564
5.8,4.64,1.8010000000000004,0.615612,94.22814006571376,1677.6526441694853
5.8,4.64,2.0,0.615612,105.89763609706876,1880.9936450504063
5.8,5.8,0.01,0.615612,0.5407156024534829,45.14901169659382
5.8,5.8,0.20900000000000002,0.615612,10.922230376639295,226.04693558044943
5.8,5.8,0.40800000000000003,0.615612,23.203656058787043,440.0508123324943
5.8,5.8,0.607,0.615612,39.90843015472184,731.1315475270758
5.8,5.8,0.806,0.615612,58.813475604253306,1060.5520171924368
5.8,5.8,1.0050000000000001,0.615612,77.24351991183673,1381.6955906350495
5.8,5.8,1.2040000000000002,0.615612,96.62356650331624,1719.3929565231585
5.8,5.8,1.4030000000000002,0.615612,115.5286119528477,2048.8134261885198
5.8,5.8,1.6020000000000003,0.615612,134.43365740237917,2378.2338958538808
5.8,5.8,1.8010000000000004,0.615612,153.33870285191063,2707.6543655192418
5.8,5.8,2.0,0.615612,172.24374830144208,3037.074835184602
5.8,6.959999999999999,0.01,0.615612,0.8316244322487222,50.218098866829806
5.8,6.959999999999999,0.20900000000000002,0.615612,16.55871698301458,324.26273041106595
5.8,6.959999999999999,0.40800000000000003,0.615612,35.06259770340681,646.6929035527282
5.8,6.959999999999999,0.607,0.615612,60.03752704661858,1081.8811169883074
5.8,6.959999999999999,0.806,0.615612,88.07279297666787,1570.3957039817503
5.8,6.959999999999999,1.0050000000000001,0.615612,115.40365524013299,2046.6360551210864
5.8,6.959999999999999,1.2040000000000002,0.615612,144.14332483676645,2547.4248779686363
5.8,6.959999999999999,1.4030000000000002,0.615612,172.17859076681577,3035.9394649620795
5.8,6.959999999999999,1.6020000000000003,0.615612,200.21385669686507,3524.454051955522
5.8,6.959999999999999,1.8010000000000004,0.615612,228.24912262691436,4012.9686389489652
5.8,6.959999999999999,2.0,0.615612,256.28438855696356,4501.483225942407
5.8,8.12,0.01,0.615612,1.1967357445843627,56.580164502208845
5.8,8.12,0.20900000000000002,0.615612,23.541816776428234,445.9432637801842
5.8,8.12,0.40800000000000003,0.615612,49.70839993524937,901.8960482750881
5.8,8.12,0.607,0.615612,84.79853198913464,1513.3416971453428
5.8,8.12,0.806,0.615612,123.91336407251985,2194.9177552504993
5.8,8.12,1.0050000000000001,0.615612,162.04541143019182,2859.3687867700987
5.8,8.12,1.2040000000000002,0.615612,202.14302823929026,3558.0698714608125
5.8,8.12,1.4030000000000002,0.615612,241.25786032267547,4239.645929565969
5.8,8.12,1.6020000000000003,0.615612,280.3726924060607,4921.221987671127
5.8,8.12,1.8010000000000004,0.615612,319.4875244894459,5602.798045776283
5.8,8.12,2.0,0.615612,358.60235657283107,6284.374103881439
5.8,9.28,0.01,0.615612,1.6403087863363681,64.30942599141937
5.8,9.28,0.20900000000000002,0.615612,31.932159437287794,592.1450080379412
5.8,9.28,0.40800000000000003,0.615612,67.25729277839784,1207.6855549932711
5.8,9.28,0.607,0.615612,114.36754266951016,2028.5817906893012
5.8,9.28,0.806,0.615612,166.55839953791929,2938.0076171294627
5.8,9.28,1.0050000000000001,0.615612,217.43792834430806,3824.583548432936
5.8,9.28,1.2040000000000002,0.615612,270.9401132747375,4756.859270009785
5.8,9.28,1.4030000000000002,0.615612,323.1309701431466,5666.285096449947
5.8,9.28,1.6020000000000003,0.615612,375.3218270115558,6575.710922890108
5.8,9.28,1.8010000000000004,0.615612,427.51268387996487,7485.136749330269
5.8,9.28,2.0,0.615612,479.7035407483738,8394.562575770427
5.8,10.44,0.01,0.615612,2.1662276357057912,73.47356340794357
5.8,10.44,0.20900000000000002,0.615612,41.784482418504005,763.8217634539145
5.8,10.44,0.40800000000000003,0.615612,87.81379190148071,1565.882609524519
5.8,10.44,0.607,0.615612,148.90247675098757,2630.353113342457
5.8,10.44,0.806,0.615612,216.20729776351422,3803.139807131605
5.8,10.44,1.0050000000000001,0.615612,281.82104287120353,4946.459498564242
5.8,10.44,1.2040000000000002,0.615612,350.8169397885676,6148.713194709902
5.8,10.44,1.4030000000000002,0.615612,418.12176080109424,7321.49988849905
5.8,10.44,1.6020000000000003,0.615612,485.4265818136209,8494.286582288198
5.8,10.44,1.8010000000000004,0.615612,552.7314028261476,9667.073276077346
5.8,10.44,2.0,0.615612,620.036223838674,10839.859969866491
6.959999999999999,0.0,0.01,0.8864812799999997,0.0,40.446938775510205
6.959999999999999,0.0,0.20900000000000002,0.8864812799999997,0.0,40.446938775510205
6.959999999999999,0.0,0.40800000000000003,0.8864812799999997,0.0,40.446938775510205
6.959999999999999,0.0,0.607,0.8864812799999997,0.0,40.446938775510205
6.959999999999999,0.0,0.806,0.8864812799999997,0.0,40.446938775510205
6.959999999999999,0.0,1.0050000000000001,0.8864812799999997,0.0,40.446938775510205
6.959999999999999,0.0,1.2040000000000002,0.8864812799999997,0.0,40.446938775510205
6.959999999999999,0.0,1.4030000000000002,0.8864812799999997,0.0,40.446938775510205
6.959999999999999,0.0,1.6020000000000003,0.8864812799999997,0.0,40.446938775510205
6.959999999999999,0.0,1.8010000000000004,0.8864812799999997,0.0,40.446938775510205
6.959999999999999,0.0,2.0,0.8864812799999997,0.0,40.446938775510205
6.959999999999999,1.16,0.01,0.8864812799999997,0.012094834809820116,40.65769130579172
6.959999999999999,1.16,0.20900000000000002,0.8864812799999997,0.2780726858076938,45.292356100976036
6.959999999999999,1.16,0.40800000000000003,0.8864812799999997,0.6066068696610045,51.01706517057343
6.959999999999999,1.16,0.607,0.8864812799999997,1.0866180319633572,59.38126101196326
6.959999999999999,1.16,0.806,0.8864812799999997,1.6666793287804966,69.48883072621308
6.959999999999999,1.16,1.0050000000000001,0.8864812799999997,2.232166221154994,79.3424414024164
6.959999999999999,1.16,1.2040000000000002,0.8864812799999997,2.8268019224147762,89.70397015471269
6.959999999999999,1.16,1.4030000000000002,0.8864812799999997,3.4068632192319157,99.81153986896251
6.959999999999999,1.16,1.6020000000000003,0.8864812799999997,3.986924516049055,109.91910958321232
6.959999999999999,1.16,1.8010000000000004,0.8864812799999997,4.5669858128661955,120.02667929746215
6.959999999999999,1.16,2.0,0.8864812799999997,5.147047109683332,130.13424901171192
6.959999999999999,2.32,0.01,0.8864812799999997,0.06214056025759036,41.529738211246624
6.959999999999999,2.32,0.20900000000000002,0.8864812799999997,1.350467634695374,63.978841075181464
6.959999999999999,2.32,0.40800000000000003,0.8864812799999997,2.9141747200702075,91.226441397454
6.959999999999999,2.32,0.607,0.8864812799999997,5.127904015053433,129.80068053441497
6.959999999999999,2.32,0.806,0.8864812799999997,7.7319700260354,175.17653803591296
6.959999999999999,2.32,1.0050000000000001,0.8864812799999997,10.270607242771588,219.41229861526273
6.959999999999999,2.32,1.2040000000000002,0.8864812799999997,12.940102047999336,265.9282530389089
6.959999999999999,2.32,1.4030000000000002,0.8864812799999997,15.544168058981304,311.30411054040695
6.959999999999999,2.32,1.6020000000000003,0.8864812799999997,18.14823406996327,356.6799680419049
6.959999999999999,2.32,1.8010000000000004,0.8864812799999997,20.75230008094524,402.05582554340293
6.959999999999999,2.32,2.0,0.8864812799999997,23.3563660919272,447.4316830449008
6.959999999999999,3.4799999999999995,0.01,0.8864812799999997,0.16186465152814783,43.267430779666896
6.959999999999999,3.4799999999999995,0.20900000000000002,0.8864812799999997,3.4050590169583335,99.78010163931522
6.959999999999999,3.4799999999999995,0.40800000000000003,0.8864812799999997,7.298472645715678,167.6228449752509
6.959999999999999,3.4799999999999995,0.607,0.8864812799999997,12.712272632179541,261.9583248330605
6.959999999999999,3.4799999999999995,0.806,0.8864812799999997,18.975467703836994,371.0945164184823
6.959999999999999,3.4799999999999995,1.0050000000000001,0.8864812799999997,25.081296065151296,477.48859263743617
6.959999999999999,3.4799999999999995,1.2040000000000002,0.8864812799999997,31.501857847151907,589.366899589326
6.959999999999999,3.4799999999999995,1.4030000000000002,0.8864812799999997,37.76505291880937,698.5030911747479
6.959999999999999,3.4799999999999995,1.6020000000000003,0.8864812799999997,44.02824799046682,807.6392827601695
6.959999999999999,3.4799999999999995,1.8010000000000004,0.8864812799999997,50.291443062124266,916.7754743455913
6.959999999999999,3.4799999999999995,2.0,0.8864812799999997,56.554638133781715,1025.911665931013
6.959999999999999,4.64,0.01,0.8864812799999997,0.3192643214930067,46.01012046763492
6.959999999999999,4.64,0.20900000000000002,0.8864812799999997,6.5640102465473396,154.8248356220611
6.959999999999999,4.64,0.40800000000000003,0.8864812799999997,13.999943210795688,284.395988255473
6.959999999999999,4.64,0.607,0.8864812799999997,24.211163877583655,462.3265368431411
6.959999999999999,4.64,0.806,0.8864812799999997,35.880659908938675,665.6675377240625
6.959999999999999,4.64,1.0050000000000001,0.8864812799999997,47.25695252242044,863.8994682310912
6.959999999999999,4.64,1.2040000000000002,0.8864812799999997,59.21965197164871,1072.349539485905
6.959999999999999,4.64,1.4030000000000002,0.8864812799999997,70.88914800300374,1275.6905403668266
6.959999999999999,4.64,1.6020000000000003,0.8864812799999997,82.55864403435875,1479.0315412477478
6.959999999999999,4.64,1.8010000000000004,0.8864812799999997,94.22814006571376,1682.372542128669
6.959999999999999,4.64,2.0,0.8864812799999997,105.89763609706876,1885.71354300959
6.959999999999999,5.8,0.01,0.8864812799999997,0.5407156024534829,49.868909655777486
6.959999999999999,5.8,0.20900000000000002,0.8864812799999997,10.922230376639295,230.7668335396331
6.959999999999999,5.8,0.40800000000000003,0.8864812799999997,23.203656058787043,444.770710291678
6.959999999999999,5.8,0.607,0.8864812799999997,39.90843015472184,735.8514454862594
6.959999999999999,5.8,0.806,0.8864812799999997,58.813475604253306,1065.2719151516203
6.959999999999999,5.8,1.0050000000000001,0.8864812799999997,77.24351991183673,1386.4154885942332
6.959999999999999,5.8,1.2040000000000002,0.8864812799999997,96.62356650331624,1724.1128544823423
6.959999999999999,5.8,1.4030000000000002,0.8864812799999997,115.5286119528477,2053.533324147703
6.959999999999999,5.8,1.6020000000000003,0.8864812799999997,134.43365740237917,2382.9537938130647
6.959999999999999,5.8,1.8010000000000004,0.8864812799999997,153.33870285191063,2712.3742634784253
6.959999999999999,5.8,2.0,0.8864812799999997,172.24374830144208,3041.794733143786
6.959999999999999,6.959999999999999,0.01,0.8864812799999997,0.8316244322487222,54.937996826013475
6.959999999999999,6.959999999999999,0.20900000000000002,0.8864812799999997,16.55871698301458,328.98262837024964
6.959999999999999,6.959999999999999,0.40800000000000003,0.8864812799999997,35.06259770340681,651.4128015119119
6.959999999999999,6.959999999999999,0.607,0.8864812799999997,60.03752704661858,1086.6010149474912
6.959999999999999,6.959999999999999,0.806,0.8864812799999997,88.07279297666787,1575.115601940934
6.959999999999999,6.959999999999999,1.0050000000000001,0.8864812799999997,115.40365524013299,2051.3559530802704
6.959999999999999,6.959999999999999,1.2040000000000002,0.8864812799999997,144.14332483676645,2552.1447759278203
6.959999999999999,6.959999999999999,1.4030000000000002,0.8864812799999997,172.17859076681577,3040.659362921263
6.959999999999999,6.959999999999999,1.6020000000000003,0.8864812799999997,200.21385669686507,3529.173949914706
6.959999999999999,6.959999999999999,1.8010000000000004,0.8864812799999997,228.24912262691436,4017.688536908149
6.959999999999999,6.959999999999999,2.0,0.8864812799999997,256.28438855696356,4506.203123901591
6.959999999999999,8.12,0.01,0.8864812799999997,1.1967357445843627,61.300062461392514
6.959999999999999,8.12,0.20900000000000002,0.8864812799999997,23.541816776428234,450.6631617393679
6.959999999999999,8.12,0.40800000000000003,0.8864812799999997,49.70839993524937,906.6159462342717
6.959999999999999,8.12,0.607,0.8864812799999997,84.79853198913464,1518.0615951045265
6.959999999999999,8.12,0.806,0.8864812799999997,123.91336407251985,2199.637653209683
6.959999999999999,8.12,1.0050000000000001,0.8864812799999997,162.04541143019182,2864.0886847292827
6.959999999999999,8.12,1.2040000000000002,0.8864812799999997,202.14302823929026,3562.7897694199964
6.959999999999999,8.12,1.4030000000000002,0.8864812799999997,241.25786032267547,4244.365827525153
6.959999999999999,8.12,1.6020000000000003,0.8864812799999997,280.3726924060607,4925.94188563031
6.959999999999999,8.12,1.8010000000000004,0.8864812799999997,319.4875244894459,5607.517943735466
6.959999999999999,8.12,2.0,0.8864812799999997,358.60235657283107,6289.094001840622
6.959999999999999,9.28,0.01,0.8864812799999997,1.6403087863363681,69.02932395060304
6.959999999999999,9.28,0.20900000000000002,0.8864812799999997,31.932159437287794,596.8649059971249
6.959999999999999,9.28,0.40800000000000003,0.8864812799999997,67.25729277839784,1212.4054529524549
6.959999999999999,9.28,0.607,0.8864812799999997,114.36754266951016,2033.301688648485
6.959999999999999,9.28,0.806,0.8864812799999997,166.55839953791929,2942.7275150886467
6.959999999999999,9.28,1.0050000000000001,0.8864812799999997,217.43792834430806,3829.30344639212
6.959999999999999,9.28,1.2040000000000002,0.8864812799999997,270.9401132747375,4761.579167968968
6.959999999999999,9.28,1.4030000000000002,0.8864812799999997,323.1309701431466,5671.00499440913
6.959999999999999,9.28,1.6020000000000003,0.8864812799999997,375.3218270115558,6580.430820849292
6.959999999999999,9.28,1.8010000000000004,0.8864812799999997,427.51268387996487,7489.856647289453
6.959999999999999,9.28,2.0,0.8864812799999997,479.7035407483738,8399.28247372961
6.959999999999999,10.44,0.01,0.8864812799999997,2.1662276357057912,78.19346136712723
6.959999999999999,10.44,0.20900000000000002,0.8864812799999997,41.784482418504005,768.5416614130982
6.959999999999999,10.44,0.40800000000000003,0.8864812799999997,87.81379190148071,1570.6025074837028
6.959999999999999,10.44,0.607,0.8864812799999997,148.90247675098757,2635.0730113016407
6.959999999999999,10.44,0.806,0.8864812799999997,216.20729776351422,3807.859705090789
6.959999999999999,10.44,1.0050000000000001,0.8864812799999997,281.82104287120353,4951.179396523426
6.959999999999999,10.44,1.2040000000000002,0.8864812799999997,350.8169397885676,6153.433092669086
6.959999999999999,10.44,1.4030000000000002,0.8864812799999997,418.12176080109424,7326.219786458234
6.959999999999999,10.44,1.6020000000000003,0.8864812799999997,485.4265818136209,8499.00648024738
6.959999999999999,10.44,1.8010000000000004,0.8864812799999997,552.7314028261476,9671.793174036531
6.959999999999999,10.44,2.0,0.8864812799999997,620.036223838674,10844.579867825674
8.12,0.0,0.01,1.2065995199999997,0.0,46.025
8.12,0.0,0.20900000000000002,1.2065995199999997,0.0,46.025
8.12,0.0,0.40800000000000003,1.2065995199999997,0.0,46.025
8.12,0.0,0.607,1.2065995199999997,0.0,46.025
8.12,0.0,0.806,1.2065995199999997,0.0,46.025
8.12,0.0,1.0050000000000001,1.2065995199999997,0.0,46.025
8.12,0.0,1.2040000000000002,1.2065995199999997,0.0,46.025
8.12,0.0,1.4030000000000002,1.2065995199999997,0.0,46.025
8.12,0.0,1.6020000000000003,1.2065995199999997,0.0,46.025
8.12,0.0,1.8010000000000004,1.2065995199999997,0.0,46.025
8.12,0.0,2.0,1.2065995199999997,0.0,46.025
8.12,1.16,0.01,1.2065995199999997,0.012094834809820116,46.235752530281516
8.12,1.16,0.20900000000000002,1.2065995199999997,0.2780726858076938,50.87041732546584
8.12,1.16,0.40800000000000003,1.2065995199999997,0.6066068696610045,56.59512639506323
8.12,1.16,0.607,1.2065995199999997,1.0866180319633572,64.95932223645306
8.12,1.16,0.806,1.2065995199999997,1.6666793287804966,75.06689195070287
8.12,1.16,1.0050000000000001,1.2065995199999997,2.232166221154994,84.9205026269062
8.12,1.16,1.2040000000000002,1.2065995199999997,2.8268019224147762,95.2820313792025
8.12,1.16,1.4030000000000002,1.2065995199999997,3.4068632192319157,105.38960109345231
8.12,1.16,1.6020000000000003,1.2065995199999997,3.986924516049055,115.49717080770213
8.12,1.16,1.8010000000000004,1.2065995199999997,4.5669858128661955,125.60474052195194
8.12,1.16,2.0,1.2065995199999997,5.147047109683332,135.71231023620172
8.12,2.32,0.01,1.2065995199999997,0.06214056025759036,47.107799435736425
8.12,2.32,0.20900000000000002,1.2065995199999997,1.350467634695374,69.55690229967126
8.12,2.32,0.40800000000000003,1.2065995199999997,2.9141747200702075,96.80450262194378
8.12,2.32,0.607,1.2065995199999997,5.127904015053433,135.37874175890477
8.12,2.32,0.806,1.2065995199999997,7.7319700260354,180.75459926040276
8.12,2.32,1.0050000000000001,1.2065995199999997,10.270607242771588,224.99035983975253
8.12,2.32,1.2040000000000002,1.2065995199999997,12.940102047999336,271.50631426339874
8.12,2.32,1.4030000000000002,1.2065995199999997,15.544168058981304,316.8821717648967
8.12,2.32,1.6020000000000003,1.2065995199999997,18.14823406996327,362.2580292663947
8.12,2.32,1.8010000000000004,1.2065995199999997,20.75230008094524,407.6338867678927
8.12,2.32,2.0,1.2065995199999997,23.3563660919272,453.0097442693906
8.12,3.4799999999999995,0.01,1.2065995199999997,0.16186465152814783,48.8454920041567
8.12,3.4799999999999995,0.20900000000000002,1.2065995199999997,3.4050590169583335,105.35816286380503
8.12,3.4799999999999995,0.40800000000000003,1.2065995199999997,7.298472645715678,173.2009061997407
8.12,3.4799999999999995,0.607,1.2065995199999997,12.712272632179541,267.5363860575503
8.12,3.4799999999999995,0.806,1.2065995199999997,18.975467703836994,376.6725776429721
8.12,3.4799999999999995,1.0050000000000001,1.2065995199999997,25.081296065151296,483.066653861926
8.12,3.4799999999999995,1.2040000000000002,1.2065995199999997,31.501857847151907,594.9449608138158
8.12,3.4799999999999995,1.4030000000000002,1.2065995199999997,37.76505291880937,704.0811523992377
8.12,3.4799999999999995,1.6020000000000003,1.2065995199999997,44.02824799046682,813.2173439846595
8.12,3.4799999999999995,1.8010000000000004,1.2065995199999997,50.291443062124266,922.3535355700811
8.12,3.4799999999999995,2.0,1.2065995199999997,56.554638133781715,1031.4897271555028
8.12,4.64,0.01,1.2065995199999997,0.3192643214930067,51.58818169212471
8.12,4.64,0.20900000000000002,1.2065995199999997,6.5640102465473396,160.4028968465509
8.12,4.64,0.40800000000000003,1.2065995199999997,13.999943210795688,289.97404947996284
8.12,4.64,0.607,1.2065995199999997,24.211163877583655,467.9045980676309
8.12,4.64,0.806,1.2065995199999997,35.880659908938675,671.2455989485524
8.12,4.64,1.0050000000000001,1.2065995199999997,47.25695252242044,869.477529455581
8.12,4.64,1.2040000000000002,1.2065995199999997,59.21965197164871,1077.9276007103952
8.12,4.64,1.4030000000000002,1.2065995199999997,70.88914800300374,1281.2686015913166
8.12,4.64,1.6020000000000003,1.2065995199999997,82.55864403435875,1484.6096024722378
8.12,4.64,1.8010000000000004,1.2065995199999997,94.22814006571376,1687.950603353159
8.12,4.64,2.0,1.2065995199999997,105.89763609706876,1891.29160423408
8.12,5.8,0.01,1.2065995199999997,0.5407156024534829,55.44697088026728
8.12,5.8,0.20900000000000002,1.2065995199999997,10.922230376639295,236.3448947641229
8.12,5.8,0.40800000000000003,1.2065995199999997,23.203656058787043,450.34877151616774
8.12,5.8,0.607,1.2065995199999997,39.90843015472184,741.4295067107491
8.12,5.8,0.806,1.2065995199999997,58.813475604253306,1070.8499763761101
8.12,5.8,1.0050000000000001,1.2065995199999997,77.24351991183673,1391.9935498187233
8.12,5.8,1.2040000000000002,1.2065995199999997,96.62356650331624,1729.6909157068321
8.12,5.8,1.4030000000000002,1.2065995199999997,115.5286119528477,2059.111385372193
8.12,5.8,1.6020000000000003,1.2065995199999997,134.43365740237917,2388.531855037554
8.12,5.8,1.8010000000000004,1.2065995199999997,153.33870285191063,2717.952324702915
8.12,5.8,2.0,1.2065995199999997,172.24374830144208,3047.372794368275
8.12,6.959999999999999,0.01,1.2065995199999997,0.8316244322487222,60.516058050503275
8.12,6.959999999999999,0.20900000000000002,1.2065995199999997,16.55871698301458,334.5606895947394
8.12,6.959999999999999,0.40800000000000003,1.2065995199999997,35.06259770340681,656.9908627364017
8.12,6.959999999999999,0.607,1.2065995199999997,60.03752704661858,1092.179076171981
8.12,6.959999999999999,0.806,1.2065995199999997,88.07279297666787,1580.693663165424
8.12,6.959999999999999,1.0050000000000001,1.2065995199999997,115.40365524013299,2056.9340143047602
8.12,6.959999999999999,1.2040000000000002,1.2065995199999997,144.14332483676645,2557.7228371523097
8.12,6.959999999999999,1.4030000000000002,1.2065995199999997,172.17859076681577,3046.237424145753
8.12,6.959999999999999,1.6020000000000003,1.2065995199999997,200.21385669686507,3534.7520111391955
8.12,6.959999999999999,1.8010000000000004,1.2065995199999997,228.24912262691436,4023.2665981326386
8.12,6.959999999999999,2.0,1.2065995199999997,256.28438855696356,4511.78118512608
8.12,8.12,0.01,1.2065995199999997,1.1967357445843627,66.87812368588231
8.12,8.12,0.20900000000000002,1.2065995199999997,23.541816776428234,456.2412229638577
8.12,8.12,0.40800000000000003,1.2065995199999997,49.70839993524937,912.1940074587616
8.12,8.12,0.607,1.2065995199999997,84.79853198913464,1523.6396563290164
8.12,8.12,0.806,1.2065995199999997,123.91336407251985,2205.215714434173
8.12,8.12,1.0050000000000001,1.2065995199999997,162.04541143019182,2869.666745953772
8.12,8.12,1.2040000000000002,1.2065995199999997,202.14302823929026,3568.367830644486
8.12,8.12,1.4030000000000002,1.2065995199999997,241.25786032267547,4249.943888749643
8.12,8.12,1.6020000000000003,1.2065995199999997,280.3726924060607,4931.5199468548
8.12,8.12,1.8010000000000004,1.2065995199999997,319.4875244894459,5613.096004959956
8.12,8.12,2.0,1.2065995199999997,358.60235657283107,6294.672063065112
8.12,9.28,0.01,1.2065995199999997,1.6403087863363681,74.60738517509284
8.12,9.28,0.20900000000000002,1.2065995199999997,31.932159437287794,602.4429672216146
8.12,9.28,0.40800000000000003,1.2065995199999997,67.25729277839784,1217.9835141769447
8.12,9.28,0.607,1.2065995199999997,114.36754266951016,2038.8797498729748
8.12,9.28,0.806,1.2065995199999997,166.55839953791929,2948.305576313136
8.12,9.28,1.0050000000000001,1.2065995199999997,217.43792834430806,3834.8815076166093
8.12,9.28,1.2040000000000002,1.2065995199999997,270.9401132747375,4767.157229193458
8.12,9.28,1.4030000000000002,1.2065995199999997,323.1309701431466,5676.58305563362
8.12,9.28,1.6020000000000003,1.2065995199999997,375.3218270115558,6586.008882073781
8.12,9.28,1.8010000000000004,1.2065995199999997,427.51268387996487,7495.434708513942
8.12,9.28,2.0,1.2065995199999997,479.7035407483738,8404.860534954101
8.12,10.44,0.01,1.2065995199999997,2.1662276357057912,83.77152259161703
8.12,10.44,0.20900000000000002,1.2065995199999997,41.784482418504005,774.1197226375881
8.12,10.44,0.40800000000000003,1.2065995199999997,87.81379190148071,1576.1805687081926
8.12,10.44,0.607,1.2065995199999997,148.90247675098757,2640.6510725261305
8.12,10.44,0.806,1.2065995199999997,216.20729776351422,3813.437766315278
8.12,10.44,1.0050000000000001,1.2065995199999997,281.82104287120353,4956.7574577479145
8.12,10.44,1.2040000000000002,1.2065995199999997,350.8169397885676,6159.011153893575
8.12,10.44,1.4030000000000002,1.2065995199999997,418.12176080109424,7331.797847682723
8.12,10.44,1.6020000000000003,1.2065995199999997,485.4265818136209,8504.584541471871
8.12,10.44,1.8010000000000004,1.2065995199999997,552.7314028261476,9677.371235261022
8.12,10.44,2.0,1.2065995199999997,620.036223838674,10850.157929050165
9.28,0.0,0.01,1.5759667199999998,0.0,52.461224489795924
9.28,0.0,0.20900000000000002,1.5759667199999998,0.0,52.461224489795924
9.28,0.0,0.40800000000000003,1.5759667199999998,0.0,52.461224489795924
9.28,0.0,0.607,1.5759667199999998,0.0,52.461224489795924
9.28,0.0,0.806,1.5759667199999998,0.0,52.461224489795924
9.28,0.0,1.0050000000000001,1.5759667199999998,0.0,52.461224489795924
9.28,0.0,1.2040000000000002,1.5759667199999998,0.0,52.461224489795924
9.28,0.0,1.4030000000000002,1.5759667199999998,0.0,52.461224489795924
9.28,0.0,1.6020000000000003,1.5759667199999998,0.0,52.461224489795924
9.28,0.0,1.8010000000000004,1.5759667199999998,0.0,52.461224489795924
9.28,0.0,2.0,1.5759667199999998,0.0,52.461224489795924
9.28,1.16,0.01,1.5759667199999998,0.012094834809820116,52.67197702007744
9.28,1.16,0.20900000000000002,1.5759667199999998,0.2780726858076938,57.306641815261756
9.28,1.16,0.40800000000000003,1.5759667199999998,0.6066068696610045,63.03135088485915
9.28,1.16,0.607,1.5759667199999998,1.0866180319633572,71.39554672624898
9.28,1.16,0.806,1.5759667199999998,1.6666793287804966,81.50311644049879
9.28,1.16,1.0050000000000001,1.5759667199999998,2.232166221154994,91.35672711670212
9.28,1.16,1.2040000000000002,1.5759667199999998,2.8268019224147762,101.71825586899841
9.28,1.16,1.4030000000000002,1.5759667199999998,3.4068632192319157,111.82582558324822
9.28,1.16,1.6020000000000003,1.5759667199999998,3.986924516049055,121.93339529749804
9.28,1.16,1.8010000000000004,1.5759667199999998,4.5669858128661955,132.04096501174786
9.28,1.16,2.0,1.5759667199999998,5.147047109683332,142.14853472599765
9.28,2.32,0.01,1.5759667199999998,0.06214056025759036,53.54402392553234
9.28,2.32,0.20900000000000002,1.5759667199999998,1.350467634695374,75.99312678946717
9.28,2.32,0.40800000000000003,1.5759667199999998,2.9141747200702075,103.2407271117397
9.28,2.32,0.607,1.5759667199999998,5.127904015053433,141.81496624870067
9.28,2.32,0.806,1.5759667199999998,7.7319700260354,187.19082375019866
9.28,2.32,1.0050000000000001,1.5759667199999998,10.270607242771588,231.42658432954843
9.28,2.32,1.2040000000000002,1.5759667199999998,12.940102047999336,277.94253875319464
9.28,2.32,1.4030000000000002,1.5759667199999998,15.544168058981304,323.3183962546927
9.28,2.32,1.6020000000000003,1.5759667199999998,18.14823406996327,368.6942537561906
9.28,2.32,1.8010000000000004,1.5759667199999998,20.75230008094524,414.0701112576886
9.28,2.32,2.0,1.5759667199999998,23.3563660919272,459.44596875918654
9.28,3.4799999999999995,0.01,1.5759667199999998,0.16186465152814783,55.281716493952615
9.28,3.4799999999999995,0.20900000000000002,1.5759667199999998,3.4050590169583335,111.79438735360094
9.28,3.4799999999999995,0.40800000000000003,1.5759667199999998,7.298472645715678,179.6371306895366
9.28,3.4799999999999995,0.607,1.5759667199999998,12.712272632179541,273.9726105473462
9.28,3.4799999999999995,0.806,1.5759667199999998,18.975467703836994,383.10880213276806
9.28,3.4799999999999995,1.0050000000000001,1.5759667199999998,25.081296065151296,489.5028783517219
9.28,3.4799999999999995,1.2040000000000002,1.5759667199999998,31.501857847151907,601.3811853036117
9.28,3.4799999999999995,1.4030000000000002,1.5759667199999998,37.76505291880937,710.5173768890335
9.28,3.4799999999999995,1.6020000000000003,1.5759667199999998,44.02824799046682,819.6535684744553
9.28,3.4799999999999995,1.8010000000000004,1.5759667199999998,50.291443062124266,928.7897600598769
9.28,3.4799999999999995,2.0,1.5759667199999998,56.554638133781715,1037.9259516452987
9.28,4.64,0.01,1.5759667199999998,0.3192643214930067,58.02440618192063
9.28,4.64,0.20900000000000002,1.5759667199999998,6.5640102465473396,166.83912133634684
9.28,4.64,0.40800000000000003,1.5759667199999998,13.999943210795688,296.41027396975875
9.28,4.64,0.607,1.5759667199999998,24.211163877583655,474.34082255742686
9.28,4.64,0.806,1.5759667199999998,35.880659908938675,677.6818234383481
9.28,4.64,1.0050000000000001,1.5759667199999998,47.25695252242044,875.9137539453768
9.28,4.64,1.2040000000000002,1.5759667199999998,59.21965197164871,1084.3638252001908
9.28,4.64,1.4030000000000002,1.5759667199999998,70.88914800300374,1287.7048260811123
9.28,4.64,1.6020000000000003,1.5759667199999998,82.55864403435875,1491.0458269620335
9.28,4.64,1.8010000000000004,1.5759667199999998,94.22814006571376,1694.3868278429547
9.28,4.64,2.0,1.5759667199999998,105.89763609706876,1897.7278287238757
9.28,5.8,0.01,1.5759667199999998,0.5407156024534829,61.8831953700632
9.28,5.8,0.20900000000000002,1.5759667199999998,10.922230376639295,242.7811192539188
9.28,5.8,0.40800000000000003,1.5759667199999998,23.203656058787043,456.78499600596365
9.28,5.8,0.607,1.5759667199999998,39.90843015472184,747.8657312005452
9.28,5.8,0.806,1.5759667199999998,58.813475604253306,1077.286200865906
9.28,5.8,1.0050000000000001,1.5759667199999998,77.24351991183673,1398.429774308519
9.28,5.8,1.2040000000000002,1.5759667199999998,96.62356650331624,1736.127140196628
9.28,5.8,1.4030000000000002,1.5759667199999998,115.5286119528477,2065.547609861989
9.28,5.8,1.6020000000000003,1.5759667199999998,134.43365740237917,2394.9680795273503
9.28,5.8,1.8010000000000004,1.5759667199999998,153.33870285191063,2724.388549192711
9.28,5.8,2.0,1.5759667199999998,172.24374830144208,3053.8090188580713
9.28,6.959999999999999,0.01,1.5759667199999998,0.8316244322487222,66.9522825402992
9.28,6.959999999999999,0.20900000000000002,1.5759667199999998,16.55871698301458,340.9969140845353
9.28,6.959999999999999,0.40800000000000003,1.5759667199999998,35.06259770340681,663.4270872261976
9.28,6.959999999999999,0.607,1.5759667199999998,60.03752704661858,1098.615300661777
9.28,6.959999999999999,0.806,1.5759667199999998,88.07279297666787,1587.1298876552198
9.28,6.959999999999999,1.0050000000000001,1.5759667199999998,115.40365524013299,2063.370238794556
9.28,6.959999999999999,1.2040000000000002,1.5759667199999998,144.14332483676645,2564.159061642106
9.28,6.959999999999999,1.4030000000000002,1.5759667199999998,172.17859076681577,3052.6736486355485
9.28,6.959999999999999,1.6020000000000003,1.5759667199999998,200.21385669686507,3541.1882356289916
9.28,6.959999999999999,1.8010000000000004,1.5759667199999998,228.24912262691436,4029.7028226224347
9.28,6.959999999999999,2.0,1.5759667199999998,256.28438855696356,4518.217409615877
9.28,8.12,0.01,1.5759667199999998,1.1967357445843627,73.31434817567823
9.28,8.12,0.20900000000000002,1.5759667199999998,23.541816776428234,462.6774474536536
9.28,8.12,0.40800000000000003,1.5759667199999998,49.70839993524937,918.6302319485575
9.28,8.12,0.607,1.5759667199999998,84.79853198913464,1530.0758808188123
9.28,8.12,0.806,1.5759667199999998,123.91336407251985,2211.651938923969
9.28,8.12,1.0050000000000001,1.5759667199999998,162.04541143019182,2876.102970443568
9.28,8.12,1.2040000000000002,1.5759667199999998,202.14302823929026,3574.804055134282
9.28,8.12,1.4030000000000002,1.5759667199999998,241.25786032267547,4256.380113239438
9.28,8.12,1.6020000000000003,1.5759667199999998,280.3726924060607,4937.956171344596
9.28,8.12,1.8010000000000004,1.5759667199999998,319.4875244894459,5619.532229449753
9.28,8.12,2.0,1.5759667199999998,358.60235657283107,6301.108287554908
9.28,9.28,0.01,1.5759667199999998,1.6403087863363681,81.04360966488876
9.28,9.28,0.20900000000000002,1.5759667199999998,31.932159437287794,608.8791917114105
9.28,9.28,0.40800000000000003,1.5759667199999998,67.25729277839784,1224.4197386667406
9.28,9.28,0.607,1.5759667199999998,114.36754266951016,2045.3159743627707
9.28,9.28,0.806,1.5759667199999998,166.55839953791929,2954.741800802932
9.28,9.28,1.0050000000000001,1.5759667199999998,217.43792834430806,3841.3177321064054
9.28,9.28,1.2040000000000002,1.5759667199999998,270.9401132747375,4773.593453683255
9.28,9.28,1.4030000000000002,1.5759667199999998,323.1309701431466,5683.019280123416
9.28,9.28,1.6020000000000003,1.5759667199999998,375.3218270115558,6592.445106563578
9.28,9.28,1.8010000000000004,1.5759667199999998,427.51268387996487,7501.870933003738
9.28,9.28,2.0,1.5759667199999998,479.7035407483738,8411.296759443898
9.28,10.44,0.01,1.5759667199999998,2.1662276357057912,90.20774708141295
9.28,10.44,0.20900000000000002,1.5759667199999998,41.784482418504005,780.5559471273839
9.28,10.44,0.40800000000000003,1.5759667199999998,87.81379190148071,1582.6167931979885
9.28,10.44,0.607,1.5759667199999998,148.90247675098757,2647.087297015926
9.28,10.44,0.806,1.5759667199999998,216.20729776351422,3819.8739908050743
9.28,10.44,1.0050000000000001,1.5759667199999998,281.82104287120353,4963.193682237711
9.28,10.44,1.2040000000000002,1.5759667199999998,350.8169397885676,6165.447378383372
9.28,10.44,1.4030000000000002,1.5759667199999998,418.12176080109424,7338.2340721725195
9.28,10.44,1.6020000000000003,1.5759667199999998,485.4265818136209,8511.020765961668
9.28,10.44,1.8010000000000004,1.5759667199999998,552.7314028261476,9683.807459750817
9.28,10.44,2.0,1.5759667199999998,620.036223838674,10856.594153539962
10.44,0.0,0.01,1.9945828799999998,0.0,59.75561224489796
10.44,0.0,0.20900000000000002,1.9945828799999998,0.0,59.75561224489796
10.44,0.0,0.40800000000000003,1.9945828799999998,0.0,59.75561224489796
10.44,0.0,0.607,1.9945828799999998,0.0,59.75561224489796
10.44,0.0,0.806,1.9945828799999998,0.0,59.75561224489796
10.44,0.0,1.0050000000000001,1.9945828799999998,0.0,59.75561224489796
10.44,0.0,1.2040000000000002,1.9945828799999998,0.0,59.75561224489796
10.44,0.0,1.4030000000000002,1.9945828799999998,0.0,59.75561224489796
10.44,0.0,1.6020000000000003,1.9945828799999998,0.0,59.75561224489796
10.44,0.0,1.8010000000000004,1.9945828799999998,0.0,59.75561224489796
10.44,0.0,2.0,1.9945828799999998,0.0,59.75561224489796
10.44,1.16,0.01,1.9945828799999998,0.012094834809820116,59.966364775179485
10.44,1.16,0.20900000000000002,1.9945828799999998,0.2780726858076938,64.6010295703638
10.44,1.16,0.40800000000000003,1.9945828799999998,0.6066068696610045,70.32573863996119
10.44,1.16,0.607,1.9945828799999998,1.0866180319633572,78.68993448135103
10.44,1.16,0.806,1.9945828799999998,1.6666793287804966,88.79750419560082
10.44,1.16,1.0050000000000001,1.9945828799999998,2.232166221154994,98.65111487180415
10.44,1.16,1.2040000000000002,1.9945828799999998,2.8268019224147762,109.01264362410045
10.44,1.16,1.4030000000000002,1.9945828799999998,3.4068632192319157,119.12021333835027
10.44,1.16,1.6020000000000003,1.9945828799999998,3.986924516049055,129.2277830526001
10.44,1.16,1.8010000000000004,1.9945828799999998,4.5669858128661955,139.3353527668499
10.44,1.16,2.0,1.9945828799999998,5.147047109683332,149.44292248109969
10.44,2.32,0.01,1.9945828799999998,0.06214056025759036,60.83841168063439
10.44,2.32,0.20900000000000002,1.9945828799999998,1.350467634695374,83.28751454456922
10.44,2.32,0.40800000000000003,1.9945828799999998,2.9141747200702075,110.53511486684175
10.44,2.32,0.607,1.9945828799999998,5.127904015053433,149.1093540038027
10.44,2.32,0.806,1.9945828799999998,7.7319700260354,194.4852115053007
10.44,2.32,1.0050000000000001,1.9945828799999998,10.270607242771588,238.72097208465047
10.44,2.32,1.2040000000000002,1.9945828799999998,12.940102047999336,285.2369265082967
10.44,2.32,1.4030000000000002,1.9945828799999998,15.544168058981304,330.6127840097947
10.44,2.32,1.6020000000000003,1.9945828799999998,18.14823406996327,375.9886415112927
10.44,2.32,1.8010000000000004,1.9945828799999998,20.75230008094524,421.36449901279065
10.44,2.32,2.0,1.9945828799999998,23.3563660919272,466.7403565142886
10.44,3.4799999999999995,0.01,1.9945828799999998,0.16186465152814783,62.57610424905466
10.44,3.4799999999999995,0.20900000000000002,1.9945828799999998,3.4050590169583335,119.08877510870299
10.44,3.4799999999999995,0.40800000000000003,1.9945828799999998,7.298472645715678,186.93151844463864
10.44,3.4799999999999995,0.607,1.9945828799999998,12.712272632179541,281.26699830244826
10.44,3.4799999999999995,0.806,1.9945828799999998,18.975467703836994,390.40318988787004
10.44,3.4799999999999995,1.0050000000000001,1.9945828799999998,25.081296065151296,496.7972661068239
10.44,3.4799999999999995,1.2040000000000002,1.9945828799999998,31.501857847151907,608.6755730587138
10.44,3.4799999999999995,1.4030000000000002,1.9945828799999998,37.76505291880937,717.8117646441357
10.44,3.4799999999999995,1.6020000000000003,1.9945828799999998,44.02824799046682,826.9479562295573
10.44,3.4799999999999995,1.8010000000000004,1.9945828799999998,50.291443062124266,936.0841478149791
10.44,3.4799999999999995,2.0,1.9945828799999998,56.554638133781715,1045.220339400401
10.44,4.64,0.01,1.9945828799999998,0.3192643214930067,65.31879393702268
10.44,4.64,0.20900000000000002,1.9945828799999998,6.5640102465473396,174.13350909144884
10.44,4.64,0.40800000000000003,1.9945828799999998,13.999943210795688,303.7046617248608
10.44,4.64,0.607,1.9945828799999998,24.211163877583655,481.6352103125289
10.44,4.64,0.806,1.9945828799999998,35.880659908938675,684.9762111934502
10.44,4.64,1.0050000000000001,1.9945828799999998,47.25695252242044,883.208141700479
10.44,4.64,1.2040000000000002,1.9945828799999998,59.21965197164871,1091.658212955293
10.44,4.64,1.4030000000000002,1.9945828799999998,70.88914800300374,1294.9992138362145
10.44,4.64,1.6020000000000003,1.9945828799999998,82.55864403435875,1498.3402147171357
10.44,4.64,1.8010000000000004,1.9945828799999998,94.22814006571376,1701.681215598057
10.44,4.64,2.0,1.9945828799999998,105.89763609706876,1905.022216478978
10.44,5.8,0.01,1.9945828799999998,0.5407156024534829,69.17758312516524
10.44,5.8,0.20900000000000002,1.9945828799999998,10.922230376639295,250.07550700902084
10.44,5.8,0.40800000000000003,1.9945828799999998,23.203656058787043,464.0793837610657
10.44,5.8,0.607,1.9945828799999998,39.90843015472184,755.1601189556472
10.44,5.8,0.806,1.9945828799999998,58.813475604253306,1084.5805886210082
10.44,5.8,1.0050000000000001,1.9945828799999998,77.24351991183673,1405.7241620636212
10.44,5.8,1.2040000000000002,1.9945828799999998,96.62356650331624,1743.42152795173
10.44,5.8,1.4030000000000002,1.9945828799999998,115.5286119528477,2072.841997617091
10.44,5.8,1.6020000000000003,1.9945828799999998,134.43365740237917,2402.2624672824522
10.44,5.8,1.8010000000000004,1.9945828799999998,153.33870285191063,2731.6829369478132
10.44,5.8,2.0,1.9945828799999998,172.24374830144208,3061.1034066131733
10.44,6.959999999999999,0.01,1.9945828799999998,0.8316244322487222,74.24667029540123
10.44,6.959999999999999,0.20900000000000002,1.9945828799999998,16.55871698301458,348.2913018396374
10.44,6.959999999999999,0.40800000000000003,1.9945828799999998,35.06259770340681,670.7214749812997
10.44,6.959999999999999,0.607,1.9945828799999998,60.03752704661858,1105.909688416879
10.44,6.959999999999999,0.806,1.9945828799999998,88.07279297666787,1594.424275410322
10.44,6.959999999999999,1.0050000000000001,1.9945828799999998,115.40365524013299,2070.664626549658
10.44,6.959999999999999,1.2040000000000002,1.9945828799999998,144.14332483676645,2571.453449397208
10.44,6.959999999999999,1.4030000000000002,1.9945828799999998,172.17859076681577,3059.968036390651
10.44,6.959999999999999,1.6020000000000003,1.9945828799999998,200.21385669686507,3548.4826233840936
10.44,6.959999999999999,1.8010000000000004,1.9945828799999998,228.24912262691436,4036.9972103775367
10.44,6.959999999999999,2.0,1.9945828799999998,256.28438855696356,4525.5117973709785
10.44,8.12,0.01,1.9945828799999998,1.1967357445843627,80.60873593078028
10.44,8.12,0.20900000000000002,1.9945828799999998,23.541816776428234,469.9718352087557
10.44,8.12,0.40800000000000003,1.9945828799999998,49.70839993524937,925.9246197036596
10.44,8.12,0.607,1.9945828799999998,84.79853198913464,1537.3702685739142
10.44,8.12,0.806,1.9945828799999998,123.91336407251985,2218.946326679071
10.44,8.12,1.0050000000000001,1.9945828799999998,162.04541143019182,2883.39735819867
10.44,8.12,1.2040000000000002,1.9945828799999998,202.14302823929026,3582.098442889384
10.44,8.12,1.4030000000000002,1.9945828799999998,241.25786032267547,4263.674500994541
10.44,8.12,1.6020000000000003,1.9945828799999998,280.3726924060607,4945.250559099698
10.44,8.12,1.8010000000000004,1.9945828799999998,319.4875244894459,5626.826617204854
10.44,8.12,2.0,1.9945828799999998,358.60235657283107,6308.40267531001
10.44,9.28,0.01,1.9945828799999998,1.6403087863363681,88.33799741999081
10.44,9.28,0.20900000000000002,1.9945828799999998,31.932159437287794,616.1735794665126
10.44,9.28,0.40800000000000003,1.9945828799999998,67.25729277839784,1231.7141264218428
10.44,9.28,0.607,1.9945828799999998,114.36754266951016,2052.6103621178727
10.44,9.28,0.806,1.9945828799999998,166.55839953791929,2962.036188558034
10.44,9.28,1.0050000000000001,1.9945828799999998,217.43792834430806,3848.6121198615074
10.44,9.28,1.2040000000000002,1.9945828799999998,270.9401132747375,4780.887841438356
10.44,9.28,1.4030000000000002,1.9945828799999998,323.1309701431466,5690.313667878518
10.44,9.28,1.6020000000000003,1.9945828799999998,375.3218270115558,6599.739494318679
10.44,9.28,1.8010000000000004,1.9945828799999998,427.51268387996487,7509.16532075884
10.44,9.28,2.0,1.9945828799999998,479.7035407483738,8418.591147198998
10.44,10.44,0.01,1.9945828799999998,2.1662276357057912,97.50213483651498
10.44,10.44,0.20900000000000002,1.9945828799999998,41.784482418504005,787.850334882486
10.44,10.44,0.40800000000000003,1.9945828799999998,87.81379190148071,1589.9111809530905
10.44,10.44,0.607,1.9945828799999998,148.90247675098757,2654.3816847710286
10.44,10.44,0.806,1.9945828799999998,216.20729776351422,3827.1683785601763
10.44,10.44,1.0050000000000001,1.9945828799999998,281.82104287120353,4970.488069992813
10.44,10.44,1.2040000000000002,1.9945828799999998,350.8169397885676,6172.741766138473
10.44,10.44,1.4030000000000002,1.9945828799999998,418.12176080109424,7345.528459927622
10.44,10.44,1.6020000000000003,1.9945828799999998,485.4265818136209,8518.315153716769
10.44,10.44,1.8010000000000004,1.9945828799999998,552.7314028261476,9691.101847505919
10.44,10.44,2.0,1.9945828799999998,620.036223838674,10863.888541295062
