0.0,1.69,0.01,0.0,0.007055521878935956,25.11995937969072
0.0,1.69,0.20900000000000002,0.0,0.14746040726976148,27.507151035536065
0.0,1.69,0.40800000000000003,0.0,0.3007196366277252,30.112894792145582
0.0,1.69,0.607,0.0,0.49064640409739957,33.342067290404756
0.0,1.69,0.806,0.0,0.7027877843231125,36.94893703232777
0.0,1.69,1.0050000000000001,0.0,0.9095989791160185,40.46518190636326
0.0,1.69,1.2040000000000002,0.0,1.218781457524712,45.72196360976576
0.0,1.69,1.4030000000000002,0.0,1.5203859340116235,50.849902624359366
0.0,1.69,1.6020000000000003,0.0,1.8219904104985352,55.977841638952974
0.0,1.69,1.8010000000000004,0.0,2.1235948869854466,61.10578065354658
0.0,1.69,2.0,0.0,2.4251993634723576,66.23371966814018
0.0,3.38,0.01,0.0,0.035148658781867945,25.597604454607623
0.0,3.38,0.20900000000000002,0.0,0.73460696854104,37.48993310129935
0.0,3.38,0.40800000000000003,0.0,1.5164262763991299,50.78257974178133
0.0,3.38,0.607,0.0,2.4366692984617617,66.42873377340851
0.0,3.38,0.806,0.0,3.416262578556202,83.08397264101862
0.0,3.38,1.0050000000000001,0.0,4.371242962165857,99.32073817024653
0.0,3.38,1.2040000000000002,0.0,5.673903012416042,121.46882221806496
0.0,3.38,1.4030000000000002,0.0,6.944635120258133,143.07406106863291
0.0,3.38,1.6020000000000003,0.0,8.215367228100224,164.67929991920087
0.0,3.38,1.8010000000000004,0.0,9.486099335942315,186.28453876976883
0.0,3.38,2.0,0.0,10.756831443784403,207.88977762033676
0.0,5.07,0.01,0.0,0.0899186299365519,26.52881434639601
0.0,5.07,0.20900000000000002,0.0,1.8792993656739352,56.95221983967667
0.0,5.07,0.40800000000000003,0.0,3.907192916659888,91.43086743360558
0.0,5.07,0.607,0.0,6.224227263223851,130.8255440720154
0.0,5.07,0.806,0.0,8.617072718615349,171.50917619021294
0.0,5.07,1.0050000000000001,0.0,10.949796428896507,211.17060649639546
0.0,5.07,1.2040000000000002,0.0,13.961072686121708,262.3689215314
0.0,5.07,1.4030000000000002,0.0,16.898543152728642,312.3123759037819
0.0,5.07,1.6020000000000003,0.0,19.836013619335578,362.2558302761638
0.0,5.07,1.8010000000000004,0.0,22.77348408594251,412.19928464854564
0.0,5.07,2.0,0.0,25.71095455254944,462.1427390209274
0.0,6.76,0.01,0.0,0.17510089761786657,27.977100124122277
0.0,6.76,0.20900000000000002,0.0,3.6596087602134117,87.22139259415562
0.0,6.76,0.40800000000000003,0.0,7.647353689350046,155.02182128989804
0.0,6.76,0.607,0.0,12.109410303812032,230.88659115387597
0.0,6.76,0.806,0.0,16.614704990908148,307.4865032881511
0.0,6.76,1.0050000000000001,0.0,21.006801319031997,382.16179451452984
0.0,6.76,1.2040000000000002,0.0,26.454519749763378,474.78498169948665
0.0,6.76,1.4030000000000002,0.0,31.768715669937613,565.1379927279494
0.0,6.76,1.6020000000000003,0.0,37.08291159011185,655.491003756412
0.0,6.76,1.8010000000000004,0.0,42.39710751028609,745.844014784875
0.0,6.76,2.0,0.0,47.71130343046031,836.1970258133374
0.0,8.45,0.01,0.0,0.29362596912418215,29.99228685299402
0.0,8.45,0.20900000000000002,0.0,6.136782754695409,129.33879522757502
0.0,8.45,0.40800000000000003,0.0,12.874584374409176,243.89623217537047
0.0,8.45,0.607,0.0,20.293310196135547,370.0308772009545
0.0,8.45,0.806,0.0,27.649358145920164,495.0998606401271
0.0,8.45,1.0050000000000001,0.0,34.82058077033331,617.0264073094712
0.0,8.45,1.2040000000000002,0.0,43.43957422069716,763.5682401610986
0.0,8.45,1.4030000000000002,0.0,51.84731783159131,906.5183614232253
0.0,8.45,1.6020000000000003,0.0,60.255061442485456,1049.468482685352
0.0,8.45,1.8010000000000004,0.0,68.6628050533796,1192.4186039474787
0.0,8.45,2.0,0.0,77.07054866427374,1335.3687252096051
0.0,10.14,0.01,0.0,0.447949747163077,32.61613027701387
0.0,10.14,0.20900000000000002,0.0,9.362149715708311,184.1771227895899
0.0,10.14,0.40800000000000003,0.0,19.704816725058265,360.02519470803645
0.0,10.14,0.607,0.0,30.94458234713415,551.1259148289201
0.0,10.14,0.806,0.0,41.92080027656166,737.7457449077211
0.0,10.14,1.0050000000000001,0.0,52.621233835903034,919.6766345322808
0.0,10.14,1.2040000000000002,0.0,65.15055017141572,1132.7025511613685
0.0,10.14,1.4030000000000002,0.0,77.37277542027368,1340.5072443436652
0.0,10.14,1.6020000000000003,0.0,89.59500066913164,1548.3119375259616
0.0,10.14,1.8010000000000004,0.0,101.81722591798959,1756.116630708258
0.0,10.14,2.0,0.0,114.03945116684751,1963.9213238905538
0.0,11.83,0.01,0.0,0.6402082066004487,35.88494666368758
0.0,11.83,0.20900000000000002,0.0,13.380351517949379,252.49538527107038
0.0,11.83,0.40800000000000003,0.0,28.23926075301859,505.129501542628
0.0,11.83,0.607,0.0,44.21001039211778,776.6673484624748
0.0,11.83,0.806,0.0,59.60174771375542,1038.3607133400592
0.0,11.83,1.0050000000000001,0.0,74.6067579670102,1293.47886804484
0.0,11.83,1.2040000000000002,0.0,91.78803450677039,1585.5983329645908
0.0,11.83,1.4030000000000002,0.0,108.5482013274188,1870.5580070774845
0.0,11.83,1.6020000000000003,0.0,125.3083681480672,2155.5176811903784
0.0,11.83,1.8010000000000004,0.0,142.06853496871562,2440.477355303273
0.0,11.83,2.0,0.0,158.82870178936398,2725.437029416166
0.0,13.52,0.01,0.0,0.8723042474212207,39.831089495255256
0.0,13.52,0.20900000000000002,0.0,18.231158771103512,334.9697704508348
0.0,13.52,0.40800000000000003,0.0,38.56836397064166,680.7469591890575
0.0,13.52,0.607,0.0,60.2204391420783,1048.8798274800288
0.0,13.52,0.806,0.0,80.84532412346753,1399.5482048181261
0.0,13.52,1.0050000000000001,0.0,100.9519959143696,1741.4058189065227
0.0,13.52,1.2040000000000002,0.0,123.52841676536246,2125.2545954239854
0.0,13.52,1.4030000000000002,0.0,145.55149396804666,2499.695313693471
0.0,13.52,1.6020000000000003,0.0,167.57457117073088,2874.136031962957
0.0,13.52,1.8010000000000004,0.0,189.59764837341504,3248.5767502324425
0.0,13.52,2.0,0.0,211.62072557609918,3623.017468501927
0.0,15.209999999999999,0.01,0.0,1.1459620065533582,44.483872889074824
0.0,15.209999999999999,0.20900000000000002,0.0,23.950605936965193,432.212943381664
0.0,15.209999999999999,0.40800000000000003,0.0,50.774295331337015,888.2746204592892
0.0,15.209999999999999,0.607,0.0,79.09448522142364,1369.7800952110106
0.0,15.209999999999999,0.806,0.0,105.78969866458989,1823.6573987332495
0.0,15.209999999999999,1.0050000000000001,0.0,131.81417810164643,2266.1307499056834
0.0,15.209999999999999,1.2040000000000002,0.0,160.52976156109898,2754.3587843955356
0.0,15.209999999999999,1.4030000000000002,0.0,188.54153170046686,3230.620445491028
0.0,15.209999999999999,1.6020000000000003,0.0,216.55330183983477,3706.8821065865204
0.0,15.209999999999999,1.8010000000000004,0.0,244.56507197920268,4183.143767682013
0.0,15.209999999999999,2.0,0.0,272.57684211857054,4659.405428777504
1.69,0.0,0.01,0.037986129999999986,0.0,25.64584770196167
1.69,0.0,0.20900000000000002,0.037986129999999986,0.0,25.64584770196167
1.69,0.0,0.40800000000000003,0.037986129999999986,0.0,25.64584770196167
1.69,0.0,0.607,0.037986129999999986,0.0,25.64584770196167
1.69,0.0,0.806,0.037986129999999986,0.0,25.64584770196167
1.69,0.0,1.0050000000000001,0.037986129999999986,0.0,25.64584770196167
1.69,0.0,1.2040000000000002,0.037986129999999986,0.0,25.64584770196167
1.69,0.0,1.4030000000000002,0.037986129999999986,0.0,25.64584770196167
1.69,0.0,1.6020000000000003,0.037986129999999986,0.0,25.64584770196167
1.69,0.0,1.8010000000000004,0.037986129999999986,0.0,25.64584770196167
1.69,0.0,2.0,0.037986129999999986,0.0,25.64584770196167
1.69,1.69,0.01,0.037986129999999986,0.007055521878935956,25.76580708165239
1.69,1.69,0.20900000000000002,0.037986129999999986,0.14746040726976148,28.152998737497736
1.69,1.69,0.40800000000000003,0.037986129999999986,0.3007196366277252,30.758742494107253
1.69,1.69,0.607,0.037986129999999986,0.49064640409739957,33.98791499236643
1.69,1.69,0.806,0.037986129999999986,0.7027877843231125,37.59478473428944
1.69,1.69,1.0050000000000001,0.037986129999999986,0.9095989791160185,41.111029608324934
1.69,1.69,1.2040000000000002,0.037986129999999986,1.218781457524712,46.36781131172743
1.69,1.69,1.4030000000000002,0.037986129999999986,1.5203859340116235,51.49575032632104
1.69,1.69,1.6020000000000003,0.037986129999999986,1.8219904104985352,56.623689340914645
1.69,1.69,1.8010000000000004,0.037986129999999986,2.1235948869854466,61.751628355508245
1.69,1.69,2.0,0.037986129999999986,2.4251993634723576,66.87956737010185
1.69,3.38,0.01,0.037986129999999986,0.035148658781867945,26.243452156569294
1.69,3.38,0.20900000000000002,0.037986129999999986,0.73460696854104,38.13578080326102
1.69,3.38,0.40800000000000003,0.037986129999999986,1.5164262763991299,51.428427443743004
1.69,3.38,0.607,0.037986129999999986,2.4366692984617617,67.07458147537017
1.69,3.38,0.806,0.037986129999999986,3.416262578556202,83.72982034298028
1.69,3.38,1.0050000000000001,0.037986129999999986,4.371242962165857,99.9665858722082
1.69,3.38,1.2040000000000002,0.037986129999999986,5.673903012416042,122.11466992002663
1.69,3.38,1.4030000000000002,0.037986129999999986,6.944635120258133,143.7199087705946
1.69,3.38,1.6020000000000003,0.037986129999999986,8.215367228100224,165.32514762116253
1.69,3.38,1.8010000000000004,0.037986129999999986,9.486099335942315,186.9303864717305
1.69,3.38,2.0,0.037986129999999986,10.756831443784403,208.53562532229842
1.69,5.07,0.01,0.037986129999999986,0.0899186299365519,27.174662048357682
1.69,5.07,0.20900000000000002,0.037986129999999986,1.8792993656739352,57.59806754163834
1.69,5.07,0.40800000000000003,0.037986129999999986,3.907192916659888,92.07671513556726
1.69,5.07,0.607,0.037986129999999986,6.224227263223851,131.47139177397707
1.69,5.07,0.806,0.037986129999999986,8.617072718615349,172.1550238921746
1.69,5.07,1.0050000000000001,0.037986129999999986,10.949796428896507,211.81645419835712
1.69,5.07,1.2040000000000002,0.037986129999999986,13.961072686121708,263.0147692333617
1.69,5.07,1.4030000000000002,0.037986129999999986,16.898543152728642,312.95822360574357
1.69,5.07,1.6020000000000003,0.037986129999999986,19.836013619335578,362.9016779781255
1.69,5.07,1.8010000000000004,0.037986129999999986,22.77348408594251,412.8451323505073
1.69,5.07,2.0,0.037986129999999986,25.71095455254944,462.78858672288914
1.69,6.76,0.01,0.037986129999999986,0.17510089761786657,28.622947826083948
1.69,6.76,0.20900000000000002,0.037986129999999986,3.6596087602134117,87.86724029611727
1.69,6.76,0.40800000000000003,0.037986129999999986,7.647353689350046,155.66766899185973
1.69,6.76,0.607,0.037986129999999986,12.109410303812032,231.53243885583763
1.69,6.76,0.806,0.037986129999999986,16.614704990908148,308.1323509901128
1.69,6.76,1.0050000000000001,0.037986129999999986,21.006801319031997,382.80764221649156
1.69,6.76,1.2040000000000002,0.037986129999999986,26.454519749763378,475.43082940144836
1.69,6.76,1.4030000000000002,0.037986129999999986,31.768715669937613,565.783840429911
1.69,6.76,1.6020000000000003,0.037986129999999986,37.08291159011185,656.1368514583737
1.69,6.76,1.8010000000000004,0.037986129999999986,42.39710751028609,746.4898624868366
1.69,6.76,2.0,0.037986129999999986,47.71130343046031,836.8428735152991
1.69,8.45,0.01,0.037986129999999986,0.29362596912418215,30.63813455495569
1.69,8.45,0.20900000000000002,0.037986129999999986,6.136782754695409,129.98464292953668
1.69,8.45,0.40800000000000003,0.037986129999999986,12.874584374409176,244.54207987733216
1.69,8.45,0.607,0.037986129999999986,20.293310196135547,370.67672490291613
1.69,8.45,0.806,0.037986129999999986,27.649358145920164,495.74570834208873
1.69,8.45,1.0050000000000001,0.037986129999999986,34.82058077033331,617.6722550114328
1.69,8.45,1.2040000000000002,0.037986129999999986,43.43957422069716,764.2140878630603
1.69,8.45,1.4030000000000002,0.037986129999999986,51.84731783159131,907.164209125187
1.69,8.45,1.6020000000000003,0.037986129999999986,60.255061442485456,1050.1143303873137
1.69,8.45,1.8010000000000004,0.037986129999999986,68.6628050533796,1193.0644516494403
1.69,8.45,2.0,0.037986129999999986,77.07054866427374,1336.0145729115668
1.69,10.14,0.01,0.037986129999999986,0.447949747163077,33.261977978975544
1.69,10.14,0.20900000000000002,0.037986129999999986,9.362149715708311,184.8229704915516
1.69,10.14,0.40800000000000003,0.037986129999999986,19.704816725058265,360.6710424099981
1.69,10.14,0.607,0.037986129999999986,30.94458234713415,551.7717625308818
1.69,10.14,0.806,0.037986129999999986,41.92080027656166,738.3915926096828
1.69,10.14,1.0050000000000001,0.037986129999999986,52.621233835903034,920.3224822342424
1.69,10.14,1.2040000000000002,0.037986129999999986,65.15055017141572,1133.3483988633302
1.69,10.14,1.4030000000000002,0.037986129999999986,77.37277542027368,1341.153092045627
1.69,10.14,1.6020000000000003,0.037986129999999986,89.59500066913164,1548.9577852279233
1.69,10.14,1.8010000000000004,0.037986129999999986,101.81722591798959,1756.7624784102197
1.69,10.14,2.0,0.037986129999999986,114.03945116684751,1964.5671715925157
1.69,11.83,0.01,0.037986129999999986,0.6402082066004487,36.53079436564925
1.69,11.83,0.20900000000000002,0.037986129999999986,13.380351517949379,253.14123297303203
1.69,11.83,0.40800000000000003,0.037986129999999986,28.23926075301859,505.77534924458973
1.69,11.83,0.607,0.037986129999999986,44.21001039211778,777.3131961644365
1.69,11.83,0.806,0.037986129999999986,59.60174771375542,1039.006561042021
1.69,11.83,1.0050000000000001,0.037986129999999986,74.6067579670102,1294.1247157468017
1.69,11.83,1.2040000000000002,0.037986129999999986,91.78803450677039,1586.2441806665524
1.69,11.83,1.4030000000000002,0.037986129999999986,108.5482013274188,1871.2038547794464
1.69,11.83,1.6020000000000003,0.037986129999999986,125.3083681480672,2156.1635288923403
1.69,11.83,1.8010000000000004,0.037986129999999986,142.06853496871562,2441.1232030052342
1.69,11.83,2.0,0.037986129999999986,158.82870178936398,2726.0828771181277
1.69,13.52,0.01,0.037986129999999986,0.8723042474212207,40.47693719721693
1.69,13.52,0.20900000000000002,0.037986129999999986,18.231158771103512,335.61561815279646
1.69,13.52,0.40800000000000003,0.037986129999999986,38.56836397064166,681.3928068910192
1.69,13.52,0.607,0.037986129999999986,60.2204391420783,1049.5256751819902
1.69,13.52,0.806,0.037986129999999986,80.84532412346753,1400.1940525200878
1.69,13.52,1.0050000000000001,0.037986129999999986,100.9519959143696,1742.0516666084843
1.69,13.52,1.2040000000000002,0.037986129999999986,123.52841676536246,2125.9004431259473
1.69,13.52,1.4030000000000002,0.037986129999999986,145.55149396804666,2500.3411613954327
1.69,13.52,1.6020000000000003,0.037986129999999986,167.57457117073088,2874.7818796649185
1.69,13.52,1.8010000000000004,0.037986129999999986,189.59764837341504,3249.2225979344043
1.69,13.52,2.0,0.037986129999999986,211.62072557609918,3623.663316203889
1.69,15.209999999999999,0.01,0.037986129999999986,1.1459620065533582,45.129720591036495
1.69,15.209999999999999,0.20900000000000002,0.037986129999999986,23.950605936965193,432.85879108362565
1.69,15.209999999999999,0.40800000000000003,0.037986129999999986,50.774295331337015,888.9204681612508
1.69,15.209999999999999,0.607,0.037986129999999986,79.09448522142364,1370.4259429129722
1.69,15.209999999999999,0.806,0.037986129999999986,105.78969866458989,1824.3032464352111
1.69,15.209999999999999,1.0050000000000001,0.037986129999999986,131.81417810164643,2266.7765976076453
1.69,15.209999999999999,1.2040000000000002,0.037986129999999986,160.52976156109898,2755.004632097497
1.69,15.209999999999999,1.4030000000000002,0.037986129999999986,188.54153170046686,3231.26629319299
1.69,15.209999999999999,1.6020000000000003,0.037986129999999986,216.55330183983477,3707.5279542884823
1.69,15.209999999999999,1.8010000000000004,0.037986129999999986,244.56507197920268,4183.789615383975
1.69,15.209999999999999,2.0,0.037986129999999986,272.57684211857054,4660.051276479466
3.38,0.0,0.01,0.15194451999999994,0.0,27.583390807846683
3.38,0.0,0.20900000000000002,0.15194451999999994,0.0,27.583390807846683
3.38,0.0,0.40800000000000003,0.15194451999999994,0.0,27.583390807846683
3.38,0.0,0.607,0.15194451999999994,0.0,27.583390807846683
3.38,0.0,0.806,0.15194451999999994,0.0,27.583390807846683
3.38,0.0,1.0050000000000001,0.15194451999999994,0.0,27.583390807846683
3.38,0.0,1.2040000000000002,0.15194451999999994,0.0,27.583390807846683
3.38,0.0,1.4030000000000002,0.15194451999999994,0.0,27.583390807846683
3.38,0.0,1.6020000000000003,0.15194451999999994,0.0,27.583390807846683
3.38,0.0,1.8010000000000004,0.15194451999999994,0.0,27.583390807846683
3.38,0.0,2.0,0.15194451999999994,0.0,27.583390807846683
3.38,1.69,0.01,0.15194451999999994,0.007055521878935956,27.703350187537403
3.38,1.69,0.20900000000000002,0.15194451999999994,0.14746040726976148,30.09054184338275
3.38,1.69,0.40800000000000003,0.15194451999999994,0.3007196366277252,32.696285599992265
3.38,1.69,0.607,0.15194451999999994,0.49064640409739957,35.92545809825144
3.38,1.69,0.806,0.15194451999999994,0.7027877843231125,39.53232784017445
3.38,1.69,1.0050000000000001,0.15194451999999994,0.9095989791160185,43.04857271420994
3.38,1.69,1.2040000000000002,0.15194451999999994,1.218781457524712,48.30535441761245
3.38,1.69,1.4030000000000002,0.15194451999999994,1.5203859340116235,53.43329343220605
3.38,1.69,1.6020000000000003,0.15194451999999994,1.8219904104985352,58.56123244679966
3.38,1.69,1.8010000000000004,0.15194451999999994,2.1235948869854466,63.689171461393265
3.38,1.69,2.0,0.15194451999999994,2.4251993634723576,68.81711047598687
3.38,3.38,0.01,0.15194451999999994,0.035148658781867945,28.18099526245431
3.38,3.38,0.20900000000000002,0.15194451999999994,0.73460696854104,40.07332390914604
3.38,3.38,0.40800000000000003,0.15194451999999994,1.5164262763991299,53.36597054962802
3.38,3.38,0.607,0.15194451999999994,2.4366692984617617,69.0121245812552
3.38,3.38,0.806,0.15194451999999994,3.416262578556202,85.6673634488653
3.38,3.38,1.0050000000000001,0.15194451999999994,4.371242962165857,101.90412897809321
3.38,3.38,1.2040000000000002,0.15194451999999994,5.673903012416042,124.05221302591164
3.38,3.38,1.4030000000000002,0.15194451999999994,6.944635120258133,145.6574518764796
3.38,3.38,1.6020000000000003,0.15194451999999994,8.215367228100224,167.26269072704753
3.38,3.38,1.8010000000000004,0.15194451999999994,9.486099335942315,188.8679295776155
3.38,3.38,2.0,0.15194451999999994,10.756831443784403,210.4731684281834
3.38,5.07,0.01,0.15194451999999994,0.0899186299365519,29.112205154242695
3.38,5.07,0.20900000000000002,0.15194451999999994,1.8792993656739352,59.53561064752336
3.38,5.07,0.40800000000000003,0.15194451999999994,3.907192916659888,94.01425824145227
3.38,5.07,0.607,0.15194451999999994,6.224227263223851,133.40893487986207
3.38,5.07,0.806,0.15194451999999994,8.617072718615349,174.0925669980596
3.38,5.07,1.0050000000000001,0.15194451999999994,10.949796428896507,213.75399730424212
3.38,5.07,1.2040000000000002,0.15194451999999994,13.961072686121708,264.9523123392467
3.38,5.07,1.4030000000000002,0.15194451999999994,16.898543152728642,314.8957667116286
3.38,5.07,1.6020000000000003,0.15194451999999994,19.836013619335578,364.83922108401055
3.38,5.07,1.8010000000000004,0.15194451999999994,22.77348408594251,414.7826754563923
3.38,5.07,2.0,0.15194451999999994,25.71095455254944,464.72612982877416
3.38,6.76,0.01,0.15194451999999994,0.17510089761786657,30.56049093196896
3.38,6.76,0.20900000000000002,0.15194451999999994,3.6596087602134117,89.8047834020023
3.38,6.76,0.40800000000000003,0.15194451999999994,7.647353689350046,157.60521209774473
3.38,6.76,0.607,0.15194451999999994,12.109410303812032,233.46998196172265
3.38,6.76,0.806,0.15194451999999994,16.614704990908148,310.0698940959978
3.38,6.76,1.0050000000000001,0.15194451999999994,21.006801319031997,384.7451853223766
3.38,6.76,1.2040000000000002,0.15194451999999994,26.454519749763378,477.3683725073334
3.38,6.76,1.4030000000000002,0.15194451999999994,31.768715669937613,567.7213835357961
3.38,6.76,1.6020000000000003,0.15194451999999994,37.08291159011185,658.0743945642588
3.38,6.76,1.8010000000000004,0.15194451999999994,42.39710751028609,748.4274055927216
3.38,6.76,2.0,0.15194451999999994,47.71130343046031,838.780416621184
3.38,8.45,0.01,0.15194451999999994,0.29362596912418215,32.575677660840704
3.38,8.45,0.20900000000000002,0.15194451999999994,6.136782754695409,131.9221860354217
3.38,8.45,0.40800000000000003,0.15194451999999994,12.874584374409176,246.47962298321715
3.38,8.45,0.607,0.15194451999999994,20.293310196135547,372.61426800880116
3.38,8.45,0.806,0.15194451999999994,27.649358145920164,497.68325144797376
3.38,8.45,1.0050000000000001,0.15194451999999994,34.82058077033331,619.6097981173178
3.38,8.45,1.2040000000000002,0.15194451999999994,43.43957422069716,766.1516309689453
3.38,8.45,1.4030000000000002,0.15194451999999994,51.84731783159131,909.1017522310719
3.38,8.45,1.6020000000000003,0.15194451999999994,60.255061442485456,1052.0518734931986
3.38,8.45,1.8010000000000004,0.15194451999999994,68.6628050533796,1195.0019947553255
3.38,8.45,2.0,0.15194451999999994,77.07054866427374,1337.952116017452
3.38,10.14,0.01,0.15194451999999994,0.447949747163077,35.19952108486056
3.38,10.14,0.20900000000000002,0.15194451999999994,9.362149715708311,186.76051359743659
3.38,10.14,0.40800000000000003,0.15194451999999994,19.704816725058265,362.60858551588314
3.38,10.14,0.607,0.15194451999999994,30.94458234713415,553.7093056367668
3.38,10.14,0.806,0.15194451999999994,41.92080027656166,740.3291357155678
3.38,10.14,1.0050000000000001,0.15194451999999994,52.621233835903034,922.2600253401274
3.38,10.14,1.2040000000000002,0.15194451999999994,65.15055017141572,1135.2859419692152
3.38,10.14,1.4030000000000002,0.15194451999999994,77.37277542027368,1343.090635151512
3.38,10.14,1.6020000000000003,0.15194451999999994,89.59500066913164,1550.8953283338085
3.38,10.14,1.8010000000000004,0.15194451999999994,101.81722591798959,1758.7000215161047
3.38,10.14,2.0,0.15194451999999994,114.03945116684751,1966.5047146984007
3.38,11.83,0.01,0.15194451999999994,0.6402082066004487,38.46833747153426
3.38,11.83,0.20900000000000002,0.15194451999999994,13.380351517949379,255.07877607891706
3.38,11.83,0.40800000000000003,0.15194451999999994,28.23926075301859,507.71289235047476
3.38,11.83,0.607,0.15194451999999994,44.21001039211778,779.2507392703214
3.38,11.83,0.806,0.15194451999999994,59.60174771375542,1040.9441041479058
3.38,11.83,1.0050000000000001,0.15194451999999994,74.6067579670102,1296.0622588526867
3.38,11.83,1.2040000000000002,0.15194451999999994,91.78803450677039,1588.1817237724374
3.38,11.83,1.4030000000000002,0.15194451999999994,108.5482013274188,1873.1413978853313
3.38,11.83,1.6020000000000003,0.15194451999999994,125.3083681480672,2158.1010719982255
3.38,11.83,1.8010000000000004,0.15194451999999994,142.06853496871562,2443.060746111119
3.38,11.83,2.0,0.15194451999999994,158.82870178936398,2728.0204202240125
3.38,13.52,0.01,0.15194451999999994,0.8723042474212207,42.41448030310194
3.38,13.52,0.20900000000000002,0.15194451999999994,18.231158771103512,337.5531612586815
3.38,13.52,0.40800000000000003,0.15194451999999994,38.56836397064166,683.3303499969041
3.38,13.52,0.607,0.15194451999999994,60.2204391420783,1051.4632182878754
3.38,13.52,0.806,0.15194451999999994,80.84532412346753,1402.131595625973
3.38,13.52,1.0050000000000001,0.15194451999999994,100.9519959143696,1743.9892097143693
3.38,13.52,1.2040000000000002,0.15194451999999994,123.52841676536246,2127.837986231832
3.38,13.52,1.4030000000000002,0.15194451999999994,145.55149396804666,2502.2787045013174
3.38,13.52,1.6020000000000003,0.15194451999999994,167.57457117073088,2876.7194227708037
3.38,13.52,1.8010000000000004,0.15194451999999994,189.59764837341504,3251.160141040289
3.38,13.52,2.0,0.15194451999999994,211.62072557609918,3625.6008593097736
3.38,15.209999999999999,0.01,0.15194451999999994,1.1459620065533582,47.067263696921515
3.38,15.209999999999999,0.20900000000000002,0.15194451999999994,23.950605936965193,434.7963341895107
3.38,15.209999999999999,0.40800000000000003,0.15194451999999994,50.774295331337015,890.8580112671359
3.38,15.209999999999999,0.607,0.15194451999999994,79.09448522142364,1372.3634860188572
3.38,15.209999999999999,0.806,0.15194451999999994,105.78969866458989,1826.2407895410963
3.38,15.209999999999999,1.0050000000000001,0.15194451999999994,131.81417810164643,2268.71414071353
3.38,15.209999999999999,1.2040000000000002,0.15194451999999994,160.52976156109898,2756.9421752033822
3.38,15.209999999999999,1.4030000000000002,0.15194451999999994,188.54153170046686,3233.2038362988746
3.38,15.209999999999999,1.6020000000000003,0.15194451999999994,216.55330183983477,3709.465497394367
3.38,15.209999999999999,1.8010000000000004,0.15194451999999994,244.56507197920268,4185.72715848986
3.38,15.209999999999999,2.0,0.15194451999999994,272.57684211857054,4661.988819585352
5.07,0.0,0.01,0.34187517,0.0,30.81262931765504
5.07,0.0,0.20900000000000002,0.34187517,0.0,30.81262931765504
5.07,0.0,0.40800000000000003,0.34187517,0.0,30.81262931765504
5.07,0.0,0.607,0.34187517,0.0,30.81262931765504
5.07,0.0,0.806,0.34187517,0.0,30.81262931765504
5.07,0.0,1.0050000000000001,0.34187517,0.0,30.81262931765504
5.07,0.0,1.2040000000000002,0.34187517,0.0,30.81262931765504
5.07,0.0,1.4030000000000002,0.34187517,0.0,30.81262931765504
5.07,0.0,1.6020000000000003,0.34187517,0.0,30.81262931765504
5.07,0.0,1.8010000000000004,0.34187517,0.0,30.81262931765504
5.07,0.0,2.0,0.34187517,0.0,30.81262931765504
5.07,1.69,0.01,0.34187517,0.007055521878935956,30.93258869734576
5.07,1.69,0.20900000000000002,0.34187517,0.14746040726976148,33.319780353191106
5.07,1.69,0.40800000000000003,0.34187517,0.3007196366277252,35.92552410980063
5.07,1.69,0.607,0.34187517,0.49064640409739957,39.1546966080598
5.07,1.69,0.806,0.34187517,0.7027877843231125,42.76156634998281
5.07,1.69,1.0050000000000001,0.34187517,0.9095989791160185,46.2778112240183
5.07,1.69,1.2040000000000002,0.34187517,1.218781457524712,51.5345929274208
5.07,1.69,1.4030000000000002,0.34187517,1.5203859340116235,56.66253194201441
5.07,1.69,1.6020000000000003,0.34187517,1.8219904104985352,61.79047095660802
5.07,1.69,1.8010000000000004,0.34187517,2.1235948869854466,66.91840997120163
5.07,1.69,2.0,0.34187517,2.4251993634723576,72.04634898579522
5.07,3.38,0.01,0.34187517,0.035148658781867945,31.410233772262664
5.07,3.38,0.20900000000000002,0.34187517,0.73460696854104,43.302562418954395
5.07,3.38,0.40800000000000003,0.34187517,1.5164262763991299,56.59520905943637
5.07,3.38,0.607,0.34187517,2.4366692984617617,72.24136309106355
5.07,3.38,0.806,0.34187517,3.416262578556202,88.89660195867366
5.07,3.38,1.0050000000000001,0.34187517,4.371242962165857,105.13336748790157
5.07,3.38,1.2040000000000002,0.34187517,5.673903012416042,127.28145153572001
5.07,3.38,1.4030000000000002,0.34187517,6.944635120258133,148.88669038628797
5.07,3.38,1.6020000000000003,0.34187517,8.215367228100224,170.4919292368559
5.07,3.38,1.8010000000000004,0.34187517,9.486099335942315,192.09716808742388
5.07,3.38,2.0,0.34187517,10.756831443784403,213.70240693799178
5.07,5.07,0.01,0.34187517,0.0899186299365519,32.341443664051056
5.07,5.07,0.20900000000000002,0.34187517,1.8792993656739352,62.76484915733172
5.07,5.07,0.40800000000000003,0.34187517,3.907192916659888,97.24349675126064
5.07,5.07,0.607,0.34187517,6.224227263223851,136.63817338967044
5.07,5.07,0.806,0.34187517,8.617072718615349,177.32180550786796
5.07,5.07,1.0050000000000001,0.34187517,10.949796428896507,216.9832358140505
5.07,5.07,1.2040000000000002,0.34187517,13.961072686121708,268.18155084905504
5.07,5.07,1.4030000000000002,0.34187517,16.898543152728642,318.12500522143694
5.07,5.07,1.6020000000000003,0.34187517,19.836013619335578,368.06845959381883
5.07,5.07,1.8010000000000004,0.34187517,22.77348408594251,418.01191396620067
5.07,5.07,2.0,0.34187517,25.71095455254944,467.95536833858245
5.07,6.76,0.01,0.34187517,0.17510089761786657,33.78972944177732
5.07,6.76,0.20900000000000002,0.34187517,3.6596087602134117,93.03402191181065
5.07,6.76,0.40800000000000003,0.34187517,7.647353689350046,160.8344506075531
5.07,6.76,0.607,0.34187517,12.109410303812032,236.69922047153102
5.07,6.76,0.806,0.34187517,16.614704990908148,313.2991326058061
5.07,6.76,1.0050000000000001,0.34187517,21.006801319031997,387.97442383218487
5.07,6.76,1.2040000000000002,0.34187517,26.454519749763378,480.5976110171417
5.07,6.76,1.4030000000000002,0.34187517,31.768715669937613,570.9506220456044
5.07,6.76,1.6020000000000003,0.34187517,37.08291159011185,661.3036330740671
5.07,6.76,1.8010000000000004,0.34187517,42.39710751028609,751.65664410253
5.07,6.76,2.0,0.34187517,47.71130343046031,842.0096551309924
5.07,8.45,0.01,0.34187517,0.29362596912418215,35.80491617064906
5.07,8.45,0.20900000000000002,0.34187517,6.136782754695409,135.15142454523004
5.07,8.45,0.40800000000000003,0.34187517,12.874584374409176,249.70886149302552
5.07,8.45,0.607,0.34187517,20.293310196135547,375.8435065186095
5.07,8.45,0.806,0.34187517,27.649358145920164,500.9124899577821
5.07,8.45,1.0050000000000001,0.34187517,34.82058077033331,622.8390366271262
5.07,8.45,1.2040000000000002,0.34187517,43.43957422069716,769.3808694787537
5.07,8.45,1.4030000000000002,0.34187517,51.84731783159131,912.3309907408803
5.07,8.45,1.6020000000000003,0.34187517,60.255061442485456,1055.2811120030071
5.07,8.45,1.8010000000000004,0.34187517,68.6628050533796,1198.2312332651338
5.07,8.45,2.0,0.34187517,77.07054866427374,1341.18135452726
5.07,10.14,0.01,0.34187517,0.447949747163077,38.42875959466891
5.07,10.14,0.20900000000000002,0.34187517,9.362149715708311,189.98975210724495
5.07,10.14,0.40800000000000003,0.34187517,19.704816725058265,365.8378240256915
5.07,10.14,0.607,0.34187517,30.94458234713415,556.9385441465752
5.07,10.14,0.806,0.34187517,41.92080027656166,743.5583742253762
5.07,10.14,1.0050000000000001,0.34187517,52.621233835903034,925.4892638499358
5.07,10.14,1.2040000000000002,0.34187517,65.15055017141572,1138.5151804790237
5.07,10.14,1.4030000000000002,0.34187517,77.37277542027368,1346.3198736613203
5.07,10.14,1.6020000000000003,0.34187517,89.59500066913164,1554.1245668436168
5.07,10.14,1.8010000000000004,0.34187517,101.81722591798959,1761.929260025913
5.07,10.14,2.0,0.34187517,114.03945116684751,1969.733953208209
5.07,11.83,0.01,0.34187517,0.6402082066004487,41.697575981342624
5.07,11.83,0.20900000000000002,0.34187517,13.380351517949379,258.3080145887254
5.07,11.83,0.40800000000000003,0.34187517,28.23926075301859,510.94213086028304
5.07,11.83,0.607,0.34187517,44.21001039211778,782.4799777801298
5.07,11.83,0.806,0.34187517,59.60174771375542,1044.1733426577143
5.07,11.83,1.0050000000000001,0.34187517,74.6067579670102,1299.291497362495
5.07,11.83,1.2040000000000002,0.34187517,91.78803450677039,1591.4109622822457
5.07,11.83,1.4030000000000002,0.34187517,108.5482013274188,1876.3706363951396
5.07,11.83,1.6020000000000003,0.34187517,125.3083681480672,2161.3303105080336
5.07,11.83,1.8010000000000004,0.34187517,142.06853496871562,2446.289984620928
5.07,11.83,2.0,0.34187517,158.82870178936398,2731.249658733821
5.07,13.52,0.01,0.34187517,0.8723042474212207,45.64371881291029
5.07,13.52,0.20900000000000002,0.34187517,18.231158771103512,340.7823997684898
5.07,13.52,0.40800000000000003,0.34187517,38.56836397064166,686.5595885067125
5.07,13.52,0.607,0.34187517,60.2204391420783,1054.6924567976837
5.07,13.52,0.806,0.34187517,80.84532412346753,1405.360834135781
5.07,13.52,1.0050000000000001,0.34187517,100.9519959143696,1747.2184482241776
5.07,13.52,1.2040000000000002,0.34187517,123.52841676536246,2131.0672247416405
5.07,13.52,1.4030000000000002,0.34187517,145.55149396804666,2505.5079430111264
5.07,13.52,1.6020000000000003,0.34187517,167.57457117073088,2879.948661280612
5.07,13.52,1.8010000000000004,0.34187517,189.59764837341504,3254.3893795500976
5.07,13.52,2.0,0.34187517,211.62072557609918,3628.830097819582
5.07,15.209999999999999,0.01,0.34187517,1.1459620065533582,50.29650220672987
5.07,15.209999999999999,0.20900000000000002,0.34187517,23.950605936965193,438.025572699319
5.07,15.209999999999999,0.40800000000000003,0.34187517,50.774295331337015,894.0872497769443
5.07,15.209999999999999,0.607,0.34187517,79.09448522142364,1375.5927245286655
5.07,15.209999999999999,0.806,0.34187517,105.78969866458989,1829.4700280509046
5.07,15.209999999999999,1.0050000000000001,0.34187517,131.81417810164643,2271.9433792233385
5.07,15.209999999999999,1.2040000000000002,0.34187517,160.52976156109898,2760.1714137131908
5.07,15.209999999999999,1.4030000000000002,0.34187517,188.54153170046686,3236.433074808683
5.07,15.209999999999999,1.6020000000000003,0.34187517,216.55330183983477,3712.6947359041756
5.07,15.209999999999999,1.8010000000000004,0.34187517,244.56507197920268,4188.956396999668
5.07,15.209999999999999,2.0,0.34187517,272.57684211857054,4665.21805809516
6.76,0.0,0.01,0.6077780799999998,0.0,35.333563231386734
6.76,0.0,0.20900000000000002,0.6077780799999998,0.0,35.333563231386734
6.76,0.0,0.40800000000000003,0.6077780799999998,0.0,35.333563231386734
6.76,0.0,0.607,0.6077780799999998,0.0,35.333563231386734
6.76,0.0,0.806,0.6077780799999998,0.0,35.333563231386734
6.76,0.0,1.0050000000000001,0.6077780799999998,0.0,35.333563231386734
6.76,0.0,1.2040000000000002,0.6077780799999998,0.0,35.333563231386734
6.76,0.0,1.4030000000000002,0.6077780799999998,0.0,35.333563231386734
6.76,0.0,1.6020000000000003,0.6077780799999998,0.0,35.333563231386734
6.76,0.0,1.8010000000000004,0.6077780799999998,0.0,35.333563231386734
6.76,0.0,2.0,0.6077780799999998,0.0,35.333563231386734
6.76,1.69,0.01,0.6077780799999998,0.007055521878935956,35.45352261107745
6.76,1.69,0.20900000000000002,0.6077780799999998,0.14746040726976148,37.8407142669228
6.76,1.69,0.40800000000000003,0.6077780799999998,0.3007196366277252,40.446458023532315
6.76,1.69,0.607,0.6077780799999998,0.49064640409739957,43.67563052179149
6.76,1.69,0.806,0.6077780799999998,0.7027877843231125,47.2825002637145
6.76,1.69,1.0050000000000001,0.6077780799999998,0.9095989791160185,50.79874513775
6.76,1.69,1.2040000000000002,0.6077780799999998,1.218781457524712,56.0555268411525
6.76,1.69,1.4030000000000002,0.6077780799999998,1.5203859340116235,61.1834658557461
6.76,1.69,1.6020000000000003,0.6077780799999998,1.8219904104985352,66.31140487033971
6.76,1.69,1.8010000000000004,0.6077780799999998,2.1235948869854466,71.43934388493332
6.76,1.69,2.0,0.6077780799999998,2.4251993634723576,76.56728289952693
6.76,3.38,0.01,0.6077780799999998,0.035148658781867945,35.93116768599436
6.76,3.38,0.20900000000000002,0.6077780799999998,0.73460696854104,47.82349633268609
6.76,3.38,0.40800000000000003,0.6077780799999998,1.5164262763991299,61.11614297316807
6.76,3.38,0.607,0.6077780799999998,2.4366692984617617,76.76229700479524
6.76,3.38,0.806,0.6077780799999998,3.416262578556202,93.41753587240535
6.76,3.38,1.0050000000000001,0.6077780799999998,4.371242962165857,109.65430140163326
6.76,3.38,1.2040000000000002,0.6077780799999998,5.673903012416042,131.8023854494517
6.76,3.38,1.4030000000000002,0.6077780799999998,6.944635120258133,153.40762430001965
6.76,3.38,1.6020000000000003,0.6077780799999998,8.215367228100224,175.0128631505876
6.76,3.38,1.8010000000000004,0.6077780799999998,9.486099335942315,196.6181020011556
6.76,3.38,2.0,0.6077780799999998,10.756831443784403,218.2233408517235
6.76,5.07,0.01,0.6077780799999998,0.0899186299365519,36.86237757778275
6.76,5.07,0.20900000000000002,0.6077780799999998,1.8792993656739352,67.2857830710634
6.76,5.07,0.40800000000000003,0.6077780799999998,3.907192916659888,101.76443066499233
6.76,5.07,0.607,0.6077780799999998,6.224227263223851,141.15910730340212
6.76,5.07,0.806,0.6077780799999998,8.617072718615349,181.84273942159967
6.76,5.07,1.0050000000000001,0.6077780799999998,10.949796428896507,221.5041697277822
6.76,5.07,1.2040000000000002,0.6077780799999998,13.961072686121708,272.70248476278675
6.76,5.07,1.4030000000000002,0.6077780799999998,16.898543152728642,322.64593913516865
6.76,5.07,1.6020000000000003,0.6077780799999998,19.836013619335578,372.58939350755054
6.76,5.07,1.8010000000000004,0.6077780799999998,22.77348408594251,422.5328478799324
6.76,5.07,2.0,0.6077780799999998,25.71095455254944,472.47630225231416
6.76,6.76,0.01,0.6077780799999998,0.17510089761786657,38.310663355509014
6.76,6.76,0.20900000000000002,0.6077780799999998,3.6596087602134117,97.55495582554235
6.76,6.76,0.40800000000000003,0.6077780799999998,7.647353689350046,165.35538452128478
6.76,6.76,0.607,0.6077780799999998,12.109410303812032,241.22015438526273
6.76,6.76,0.806,0.6077780799999998,16.614704990908148,317.8200665195378
6.76,6.76,1.0050000000000001,0.6077780799999998,21.006801319031997,392.4953577459166
6.76,6.76,1.2040000000000002,0.6077780799999998,26.454519749763378,485.1185449308734
6.76,6.76,1.4030000000000002,0.6077780799999998,31.768715669937613,575.4715559593361
6.76,6.76,1.6020000000000003,0.6077780799999998,37.08291159011185,665.8245669877988
6.76,6.76,1.8010000000000004,0.6077780799999998,42.39710751028609,756.1775780162616
6.76,6.76,2.0,0.6077780799999998,47.71130343046031,846.5305890447241
6.76,8.45,0.01,0.6077780799999998,0.29362596912418215,40.325850084380754
6.76,8.45,0.20900000000000002,0.6077780799999998,6.136782754695409,139.67235845896175
6.76,8.45,0.40800000000000003,0.6077780799999998,12.874584374409176,254.22979540675723
6.76,8.45,0.607,0.6077780799999998,20.293310196135547,380.3644404323412
6.76,8.45,0.806,0.6077780799999998,27.649358145920164,505.4334238715138
6.76,8.45,1.0050000000000001,0.6077780799999998,34.82058077033331,627.3599705408578
6.76,8.45,1.2040000000000002,0.6077780799999998,43.43957422069716,773.9018033924854
6.76,8.45,1.4030000000000002,0.6077780799999998,51.84731783159131,916.851924654612
6.76,8.45,1.6020000000000003,0.6077780799999998,60.255061442485456,1059.8020459167387
6.76,8.45,1.8010000000000004,0.6077780799999998,68.6628050533796,1202.7521671788654
6.76,8.45,2.0,0.6077780799999998,77.07054866427374,1345.7022884409919
6.76,10.14,0.01,0.6077780799999998,0.447949747163077,42.94969350840061
6.76,10.14,0.20900000000000002,0.6077780799999998,9.362149715708311,194.51068602097666
6.76,10.14,0.40800000000000003,0.6077780799999998,19.704816725058265,370.3587579394232
6.76,10.14,0.607,0.6077780799999998,30.94458234713415,561.4594780603069
6.76,10.14,0.806,0.6077780799999998,41.92080027656166,748.0793081391079
6.76,10.14,1.0050000000000001,0.6077780799999998,52.621233835903034,930.0101977636675
6.76,10.14,1.2040000000000002,0.6077780799999998,65.15055017141572,1143.0361143927555
6.76,10.14,1.4030000000000002,0.6077780799999998,77.37277542027368,1350.8408075750522
6.76,10.14,1.6020000000000003,0.6077780799999998,89.59500066913164,1558.6455007573484
6.76,10.14,1.8010000000000004,0.6077780799999998,101.81722591798959,1766.4501939396448
6.76,10.14,2.0,0.6077780799999998,114.03945116684751,1974.2548871219408
6.76,11.83,0.01,0.6077780799999998,0.6402082066004487,46.21850989507432
6.76,11.83,0.20900000000000002,0.6077780799999998,13.380351517949379,262.82894850245714
6.76,11.83,0.40800000000000003,0.6077780799999998,28.23926075301859,515.4630647740148
6.76,11.83,0.607,0.6077780799999998,44.21001039211778,787.0009116938614
6.76,11.83,0.806,0.6077780799999998,59.60174771375542,1048.6942765714462
6.76,11.83,1.0050000000000001,0.6077780799999998,74.6067579670102,1303.8124312762268
6.76,11.83,1.2040000000000002,0.6077780799999998,91.78803450677039,1595.9318961959775
6.76,11.83,1.4030000000000002,0.6077780799999998,108.5482013274188,1880.8915703088715
6.76,11.83,1.6020000000000003,0.6077780799999998,125.3083681480672,2165.8512444217654
6.76,11.83,1.8010000000000004,0.6077780799999998,142.06853496871562,2450.8109185346593
6.76,11.83,2.0,0.6077780799999998,158.82870178936398,2735.7705926475523
6.76,13.52,0.01,0.6077780799999998,0.8723042474212207,50.16465272664199
6.76,13.52,0.20900000000000002,0.6077780799999998,18.231158771103512,345.30333368222153
6.76,13.52,0.40800000000000003,0.6077780799999998,38.56836397064166,691.0805224204443
6.76,13.52,0.607,0.6077780799999998,60.2204391420783,1059.2133907114153
6.76,13.52,0.806,0.6077780799999998,80.84532412346753,1409.8817680495129
6.76,13.52,1.0050000000000001,0.6077780799999998,100.9519959143696,1751.7393821379094
6.76,13.52,1.2040000000000002,0.6077780799999998,123.52841676536246,2135.5881586553724
6.76,13.52,1.4030000000000002,0.6077780799999998,145.55149396804666,2510.0288769248573
6.76,13.52,1.6020000000000003,0.6077780799999998,167.57457117073088,2884.4695951943436
6.76,13.52,1.8010000000000004,0.6077780799999998,189.59764837341504,3258.910313463829
6.76,13.52,2.0,0.6077780799999998,211.62072557609918,3633.3510317333134
6.76,15.209999999999999,0.01,0.6077780799999998,1.1459620065533582,54.817436120461565
6.76,15.209999999999999,0.20900000000000002,0.6077780799999998,23.950605936965193,442.5465066130507
6.76,15.209999999999999,0.40800000000000003,0.6077780799999998,50.774295331337015,898.6081836906759
6.76,15.209999999999999,0.607,0.6077780799999998,79.09448522142364,1380.1136584423973
6.76,15.209999999999999,0.806,0.6077780799999998,105.78969866458989,1833.9909619646362
6.76,15.209999999999999,1.0050000000000001,0.6077780799999998,131.81417810164643,2276.46431313707
6.76,15.209999999999999,1.2040000000000002,0.6077780799999998,160.52976156109898,2764.692347626922
6.76,15.209999999999999,1.4030000000000002,0.6077780799999998,188.54153170046686,3240.9540087224145
6.76,15.209999999999999,1.6020000000000003,0.6077780799999998,216.55330183983477,3717.215669817907
6.76,15.209999999999999,1.8010000000000004,0.6077780799999998,244.56507197920268,4193.4773309134
6.76,15.209999999999999,2.0,0.6077780799999998,272.57684211857054,4669.738992008892
8.45,0.0,0.01,0.9496532499999998,0.0,41.14619254904177
8.45,0.0,0.20900000000000002,0.9496532499999998,0.0,41.14619254904177
8.45,0.0,0.40800000000000003,0.9496532499999998,0.0,41.14619254904177
8.45,0.0,0.607,0.9496532499999998,0.0,41.14619254904177
8.45,0.0,0.806,0.9496532499999998,0.0,41.14619254904177
8.45,0.0,1.0050000000000001,0.9496532499999998,0.0,41.14619254904177
8.45,0.0,1.2040000000000002,0.9496532499999998,0.0,41.14619254904177
8.45,0.0,1.4030000000000002,0.9496532499999998,0.0,41.14619254904177
8.45,0.0,1.6020000000000003,0.9496532499999998,0.0,41.14619254904177
8.45,0.0,1.8010000000000004,0.9496532499999998,0.0,41.14619254904177
8.45,0.0,2.0,0.9496532499999998,0.0,41.14619254904177
8.45,1.69,0.01,0.9496532499999998,0.007055521878935956,41.2661519287325
8.45,1.69,0.20900000000000002,0.9496532499999998,0.14746040726976148,43.65334358457784
8.45,1.69,0.40800000000000003,0.9496532499999998,0.3007196366277252,46.25908734118735
8.45,1.69,0.607,0.9496532499999998,0.49064640409739957,49.488259839446535
8.45,1.69,0.806,0.9496532499999998,0.7027877843231125,53.09512958136954
8.45,1.69,1.0050000000000001,0.9496532499999998,0.9095989791160185,56.611374455405034
8.45,1.69,1.2040000000000002,0.9496532499999998,1.218781457524712,61.86815615880754
8.45,1.69,1.4030000000000002,0.9496532499999998,1.5203859340116235,66.99609517340113
8.45,1.69,1.6020000000000003,0.9496532499999998,1.8219904104985352,72.12403418799474
8.45,1.69,1.8010000000000004,0.9496532499999998,2.1235948869854466,77.25197320258835
8.45,1.69,2.0,0.9496532499999998,2.4251993634723576,82.37991221718195
8.45,3.38,0.01,0.9496532499999998,0.035148658781867945,41.7437970036494
8.45,3.38,0.20900000000000002,0.9496532499999998,0.73460696854104,53.63612565034113
8.45,3.38,0.40800000000000003,0.9496532499999998,1.5164262763991299,66.9287722908231
8.45,3.38,0.607,0.9496532499999998,2.4366692984617617,82.57492632245028
8.45,3.38,0.806,0.9496532499999998,3.416262578556202,99.23016519006038
8.45,3.38,1.0050000000000001,0.9496532499999998,4.371242962165857,115.4669307192883
8.45,3.38,1.2040000000000002,0.9496532499999998,5.673903012416042,137.61501476710674
8.45,3.38,1.4030000000000002,0.9496532499999998,6.944635120258133,159.22025361767467
8.45,3.38,1.6020000000000003,0.9496532499999998,8.215367228100224,180.82549246824263
8.45,3.38,1.8010000000000004,0.9496532499999998,9.486099335942315,202.43073131881061
8.45,3.38,2.0,0.9496532499999998,10.756831443784403,224.03597016937852
8.45,5.07,0.01,0.9496532499999998,0.0899186299365519,42.67500689543779
8.45,5.07,0.20900000000000002,0.9496532499999998,1.8792993656739352,73.09841238871846
8.45,5.07,0.40800000000000003,0.9496532499999998,3.907192916659888,107.57705998264736
8.45,5.07,0.607,0.9496532499999998,6.224227263223851,146.97173662105715
8.45,5.07,0.806,0.9496532499999998,8.617072718615349,187.6553687392547
8.45,5.07,1.0050000000000001,0.9496532499999998,10.949796428896507,227.31679904543722
8.45,5.07,1.2040000000000002,0.9496532499999998,13.961072686121708,278.5151140804418
8.45,5.07,1.4030000000000002,0.9496532499999998,16.898543152728642,328.45856845282367
8.45,5.07,1.6020000000000003,0.9496532499999998,19.836013619335578,378.4020228252056
8.45,5.07,1.8010000000000004,0.9496532499999998,22.77348408594251,428.3454771975874
8.45,5.07,2.0,0.9496532499999998,25.71095455254944,478.28893156996924
8.45,6.76,0.01,0.9496532499999998,0.17510089761786657,44.12329267316405
8.45,6.76,0.20900000000000002,0.9496532499999998,3.6596087602134117,103.36758514319739
8.45,6.76,0.40800000000000003,0.9496532499999998,7.647353689350046,171.1680138389398
8.45,6.76,0.607,0.9496532499999998,12.109410303812032,247.03278370291775
8.45,6.76,0.806,0.9496532499999998,16.614704990908148,323.63269583719284
8.45,6.76,1.0050000000000001,0.9496532499999998,21.006801319031997,398.3079870635716
8.45,6.76,1.2040000000000002,0.9496532499999998,26.454519749763378,490.9311742485284
8.45,6.76,1.4030000000000002,0.9496532499999998,31.768715669937613,581.2841852769911
8.45,6.76,1.6020000000000003,0.9496532499999998,37.08291159011185,671.6371963054539
8.45,6.76,1.8010000000000004,0.9496532499999998,42.39710751028609,761.9902073339168
8.45,6.76,2.0,0.9496532499999998,47.71130343046031,852.3432183623793
8.45,8.45,0.01,0.9496532499999998,0.29362596912418215,46.1384794020358
8.45,8.45,0.20900000000000002,0.9496532499999998,6.136782754695409,145.48498777661678
8.45,8.45,0.40800000000000003,0.9496532499999998,12.874584374409176,260.0424247244123
8.45,8.45,0.607,0.9496532499999998,20.293310196135547,386.17706974999624
8.45,8.45,0.806,0.9496532499999998,27.649358145920164,511.24605318916883
8.45,8.45,1.0050000000000001,0.9496532499999998,34.82058077033331,633.172599858513
8.45,8.45,1.2040000000000002,0.9496532499999998,43.43957422069716,779.7144327101405
8.45,8.45,1.4030000000000002,0.9496532499999998,51.84731783159131,922.6645539722672
8.45,8.45,1.6020000000000003,0.9496532499999998,60.255061442485456,1065.6146752343939
8.45,8.45,1.8010000000000004,0.9496532499999998,68.6628050533796,1208.5647964965206
8.45,8.45,2.0,0.9496532499999998,77.07054866427374,1351.514917758647
8.45,10.14,0.01,0.9496532499999998,0.447949747163077,48.762322826055644
8.45,10.14,0.20900000000000002,0.9496532499999998,9.362149715708311,200.3233153386317
8.45,10.14,0.40800000000000003,0.9496532499999998,19.704816725058265,376.1713872570782
8.45,10.14,0.607,0.9496532499999998,30.94458234713415,567.2721073779619
8.45,10.14,0.806,0.9496532499999998,41.92080027656166,753.891937456763
8.45,10.14,1.0050000000000001,0.9496532499999998,52.621233835903034,935.8228270813227
8.45,10.14,1.2040000000000002,0.9496532499999998,65.15055017141572,1148.8487437104104
8.45,10.14,1.4030000000000002,0.9496532499999998,77.37277542027368,1356.653436892707
8.45,10.14,1.6020000000000003,0.9496532499999998,89.59500066913164,1564.4581300750035
8.45,10.14,1.8010000000000004,0.9496532499999998,101.81722591798959,1772.2628232573
8.45,10.14,2.0,0.9496532499999998,114.03945116684751,1980.0675164395957
8.45,11.83,0.01,0.9496532499999998,0.6402082066004487,52.03113921272936
8.45,11.83,0.20900000000000002,0.9496532499999998,13.380351517949379,268.64157782011216
8.45,11.83,0.40800000000000003,0.9496532499999998,28.23926075301859,521.2756940916697
8.45,11.83,0.607,0.9496532499999998,44.21001039211778,792.8135410115167
8.45,11.83,0.806,0.9496532499999998,59.60174771375542,1054.506905889101
8.45,11.83,1.0050000000000001,0.9496532499999998,74.6067579670102,1309.6250605938817
8.45,11.83,1.2040000000000002,0.9496532499999998,91.78803450677039,1601.7445255136327
8.45,11.83,1.4030000000000002,0.9496532499999998,108.5482013274188,1886.7041996265264
8.45,11.83,1.6020000000000003,0.9496532499999998,125.3083681480672,2171.6638737394205
8.45,11.83,1.8010000000000004,0.9496532499999998,142.06853496871562,2456.6235478523145
8.45,11.83,2.0,0.9496532499999998,158.82870178936398,2741.5832219652075
8.45,13.52,0.01,0.9496532499999998,0.8723042474212207,55.97728204429703
8.45,13.52,0.20900000000000002,0.9496532499999998,18.231158771103512,351.11596299987656
8.45,13.52,0.40800000000000003,0.9496532499999998,38.56836397064166,696.8931517380994
8.45,13.52,0.607,0.9496532499999998,60.2204391420783,1065.0260200290704
8.45,13.52,0.806,0.9496532499999998,80.84532412346753,1415.694397367168
8.45,13.52,1.0050000000000001,0.9496532499999998,100.9519959143696,1757.5520114555643
8.45,13.52,1.2040000000000002,0.9496532499999998,123.52841676536246,2141.4007879730275
8.45,13.52,1.4030000000000002,0.9496532499999998,145.55149396804666,2515.841506242513
8.45,13.52,1.6020000000000003,0.9496532499999998,167.57457117073088,2890.2822245119987
8.45,13.52,1.8010000000000004,0.9496532499999998,189.59764837341504,3264.722942781484
8.45,13.52,2.0,0.9496532499999998,211.62072557609918,3639.163661050969
8.45,15.209999999999999,0.01,0.9496532499999998,1.1459620065533582,60.6300654381166
8.45,15.209999999999999,0.20900000000000002,0.9496532499999998,23.950605936965193,448.35913593070575
8.45,15.209999999999999,0.40800000000000003,0.9496532499999998,50.774295331337015,904.420813008331
8.45,15.209999999999999,0.607,0.9496532499999998,79.09448522142364,1385.9262877600522
8.45,15.209999999999999,0.806,0.9496532499999998,105.78969866458989,1839.8035912822913
8.45,15.209999999999999,1.0050000000000001,0.9496532499999998,131.81417810164643,2282.2769424547255
8.45,15.209999999999999,1.2040000000000002,0.9496532499999998,160.52976156109898,2770.5049769445773
8.45,15.209999999999999,1.4030000000000002,0.9496532499999998,188.54153170046686,3246.7666380400697
8.45,15.209999999999999,1.6020000000000003,0.9496532499999998,216.55330183983477,3723.0282991355625
8.45,15.209999999999999,1.8010000000000004,0.9496532499999998,244.56507197920268,4199.2899602310545
8.45,15.209999999999999,2.0,0.9496532499999998,272.57684211857054,4675.5516213265455
10.14,0.0,0.01,1.36750068,0.0,48.250517270620165
10.14,0.0,0.20900000000000002,1.36750068,0.0,48.250517270620165
10.14,0.0,0.40800000000000003,1.36750068,0.0,48.250517270620165
10.14,0.0,0.607,1.36750068,0.0,48.250517270620165
10.14,0.0,0.806,1.36750068,0.0,48.250517270620165
10.14,0.0,1.0050000000000001,1.36750068,0.0,48.250517270620165
10.14,0.0,1.2040000000000002,1.36750068,0.0,48.250517270620165
10.14,0.0,1.4030000000000002,1.36750068,0.0,48.250517270620165
10.14,0.0,1.6020000000000003,1.36750068,0.0,48.250517270620165
10.14,0.0,1.8010000000000004,1.36750068,0.0,48.250517270620165
10.14,0.0,2.0,1.36750068,0.0,48.250517270620165
10.14,1.69,0.01,1.36750068,0.007055521878935956,48.370476650310884
10.14,1.69,0.20900000000000002,1.36750068,0.14746040726976148,50.757668306156226
10.14,1.69,0.40800000000000003,1.36750068,0.3007196366277252,53.36341206276575
10.14,1.69,0.607,1.36750068,0.49064640409739957,56.59258456102492
10.14,1.69,0.806,1.36750068,0.7027877843231125,60.199454302947935
10.14,1.69,1.0050000000000001,1.36750068,0.9095989791160185,63.71569917698343
10.14,1.69,1.2040000000000002,1.36750068,1.218781457524712,68.97248088038592
10.14,1.69,1.4030000000000002,1.36750068,1.5203859340116235,74.10041989497952
10.14,1.69,1.6020000000000003,1.36750068,1.8219904104985352,79.22835890957313
10.14,1.69,1.8010000000000004,1.36750068,2.1235948869854466,84.35629792416674
10.14,1.69,2.0,1.36750068,2.4251993634723576,89.48423693876035
10.14,3.38,0.01,1.36750068,0.035148658781867945,48.848121725227784
10.14,3.38,0.20900000000000002,1.36750068,0.73460696854104,60.74045037191952
10.14,3.38,0.40800000000000003,1.36750068,1.5164262763991299,74.0330970124015
10.14,3.38,0.607,1.36750068,2.4366692984617617,89.67925104402867
10.14,3.38,0.806,1.36750068,3.416262578556202,106.33448991163877
10.14,3.38,1.0050000000000001,1.36750068,4.371242962165857,122.5712554408667
10.14,3.38,1.2040000000000002,1.36750068,5.673903012416042,144.71933948868514
10.14,3.38,1.4030000000000002,1.36750068,6.944635120258133,166.32457833925307
10.14,3.38,1.6020000000000003,1.36750068,8.215367228100224,187.92981718982102
10.14,3.38,1.8010000000000004,1.36750068,9.486099335942315,209.535056040389
10.14,3.38,2.0,1.36750068,10.756831443784403,231.1402948909569
10.14,5.07,0.01,1.36750068,0.0899186299365519,49.779331617016176
10.14,5.07,0.20900000000000002,1.36750068,1.8792993656739352,80.20273711029685
10.14,5.07,0.40800000000000003,1.36750068,3.907192916659888,114.68138470422575
10.14,5.07,0.607,1.36750068,6.224227263223851,154.07606134263554
10.14,5.07,0.806,1.36750068,8.617072718615349,194.75969346083312
10.14,5.07,1.0050000000000001,1.36750068,10.949796428896507,234.4211237670156
10.14,5.07,1.2040000000000002,1.36750068,13.961072686121708,285.6194388020202
10.14,5.07,1.4030000000000002,1.36750068,16.898543152728642,335.56289317440206
10.14,5.07,1.6020000000000003,1.36750068,19.836013619335578,385.506347546784
10.14,5.07,1.8010000000000004,1.36750068,22.77348408594251,435.4498019191658
10.14,5.07,2.0,1.36750068,25.71095455254944,485.39325629154763
10.14,6.76,0.01,1.36750068,0.17510089761786657,51.22761739474244
10.14,6.76,0.20900000000000002,1.36750068,3.6596087602134117,110.47190986477577
10.14,6.76,0.40800000000000003,1.36750068,7.647353689350046,178.27233856051822
10.14,6.76,0.607,1.36750068,12.109410303812032,254.13710842449612
10.14,6.76,0.806,1.36750068,16.614704990908148,330.7370205587713
10.14,6.76,1.0050000000000001,1.36750068,21.006801319031997,405.41231178515005
10.14,6.76,1.2040000000000002,1.36750068,26.454519749763378,498.03549897010686
10.14,6.76,1.4030000000000002,1.36750068,31.768715669937613,588.3885099985695
10.14,6.76,1.6020000000000003,1.36750068,37.08291159011185,678.7415210270323
10.14,6.76,1.8010000000000004,1.36750068,42.39710751028609,769.094532055495
10.14,6.76,2.0,1.36750068,47.71130343046031,859.4475430839575
10.14,8.45,0.01,1.36750068,0.29362596912418215,53.24280412361418
10.14,8.45,0.20900000000000002,1.36750068,6.136782754695409,152.58931249819517
10.14,8.45,0.40800000000000003,1.36750068,12.874584374409176,267.1467494459906
10.14,8.45,0.607,1.36750068,20.293310196135547,393.28139447157463
10.14,8.45,0.806,1.36750068,27.649358145920164,518.3503779107473
10.14,8.45,1.0050000000000001,1.36750068,34.82058077033331,640.2769245800913
10.14,8.45,1.2040000000000002,1.36750068,43.43957422069716,786.8187574317187
10.14,8.45,1.4030000000000002,1.36750068,51.84731783159131,929.7688786938454
10.14,8.45,1.6020000000000003,1.36750068,60.255061442485456,1072.718999955972
10.14,8.45,1.8010000000000004,1.36750068,68.6628050533796,1215.6691212180988
10.14,8.45,2.0,1.36750068,77.07054866427374,1358.6192424802252
10.14,10.14,0.01,1.36750068,0.447949747163077,55.86664754763403
10.14,10.14,0.20900000000000002,1.36750068,9.362149715708311,207.42764006021008
10.14,10.14,0.40800000000000003,1.36750068,19.704816725058265,383.2757119786566
10.14,10.14,0.607,1.36750068,30.94458234713415,574.3764320995402
10.14,10.14,0.806,1.36750068,41.92080027656166,760.9962621783412
10.14,10.14,1.0050000000000001,1.36750068,52.621233835903034,942.9271518029009
10.14,10.14,1.2040000000000002,1.36750068,65.15055017141572,1155.9530684319886
10.14,10.14,1.4030000000000002,1.36750068,77.37277542027368,1363.7577616142853
10.14,10.14,1.6020000000000003,1.36750068,89.59500066913164,1571.5624547965817
10.14,10.14,1.8010000000000004,1.36750068,101.81722591798959,1779.3671479788782
10.14,10.14,2.0,1.36750068,114.03945116684751,1987.171841161174
10.14,11.83,0.01,1.36750068,0.6402082066004487,59.13546393430774
10.14,11.83,0.20900000000000002,1.36750068,13.380351517949379,275.7459025416905
10.14,11.83,0.40800000000000003,1.36750068,28.23926075301859,528.3800188132482
10.14,11.83,0.607,1.36750068,44.21001039211778,799.9178657330949
10.14,11.83,0.806,1.36750068,59.60174771375542,1061.6112306106795
10.14,11.83,1.0050000000000001,1.36750068,74.6067579670102,1316.7293853154601
10.14,11.83,1.2040000000000002,1.36750068,91.78803450677039,1608.8488502352109
10.14,11.83,1.4030000000000002,1.36750068,108.5482013274188,1893.8085243481046
10.14,11.83,1.6020000000000003,1.36750068,125.3083681480672,2178.7681984609985
10.14,11.83,1.8010000000000004,1.36750068,142.06853496871562,2463.727872573893
10.14,11.83,2.0,1.36750068,158.82870178936398,2748.687546686786
10.14,13.52,0.01,1.36750068,0.8723042474212207,63.081606765875414
10.14,13.52,0.20900000000000002,1.36750068,18.231158771103512,358.22028772145495
10.14,13.52,0.40800000000000003,1.36750068,38.56836397064166,703.9974764596776
10.14,13.52,0.607,1.36750068,60.2204391420783,1072.1303447506489
10.14,13.52,0.806,1.36750068,80.84532412346753,1422.7987220887462
10.14,13.52,1.0050000000000001,1.36750068,100.9519959143696,1764.6563361771427
10.14,13.52,1.2040000000000002,1.36750068,123.52841676536246,2148.5051126946055
10.14,13.52,1.4030000000000002,1.36750068,145.55149396804666,2522.945830964091
10.14,13.52,1.6020000000000003,1.36750068,167.57457117073088,2897.386549233577
10.14,13.52,1.8010000000000004,1.36750068,189.59764837341504,3271.8272675030626
10.14,13.52,2.0,1.36750068,211.62072557609918,3646.267985772547
10.14,15.209999999999999,0.01,1.36750068,1.1459620065533582,67.73439015969498
10.14,15.209999999999999,0.20900000000000002,1.36750068,23.950605936965193,455.46346065228414
10.14,15.209999999999999,0.40800000000000003,1.36750068,50.774295331337015,911.5251377299094
10.14,15.209999999999999,0.607,1.36750068,79.09448522142364,1393.0306124816307
10.14,15.209999999999999,0.806,1.36750068,105.78969866458989,1846.9079160038696
10.14,15.209999999999999,1.0050000000000001,1.36750068,131.81417810164643,2289.3812671763035
10.14,15.209999999999999,1.2040000000000002,1.36750068,160.52976156109898,2777.6093016661557
10.14,15.209999999999999,1.4030000000000002,1.36750068,188.54153170046686,3253.870962761648
10.14,15.209999999999999,1.6020000000000003,1.36750068,216.55330183983477,3730.1326238571405
10.14,15.209999999999999,1.8010000000000004,1.36750068,244.56507197920268,4206.394284952633
10.14,15.209999999999999,2.0,1.36750068,272.57684211857054,4682.655946048125
11.83,0.0,0.01,1.8613203699999998,0.0,56.646537396121886
11.83,0.0,0.20900000000000002,1.8613203699999998,0.0,56.646537396121886
11.83,0.0,0.40800000000000003,1.8613203699999998,0.0,56.646537396121886
11.83,0.0,0.607,1.8613203699999998,0.0,56.646537396121886
11.83,0.0,0.806,1.8613203699999998,0.0,56.646537396121886
11.83,0.0,1.0050000000000001,1.8613203699999998,0.0,56.646537396121886
11.83,0.0,1.2040000000000002,1.8613203699999998,0.0,56.646537396121886
11.83,0.0,1.4030000000000002,1.8613203699999998,0.0,56.646537396121886
11.83,0.0,1.6020000000000003,1.8613203699999998,0.0,56.646537396121886
11.83,0.0,1.8010000000000004,1.8613203699999998,0.0,56.646537396121886
11.83,0.0,2.0,1.8613203699999998,0.0,56.646537396121886
11.83,1.69,0.01,1.8613203699999998,0.007055521878935956,56.766496775812605
11.83,1.69,0.20900000000000002,1.8613203699999998,0.14746040726976148,59.15368843165795
11.83,1.69,0.40800000000000003,1.8613203699999998,0.3007196366277252,61.75943218826747
11.83,1.69,0.607,1.8613203699999998,0.49064640409739957,64.98860468652666
11.83,1.69,0.806,1.8613203699999998,0.7027877843231125,68.59547442844965
11.83,1.69,1.0050000000000001,1.8613203699999998,0.9095989791160185,72.11171930248514
11.83,1.69,1.2040000000000002,1.8613203699999998,1.218781457524712,77.36850100588765
11.83,1.69,1.4030000000000002,1.8613203699999998,1.5203859340116235,82.49644002048126
11.83,1.69,1.6020000000000003,1.8613203699999998,1.8219904104985352,87.62437903507485
11.83,1.69,1.8010000000000004,1.8613203699999998,2.1235948869854466,92.75231804966846
11.83,1.69,2.0,1.8613203699999998,2.4251993634723576,97.88025706426207
11.83,3.38,0.01,1.8613203699999998,0.035148658781867945,57.244141850729505
11.83,3.38,0.20900000000000002,1.8613203699999998,0.73460696854104,69.13647049742124
11.83,3.38,0.40800000000000003,1.8613203699999998,1.5164262763991299,82.4291171379032
11.83,3.38,0.607,1.8613203699999998,2.4366692984617617,98.0752711695304
11.83,3.38,0.806,1.8613203699999998,3.416262578556202,114.7305100371405
11.83,3.38,1.0050000000000001,1.8613203699999998,4.371242962165857,130.96727556636841
11.83,3.38,1.2040000000000002,1.8613203699999998,5.673903012416042,153.11535961418684
11.83,3.38,1.4030000000000002,1.8613203699999998,6.944635120258133,174.7205984647548
11.83,3.38,1.6020000000000003,1.8613203699999998,8.215367228100224,196.32583731532276
11.83,3.38,1.8010000000000004,1.8613203699999998,9.486099335942315,217.93107616589072
11.83,3.38,2.0,1.8613203699999998,10.756831443784403,239.53631501645862
11.83,5.07,0.01,1.8613203699999998,0.0899186299365519,58.1753517425179
11.83,5.07,0.20900000000000002,1.8613203699999998,1.8792993656739352,88.59875723579856
11.83,5.07,0.40800000000000003,1.8613203699999998,3.907192916659888,123.07740482972748
11.83,5.07,0.607,1.8613203699999998,6.224227263223851,162.47208146813728
11.83,5.07,0.806,1.8613203699999998,8.617072718615349,203.15571358633483
11.83,5.07,1.0050000000000001,1.8613203699999998,10.949796428896507,242.81714389251732
11.83,5.07,1.2040000000000002,1.8613203699999998,13.961072686121708,294.01545892752193
11.83,5.07,1.4030000000000002,1.8613203699999998,16.898543152728642,343.9589132999038
11.83,5.07,1.6020000000000003,1.8613203699999998,19.836013619335578,393.9023676722857
11.83,5.07,1.8010000000000004,1.8613203699999998,22.77348408594251,443.84582204466756
11.83,5.07,2.0,1.8613203699999998,25.71095455254944,493.78927641704934
11.83,6.76,0.01,1.8613203699999998,0.17510089761786657,59.623637520244166
11.83,6.76,0.20900000000000002,1.8613203699999998,3.6596087602134117,118.8679299902775
11.83,6.76,0.40800000000000003,1.8613203699999998,7.647353689350046,186.66835868601993
11.83,6.76,0.607,1.8613203699999998,12.109410303812032,262.53312854999785
11.83,6.76,0.806,1.8613203699999998,16.614704990908148,339.133040684273
11.83,6.76,1.0050000000000001,1.8613203699999998,21.006801319031997,413.80833191065176
11.83,6.76,1.2040000000000002,1.8613203699999998,26.454519749763378,506.43151909560856
11.83,6.76,1.4030000000000002,1.8613203699999998,31.768715669937613,596.7845301240712
11.83,6.76,1.6020000000000003,1.8613203699999998,37.08291159011185,687.137541152534
11.83,6.76,1.8010000000000004,1.8613203699999998,42.39710751028609,777.4905521809968
11.83,6.76,2.0,1.8613203699999998,47.71130343046031,867.8435632094594
11.83,8.45,0.01,1.8613203699999998,0.29362596912418215,61.6388242491159
11.83,8.45,0.20900000000000002,1.8613203699999998,6.136782754695409,160.98533262369688
11.83,8.45,0.40800000000000003,1.8613203699999998,12.874584374409176,275.5427695714924
11.83,8.45,0.607,1.8613203699999998,20.293310196135547,401.6774145970764
11.83,8.45,0.806,1.8613203699999998,27.649358145920164,526.746398036249
11.83,8.45,1.0050000000000001,1.8613203699999998,34.82058077033331,648.6729447055931
11.83,8.45,1.2040000000000002,1.8613203699999998,43.43957422069716,795.2147775572206
11.83,8.45,1.4030000000000002,1.8613203699999998,51.84731783159131,938.1648988193473
11.83,8.45,1.6020000000000003,1.8613203699999998,60.255061442485456,1081.1150200814739
11.83,8.45,1.8010000000000004,1.8613203699999998,68.6628050533796,1224.0651413436005
11.83,8.45,2.0,1.8613203699999998,77.07054866427374,1367.015262605727
11.83,10.14,0.01,1.8613203699999998,0.447949747163077,64.26266767313575
11.83,10.14,0.20900000000000002,1.8613203699999998,9.362149715708311,215.8236601857118
11.83,10.14,0.40800000000000003,1.8613203699999998,19.704816725058265,391.67173210415837
11.83,10.14,0.607,1.8613203699999998,30.94458234713415,582.772452225042
11.83,10.14,0.806,1.8613203699999998,41.92080027656166,769.392282303843
11.83,10.14,1.0050000000000001,1.8613203699999998,52.621233835903034,951.3231719284026
11.83,10.14,1.2040000000000002,1.8613203699999998,65.15055017141572,1164.3490885574906
11.83,10.14,1.4030000000000002,1.8613203699999998,77.37277542027368,1372.153781739787
11.83,10.14,1.6020000000000003,1.8613203699999998,89.59500066913164,1579.9584749220835
11.83,10.14,1.8010000000000004,1.8613203699999998,101.81722591798959,1787.76316810438
11.83,10.14,2.0,1.8613203699999998,114.03945116684751,1995.567861286676
11.83,11.83,0.01,1.8613203699999998,0.6402082066004487,67.53148405980946
11.83,11.83,0.20900000000000002,1.8613203699999998,13.380351517949379,284.14192266719226
11.83,11.83,0.40800000000000003,1.8613203699999998,28.23926075301859,536.7760389387499
11.83,11.83,0.607,1.8613203699999998,44.21001039211778,808.3138858585967
11.83,11.83,0.806,1.8613203699999998,59.60174771375542,1070.0072507361813
11.83,11.83,1.0050000000000001,1.8613203699999998,74.6067579670102,1325.125405440962
11.83,11.83,1.2040000000000002,1.8613203699999998,91.78803450677039,1617.2448703607126
11.83,11.83,1.4030000000000002,1.8613203699999998,108.5482013274188,1902.2045444736066
11.83,11.83,1.6020000000000003,1.8613203699999998,125.3083681480672,2187.1642185865007
11.83,11.83,1.8010000000000004,1.8613203699999998,142.06853496871562,2472.1238926993947
11.83,11.83,2.0,1.8613203699999998,158.82870178936398,2757.0835668122877
11.83,13.52,0.01,1.8613203699999998,0.8723042474212207,71.47762689137713
11.83,13.52,0.20900000000000002,1.8613203699999998,18.231158771103512,366.6163078469567
11.83,13.52,0.40800000000000003,1.8613203699999998,38.56836397064166,712.3934965851795
11.83,13.52,0.607,1.8613203699999998,60.2204391420783,1080.5263648761506
11.83,13.52,0.806,1.8613203699999998,80.84532412346753,1431.194742214248
11.83,13.52,1.0050000000000001,1.8613203699999998,100.9519959143696,1773.0523563026445
11.83,13.52,1.2040000000000002,1.8613203699999998,123.52841676536246,2156.9011328201073
11.83,13.52,1.4030000000000002,1.8613203699999998,145.55149396804666,2531.341851089593
11.83,13.52,1.6020000000000003,1.8613203699999998,167.57457117073088,2905.782569359079
11.83,13.52,1.8010000000000004,1.8613203699999998,189.59764837341504,3280.2232876285643
11.83,13.52,2.0,1.8613203699999998,211.62072557609918,3654.664005898049
11.83,15.209999999999999,0.01,1.8613203699999998,1.1459620065533582,76.13041028519672
11.83,15.209999999999999,0.20900000000000002,1.8613203699999998,23.950605936965193,463.85948077778585
11.83,15.209999999999999,0.40800000000000003,1.8613203699999998,50.774295331337015,919.9211578554111
11.83,15.209999999999999,0.607,1.8613203699999998,79.09448522142364,1401.4266326071324
11.83,15.209999999999999,0.806,1.8613203699999998,105.78969866458989,1855.3039361293713
11.83,15.209999999999999,1.0050000000000001,1.8613203699999998,131.81417810164643,2297.7772873018052
11.83,15.209999999999999,1.2040000000000002,1.8613203699999998,160.52976156109898,2786.0053217916575
11.83,15.209999999999999,1.4030000000000002,1.8613203699999998,188.54153170046686,3262.26698288715
11.83,15.209999999999999,1.6020000000000003,1.8613203699999998,216.55330183983477,3738.5286439826423
11.83,15.209999999999999,1.8010000000000004,1.8613203699999998,244.56507197920268,4214.790305078135
11.83,15.209999999999999,2.0,1.8613203699999998,272.57684211857054,4691.051966173626
13.52,0.0,0.01,2.431112319999999,0.0,66.33425292554693
13.52,0.0,0.20900000000000002,2.431112319999999,0.0,66.33425292554693
13.52,0.0,0.40800000000000003,2.431112319999999,0.0,66.33425292554693
13.52,0.0,0.607,2.431112319999999,0.0,66.33425292554693
13.52,0.0,0.806,2.431112319999999,0.0,66.33425292554693
13.52,0.0,1.0050000000000001,2.431112319999999,0.0,66.33425292554693
13.52,0.0,1.2040000000000002,2.431112319999999,0.0,66.33425292554693
13.52,0.0,1.4030000000000002,2.431112319999999,0.0,66.33425292554693
13.52,0.0,1.6020000000000003,2.431112319999999,0.0,66.33425292554693
13.52,0.0,1.8010000000000004,2.431112319999999,0.0,66.33425292554693
13.52,0.0,2.0,2.431112319999999,0.0,66.33425292554693
13.52,1.69,0.01,2.431112319999999,0.007055521878935956,66.45421230523766
13.52,1.69,0.20900000000000002,2.431112319999999,0.14746040726976148,68.84140396108302
13.52,1.69,0.40800000000000003,2.431112319999999,0.3007196366277252,71.44714771769253
13.52,1.69,0.607,2.431112319999999,0.49064640409739957,74.6763202159517
13.52,1.69,0.806,2.431112319999999,0.7027877843231125,78.28318995787471
13.52,1.69,1.0050000000000001,2.431112319999999,0.9095989791160185,81.7994348319102
13.52,1.69,1.2040000000000002,2.431112319999999,1.218781457524712,87.0562165353127
13.52,1.69,1.4030000000000002,2.431112319999999,1.5203859340116235,92.18415554990631
13.52,1.69,1.6020000000000003,2.431112319999999,1.8219904104985352,97.31209456449992
13.52,1.69,1.8010000000000004,2.431112319999999,2.1235948869854466,102.44003357909352
13.52,1.69,2.0,2.431112319999999,2.4251993634723576,107.56797259368712
13.52,3.38,0.01,2.431112319999999,0.035148658781867945,66.93185738015457
13.52,3.38,0.20900000000000002,2.431112319999999,0.73460696854104,78.82418602684629
13.52,3.38,0.40800000000000003,2.431112319999999,1.5164262763991299,92.11683266732827
13.52,3.38,0.607,2.431112319999999,2.4366692984617617,107.76298669895544
13.52,3.38,0.806,2.431112319999999,3.416262578556202,124.41822556656555
13.52,3.38,1.0050000000000001,2.431112319999999,4.371242962165857,140.65499109579346
13.52,3.38,1.2040000000000002,2.431112319999999,5.673903012416042,162.8030751436119
13.52,3.38,1.4030000000000002,2.431112319999999,6.944635120258133,184.40831399417985
13.52,3.38,1.6020000000000003,2.431112319999999,8.215367228100224,206.0135528447478
13.52,3.38,1.8010000000000004,2.431112319999999,9.486099335942315,227.6187916953158
13.52,3.38,2.0,2.431112319999999,10.756831443784403,249.22403054588366
13.52,5.07,0.01,2.431112319999999,0.0899186299365519,67.86306727194295
13.52,5.07,0.20900000000000002,2.431112319999999,1.8792993656739352,98.28647276522362
13.52,5.07,0.40800000000000003,2.431112319999999,3.907192916659888,132.76512035915255
13.52,5.07,0.607,2.431112319999999,6.224227263223851,172.15979699756232
13.52,5.07,0.806,2.431112319999999,8.617072718615349,212.8434291157599
13.52,5.07,1.0050000000000001,2.431112319999999,10.949796428896507,252.50485942194237
13.52,5.07,1.2040000000000002,2.431112319999999,13.961072686121708,303.703174456947
13.52,5.07,1.4030000000000002,2.431112319999999,16.898543152728642,353.64662882932885
13.52,5.07,1.6020000000000003,2.431112319999999,19.836013619335578,403.5900832017108
13.52,5.07,1.8010000000000004,2.431112319999999,22.77348408594251,453.5335375740926
13.52,5.07,2.0,2.431112319999999,25.71095455254944,503.4769919464744
13.52,6.76,0.01,2.431112319999999,0.17510089761786657,69.31135304966921
13.52,6.76,0.20900000000000002,2.431112319999999,3.6596087602134117,128.55564551970255
13.52,6.76,0.40800000000000003,2.431112319999999,7.647353689350046,196.356074215445
13.52,6.76,0.607,2.431112319999999,12.109410303812032,272.22084407942293
13.52,6.76,0.806,2.431112319999999,16.614704990908148,348.8207562136981
13.52,6.76,1.0050000000000001,2.431112319999999,21.006801319031997,423.49604744007684
13.52,6.76,1.2040000000000002,2.431112319999999,26.454519749763378,516.1192346250336
13.52,6.76,1.4030000000000002,2.431112319999999,31.768715669937613,606.4722456534963
13.52,6.76,1.6020000000000003,2.431112319999999,37.08291159011185,696.8252566819591
13.52,6.76,1.8010000000000004,2.431112319999999,42.39710751028609,787.1782677104219
13.52,6.76,2.0,2.431112319999999,47.71130343046031,877.5312787388843
13.52,8.45,0.01,2.431112319999999,0.29362596912418215,71.32653977854096
13.52,8.45,0.20900000000000002,2.431112319999999,6.136782754695409,170.67304815312193
13.52,8.45,0.40800000000000003,2.431112319999999,12.874584374409176,285.23048510091746
13.52,8.45,0.607,2.431112319999999,20.293310196135547,411.3651301265014
13.52,8.45,0.806,2.431112319999999,27.649358145920164,536.434113565674
13.52,8.45,1.0050000000000001,2.431112319999999,34.82058077033331,658.3606602350181
13.52,8.45,1.2040000000000002,2.431112319999999,43.43957422069716,804.9024930866456
13.52,8.45,1.4030000000000002,2.431112319999999,51.84731783159131,947.8526143487722
13.52,8.45,1.6020000000000003,2.431112319999999,60.255061442485456,1090.802735610899
13.52,8.45,1.8010000000000004,2.431112319999999,68.6628050533796,1233.7528568730256
13.52,8.45,2.0,2.431112319999999,77.07054866427374,1376.702978135152
13.52,10.14,0.01,2.431112319999999,0.447949747163077,73.95038320256081
13.52,10.14,0.20900000000000002,2.431112319999999,9.362149715708311,225.51137571513686
13.52,10.14,0.40800000000000003,2.431112319999999,19.704816725058265,401.3594476335834
13.52,10.14,0.607,2.431112319999999,30.94458234713415,592.4601677544671
13.52,10.14,0.806,2.431112319999999,41.92080027656166,779.0799978332681
13.52,10.14,1.0050000000000001,2.431112319999999,52.621233835903034,961.0108874578277
13.52,10.14,1.2040000000000002,2.431112319999999,65.15055017141572,1174.0368040869155
13.52,10.14,1.4030000000000002,2.431112319999999,77.37277542027368,1381.8414972692121
13.52,10.14,1.6020000000000003,2.431112319999999,89.59500066913164,1589.6461904515086
13.52,10.14,1.8010000000000004,2.431112319999999,101.81722591798959,1797.450883633805
13.52,10.14,2.0,2.431112319999999,114.03945116684751,2005.2555768161008
13.52,11.83,0.01,2.431112319999999,0.6402082066004487,77.21919958923452
13.52,11.83,0.20900000000000002,2.431112319999999,13.380351517949379,293.8296381966173
13.52,11.83,0.40800000000000003,2.431112319999999,28.23926075301859,546.463754468175
13.52,11.83,0.607,2.431112319999999,44.21001039211778,818.0016013880218
13.52,11.83,0.806,2.431112319999999,59.60174771375542,1079.6949662656064
13.52,11.83,1.0050000000000001,2.431112319999999,74.6067579670102,1334.813120970387
13.52,11.83,1.2040000000000002,2.431112319999999,91.78803450677039,1626.9325858901377
13.52,11.83,1.4030000000000002,2.431112319999999,108.5482013274188,1911.8922600030314
13.52,11.83,1.6020000000000003,2.431112319999999,125.3083681480672,2196.8519341159254
13.52,11.83,1.8010000000000004,2.431112319999999,142.06853496871562,2481.8116082288193
13.52,11.83,2.0,2.431112319999999,158.82870178936398,2766.7712823417123
13.52,13.52,0.01,2.431112319999999,0.8723042474212207,81.16534242080219
13.52,13.52,0.20900000000000002,2.431112319999999,18.231158771103512,376.30402337638174
13.52,13.52,0.40800000000000003,2.431112319999999,38.56836397064166,722.0812121146045
13.52,13.52,0.607,2.431112319999999,60.2204391420783,1090.2140804055757
13.52,13.52,0.806,2.431112319999999,80.84532412346753,1440.882457743673
13.52,13.52,1.0050000000000001,2.431112319999999,100.9519959143696,1782.7400718320696
13.52,13.52,1.2040000000000002,2.431112319999999,123.52841676536246,2166.5888483495323
13.52,13.52,1.4030000000000002,2.431112319999999,145.55149396804666,2541.0295666190177
13.52,13.52,1.6020000000000003,2.431112319999999,167.57457117073088,2915.4702848885036
13.52,13.52,1.8010000000000004,2.431112319999999,189.59764837341504,3289.9110031579894
13.52,13.52,2.0,2.431112319999999,211.62072557609918,3664.351721427474
13.52,15.209999999999999,0.01,2.431112319999999,1.1459620065533582,85.81812581462177
13.52,15.209999999999999,0.20900000000000002,2.431112319999999,23.950605936965193,473.5471963072109
13.52,15.209999999999999,0.40800000000000003,2.431112319999999,50.774295331337015,929.6088733848362
13.52,15.209999999999999,0.607,2.431112319999999,79.09448522142364,1411.1143481365575
13.52,15.209999999999999,0.806,2.431112319999999,105.78969866458989,1864.9916516587964
13.52,15.209999999999999,1.0050000000000001,2.431112319999999,131.81417810164643,2307.4650028312303
13.52,15.209999999999999,1.2040000000000002,2.431112319999999,160.52976156109898,2795.693037321082
13.52,15.209999999999999,1.4030000000000002,2.431112319999999,188.54153170046686,3271.9546984165745
13.52,15.209999999999999,1.6020000000000003,2.431112319999999,216.55330183983477,3748.2163595120674
13.52,15.209999999999999,1.8010000000000004,2.431112319999999,244.56507197920268,4224.478020607559
13.52,15.209999999999999,2.0,2.431112319999999,272.57684211857054,4700.739681703051
15.209999999999999,0.0,0.01,3.0768765299999994,0.0,77.31366385889535
15.209999999999999,0.0,0.20900000000000002,3.0768765299999994,0.0,77.31366385889535
15.209999999999999,0.0,0.40800000000000003,3.0768765299999994,0.0,77.31366385889535
15.209999999999999,0.0,0.607,3.0768765299999994,0.0,77.31366385889535
15.209999999999999,0.0,0.806,3.0768765299999994,0.0,77.31366385889535
15.209999999999999,0.0,1.0050000000000001,3.0768765299999994,0.0,77.31366385889535
15.209999999999999,0.0,1.2040000000000002,3.0768765299999994,0.0,77.31366385889535
15.209999999999999,0.0,1.4030000000000002,3.0768765299999994,0.0,77.31366385889535
15.209999999999999,0.0,1.6020000000000003,3.0768765299999994,0.0,77.31366385889535
15.209999999999999,0.0,1.8010000000000004,3.0768765299999994,0.0,77.31366385889535
15.209999999999999,0.0,2.0,3.0768765299999994,0.0,77.31366385889535
15.209999999999999,1.69,0.01,3.0768765299999994,0.007055521878935956,77.43362323858608
15.209999999999999,1.69,0.20900000000000002,3.0768765299999994,0.14746040726976148,79.82081489443142
15.209999999999999,1.69,0.40800000000000003,3.0768765299999994,0.3007196366277252,82.42655865104095
15.209999999999999,1.69,0.607,3.0768765299999994,0.49064640409739957,85.65573114930012
15.209999999999999,1.69,0.806,3.0768765299999994,0.7027877843231125,89.26260089122313
15.209999999999999,1.69,1.0050000000000001,3.0768765299999994,0.9095989791160185,92.77884576525862
15.209999999999999,1.69,1.2040000000000002,3.0768765299999994,1.218781457524712,98.03562746866112
15.209999999999999,1.69,1.4030000000000002,3.0768765299999994,1.5203859340116235,103.16356648325471
15.209999999999999,1.69,1.6020000000000003,3.0768765299999994,1.8219904104985352,108.29150549784833
15.209999999999999,1.69,1.8010000000000004,3.0768765299999994,2.1235948869854466,113.41944451244194
15.209999999999999,1.69,2.0,3.0768765299999994,2.4251993634723576,118.54738352703554
15.209999999999999,3.38,0.01,3.0768765299999994,0.035148658781867945,77.91126831350297
15.209999999999999,3.38,0.20900000000000002,3.0768765299999994,0.73460696854104,89.80359696019471
15.209999999999999,3.38,0.40800000000000003,3.0768765299999994,1.5164262763991299,103.09624360067669
15.209999999999999,3.38,0.607,3.0768765299999994,2.4366692984617617,118.74239763230388
15.209999999999999,3.38,0.806,3.0768765299999994,3.416262578556202,135.39763649991397
15.209999999999999,3.38,1.0050000000000001,3.0768765299999994,4.371242962165857,151.63440202914188
15.209999999999999,3.38,1.2040000000000002,3.0768765299999994,5.673903012416042,173.7824860769603
15.209999999999999,3.38,1.4030000000000002,3.0768765299999994,6.944635120258133,195.3877249275283
15.209999999999999,3.38,1.6020000000000003,3.0768765299999994,8.215367228100224,216.99296377809623
15.209999999999999,3.38,1.8010000000000004,3.0768765299999994,9.486099335942315,238.59820262866418
15.209999999999999,3.38,2.0,3.0768765299999994,10.756831443784403,260.2034414792321
15.209999999999999,5.07,0.01,3.0768765299999994,0.0899186299365519,78.84247820529137
15.209999999999999,5.07,0.20900000000000002,3.0768765299999994,1.8792993656739352,109.26588369857204
15.209999999999999,5.07,0.40800000000000003,3.0768765299999994,3.907192916659888,143.74453129250094
15.209999999999999,5.07,0.607,3.0768765299999994,6.224227263223851,183.13920793091074
15.209999999999999,5.07,0.806,3.0768765299999994,8.617072718615349,223.8228400491083
15.209999999999999,5.07,1.0050000000000001,3.0768765299999994,10.949796428896507,263.48427035529085
15.209999999999999,5.07,1.2040000000000002,3.0768765299999994,13.961072686121708,314.68258539029534
15.209999999999999,5.07,1.4030000000000002,3.0768765299999994,16.898543152728642,364.6260397626773
15.209999999999999,5.07,1.6020000000000003,3.0768765299999994,19.836013619335578,414.5694941350592
15.209999999999999,5.07,1.8010000000000004,3.0768765299999994,22.77348408594251,464.512948507441
15.209999999999999,5.07,2.0,3.0768765299999994,25.71095455254944,514.4564028798228
15.209999999999999,6.76,0.01,3.0768765299999994,0.17510089761786657,80.29076398301763
15.209999999999999,6.76,0.20900000000000002,3.0768765299999994,3.6596087602134117,139.53505645305097
15.209999999999999,6.76,0.40800000000000003,3.0768765299999994,7.647353689350046,207.3354851487934
15.209999999999999,6.76,0.607,3.0768765299999994,12.109410303812032,283.2002550127713
15.209999999999999,6.76,0.806,3.0768765299999994,16.614704990908148,359.80016714704647
15.209999999999999,6.76,1.0050000000000001,3.0768765299999994,21.006801319031997,434.4754583734252
15.209999999999999,6.76,1.2040000000000002,3.0768765299999994,26.454519749763378,527.098645558382
15.209999999999999,6.76,1.4030000000000002,3.0768765299999994,31.768715669937613,617.4516565868448
15.209999999999999,6.76,1.6020000000000003,3.0768765299999994,37.08291159011185,707.8046676153075
15.209999999999999,6.76,1.8010000000000004,3.0768765299999994,42.39710751028609,798.1576786437703
15.209999999999999,6.76,2.0,3.0768765299999994,47.71130343046031,888.5106896722328
15.209999999999999,8.45,0.01,3.0768765299999994,0.29362596912418215,82.30595071188938
15.209999999999999,8.45,0.20900000000000002,3.0768765299999994,6.136782754695409,181.65245908647034
15.209999999999999,8.45,0.40800000000000003,3.0768765299999994,12.874584374409176,296.20989603426585
15.209999999999999,8.45,0.607,3.0768765299999994,20.293310196135547,422.3445410598498
15.209999999999999,8.45,0.806,3.0768765299999994,27.649358145920164,547.4135244990224
15.209999999999999,8.45,1.0050000000000001,3.0768765299999994,34.82058077033331,669.3400711683665
15.209999999999999,8.45,1.2040000000000002,3.0768765299999994,43.43957422069716,815.8819040199941
15.209999999999999,8.45,1.4030000000000002,3.0768765299999994,51.84731783159131,958.8320252821208
15.209999999999999,8.45,1.6020000000000003,3.0768765299999994,60.255061442485456,1101.7821465442473
15.209999999999999,8.45,1.8010000000000004,3.0768765299999994,68.6628050533796,1244.732267806374
15.209999999999999,8.45,2.0,3.0768765299999994,77.07054866427374,1387.6823890685005
15.209999999999999,10.14,0.01,3.0768765299999994,0.447949747163077,84.92979413590922
15.209999999999999,10.14,0.20900000000000002,3.0768765299999994,9.362149715708311,236.49078664848528
15.209999999999999,10.14,0.40800000000000003,3.0768765299999994,19.704816725058265,412.3388585669318
15.209999999999999,10.14,0.607,3.0768765299999994,30.94458234713415,603.4395786878155
15.209999999999999,10.14,0.806,3.0768765299999994,41.92080027656166,790.0594087666166
15.209999999999999,10.14,1.0050000000000001,3.0768765299999994,52.621233835903034,971.9902983911762
15.209999999999999,10.14,1.2040000000000002,3.0768765299999994,65.15055017141572,1185.0162150202639
15.209999999999999,10.14,1.4030000000000002,3.0768765299999994,77.37277542027368,1392.8209082025605
15.209999999999999,10.14,1.6020000000000003,3.0768765299999994,89.59500066913164,1600.625601384857
15.209999999999999,10.14,1.8010000000000004,3.0768765299999994,101.81722591798959,1808.4302945671532
15.209999999999999,10.14,2.0,3.0768765299999994,114.03945116684751,2016.2349877494491
15.209999999999999,11.83,0.01,3.0768765299999994,0.6402082066004487,88.19861052258292
15.209999999999999,11.83,0.20900000000000002,3.0768765299999994,13.380351517949379,304.80904912996573
15.209999999999999,11.83,0.40800000000000003,3.0768765299999994,28.23926075301859,557.4431654015234
15.209999999999999,11.83,0.607,3.0768765299999994,44.21001039211778,828.9810123213701
15.209999999999999,11.83,0.806,3.0768765299999994,59.60174771375542,1090.6743771989547
15.209999999999999,11.83,1.0050000000000001,3.0768765299999994,74.6067579670102,1345.7925319037352
15.209999999999999,11.83,1.2040000000000002,3.0768765299999994,91.78803450677039,1637.911996823486
15.209999999999999,11.83,1.4030000000000002,3.0768765299999994,108.5482013274188,1922.8716709363798
15.209999999999999,11.83,1.6020000000000003,3.0768765299999994,125.3083681480672,2207.8313450492738
15.209999999999999,11.83,1.8010000000000004,3.0768765299999994,142.06853496871562,2492.791019162168
15.209999999999999,11.83,2.0,3.0768765299999994,158.82870178936398,2777.750693275061
15.209999999999999,13.52,0.01,3.0768765299999994,0.8723042474212207,92.14475335415061
15.209999999999999,13.52,0.20900000000000002,3.0768765299999994,18.231158771103512,387.2834343097301
15.209999999999999,13.52,0.40800000000000003,3.0768765299999994,38.56836397064166,733.060623047953
15.209999999999999,13.52,0.607,3.0768765299999994,60.2204391420783,1101.193491338924
15.209999999999999,13.52,0.806,3.0768765299999994,80.84532412346753,1451.8618686770214
15.209999999999999,13.52,1.0050000000000001,3.0768765299999994,100.9519959143696,1793.7194827654178
15.209999999999999,13.52,1.2040000000000002,3.0768765299999994,123.52841676536246,2177.5682592828807
15.209999999999999,13.52,1.4030000000000002,3.0768765299999994,145.55149396804666,2552.0089775523666
15.209999999999999,13.52,1.6020000000000003,3.0768765299999994,167.57457117073088,2926.4496958218524
15.209999999999999,13.52,1.8010000000000004,3.0768765299999994,189.59764837341504,3300.890414091338
15.209999999999999,13.52,2.0,3.0768765299999994,211.62072557609918,3675.3311323608227
15.209999999999999,15.209999999999999,0.01,3.0768765299999994,1.1459620065533582,96.79753674797018
15.209999999999999,15.209999999999999,0.20900000000000002,3.0768765299999994,23.950605936965193,484.5266072405594
15.209999999999999,15.209999999999999,0.40800000000000003,3.0768765299999994,50.774295331337015,940.5882843181846
15.209999999999999,15.209999999999999,0.607,3.0768765299999994,79.09448522142364,1422.0937590699057
15.209999999999999,15.209999999999999,0.806,3.0768765299999994,105.78969866458989,1875.9710625921448
15.209999999999999,15.209999999999999,1.0050000000000001,3.0768765299999994,131.81417810164643,2318.444413764579
15.209999999999999,15.209999999999999,1.2040000000000002,3.0768765299999994,160.52976156109898,2806.672448254431
15.209999999999999,15.209999999999999,1.4030000000000002,3.0768765299999994,188.54153170046686,3282.9341093499233
15.209999999999999,15.209999999999999,1.6020000000000003,3.0768765299999994,216.55330183983477,3759.195770445416
15.209999999999999,15.209999999999999,1.8010000000000004,3.0768765299999994,244.56507197920268,4235.457431540908
15.209999999999999,15.209999999999999,2.0,3.0768765299999994,272.57684211857054,4711.7190926364
