0.0,1.06,0.01,0.0,0.0008577812624908702,25.02301108294327
0.0,1.06,0.20900000000000002,0.0,0.017054764245775546,25.45751593302216
0.0,1.06,0.40800000000000003,0.0,0.03016414334189839,25.809191847275244
0.0,1.06,0.607,0.0,0.039772616537144305,26.06695146889712
0.0,1.06,0.806,0.0,0.048085712474921154,26.289960933552535
0.0,1.06,1.0050000000000001,0.0,0.05618993665546743,26.507367145327162
0.0,1.06,1.2040000000000002,0.0,0.06929135195451139,26.858829420505646
0.0,1.06,1.4030000000000002,0.0,0.08207165413348073,27.201677424233676
0.0,1.06,1.6020000000000003,0.0,0.09485195631245007,27.54452542796171
0.0,1.06,1.8010000000000004,0.0,0.10763225849141941,27.88737343168974
0.0,1.06,2.0,0.0,0.12041256067038873,28.230221435417768
0.0,2.12,0.01,0.0,0.0035885416099137903,25.09626723296719
0.0,2.12,0.20900000000000002,0.0,0.0699080248006085,26.875372460824803
0.0,2.12,0.40800000000000003,0.0,0.12625754767634972,28.387020711268036
0.0,2.12,0.607,0.0,0.17670874843045387,29.740438902951333
0.0,2.12,0.806,0.0,0.2262651883754295,31.069853987906164
0.0,2.12,1.0050000000000001,0.0,0.2745764916383705,32.36586668379177
0.0,2.12,1.2040000000000002,0.0,0.34515532053989406,34.259234325299374
0.0,2.12,1.4030000000000002,0.0,0.4140042761840273,36.10619589716218
0.0,2.12,1.6020000000000003,0.0,0.4828532318281605,37.95315746902498
0.0,2.12,1.8010000000000004,0.0,0.5517021874722936,39.80011904088778
0.0,2.12,2.0,0.0,0.6205511431164267,41.647080612750585
0.0,3.18,0.01,0.0,0.008288890762276591,25.22236012976615
0.0,3.18,0.20900000000000002,0.0,0.15956879013119396,29.28063753013615
0.0,3.18,0.40800000000000003,0.0,0.29177695974489254,32.82729130982392
0.0,3.18,0.607,0.0,0.4236286828235784,36.36438295387096
0.0,3.18,0.806,0.0,0.5608142268825618,40.04456118927785
0.0,3.18,1.0050000000000001,0.0,0.694552897975239,43.6322726348504
0.0,3.18,1.2040000000000002,0.0,0.8832054496025057,48.69311938306271
0.0,3.18,1.4030000000000002,0.0,1.0672341641800844,53.62992576979923
0.0,3.18,1.6020000000000003,0.0,1.2512628787576632,58.56673215653574
0.0,3.18,1.8010000000000004,0.0,1.4352915933352417,63.503538543272256
0.0,3.18,2.0,0.0,1.61932030791282,68.44034493000876
0.0,4.24,0.01,0.0,0.01501272113206101,25.40273550645168
0.0,4.24,0.20900000000000002,0.0,0.2865913563013593,32.688180844058394
0.0,4.24,0.40800000000000003,0.0,0.5286933334686321,39.182877010710584
0.0,4.24,0.607,0.0,0.7885042521944662,46.15263825614315
0.0,4.24,0.806,0.0,1.0686411144251151,53.667669015310835
0.0,4.24,1.0050000000000001,0.0,1.341739362026853,60.993879906157716
0.0,4.24,1.2040000000000002,0.0,1.7204239055622643,71.15257865800888
0.0,4.24,1.4030000000000002,0.0,2.089826965187494,81.06228969535387
0.0,4.24,1.6020000000000003,0.0,2.4592300248127237,90.97200073269886
0.0,4.24,1.8010000000000004,0.0,2.828633084437953,100.88171177004385
0.0,4.24,2.0,0.0,3.198036144063182,110.79142280738883
0.0,5.300000000000001,0.01,0.0,0.023798581188133515,25.638427475160768
0.0,5.300000000000001,0.20900000000000002,0.0,0.451369090064921,37.108554970472206
0.0,5.300000000000001,0.40800000000000003,0.0,0.8384242786275187,47.49180701514059
0.0,5.300000000000001,0.607,0.0,1.2773890156170318,59.267599298949605
0.0,5.300000000000001,0.806,0.0,1.7628091412535951,72.28961698784019
0.0,5.300000000000001,1.0050000000000001,0.0,2.2360327813214003,84.98444830263804
0.0,5.300000000000001,1.2040000000000002,0.0,2.885895509591749,102.41784979539592
0.0,5.300000000000001,1.4030000000000002,0.0,3.519830229816255,119.42396203588031
0.0,5.300000000000001,1.6020000000000003,0.0,4.153764950040761,136.43007427636468
0.0,5.300000000000001,1.8010000000000004,0.0,4.787699670265269,153.4361865168491
0.0,5.300000000000001,2.0,0.0,5.421634390489773,170.44229875733342
0.0,6.36,0.01,0.0,0.03467670687289719,25.930247153842622
0.0,6.36,0.20900000000000002,0.0,0.654208813093515,42.549990794387
0.0,6.36,0.40800000000000003,0.0,1.2220861514563908,57.78402901145525
0.0,6.36,0.607,0.0,1.8952424227721127,75.84230968320475
0.0,6.36,0.806,0.0,2.654148560771272,96.20094055017412
0.0,6.36,1.0050000000000001,0.0,3.393986705353366,116.04804802852617
0.0,6.36,1.2040000000000002,0.0,4.404041276819874,143.14405785946045
0.0,6.36,1.4030000000000002,0.0,5.389339608789654,169.57594980238161
0.0,6.36,1.6020000000000003,0.0,6.374637940759433,196.00784174530278
0.0,6.36,1.8010000000000004,0.0,7.359936272729213,222.43973368822395
0.0,6.36,2.0,0.0,8.34523460469899,248.87162563114506
0.0,7.42,0.01,0.0,0.04767206352629335,26.27886426977297
0.0,7.42,0.20900000000000002,0.0,0.8953627604356061,49.019254844608255
0.0,7.42,0.40800000000000003,0.0,1.6806036109260631,70.08434816293112
0.0,7.42,0.607,0.0,2.646303435372153,95.9904849956482
0.0,7.42,0.806,0.0,3.752000421535492,125.65222531490348
0.0,7.42,1.0050000000000001,0.0,4.829916076388193,154.56869577689102
0.0,7.42,1.2040000000000002,0.0,6.296134367699223,193.90188267388896
0.0,7.42,1.4030000000000002,0.0,7.726415936184003,232.27102087243105
0.0,7.42,1.6020000000000003,0.0,9.156697504668783,270.64015907097314
0.0,7.42,1.8010000000000004,0.0,10.586979073153561,309.0092972695153
0.0,7.42,2.0,0.0,12.017260641638337,347.3784354680573
0.0,8.48,0.01,0.0,0.0628059586006711,26.684850422699625
0.0,8.48,0.20900000000000002,0.0,1.175045439700221,56.52210156297225
0.0,8.48,0.40800000000000003,0.0,2.2147678945572045,84.4139904312581
0.0,8.48,0.607,0.0,3.5342955676544126,119.81201328315244
0.0,8.48,0.806,0.0,5.064629915093139,160.86519564993415
0.0,8.48,1.0050000000000001,0.0,6.556513650787172,200.8868910225756
0.0,8.48,1.2040000000000002,0.0,8.581152190356848,255.20041756066863
0.0,8.48,1.4030000000000002,0.0,10.55616723630962,308.182730213024
0.0,8.48,1.6020000000000003,0.0,12.53118228226239,361.16504286537946
0.0,8.48,1.8010000000000004,0.0,14.506197328215162,414.14735551773487
0.0,8.48,2.0,0.0,16.481212374167928,467.12966817009016
0.0,9.540000000000001,0.01,0.0,0.08009700499803757,27.148704927600225
0.0,9.540000000000001,0.20900000000000002,0.0,1.4934436621048612,65.06354240007676
0.0,9.540000000000001,0.40800000000000003,0.0,2.82527172151729,100.7915388968976
0.0,9.540000000000001,0.607,0.0,4.562552826249877,147.3963335512936
0.0,9.540000000000001,0.806,0.0,6.599482748794523,202.03959220815918
0.0,9.540000000000001,1.0050000000000001,0.0,8.58523352755664,255.30990466761608
0.0,9.540000000000001,1.2040000000000002,0.0,11.276309713835575,327.50147615205344
0.0,9.540000000000001,1.4030000000000002,0.0,13.901428150450808,397.92364637461725
0.0,9.540000000000001,1.6020000000000003,0.0,16.52654658706604,468.34581659718106
0.0,9.540000000000001,1.8010000000000004,0.0,19.15166502368128,538.7679868197449
0.0,9.540000000000001,2.0,0.0,21.776783460296507,609.1901570423086
1.06,0.0,0.01,0.008427000000000002,0.0,25.22606508726925
1.06,0.0,0.20900000000000002,0.008427000000000002,0.0,25.22606508726925
1.06,0.0,0.40800000000000003,0.008427000000000002,0.0,25.22606508726925
1.06,0.0,0.607,0.008427000000000002,0.0,25.22606508726925
1.06,0.0,0.806,0.008427000000000002,0.0,25.22606508726925
1.06,0.0,1.0050000000000001,0.008427000000000002,0.0,25.22606508726925
1.06,0.0,1.2040000000000002,0.008427000000000002,0.0,25.22606508726925
1.06,0.0,1.4030000000000002,0.008427000000000002,0.0,25.22606508726925
1.06,0.0,1.6020000000000003,0.008427000000000002,0.0,25.22606508726925
1.06,0.0,1.8010000000000004,0.008427000000000002,0.0,25.22606508726925
1.06,0.0,2.0,0.008427000000000002,0.0,25.22606508726925
1.06,1.06,0.01,0.008427000000000002,0.0008577812624908702,25.249076170212522
1.06,1.06,0.20900000000000002,0.008427000000000002,0.017054764245775546,25.683581020291417
1.06,1.06,0.40800000000000003,0.008427000000000002,0.03016414334189839,26.035256934544496
1.06,1.06,0.607,0.008427000000000002,0.039772616537144305,26.29301655616637
1.06,1.06,0.806,0.008427000000000002,0.048085712474921154,26.516026020821787
1.06,1.06,1.0050000000000001,0.008427000000000002,0.05618993665546743,26.733432232596414
1.06,1.06,1.2040000000000002,0.008427000000000002,0.06929135195451139,27.084894507774898
1.06,1.06,1.4030000000000002,0.008427000000000002,0.08207165413348073,27.427742511502927
1.06,1.06,1.6020000000000003,0.008427000000000002,0.09485195631245007,27.77059051523096
1.06,1.06,1.8010000000000004,0.008427000000000002,0.10763225849141941,28.11343851895899
1.06,1.06,2.0,0.008427000000000002,0.12041256067038873,28.45628652268702
1.06,2.12,0.01,0.008427000000000002,0.0035885416099137903,25.32233232023644
1.06,2.12,0.20900000000000002,0.008427000000000002,0.0699080248006085,27.101437548094054
1.06,2.12,0.40800000000000003,0.008427000000000002,0.12625754767634972,28.61308579853729
1.06,2.12,0.607,0.008427000000000002,0.17670874843045387,29.96650399022058
1.06,2.12,0.806,0.008427000000000002,0.2262651883754295,31.295919075175412
1.06,2.12,1.0050000000000001,0.008427000000000002,0.2745764916383705,32.59193177106103
1.06,2.12,1.2040000000000002,0.008427000000000002,0.34515532053989406,34.48529941256862
1.06,2.12,1.4030000000000002,0.008427000000000002,0.4140042761840273,36.33226098443143
1.06,2.12,1.6020000000000003,0.008427000000000002,0.4828532318281605,38.179222556294235
1.06,2.12,1.8010000000000004,0.008427000000000002,0.5517021874722936,40.026184128157034
1.06,2.12,2.0,0.008427000000000002,0.6205511431164267,41.87314570001983
1.06,3.18,0.01,0.008427000000000002,0.008288890762276591,25.448425217035403
1.06,3.18,0.20900000000000002,0.008427000000000002,0.15956879013119396,29.506702617405402
1.06,3.18,0.40800000000000003,0.008427000000000002,0.29177695974489254,33.053356397093175
1.06,3.18,0.607,0.008427000000000002,0.4236286828235784,36.590448041140206
1.06,3.18,0.806,0.008427000000000002,0.5608142268825618,40.270626276547105
1.06,3.18,1.0050000000000001,0.008427000000000002,0.694552897975239,43.85833772211966
1.06,3.18,1.2040000000000002,0.008427000000000002,0.8832054496025057,48.91918447033196
1.06,3.18,1.4030000000000002,0.008427000000000002,1.0672341641800844,53.85599085706848
1.06,3.18,1.6020000000000003,0.008427000000000002,1.2512628787576632,58.79279724380499
1.06,3.18,1.8010000000000004,0.008427000000000002,1.4352915933352417,63.729603630541504
1.06,3.18,2.0,0.008427000000000002,1.61932030791282,68.666410017278
1.06,4.24,0.01,0.008427000000000002,0.01501272113206101,25.628800593720932
1.06,4.24,0.20900000000000002,0.008427000000000002,0.2865913563013593,32.91424593132765
1.06,4.24,0.40800000000000003,0.008427000000000002,0.5286933334686321,39.40894209797984
1.06,4.24,0.607,0.008427000000000002,0.7885042521944662,46.378703343412404
1.06,4.24,0.806,0.008427000000000002,1.0686411144251151,53.89373410258008
1.06,4.24,1.0050000000000001,0.008427000000000002,1.341739362026853,61.21994499342697
1.06,4.24,1.2040000000000002,0.008427000000000002,1.7204239055622643,71.37864374527811
1.06,4.24,1.4030000000000002,0.008427000000000002,2.089826965187494,81.28835478262312
1.06,4.24,1.6020000000000003,0.008427000000000002,2.4592300248127237,91.19806581996812
1.06,4.24,1.8010000000000004,0.008427000000000002,2.828633084437953,101.10777685731311
1.06,4.24,2.0,0.008427000000000002,3.198036144063182,111.01748789465807
1.06,5.300000000000001,0.01,0.008427000000000002,0.023798581188133515,25.86449256243002
1.06,5.300000000000001,0.20900000000000002,0.008427000000000002,0.451369090064921,37.33462005774146
1.06,5.300000000000001,0.40800000000000003,0.008427000000000002,0.8384242786275187,47.71787210240984
1.06,5.300000000000001,0.607,0.008427000000000002,1.2773890156170318,59.49366438621885
1.06,5.300000000000001,0.806,0.008427000000000002,1.7628091412535951,72.51568207510944
1.06,5.300000000000001,1.0050000000000001,0.008427000000000002,2.2360327813214003,85.2105133899073
1.06,5.300000000000001,1.2040000000000002,0.008427000000000002,2.885895509591749,102.64391488266517
1.06,5.300000000000001,1.4030000000000002,0.008427000000000002,3.519830229816255,119.65002712314956
1.06,5.300000000000001,1.6020000000000003,0.008427000000000002,4.153764950040761,136.65613936363394
1.06,5.300000000000001,1.8010000000000004,0.008427000000000002,4.787699670265269,153.66225160411835
1.06,5.300000000000001,2.0,0.008427000000000002,5.421634390489773,170.66836384460268
1.06,6.36,0.01,0.008427000000000002,0.03467670687289719,26.156312241111873
1.06,6.36,0.20900000000000002,0.008427000000000002,0.654208813093515,42.77605588165626
1.06,6.36,0.40800000000000003,0.008427000000000002,1.2220861514563908,58.0100940987245
1.06,6.36,0.607,0.008427000000000002,1.8952424227721127,76.06837477047401
1.06,6.36,0.806,0.008427000000000002,2.654148560771272,96.42700563744337
1.06,6.36,1.0050000000000001,0.008427000000000002,3.393986705353366,116.27411311579542
1.06,6.36,1.2040000000000002,0.008427000000000002,4.404041276819874,143.37012294672968
1.06,6.36,1.4030000000000002,0.008427000000000002,5.389339608789654,169.80201488965085
1.06,6.36,1.6020000000000003,0.008427000000000002,6.374637940759433,196.23390683257202
1.06,6.36,1.8010000000000004,0.008427000000000002,7.359936272729213,222.66579877549322
1.06,6.36,2.0,0.008427000000000002,8.34523460469899,249.0976907184143
1.06,7.42,0.01,0.008427000000000002,0.04767206352629335,26.504929357042222
1.06,7.42,0.20900000000000002,0.008427000000000002,0.8953627604356061,49.2453199318775
1.06,7.42,0.40800000000000003,0.008427000000000002,1.6806036109260631,70.31041325020038
1.06,7.42,0.607,0.008427000000000002,2.646303435372153,96.21655008291745
1.06,7.42,0.806,0.008427000000000002,3.752000421535492,125.87829040217272
1.06,7.42,1.0050000000000001,0.008427000000000002,4.829916076388193,154.79476086416025
1.06,7.42,1.2040000000000002,0.008427000000000002,6.296134367699223,194.1279477611582
1.06,7.42,1.4030000000000002,0.008427000000000002,7.726415936184003,232.4970859597003
1.06,7.42,1.6020000000000003,0.008427000000000002,9.156697504668783,270.8662241582424
1.06,7.42,1.8010000000000004,0.008427000000000002,10.586979073153561,309.23536235678455
1.06,7.42,2.0,0.008427000000000002,12.017260641638337,347.6045005553265
1.06,8.48,0.01,0.008427000000000002,0.0628059586006711,26.910915509968877
1.06,8.48,0.20900000000000002,0.008427000000000002,1.175045439700221,56.7481666502415
1.06,8.48,0.40800000000000003,0.008427000000000002,2.2147678945572045,84.64005551852736
1.06,8.48,0.607,0.008427000000000002,3.5342955676544126,120.03807837042169
1.06,8.48,0.806,0.008427000000000002,5.064629915093139,161.0912607372034
1.06,8.48,1.0050000000000001,0.008427000000000002,6.556513650787172,201.11295610984484
1.06,8.48,1.2040000000000002,0.008427000000000002,8.581152190356848,255.42648264793786
1.06,8.48,1.4030000000000002,0.008427000000000002,10.55616723630962,308.40879530029326
1.06,8.48,1.6020000000000003,0.008427000000000002,12.53118228226239,361.3911079526487
1.06,8.48,1.8010000000000004,0.008427000000000002,14.506197328215162,414.3734206050041
1.06,8.48,2.0,0.008427000000000002,16.481212374167928,467.3557332573594
1.06,9.540000000000001,0.01,0.008427000000000002,0.08009700499803757,27.374770014869476
1.06,9.540000000000001,0.20900000000000002,0.008427000000000002,1.4934436621048612,65.28960748734602
1.06,9.540000000000001,0.40800000000000003,0.008427000000000002,2.82527172151729,101.01760398416687
1.06,9.540000000000001,0.607,0.008427000000000002,4.562552826249877,147.62239863856283
1.06,9.540000000000001,0.806,0.008427000000000002,6.599482748794523,202.2656572954284
1.06,9.540000000000001,1.0050000000000001,0.008427000000000002,8.58523352755664,255.53596975488531
1.06,9.540000000000001,1.2040000000000002,0.008427000000000002,11.276309713835575,327.72754123932265
1.06,9.540000000000001,1.4030000000000002,0.008427000000000002,13.901428150450808,398.1497114618865
1.06,9.540000000000001,1.6020000000000003,0.008427000000000002,16.52654658706604,468.57188168445026
1.06,9.540000000000001,1.8010000000000004,0.008427000000000002,19.15166502368128,538.9940519070142
1.06,9.540000000000001,2.0,0.008427000000000002,21.776783460296507,609.4162221295778
2.12,0.0,0.01,0.03370800000000001,0.0,25.90426034907701
2.12,0.0,0.20900000000000002,0.03370800000000001,0.0,25.90426034907701
2.12,0.0,0.40800000000000003,0.03370800000000001,0.0,25.90426034907701
2.12,0.0,0.607,0.03370800000000001,0.0,25.90426034907701
2.12,0.0,0.806,0.03370800000000001,0.0,25.90426034907701
2.12,0.0,1.0050000000000001,0.03370800000000001,0.0,25.90426034907701
2.12,0.0,1.2040000000000002,0.03370800000000001,0.0,25.90426034907701
2.12,0.0,1.4030000000000002,0.03370800000000001,0.0,25.90426034907701
2.12,0.0,1.6020000000000003,0.03370800000000001,0.0,25.90426034907701
2.12,0.0,1.8010000000000004,0.03370800000000001,0.0,25.90426034907701
2.12,0.0,2.0,0.03370800000000001,0.0,25.90426034907701
2.12,1.06,0.01,0.03370800000000001,0.0008577812624908702,25.927271432020277
2.12,1.06,0.20900000000000002,0.03370800000000001,0.017054764245775546,26.36177628209917
2.12,1.06,0.40800000000000003,0.03370800000000001,0.03016414334189839,26.713452196352254
2.12,1.06,0.607,0.03370800000000001,0.039772616537144305,26.971211817974126
2.12,1.06,0.806,0.03370800000000001,0.048085712474921154,27.19422128262954
2.12,1.06,1.0050000000000001,0.03370800000000001,0.05618993665546743,27.411627494404172
2.12,1.06,1.2040000000000002,0.03370800000000001,0.06929135195451139,27.763089769582653
2.12,1.06,1.4030000000000002,0.03370800000000001,0.08207165413348073,28.105937773310686
2.12,1.06,1.6020000000000003,0.03370800000000001,0.09485195631245007,28.448785777038715
2.12,1.06,1.8010000000000004,0.03370800000000001,0.10763225849141941,28.791633780766748
2.12,1.06,2.0,0.03370800000000001,0.12041256067038873,29.134481784494778
2.12,2.12,0.01,0.03370800000000001,0.0035885416099137903,26.0005275820442
2.12,2.12,0.20900000000000002,0.03370800000000001,0.0699080248006085,27.77963280990181
2.12,2.12,0.40800000000000003,0.03370800000000001,0.12625754767634972,29.291281060345046
2.12,2.12,0.607,0.03370800000000001,0.17670874843045387,30.64469925202834
2.12,2.12,0.806,0.03370800000000001,0.2262651883754295,31.97411433698317
2.12,2.12,1.0050000000000001,0.03370800000000001,0.2745764916383705,33.270127032868785
2.12,2.12,1.2040000000000002,0.03370800000000001,0.34515532053989406,35.16349467437638
2.12,2.12,1.4030000000000002,0.03370800000000001,0.4140042761840273,37.01045624623919
2.12,2.12,1.6020000000000003,0.03370800000000001,0.4828532318281605,38.857417818101986
2.12,2.12,1.8010000000000004,0.03370800000000001,0.5517021874722936,40.704379389964785
2.12,2.12,2.0,0.03370800000000001,0.6205511431164267,42.55134096182759
2.12,3.18,0.01,0.03370800000000001,0.008288890762276591,26.126620478843158
2.12,3.18,0.20900000000000002,0.03370800000000001,0.15956879013119396,30.184897879213157
2.12,3.18,0.40800000000000003,0.03370800000000001,0.29177695974489254,33.731551658900926
2.12,3.18,0.607,0.03370800000000001,0.4236286828235784,37.268643302947964
2.12,3.18,0.806,0.03370800000000001,0.5608142268825618,40.94882153835486
2.12,3.18,1.0050000000000001,0.03370800000000001,0.694552897975239,44.536532983927415
2.12,3.18,1.2040000000000002,0.03370800000000001,0.8832054496025057,49.597379732139714
2.12,3.18,1.4030000000000002,0.03370800000000001,1.0672341641800844,54.534186118876235
2.12,3.18,1.6020000000000003,0.03370800000000001,1.2512628787576632,59.470992505612756
2.12,3.18,1.8010000000000004,0.03370800000000001,1.4352915933352417,64.40779889234926
2.12,3.18,2.0,0.03370800000000001,1.61932030791282,69.34460527908577
2.12,4.24,0.01,0.03370800000000001,0.01501272113206101,26.30699585552869
2.12,4.24,0.20900000000000002,0.03370800000000001,0.2865913563013593,33.5924411931354
2.12,4.24,0.40800000000000003,0.03370800000000001,0.5286933334686321,40.08713735978759
2.12,4.24,0.607,0.03370800000000001,0.7885042521944662,47.056898605220155
2.12,4.24,0.806,0.03370800000000001,1.0686411144251151,54.57192936438785
2.12,4.24,1.0050000000000001,0.03370800000000001,1.341739362026853,61.89814025523473
2.12,4.24,1.2040000000000002,0.03370800000000001,1.7204239055622643,72.05683900708588
2.12,4.24,1.4030000000000002,0.03370800000000001,2.089826965187494,81.96655004443087
2.12,4.24,1.6020000000000003,0.03370800000000001,2.4592300248127237,91.87626108177587
2.12,4.24,1.8010000000000004,0.03370800000000001,2.828633084437953,101.78597211912086
2.12,4.24,2.0,0.03370800000000001,3.198036144063182,111.69568315646583
2.12,5.300000000000001,0.01,0.03370800000000001,0.023798581188133515,26.542687824237774
2.12,5.300000000000001,0.20900000000000002,0.03370800000000001,0.451369090064921,38.01281531954921
2.12,5.300000000000001,0.40800000000000003,0.03370800000000001,0.8384242786275187,48.39606736421759
2.12,5.300000000000001,0.607,0.03370800000000001,1.2773890156170318,60.17185964802661
2.12,5.300000000000001,0.806,0.03370800000000001,1.7628091412535951,73.1938773369172
2.12,5.300000000000001,1.0050000000000001,0.03370800000000001,2.2360327813214003,85.88870865171506
2.12,5.300000000000001,1.2040000000000002,0.03370800000000001,2.885895509591749,103.32211014447293
2.12,5.300000000000001,1.4030000000000002,0.03370800000000001,3.519830229816255,120.32822238495731
2.12,5.300000000000001,1.6020000000000003,0.03370800000000001,4.153764950040761,137.33433462544167
2.12,5.300000000000001,1.8010000000000004,0.03370800000000001,4.787699670265269,154.34044686592608
2.12,5.300000000000001,2.0,0.03370800000000001,5.421634390489773,171.34655910641044
2.12,6.36,0.01,0.03370800000000001,0.03467670687289719,26.83450750291963
2.12,6.36,0.20900000000000002,0.03370800000000001,0.654208813093515,43.45425114346401
2.12,6.36,0.40800000000000003,0.03370800000000001,1.2220861514563908,58.68828936053226
2.12,6.36,0.607,0.03370800000000001,1.8952424227721127,76.74657003228177
2.12,6.36,0.806,0.03370800000000001,2.654148560771272,97.10520089925113
2.12,6.36,1.0050000000000001,0.03370800000000001,3.393986705353366,116.95230837760317
2.12,6.36,1.2040000000000002,0.03370800000000001,4.404041276819874,144.04831820853744
2.12,6.36,1.4030000000000002,0.03370800000000001,5.389339608789654,170.4802101514586
2.12,6.36,1.6020000000000003,0.03370800000000001,6.374637940759433,196.91210209437978
2.12,6.36,1.8010000000000004,0.03370800000000001,7.359936272729213,223.34399403730094
2.12,6.36,2.0,0.03370800000000001,8.34523460469899,249.77588598022209
2.12,7.42,0.01,0.03370800000000001,0.04767206352629335,27.18312461884998
2.12,7.42,0.20900000000000002,0.03370800000000001,0.8953627604356061,49.92351519368526
2.12,7.42,0.40800000000000003,0.03370800000000001,1.6806036109260631,70.98860851200814
2.12,7.42,0.607,0.03370800000000001,2.646303435372153,96.89474534472521
2.12,7.42,0.806,0.03370800000000001,3.752000421535492,126.55648566398048
2.12,7.42,1.0050000000000001,0.03370800000000001,4.829916076388193,155.472956125968
2.12,7.42,1.2040000000000002,0.03370800000000001,6.296134367699223,194.80614302296595
2.12,7.42,1.4030000000000002,0.03370800000000001,7.726415936184003,233.17528122150807
2.12,7.42,1.6020000000000003,0.03370800000000001,9.156697504668783,271.5444194200502
2.12,7.42,1.8010000000000004,0.03370800000000001,10.586979073153561,309.9135576185923
2.12,7.42,2.0,0.03370800000000001,12.017260641638337,348.2826958171343
2.12,8.48,0.01,0.03370800000000001,0.0628059586006711,27.589110771776635
2.12,8.48,0.20900000000000002,0.03370800000000001,1.175045439700221,57.42636191204926
2.12,8.48,0.40800000000000003,0.03370800000000001,2.2147678945572045,85.31825078033512
2.12,8.48,0.607,0.03370800000000001,3.5342955676544126,120.71627363222944
2.12,8.48,0.806,0.03370800000000001,5.064629915093139,161.76945599901117
2.12,8.48,1.0050000000000001,0.03370800000000001,6.556513650787172,201.7911513716526
2.12,8.48,1.2040000000000002,0.03370800000000001,8.581152190356848,256.10467790974565
2.12,8.48,1.4030000000000002,0.03370800000000001,10.55616723630962,309.08699056210105
2.12,8.48,1.6020000000000003,0.03370800000000001,12.53118228226239,362.0693032144565
2.12,8.48,1.8010000000000004,0.03370800000000001,14.506197328215162,415.05161586681186
2.12,8.48,2.0,0.03370800000000001,16.481212374167928,468.03392851916715
2.12,9.540000000000001,0.01,0.03370800000000001,0.08009700499803757,28.05296527667723
2.12,9.540000000000001,0.20900000000000002,0.03370800000000001,1.4934436621048612,65.96780274915378
2.12,9.540000000000001,0.40800000000000003,0.03370800000000001,2.82527172151729,101.69579924597461
2.12,9.540000000000001,0.607,0.03370800000000001,4.562552826249877,148.3005939003706
2.12,9.540000000000001,0.806,0.03370800000000001,6.599482748794523,202.94385255723617
2.12,9.540000000000001,1.0050000000000001,0.03370800000000001,8.58523352755664,256.2141650166931
2.12,9.540000000000001,1.2040000000000002,0.03370800000000001,11.276309713835575,328.40573650113043
2.12,9.540000000000001,1.4030000000000002,0.03370800000000001,13.901428150450808,398.8279067236943
2.12,9.540000000000001,1.6020000000000003,0.03370800000000001,16.52654658706604,469.250076946258
2.12,9.540000000000001,1.8010000000000004,0.03370800000000001,19.15166502368128,539.672247168822
2.12,9.540000000000001,2.0,0.03370800000000001,21.776783460296507,610.0944173913856
3.18,0.0,0.01,0.07584300000000001,0.0,27.034585785423268
3.18,0.0,0.20900000000000002,0.07584300000000001,0.0,27.034585785423268
3.18,0.0,0.40800000000000003,0.07584300000000001,0.0,27.034585785423268
3.18,0.0,0.607,0.07584300000000001,0.0,27.034585785423268
3.18,0.0,0.806,0.07584300000000001,0.0,27.034585785423268
3.18,0.0,1.0050000000000001,0.07584300000000001,0.0,27.034585785423268
3.18,0.0,1.2040000000000002,0.07584300000000001,0.0,27.034585785423268
3.18,0.0,1.4030000000000002,0.07584300000000001,0.0,27.034585785423268
3.18,0.0,1.6020000000000003,0.07584300000000001,0.0,27.034585785423268
3.18,0.0,1.8010000000000004,0.07584300000000001,0.0,27.034585785423268
3.18,0.0,2.0,0.07584300000000001,0.0,27.034585785423268
3.18,1.06,0.01,0.07584300000000001,0.0008577812624908702,27.057596868366538
3.18,1.06,0.20900000000000002,0.07584300000000001,0.017054764245775546,27.492101718445433
3.18,1.06,0.40800000000000003,0.07584300000000001,0.03016414334189839,27.843777632698515
3.18,1.06,0.607,0.07584300000000001,0.039772616537144305,28.101537254320387
3.18,1.06,0.806,0.07584300000000001,0.048085712474921154,28.324546718975803
3.18,1.06,1.0050000000000001,0.07584300000000001,0.05618993665546743,28.54195293075043
3.18,1.06,1.2040000000000002,0.07584300000000001,0.06929135195451139,28.893415205928914
3.18,1.06,1.4030000000000002,0.07584300000000001,0.08207165413348073,29.236263209656947
3.18,1.06,1.6020000000000003,0.07584300000000001,0.09485195631245007,29.579111213384977
3.18,1.06,1.8010000000000004,0.07584300000000001,0.10763225849141941,29.921959217113006
3.18,1.06,2.0,0.07584300000000001,0.12041256067038873,30.264807220841035
3.18,2.12,0.01,0.07584300000000001,0.0035885416099137903,27.130853018390457
3.18,2.12,0.20900000000000002,0.07584300000000001,0.0699080248006085,28.90995824624807
3.18,2.12,0.40800000000000003,0.07584300000000001,0.12625754767634972,30.421606496691307
3.18,2.12,0.607,0.07584300000000001,0.17670874843045387,31.7750246883746
3.18,2.12,0.806,0.07584300000000001,0.2262651883754295,33.10443977332943
3.18,2.12,1.0050000000000001,0.07584300000000001,0.2745764916383705,34.40045246921505
3.18,2.12,1.2040000000000002,0.07584300000000001,0.34515532053989406,36.29382011072264
3.18,2.12,1.4030000000000002,0.07584300000000001,0.4140042761840273,38.14078168258545
3.18,2.12,1.6020000000000003,0.07584300000000001,0.4828532318281605,39.98774325444825
3.18,2.12,1.8010000000000004,0.07584300000000001,0.5517021874722936,41.834704826311054
3.18,2.12,2.0,0.07584300000000001,0.6205511431164267,43.681666398173846
3.18,3.18,0.01,0.07584300000000001,0.008288890762276591,27.25694591518942
3.18,3.18,0.20900000000000002,0.07584300000000001,0.15956879013119396,31.315223315559418
3.18,3.18,0.40800000000000003,0.07584300000000001,0.29177695974489254,34.861877095247195
3.18,3.18,0.607,0.07584300000000001,0.4236286828235784,38.398968739294226
3.18,3.18,0.806,0.07584300000000001,0.5608142268825618,42.07914697470112
3.18,3.18,1.0050000000000001,0.07584300000000001,0.694552897975239,45.66685842027367
3.18,3.18,1.2040000000000002,0.07584300000000001,0.8832054496025057,50.72770516848598
3.18,3.18,1.4030000000000002,0.07584300000000001,1.0672341641800844,55.6645115552225
3.18,3.18,1.6020000000000003,0.07584300000000001,1.2512628787576632,60.60131794195902
3.18,3.18,1.8010000000000004,0.07584300000000001,1.4352915933352417,65.53812432869552
3.18,3.18,2.0,0.07584300000000001,1.61932030791282,70.47493071543204
3.18,4.24,0.01,0.07584300000000001,0.01501272113206101,27.43732129187495
3.18,4.24,0.20900000000000002,0.07584300000000001,0.2865913563013593,34.72276662948167
3.18,4.24,0.40800000000000003,0.07584300000000001,0.5286933334686321,41.21746279613385
3.18,4.24,0.607,0.07584300000000001,0.7885042521944662,48.187224041566424
3.18,4.24,0.806,0.07584300000000001,1.0686411144251151,55.70225480073411
3.18,4.24,1.0050000000000001,0.07584300000000001,1.341739362026853,63.02846569158099
3.18,4.24,1.2040000000000002,0.07584300000000001,1.7204239055622643,73.18716444343215
3.18,4.24,1.4030000000000002,0.07584300000000001,2.089826965187494,83.09687548077713
3.18,4.24,1.6020000000000003,0.07584300000000001,2.4592300248127237,93.00658651812212
3.18,4.24,1.8010000000000004,0.07584300000000001,2.828633084437953,102.91629755546711
3.18,4.24,2.0,0.07584300000000001,3.198036144063182,112.82600859281209
3.18,5.300000000000001,0.01,0.07584300000000001,0.023798581188133515,27.673013260584035
3.18,5.300000000000001,0.20900000000000002,0.07584300000000001,0.451369090064921,39.14314075589547
3.18,5.300000000000001,0.40800000000000003,0.07584300000000001,0.8384242786275187,49.526392800563855
3.18,5.300000000000001,0.607,0.07584300000000001,1.2773890156170318,61.30218508437287
3.18,5.300000000000001,0.806,0.07584300000000001,1.7628091412535951,74.32420277326347
3.18,5.300000000000001,1.0050000000000001,0.07584300000000001,2.2360327813214003,87.01903408806132
3.18,5.300000000000001,1.2040000000000002,0.07584300000000001,2.885895509591749,104.45243558081918
3.18,5.300000000000001,1.4030000000000002,0.07584300000000001,3.519830229816255,121.45854782130357
3.18,5.300000000000001,1.6020000000000003,0.07584300000000001,4.153764950040761,138.46466006178795
3.18,5.300000000000001,1.8010000000000004,0.07584300000000001,4.787699670265269,155.47077230227237
3.18,5.300000000000001,2.0,0.07584300000000001,5.421634390489773,172.4768845427567
3.18,6.36,0.01,0.07584300000000001,0.03467670687289719,27.96483293926589
3.18,6.36,0.20900000000000002,0.07584300000000001,0.654208813093515,44.584576579810275
3.18,6.36,0.40800000000000003,0.07584300000000001,1.2220861514563908,59.81861479687852
3.18,6.36,0.607,0.07584300000000001,1.8952424227721127,77.87689546862802
3.18,6.36,0.806,0.07584300000000001,2.654148560771272,98.23552633559738
3.18,6.36,1.0050000000000001,0.07584300000000001,3.393986705353366,118.08263381394943
3.18,6.36,1.2040000000000002,0.07584300000000001,4.404041276819874,145.17864364488372
3.18,6.36,1.4030000000000002,0.07584300000000001,5.389339608789654,171.6105355878049
3.18,6.36,1.6020000000000003,0.07584300000000001,6.374637940759433,198.04242753072606
3.18,6.36,1.8010000000000004,0.07584300000000001,7.359936272729213,224.47431947364723
3.18,6.36,2.0,0.07584300000000001,8.34523460469899,250.90621141656834
3.18,7.42,0.01,0.07584300000000001,0.04767206352629335,28.313450055196242
3.18,7.42,0.20900000000000002,0.07584300000000001,0.8953627604356061,51.053840630031516
3.18,7.42,0.40800000000000003,0.07584300000000001,1.6806036109260631,72.1189339483544
3.18,7.42,0.607,0.07584300000000001,2.646303435372153,98.02507078107146
3.18,7.42,0.806,0.07584300000000001,3.752000421535492,127.68681110032674
3.18,7.42,1.0050000000000001,0.07584300000000001,4.829916076388193,156.60328156231427
3.18,7.42,1.2040000000000002,0.07584300000000001,6.296134367699223,195.9364684593122
3.18,7.42,1.4030000000000002,0.07584300000000001,7.726415936184003,234.30560665785433
3.18,7.42,1.6020000000000003,0.07584300000000001,9.156697504668783,272.6747448563965
3.18,7.42,1.8010000000000004,0.07584300000000001,10.586979073153561,311.0438830549386
3.18,7.42,2.0,0.07584300000000001,12.017260641638337,349.41302125348057
3.18,8.48,0.01,0.07584300000000001,0.0628059586006711,28.719436208122893
3.18,8.48,0.20900000000000002,0.07584300000000001,1.175045439700221,58.55668734839552
3.18,8.48,0.40800000000000003,0.07584300000000001,2.2147678945572045,86.44857621668137
3.18,8.48,0.607,0.07584300000000001,3.5342955676544126,121.8465990685757
3.18,8.48,0.806,0.07584300000000001,5.064629915093139,162.89978143535743
3.18,8.48,1.0050000000000001,0.07584300000000001,6.556513650787172,202.92147680799886
3.18,8.48,1.2040000000000002,0.07584300000000001,8.581152190356848,257.2350033460919
3.18,8.48,1.4030000000000002,0.07584300000000001,10.55616723630962,310.2173159984473
3.18,8.48,1.6020000000000003,0.07584300000000001,12.53118228226239,363.19962865080277
3.18,8.48,1.8010000000000004,0.07584300000000001,14.506197328215162,416.18194130315817
3.18,8.48,2.0,0.07584300000000001,16.481212374167928,469.16425395551346
3.18,9.540000000000001,0.01,0.07584300000000001,0.08009700499803757,29.183290713023492
3.18,9.540000000000001,0.20900000000000002,0.07584300000000001,1.4934436621048612,67.09812818550003
3.18,9.540000000000001,0.40800000000000003,0.07584300000000001,2.82527172151729,102.82612468232087
3.18,9.540000000000001,0.607,0.07584300000000001,4.562552826249877,149.43091933671684
3.18,9.540000000000001,0.806,0.07584300000000001,6.599482748794523,204.07417799358245
3.18,9.540000000000001,1.0050000000000001,0.07584300000000001,8.58523352755664,257.3444904530394
3.18,9.540000000000001,1.2040000000000002,0.07584300000000001,11.276309713835575,329.5360619374767
3.18,9.540000000000001,1.4030000000000002,0.07584300000000001,13.901428150450808,399.95823216004055
3.18,9.540000000000001,1.6020000000000003,0.07584300000000001,16.52654658706604,470.3804023826043
3.18,9.540000000000001,1.8010000000000004,0.07584300000000001,19.15166502368128,540.8025726051683
3.18,9.540000000000001,2.0,0.07584300000000001,21.776783460296507,611.2247428277319
4.24,0.0,0.01,0.13483200000000004,0.0,28.617041396308032
4.24,0.0,0.20900000000000002,0.13483200000000004,0.0,28.617041396308032
4.24,0.0,0.40800000000000003,0.13483200000000004,0.0,28.617041396308032
4.24,0.0,0.607,0.13483200000000004,0.0,28.617041396308032
4.24,0.0,0.806,0.13483200000000004,0.0,28.617041396308032
4.24,0.0,1.0050000000000001,0.13483200000000004,0.0,28.617041396308032
4.24,0.0,1.2040000000000002,0.13483200000000004,0.0,28.617041396308032
4.24,0.0,1.4030000000000002,0.13483200000000004,0.0,28.617041396308032
4.24,0.0,1.6020000000000003,0.13483200000000004,0.0,28.617041396308032
4.24,0.0,1.8010000000000004,0.13483200000000004,0.0,28.617041396308032
4.24,0.0,2.0,0.13483200000000004,0.0,28.617041396308032
4.24,1.06,0.01,0.13483200000000004,0.0008577812624908702,28.640052479251302
4.24,1.06,0.20900000000000002,0.13483200000000004,0.017054764245775546,29.074557329330197
4.24,1.06,0.40800000000000003,0.13483200000000004,0.03016414334189839,29.42623324358328
4.24,1.06,0.607,0.13483200000000004,0.039772616537144305,29.683992865205152
4.24,1.06,0.806,0.13483200000000004,0.048085712474921154,29.907002329860568
4.24,1.06,1.0050000000000001,0.13483200000000004,0.05618993665546743,30.124408541635198
4.24,1.06,1.2040000000000002,0.13483200000000004,0.06929135195451139,30.47587081681368
4.24,1.06,1.4030000000000002,0.13483200000000004,0.08207165413348073,30.81871882054171
4.24,1.06,1.6020000000000003,0.13483200000000004,0.09485195631245007,31.16156682426974
4.24,1.06,1.8010000000000004,0.13483200000000004,0.10763225849141941,31.50441482799777
4.24,1.06,2.0,0.13483200000000004,0.12041256067038873,31.847262831725804
4.24,2.12,0.01,0.13483200000000004,0.0035885416099137903,28.71330862927522
4.24,2.12,0.20900000000000002,0.13483200000000004,0.0699080248006085,30.492413857132835
4.24,2.12,0.40800000000000003,0.13483200000000004,0.12625754767634972,32.004062107576075
4.24,2.12,0.607,0.13483200000000004,0.17670874843045387,33.357480299259365
4.24,2.12,0.806,0.13483200000000004,0.2262651883754295,34.686895384214196
4.24,2.12,1.0050000000000001,0.13483200000000004,0.2745764916383705,35.982908080099804
4.24,2.12,1.2040000000000002,0.13483200000000004,0.34515532053989406,37.876275721607406
4.24,2.12,1.4030000000000002,0.13483200000000004,0.4140042761840273,39.723237293470206
4.24,2.12,1.6020000000000003,0.13483200000000004,0.4828532318281605,41.57019886533301
4.24,2.12,1.8010000000000004,0.13483200000000004,0.5517021874722936,43.41716043719582
4.24,2.12,2.0,0.13483200000000004,0.6205511431164267,45.26412200905861
4.24,3.18,0.01,0.13483200000000004,0.008288890762276591,28.839401526074184
4.24,3.18,0.20900000000000002,0.13483200000000004,0.15956879013119396,32.897678926444186
4.24,3.18,0.40800000000000003,0.13483200000000004,0.29177695974489254,36.44433270613195
4.24,3.18,0.607,0.13483200000000004,0.4236286828235784,39.98142435017899
4.24,3.18,0.806,0.13483200000000004,0.5608142268825618,43.66160258558588
4.24,3.18,1.0050000000000001,0.13483200000000004,0.694552897975239,47.249314031158434
4.24,3.18,1.2040000000000002,0.13483200000000004,0.8832054496025057,52.31016077937075
4.24,3.18,1.4030000000000002,0.13483200000000004,1.0672341641800844,57.24696716610726
4.24,3.18,1.6020000000000003,0.13483200000000004,1.2512628787576632,62.18377355284378
4.24,3.18,1.8010000000000004,0.13483200000000004,1.4352915933352417,67.1205799395803
4.24,3.18,2.0,0.13483200000000004,1.61932030791282,72.05738632631679
4.24,4.24,0.01,0.13483200000000004,0.01501272113206101,29.019776902759716
4.24,4.24,0.20900000000000002,0.13483200000000004,0.2865913563013593,36.305222240366426
4.24,4.24,0.40800000000000003,0.13483200000000004,0.5286933334686321,42.79991840701862
4.24,4.24,0.607,0.13483200000000004,0.7885042521944662,49.76967965245119
4.24,4.24,0.806,0.13483200000000004,1.0686411144251151,57.284710411618875
4.24,4.24,1.0050000000000001,0.13483200000000004,1.341739362026853,64.61092130246575
4.24,4.24,1.2040000000000002,0.13483200000000004,1.7204239055622643,74.7696200543169
4.24,4.24,1.4030000000000002,0.13483200000000004,2.089826965187494,84.6793310916619
4.24,4.24,1.6020000000000003,0.13483200000000004,2.4592300248127237,94.58904212900688
4.24,4.24,1.8010000000000004,0.13483200000000004,2.828633084437953,104.49875316635189
4.24,4.24,2.0,0.13483200000000004,3.198036144063182,114.40846420369685
4.24,5.300000000000001,0.01,0.13483200000000004,0.023798581188133515,29.2554688714688
4.24,5.300000000000001,0.20900000000000002,0.13483200000000004,0.451369090064921,40.72559636678024
4.24,5.300000000000001,0.40800000000000003,0.13483200000000004,0.8384242786275187,51.10884841144862
4.24,5.300000000000001,0.607,0.13483200000000004,1.2773890156170318,62.88464069525764
4.24,5.300000000000001,0.806,0.13483200000000004,1.7628091412535951,75.90665838414822
4.24,5.300000000000001,1.0050000000000001,0.13483200000000004,2.2360327813214003,88.60148969894607
4.24,5.300000000000001,1.2040000000000002,0.13483200000000004,2.885895509591749,106.03489119170395
4.24,5.300000000000001,1.4030000000000002,0.13483200000000004,3.519830229816255,123.04100343218833
4.24,5.300000000000001,1.6020000000000003,0.13483200000000004,4.153764950040761,140.04711567267273
4.24,5.300000000000001,1.8010000000000004,0.13483200000000004,4.787699670265269,157.05322791315714
4.24,5.300000000000001,2.0,0.13483200000000004,5.421634390489773,174.05934015364147
4.24,6.36,0.01,0.13483200000000004,0.03467670687289719,29.547288550150654
4.24,6.36,0.20900000000000002,0.13483200000000004,0.654208813093515,46.16703219069504
4.24,6.36,0.40800000000000003,0.13483200000000004,1.2220861514563908,61.401070407763285
4.24,6.36,0.607,0.13483200000000004,1.8952424227721127,79.45935107951279
4.24,6.36,0.806,0.13483200000000004,2.654148560771272,99.81798194648215
4.24,6.36,1.0050000000000001,0.13483200000000004,3.393986705353366,119.66508942483419
4.24,6.36,1.2040000000000002,0.13483200000000004,4.404041276819874,146.7610992557685
4.24,6.36,1.4030000000000002,0.13483200000000004,5.389339608789654,173.19299119868967
4.24,6.36,1.6020000000000003,0.13483200000000004,6.374637940759433,199.62488314161084
4.24,6.36,1.8010000000000004,0.13483200000000004,7.359936272729213,226.056775084532
4.24,6.36,2.0,0.13483200000000004,8.34523460469899,252.4886670274531
4.24,7.42,0.01,0.13483200000000004,0.04767206352629335,29.895905666081006
4.24,7.42,0.20900000000000002,0.13483200000000004,0.8953627604356061,52.63629624091629
4.24,7.42,0.40800000000000003,0.13483200000000004,1.6806036109260631,73.70138955923916
4.24,7.42,0.607,0.13483200000000004,2.646303435372153,99.60752639195623
4.24,7.42,0.806,0.13483200000000004,3.752000421535492,129.26926671121151
4.24,7.42,1.0050000000000001,0.13483200000000004,4.829916076388193,158.18573717319904
4.24,7.42,1.2040000000000002,0.13483200000000004,6.296134367699223,197.518924070197
4.24,7.42,1.4030000000000002,0.13483200000000004,7.726415936184003,235.8880622687391
4.24,7.42,1.6020000000000003,0.13483200000000004,9.156697504668783,274.2572004672812
4.24,7.42,1.8010000000000004,0.13483200000000004,10.586979073153561,312.6263386658233
4.24,7.42,2.0,0.13483200000000004,12.017260641638337,350.99547686436534
4.24,8.48,0.01,0.13483200000000004,0.0628059586006711,30.30189181900766
4.24,8.48,0.20900000000000002,0.13483200000000004,1.175045439700221,60.139142959280285
4.24,8.48,0.40800000000000003,0.13483200000000004,2.2147678945572045,88.03103182756614
4.24,8.48,0.607,0.13483200000000004,3.5342955676544126,123.42905467946046
4.24,8.48,0.806,0.13483200000000004,5.064629915093139,164.4822370462422
4.24,8.48,1.0050000000000001,0.13483200000000004,6.556513650787172,204.50393241888364
4.24,8.48,1.2040000000000002,0.13483200000000004,8.581152190356848,258.8174589569767
4.24,8.48,1.4030000000000002,0.13483200000000004,10.55616723630962,311.7997716093321
4.24,8.48,1.6020000000000003,0.13483200000000004,12.53118228226239,364.7820842616875
4.24,8.48,1.8010000000000004,0.13483200000000004,14.506197328215162,417.7643969140429
4.24,8.48,2.0,0.13483200000000004,16.481212374167928,470.7467095663982
4.24,9.540000000000001,0.01,0.13483200000000004,0.08009700499803757,30.765746323908257
4.24,9.540000000000001,0.20900000000000002,0.13483200000000004,1.4934436621048612,68.6805837963848
4.24,9.540000000000001,0.40800000000000003,0.13483200000000004,2.82527172151729,104.40858029320565
4.24,9.540000000000001,0.607,0.13483200000000004,4.562552826249877,151.01337494760162
4.24,9.540000000000001,0.806,0.13483200000000004,6.599482748794523,205.65663360446723
4.24,9.540000000000001,1.0050000000000001,0.13483200000000004,8.58523352755664,258.9269460639241
4.24,9.540000000000001,1.2040000000000002,0.13483200000000004,11.276309713835575,331.11851754836147
4.24,9.540000000000001,1.4030000000000002,0.13483200000000004,13.901428150450808,401.5406877709253
4.24,9.540000000000001,1.6020000000000003,0.13483200000000004,16.52654658706604,471.962857993489
4.24,9.540000000000001,1.8010000000000004,0.13483200000000004,19.15166502368128,542.385028216053
4.24,9.540000000000001,2.0,0.13483200000000004,21.776783460296507,612.8071984386166
5.300000000000001,0.0,0.01,0.21067500000000003,0.0,30.651627181731303
5.300000000000001,0.0,0.20900000000000002,0.21067500000000003,0.0,30.651627181731303
5.300000000000001,0.0,0.40800000000000003,0.21067500000000003,0.0,30.651627181731303
5.300000000000001,0.0,0.607,0.21067500000000003,0.0,30.651627181731303
5.300000000000001,0.0,0.806,0.21067500000000003,0.0,30.651627181731303
5.300000000000001,0.0,1.0050000000000001,0.21067500000000003,0.0,30.651627181731303
5.300000000000001,0.0,1.2040000000000002,0.21067500000000003,0.0,30.651627181731303
5.300000000000001,0.0,1.4030000000000002,0.21067500000000003,0.0,30.651627181731303
5.300000000000001,0.0,1.6020000000000003,0.21067500000000003,0.0,30.651627181731303
5.300000000000001,0.0,1.8010000000000004,0.21067500000000003,0.0,30.651627181731303
5.300000000000001,0.0,2.0,0.21067500000000003,0.0,30.651627181731303
5.300000000000001,1.06,0.01,0.21067500000000003,0.0008577812624908702,30.67463826467457
5.300000000000001,1.06,0.20900000000000002,0.21067500000000003,0.017054764245775546,31.109143114753465
5.300000000000001,1.06,0.40800000000000003,0.21067500000000003,0.03016414334189839,31.460819029006547
5.300000000000001,1.06,0.607,0.21067500000000003,0.039772616537144305,31.718578650628423
5.300000000000001,1.06,0.806,0.21067500000000003,0.048085712474921154,31.94158811528384
5.300000000000001,1.06,1.0050000000000001,0.21067500000000003,0.05618993665546743,32.158994327058466
5.300000000000001,1.06,1.2040000000000002,0.21067500000000003,0.06929135195451139,32.51045660223695
5.300000000000001,1.06,1.4030000000000002,0.21067500000000003,0.08207165413348073,32.85330460596498
5.300000000000001,1.06,1.6020000000000003,0.21067500000000003,0.09485195631245007,33.19615260969301
5.300000000000001,1.06,1.8010000000000004,0.21067500000000003,0.10763225849141941,33.53900061342104
5.300000000000001,1.06,2.0,0.21067500000000003,0.12041256067038873,33.881848617149075
5.300000000000001,2.12,0.01,0.21067500000000003,0.0035885416099137903,30.747894414698493
5.300000000000001,2.12,0.20900000000000002,0.21067500000000003,0.0699080248006085,32.526999642556106
5.300000000000001,2.12,0.40800000000000003,0.21067500000000003,0.12625754767634972,34.03864789299934
5.300000000000001,2.12,0.607,0.21067500000000003,0.17670874843045387,35.39206608468263
5.300000000000001,2.12,0.806,0.21067500000000003,0.2262651883754295,36.721481169637464
5.300000000000001,2.12,1.0050000000000001,0.21067500000000003,0.2745764916383705,38.01749386552308
5.300000000000001,2.12,1.2040000000000002,0.21067500000000003,0.34515532053989406,39.910861507030674
5.300000000000001,2.12,1.4030000000000002,0.21067500000000003,0.4140042761840273,41.75782307889348
5.300000000000001,2.12,1.6020000000000003,0.21067500000000003,0.4828532318281605,43.60478465075629
5.300000000000001,2.12,1.8010000000000004,0.21067500000000003,0.5517021874722936,45.451746222619086
5.300000000000001,2.12,2.0,0.21067500000000003,0.6205511431164267,47.298707794481885
5.300000000000001,3.18,0.01,0.21067500000000003,0.008288890762276591,30.873987311497455
5.300000000000001,3.18,0.20900000000000002,0.21067500000000003,0.15956879013119396,34.932264711867454
5.300000000000001,3.18,0.40800000000000003,0.21067500000000003,0.29177695974489254,38.47891849155523
5.300000000000001,3.18,0.607,0.21067500000000003,0.4236286828235784,42.01601013560226
5.300000000000001,3.18,0.806,0.21067500000000003,0.5608142268825618,45.69618837100916
5.300000000000001,3.18,1.0050000000000001,0.21067500000000003,0.694552897975239,49.28389981658171
5.300000000000001,3.18,1.2040000000000002,0.21067500000000003,0.8832054496025057,54.34474656479401
5.300000000000001,3.18,1.4030000000000002,0.21067500000000003,1.0672341641800844,59.28155295153053
5.300000000000001,3.18,1.6020000000000003,0.21067500000000003,1.2512628787576632,64.21835933826705
5.300000000000001,3.18,1.8010000000000004,0.21067500000000003,1.4352915933352417,69.15516572500356
5.300000000000001,3.18,2.0,0.21067500000000003,1.61932030791282,74.09197211174006
5.300000000000001,4.24,0.01,0.21067500000000003,0.01501272113206101,31.054362688182984
5.300000000000001,4.24,0.20900000000000002,0.21067500000000003,0.2865913563013593,38.3398080257897
5.300000000000001,4.24,0.40800000000000003,0.21067500000000003,0.5286933334686321,44.834504192441884
5.300000000000001,4.24,0.607,0.21067500000000003,0.7885042521944662,51.804265437874456
5.300000000000001,4.24,0.806,0.21067500000000003,1.0686411144251151,59.31929619704214
5.300000000000001,4.24,1.0050000000000001,0.21067500000000003,1.341739362026853,66.64550708788903
5.300000000000001,4.24,1.2040000000000002,0.21067500000000003,1.7204239055622643,76.80420583974018
5.300000000000001,4.24,1.4030000000000002,0.21067500000000003,2.089826965187494,86.71391687708518
5.300000000000001,4.24,1.6020000000000003,0.21067500000000003,2.4592300248127237,96.62362791443016
5.300000000000001,4.24,1.8010000000000004,0.21067500000000003,2.828633084437953,106.53333895177516
5.300000000000001,4.24,2.0,0.21067500000000003,3.198036144063182,116.44304998912013
5.300000000000001,5.300000000000001,0.01,0.21067500000000003,0.023798581188133515,31.29005465689207
5.300000000000001,5.300000000000001,0.20900000000000002,0.21067500000000003,0.451369090064921,42.76018215220351
5.300000000000001,5.300000000000001,0.40800000000000003,0.21067500000000003,0.8384242786275187,53.143434196871894
5.300000000000001,5.300000000000001,0.607,0.21067500000000003,1.2773890156170318,64.9192264806809
5.300000000000001,5.300000000000001,0.806,0.21067500000000003,1.7628091412535951,77.94124416957149
5.300000000000001,5.300000000000001,1.0050000000000001,0.21067500000000003,2.2360327813214003,90.63607548436936
5.300000000000001,5.300000000000001,1.2040000000000002,0.21067500000000003,2.885895509591749,108.06947697712722
5.300000000000001,5.300000000000001,1.4030000000000002,0.21067500000000003,3.519830229816255,125.07558921761161
5.300000000000001,5.300000000000001,1.6020000000000003,0.21067500000000003,4.153764950040761,142.081701458096
5.300000000000001,5.300000000000001,1.8010000000000004,0.21067500000000003,4.787699670265269,159.0878136985804
5.300000000000001,5.300000000000001,2.0,0.21067500000000003,5.421634390489773,176.09392593906475
5.300000000000001,6.36,0.01,0.21067500000000003,0.03467670687289719,31.581874335573925
5.300000000000001,6.36,0.20900000000000002,0.21067500000000003,0.654208813093515,48.20161797611831
5.300000000000001,6.36,0.40800000000000003,0.21067500000000003,1.2220861514563908,63.43565619318655
5.300000000000001,6.36,0.607,0.21067500000000003,1.8952424227721127,81.49393686493605
5.300000000000001,6.36,0.806,0.21067500000000003,2.654148560771272,101.85256773190542
5.300000000000001,6.36,1.0050000000000001,0.21067500000000003,3.393986705353366,121.69967521025747
5.300000000000001,6.36,1.2040000000000002,0.21067500000000003,4.404041276819874,148.79568504119175
5.300000000000001,6.36,1.4030000000000002,0.21067500000000003,5.389339608789654,175.22757698411291
5.300000000000001,6.36,1.6020000000000003,0.21067500000000003,6.374637940759433,201.65946892703408
5.300000000000001,6.36,1.8010000000000004,0.21067500000000003,7.359936272729213,228.09136086995528
5.300000000000001,6.36,2.0,0.21067500000000003,8.34523460469899,254.52325281287634
5.300000000000001,7.42,0.01,0.21067500000000003,0.04767206352629335,31.930491451504274
5.300000000000001,7.42,0.20900000000000002,0.21067500000000003,0.8953627604356061,54.670882026339555
5.300000000000001,7.42,0.40800000000000003,0.21067500000000003,1.6806036109260631,75.73597534466242
5.300000000000001,7.42,0.607,0.21067500000000003,2.646303435372153,101.6421121773795
5.300000000000001,7.42,0.806,0.21067500000000003,3.752000421535492,131.30385249663476
5.300000000000001,7.42,1.0050000000000001,0.21067500000000003,4.829916076388193,160.22032295862232
5.300000000000001,7.42,1.2040000000000002,0.21067500000000003,6.296134367699223,199.55350985562026
5.300000000000001,7.42,1.4030000000000002,0.21067500000000003,7.726415936184003,237.92264805416238
5.300000000000001,7.42,1.6020000000000003,0.21067500000000003,9.156697504668783,276.29178625270447
5.300000000000001,7.42,1.8010000000000004,0.21067500000000003,10.586979073153561,314.66092445124656
5.300000000000001,7.42,2.0,0.21067500000000003,12.017260641638337,353.0300626497886
5.300000000000001,8.48,0.01,0.21067500000000003,0.0628059586006711,32.336477604430925
5.300000000000001,8.48,0.20900000000000002,0.21067500000000003,1.175045439700221,62.17372874470355
5.300000000000001,8.48,0.40800000000000003,0.21067500000000003,2.2147678945572045,90.06561761298941
5.300000000000001,8.48,0.607,0.21067500000000003,3.5342955676544126,125.46364046488374
5.300000000000001,8.48,0.806,0.21067500000000003,5.064629915093139,166.51682283166548
5.300000000000001,8.48,1.0050000000000001,0.21067500000000003,6.556513650787172,206.5385182043069
5.300000000000001,8.48,1.2040000000000002,0.21067500000000003,8.581152190356848,260.8520447423999
5.300000000000001,8.48,1.4030000000000002,0.21067500000000003,10.55616723630962,313.8343573947553
5.300000000000001,8.48,1.6020000000000003,0.21067500000000003,12.53118228226239,366.81667004711073
5.300000000000001,8.48,1.8010000000000004,0.21067500000000003,14.506197328215162,419.79898269946614
5.300000000000001,8.48,2.0,0.21067500000000003,16.481212374167928,472.7812953518214
5.300000000000001,9.540000000000001,0.01,0.21067500000000003,0.08009700499803757,32.80033210933153
5.300000000000001,9.540000000000001,0.20900000000000002,0.21067500000000003,1.4934436621048612,70.71516958180806
5.300000000000001,9.540000000000001,0.40800000000000003,0.21067500000000003,2.82527172151729,106.44316607862892
5.300000000000001,9.540000000000001,0.607,0.21067500000000003,4.562552826249877,153.0479607330249
5.300000000000001,9.540000000000001,0.806,0.21067500000000003,6.599482748794523,207.69121938989048
5.300000000000001,9.540000000000001,1.0050000000000001,0.21067500000000003,8.58523352755664,260.96153184934735
5.300000000000001,9.540000000000001,1.2040000000000002,0.21067500000000003,11.276309713835575,333.1531033337847
5.300000000000001,9.540000000000001,1.4030000000000002,0.21067500000000003,13.901428150450808,403.5752735563485
5.300000000000001,9.540000000000001,1.6020000000000003,0.21067500000000003,16.52654658706604,473.9974437789123
5.300000000000001,9.540000000000001,1.8010000000000004,0.21067500000000003,19.15166502368128,544.4196140014762
5.300000000000001,9.540000000000001,2.0,0.21067500000000003,21.776783460296507,614.8417842240399
6.36,0.0,0.01,0.30337200000000003,0.0,33.13834314169308
6.36,0.0,0.20900000000000002,0.30337200000000003,0.0,33.13834314169308
6.36,0.0,0.40800000000000003,0.30337200000000003,0.0,33.13834314169308
6.36,0.0,0.607,0.30337200000000003,0.0,33.13834314169308
6.36,0.0,0.806,0.30337200000000003,0.0,33.13834314169308
6.36,0.0,1.0050000000000001,0.30337200000000003,0.0,33.13834314169308
6.36,0.0,1.2040000000000002,0.30337200000000003,0.0,33.13834314169308
6.36,0.0,1.4030000000000002,0.30337200000000003,0.0,33.13834314169308
6.36,0.0,1.6020000000000003,0.30337200000000003,0.0,33.13834314169308
6.36,0.0,1.8010000000000004,0.30337200000000003,0.0,33.13834314169308
6.36,0.0,2.0,0.30337200000000003,0.0,33.13834314169308
6.36,1.06,0.01,0.30337200000000003,0.0008577812624908702,33.16135422463634
6.36,1.06,0.20900000000000002,0.30337200000000003,0.017054764245775546,33.595859074715236
6.36,1.06,0.40800000000000003,0.30337200000000003,0.03016414334189839,33.94753498896832
6.36,1.06,0.607,0.30337200000000003,0.039772616537144305,34.205294610590194
6.36,1.06,0.806,0.30337200000000003,0.048085712474921154,34.428304075245606
6.36,1.06,1.0050000000000001,0.30337200000000003,0.05618993665546743,34.645710287020236
6.36,1.06,1.2040000000000002,0.30337200000000003,0.06929135195451139,34.99717256219872
6.36,1.06,1.4030000000000002,0.30337200000000003,0.08207165413348073,35.34002056592675
6.36,1.06,1.6020000000000003,0.30337200000000003,0.09485195631245007,35.68286856965479
6.36,1.06,1.8010000000000004,0.30337200000000003,0.10763225849141941,36.025716573382816
6.36,1.06,2.0,0.30337200000000003,0.12041256067038873,36.368564577110845
6.36,2.12,0.01,0.30337200000000003,0.0035885416099137903,33.234610374660264
6.36,2.12,0.20900000000000002,0.30337200000000003,0.0699080248006085,35.01371560251788
6.36,2.12,0.40800000000000003,0.30337200000000003,0.12625754767634972,36.525363852961114
6.36,2.12,0.607,0.30337200000000003,0.17670874843045387,37.8787820446444
6.36,2.12,0.806,0.30337200000000003,0.2262651883754295,39.20819712959924
6.36,2.12,1.0050000000000001,0.30337200000000003,0.2745764916383705,40.50420982548485
6.36,2.12,1.2040000000000002,0.30337200000000003,0.34515532053989406,42.397577466992445
6.36,2.12,1.4030000000000002,0.30337200000000003,0.4140042761840273,44.24453903885525
6.36,2.12,1.6020000000000003,0.30337200000000003,0.4828532318281605,46.09150061071806
6.36,2.12,1.8010000000000004,0.30337200000000003,0.5517021874722936,47.93846218258086
6.36,2.12,2.0,0.30337200000000003,0.6205511431164267,49.785423754443656
6.36,3.18,0.01,0.30337200000000003,0.008288890762276591,33.36070327145923
6.36,3.18,0.20900000000000002,0.30337200000000003,0.15956879013119396,37.418980671829225
6.36,3.18,0.40800000000000003,0.30337200000000003,0.29177695974489254,40.965634451517
6.36,3.18,0.607,0.30337200000000003,0.4236286828235784,44.50272609556403
6.36,3.18,0.806,0.30337200000000003,0.5608142268825618,48.18290433097093
6.36,3.18,1.0050000000000001,0.30337200000000003,0.694552897975239,51.77061577654348
6.36,3.18,1.2040000000000002,0.30337200000000003,0.8832054496025057,56.83146252475579
6.36,3.18,1.4030000000000002,0.30337200000000003,1.0672341641800844,61.76826891149231
6.36,3.18,1.6020000000000003,0.30337200000000003,1.2512628787576632,66.70507529822882
6.36,3.18,1.8010000000000004,0.30337200000000003,1.4352915933352417,71.64188168496533
6.36,3.18,2.0,0.30337200000000003,1.61932030791282,76.57868807170183
6.36,4.24,0.01,0.30337200000000003,0.01501272113206101,33.541078648144754
6.36,4.24,0.20900000000000002,0.30337200000000003,0.2865913563013593,40.82652398575147
6.36,4.24,0.40800000000000003,0.30337200000000003,0.5286933334686321,47.32122015240366
6.36,4.24,0.607,0.30337200000000003,0.7885042521944662,54.29098139783623
6.36,4.24,0.806,0.30337200000000003,1.0686411144251151,61.80601215700391
6.36,4.24,1.0050000000000001,0.30337200000000003,1.341739362026853,69.1322230478508
6.36,4.24,1.2040000000000002,0.30337200000000003,1.7204239055622643,79.29092179970195
6.36,4.24,1.4030000000000002,0.30337200000000003,2.089826965187494,89.20063283704694
6.36,4.24,1.6020000000000003,0.30337200000000003,2.4592300248127237,99.11034387439193
6.36,4.24,1.8010000000000004,0.30337200000000003,2.828633084437953,109.02005491173692
6.36,4.24,2.0,0.30337200000000003,3.198036144063182,118.9297659490819
6.36,5.300000000000001,0.01,0.30337200000000003,0.023798581188133515,33.776770616853845
6.36,5.300000000000001,0.20900000000000002,0.30337200000000003,0.451369090064921,45.24689811216528
6.36,5.300000000000001,0.40800000000000003,0.30337200000000003,0.8384242786275187,55.630150156833665
6.36,5.300000000000001,0.607,0.30337200000000003,1.2773890156170318,67.40594244064269
6.36,5.300000000000001,0.806,0.30337200000000003,1.7628091412535951,80.42796012953326
6.36,5.300000000000001,1.0050000000000001,0.30337200000000003,2.2360327813214003,93.12279144433111
6.36,5.300000000000001,1.2040000000000002,0.30337200000000003,2.885895509591749,110.556192937089
6.36,5.300000000000001,1.4030000000000002,0.30337200000000003,3.519830229816255,127.56230517757338
6.36,5.300000000000001,1.6020000000000003,0.30337200000000003,4.153764950040761,144.56841741805778
6.36,5.300000000000001,1.8010000000000004,0.30337200000000003,4.787699670265269,161.5745296585422
6.36,5.300000000000001,2.0,0.30337200000000003,5.421634390489773,178.58064189902652
6.36,6.36,0.01,0.30337200000000003,0.03467670687289719,34.0685902955357
6.36,6.36,0.20900000000000002,0.30337200000000003,0.654208813093515,50.68833393608008
6.36,6.36,0.40800000000000003,0.30337200000000003,1.2220861514563908,65.92237215314833
6.36,6.36,0.607,0.30337200000000003,1.8952424227721127,83.98065282489782
6.36,6.36,0.806,0.30337200000000003,2.654148560771272,104.3392836918672
6.36,6.36,1.0050000000000001,0.30337200000000003,3.393986705353366,124.18639117021924
6.36,6.36,1.2040000000000002,0.30337200000000003,4.404041276819874,151.28240100115352
6.36,6.36,1.4030000000000002,0.30337200000000003,5.389339608789654,177.71429294407469
6.36,6.36,1.6020000000000003,0.30337200000000003,6.374637940759433,204.14618488699588
6.36,6.36,1.8010000000000004,0.30337200000000003,7.359936272729213,230.57807682991705
6.36,6.36,2.0,0.30337200000000003,8.34523460469899,257.0099687728381
6.36,7.42,0.01,0.30337200000000003,0.04767206352629335,34.417207411466045
6.36,7.42,0.20900000000000002,0.30337200000000003,0.8953627604356061,57.157597986301326
6.36,7.42,0.40800000000000003,0.30337200000000003,1.6806036109260631,78.2226913046242
6.36,7.42,0.607,0.30337200000000003,2.646303435372153,104.12882813734127
6.36,7.42,0.806,0.30337200000000003,3.752000421535492,133.79056845659653
6.36,7.42,1.0050000000000001,0.30337200000000003,4.829916076388193,162.7070389185841
6.36,7.42,1.2040000000000002,0.30337200000000003,6.296134367699223,202.04022581558203
6.36,7.42,1.4030000000000002,0.30337200000000003,7.726415936184003,240.40936401412415
6.36,7.42,1.6020000000000003,0.30337200000000003,9.156697504668783,278.77850221266624
6.36,7.42,1.8010000000000004,0.30337200000000003,10.586979073153561,317.14764041120833
6.36,7.42,2.0,0.30337200000000003,12.017260641638337,355.51677860975036
6.36,8.48,0.01,0.30337200000000003,0.0628059586006711,34.823193564392696
6.36,8.48,0.20900000000000002,0.30337200000000003,1.175045439700221,64.66044470466534
6.36,8.48,0.40800000000000003,0.30337200000000003,2.2147678945572045,92.55233357295117
6.36,8.48,0.607,0.30337200000000003,3.5342955676544126,127.95035642484551
6.36,8.48,0.806,0.30337200000000003,5.064629915093139,169.00353879162725
6.36,8.48,1.0050000000000001,0.30337200000000003,6.556513650787172,209.02523416426868
6.36,8.48,1.2040000000000002,0.30337200000000003,8.581152190356848,263.3387607023617
6.36,8.48,1.4030000000000002,0.30337200000000003,10.55616723630962,316.3210733547171
6.36,8.48,1.6020000000000003,0.30337200000000003,12.53118228226239,369.3033860070725
6.36,8.48,1.8010000000000004,0.30337200000000003,14.506197328215162,422.2856986594279
6.36,8.48,2.0,0.30337200000000003,16.481212374167928,475.2680113117832
6.36,9.540000000000001,0.01,0.30337200000000003,0.08009700499803757,35.2870480692933
6.36,9.540000000000001,0.20900000000000002,0.30337200000000003,1.4934436621048612,73.20188554176984
6.36,9.540000000000001,0.40800000000000003,0.30337200000000003,2.82527172151729,108.92988203859068
6.36,9.540000000000001,0.607,0.30337200000000003,4.562552826249877,155.53467669298666
6.36,9.540000000000001,0.806,0.30337200000000003,6.599482748794523,210.17793534985228
6.36,9.540000000000001,1.0050000000000001,0.30337200000000003,8.58523352755664,263.4482478093091
6.36,9.540000000000001,1.2040000000000002,0.30337200000000003,11.276309713835575,335.6398192937465
6.36,9.540000000000001,1.4030000000000002,0.30337200000000003,13.901428150450808,406.0619895163103
6.36,9.540000000000001,1.6020000000000003,0.30337200000000003,16.52654658706604,476.4841597388741
6.36,9.540000000000001,1.8010000000000004,0.30337200000000003,19.15166502368128,546.906329961438
6.36,9.540000000000001,2.0,0.30337200000000003,21.776783460296507,617.3285001840017
7.42,0.0,0.01,0.412923,0.0,36.07718927619335
7.42,0.0,0.20900000000000002,0.412923,0.0,36.07718927619335
7.42,0.0,0.40800000000000003,0.412923,0.0,36.07718927619335
7.42,0.0,0.607,0.412923,0.0,36.07718927619335
7.42,0.0,0.806,0.412923,0.0,36.07718927619335
7.42,0.0,1.0050000000000001,0.412923,0.0,36.07718927619335
7.42,0.0,1.2040000000000002,0.412923,0.0,36.07718927619335
7.42,0.0,1.4030000000000002,0.412923,0.0,36.07718927619335
7.42,0.0,1.6020000000000003,0.412923,0.0,36.07718927619335
7.42,0.0,1.8010000000000004,0.412923,0.0,36.07718927619335
7.42,0.0,2.0,0.412923,0.0,36.07718927619335
7.42,1.06,0.01,0.412923,0.0008577812624908702,36.10020035913662
7.42,1.06,0.20900000000000002,0.412923,0.017054764245775546,36.53470520921552
7.42,1.06,0.40800000000000003,0.412923,0.03016414334189839,36.886381123468595
7.42,1.06,0.607,0.412923,0.039772616537144305,37.14414074509047
7.42,1.06,0.806,0.412923,0.048085712474921154,37.36715020974589
7.42,1.06,1.0050000000000001,0.412923,0.05618993665546743,37.58455642152052
7.42,1.06,1.2040000000000002,0.412923,0.06929135195451139,37.936018696698994
7.42,1.06,1.4030000000000002,0.412923,0.08207165413348073,38.27886670042703
7.42,1.06,1.6020000000000003,0.412923,0.09485195631245007,38.62171470415506
7.42,1.06,1.8010000000000004,0.412923,0.10763225849141941,38.96456270788309
7.42,1.06,2.0,0.412923,0.12041256067038873,39.30741071161112
7.42,2.12,0.01,0.412923,0.0035885416099137903,36.173456509160545
7.42,2.12,0.20900000000000002,0.412923,0.0699080248006085,37.95256173701815
7.42,2.12,0.40800000000000003,0.412923,0.12625754767634972,39.46420998746139
7.42,2.12,0.607,0.412923,0.17670874843045387,40.817628179144684
7.42,2.12,0.806,0.412923,0.2262651883754295,42.14704326409951
7.42,2.12,1.0050000000000001,0.412923,0.2745764916383705,43.44305595998513
7.42,2.12,1.2040000000000002,0.412923,0.34515532053989406,45.336423601492726
7.42,2.12,1.4030000000000002,0.412923,0.4140042761840273,47.18338517335553
7.42,2.12,1.6020000000000003,0.412923,0.4828532318281605,49.03034674521833
7.42,2.12,1.8010000000000004,0.412923,0.5517021874722936,50.87730831708113
7.42,2.12,2.0,0.412923,0.6205511431164267,52.72426988894393
7.42,3.18,0.01,0.412923,0.008288890762276591,36.2995494059595
7.42,3.18,0.20900000000000002,0.412923,0.15956879013119396,40.3578268063295
7.42,3.18,0.40800000000000003,0.412923,0.29177695974489254,43.90448058601727
7.42,3.18,0.607,0.412923,0.4236286828235784,47.44157223006431
7.42,3.18,0.806,0.412923,0.5608142268825618,51.12175046547121
7.42,3.18,1.0050000000000001,0.412923,0.694552897975239,54.70946191104376
7.42,3.18,1.2040000000000002,0.412923,0.8832054496025057,59.77030865925607
7.42,3.18,1.4030000000000002,0.412923,1.0672341641800844,64.70711504599258
7.42,3.18,1.6020000000000003,0.412923,1.2512628787576632,69.64392143272909
7.42,3.18,1.8010000000000004,0.412923,1.4352915933352417,74.58072781946561
7.42,3.18,2.0,0.412923,1.61932030791282,79.5175342062021
7.42,4.24,0.01,0.412923,0.01501272113206101,36.479924782645035
7.42,4.24,0.20900000000000002,0.412923,0.2865913563013593,43.765370120251745
7.42,4.24,0.40800000000000003,0.412923,0.5286933334686321,50.260066286903935
7.42,4.24,0.607,0.412923,0.7885042521944662,57.22982753233651
7.42,4.24,0.806,0.412923,1.0686411144251151,64.74485829150419
7.42,4.24,1.0050000000000001,0.412923,1.341739362026853,72.07106918235107
7.42,4.24,1.2040000000000002,0.412923,1.7204239055622643,82.22976793420223
7.42,4.24,1.4030000000000002,0.412923,2.089826965187494,92.13947897154722
7.42,4.24,1.6020000000000003,0.412923,2.4592300248127237,102.04919000889221
7.42,4.24,1.8010000000000004,0.412923,2.828633084437953,111.95890104623722
7.42,4.24,2.0,0.412923,3.198036144063182,121.86861208358218
7.42,5.300000000000001,0.01,0.412923,0.023798581188133515,36.71561675135412
7.42,5.300000000000001,0.20900000000000002,0.412923,0.451369090064921,48.18574424666556
7.42,5.300000000000001,0.40800000000000003,0.412923,0.8384242786275187,58.56899629133394
7.42,5.300000000000001,0.607,0.412923,1.2773890156170318,70.34478857514296
7.42,5.300000000000001,0.806,0.412923,1.7628091412535951,83.36680626403353
7.42,5.300000000000001,1.0050000000000001,0.412923,2.2360327813214003,96.06163757883141
7.42,5.300000000000001,1.2040000000000002,0.412923,2.885895509591749,113.49503907158926
7.42,5.300000000000001,1.4030000000000002,0.412923,3.519830229816255,130.50115131207366
7.42,5.300000000000001,1.6020000000000003,0.412923,4.153764950040761,147.50726355255802
7.42,5.300000000000001,1.8010000000000004,0.412923,4.787699670265269,164.51337579304243
7.42,5.300000000000001,2.0,0.412923,5.421634390489773,181.51948803352678
7.42,6.36,0.01,0.412923,0.03467670687289719,37.00743643003597
7.42,6.36,0.20900000000000002,0.412923,0.654208813093515,53.62718007058036
7.42,6.36,0.40800000000000003,0.412923,1.2220861514563908,68.8612182876486
7.42,6.36,0.607,0.412923,1.8952424227721127,86.9194989593981
7.42,6.36,0.806,0.412923,2.654148560771272,107.27812982636748
7.42,6.36,1.0050000000000001,0.412923,3.393986705353366,127.12523730471952
7.42,6.36,1.2040000000000002,0.412923,4.404041276819874,154.22124713565378
7.42,6.36,1.4030000000000002,0.412923,5.389339608789654,180.65313907857495
7.42,6.36,1.6020000000000003,0.412923,6.374637940759433,207.08503102149612
7.42,6.36,1.8010000000000004,0.412923,7.359936272729213,233.51692296441732
7.42,6.36,2.0,0.412923,8.34523460469899,259.94881490733843
7.42,7.42,0.01,0.412923,0.04767206352629335,37.356053545966326
7.42,7.42,0.20900000000000002,0.412923,0.8953627604356061,60.0964441208016
7.42,7.42,0.40800000000000003,0.412923,1.6806036109260631,81.16153743912447
7.42,7.42,0.607,0.412923,2.646303435372153,107.06767427184154
7.42,7.42,0.806,0.412923,3.752000421535492,136.72941459109683
7.42,7.42,1.0050000000000001,0.412923,4.829916076388193,165.64588505308436
7.42,7.42,1.2040000000000002,0.412923,6.296134367699223,204.9790719500823
7.42,7.42,1.4030000000000002,0.412923,7.726415936184003,243.34821014862442
7.42,7.42,1.6020000000000003,0.412923,9.156697504668783,281.71734834716653
7.42,7.42,1.8010000000000004,0.412923,10.586979073153561,320.0864865457086
7.42,7.42,2.0,0.412923,12.017260641638337,358.45562474425066
7.42,8.48,0.01,0.412923,0.0628059586006711,37.76203969889298
7.42,8.48,0.20900000000000002,0.412923,1.175045439700221,67.5992908391656
7.42,8.48,0.40800000000000003,0.412923,2.2147678945572045,95.49117970745145
7.42,8.48,0.607,0.412923,3.5342955676544126,130.8892025593458
7.42,8.48,0.806,0.412923,5.064629915093139,171.94238492612752
7.42,8.48,1.0050000000000001,0.412923,6.556513650787172,211.96408029876895
7.42,8.48,1.2040000000000002,0.412923,8.581152190356848,266.277606836862
7.42,8.48,1.4030000000000002,0.412923,10.55616723630962,319.2599194892174
7.42,8.48,1.6020000000000003,0.412923,12.53118228226239,372.24223214157286
7.42,8.48,1.8010000000000004,0.412923,14.506197328215162,425.22454479392826
7.42,8.48,2.0,0.412923,16.481212374167928,478.2068574462835
7.42,9.540000000000001,0.01,0.412923,0.08009700499803757,38.22589420379357
7.42,9.540000000000001,0.20900000000000002,0.412923,1.4934436621048612,76.14073167627012
7.42,9.540000000000001,0.40800000000000003,0.412923,2.82527172151729,111.86872817309096
7.42,9.540000000000001,0.607,0.412923,4.562552826249877,158.47352282748693
7.42,9.540000000000001,0.806,0.412923,6.599482748794523,213.11678148435252
7.42,9.540000000000001,1.0050000000000001,0.412923,8.58523352755664,266.3870939438094
7.42,9.540000000000001,1.2040000000000002,0.412923,11.276309713835575,338.5786654282468
7.42,9.540000000000001,1.4030000000000002,0.412923,13.901428150450808,409.00083565081064
7.42,9.540000000000001,1.6020000000000003,0.412923,16.52654658706604,479.42300587337434
7.42,9.540000000000001,1.8010000000000004,0.412923,19.15166502368128,549.8451760959383
7.42,9.540000000000001,2.0,0.412923,21.776783460296507,620.267346318502
8.48,0.0,0.01,0.5393280000000001,0.0,39.468165585232136
8.48,0.0,0.20900000000000002,0.5393280000000001,0.0,39.468165585232136
8.48,0.0,0.40800000000000003,0.5393280000000001,0.0,39.468165585232136
8.48,0.0,0.607,0.5393280000000001,0.0,39.468165585232136
8.48,0.0,0.806,0.5393280000000001,0.0,39.468165585232136
8.48,0.0,1.0050000000000001,0.5393280000000001,0.0,39.468165585232136
8.48,0.0,1.2040000000000002,0.5393280000000001,0.0,39.468165585232136
8.48,0.0,1.4030000000000002,0.5393280000000001,0.0,39.468165585232136
8.48,0.0,1.6020000000000003,0.5393280000000001,0.0,39.468165585232136
8.48,0.0,1.8010000000000004,0.5393280000000001,0.0,39.468165585232136
8.48,0.0,2.0,0.5393280000000001,0.0,39.468165585232136
8.48,1.06,0.01,0.5393280000000001,0.0008577812624908702,39.491176668175406
8.48,1.06,0.20900000000000002,0.5393280000000001,0.017054764245775546,39.9256815182543
8.48,1.06,0.40800000000000003,0.5393280000000001,0.03016414334189839,40.27735743250738
8.48,1.06,0.607,0.5393280000000001,0.039772616537144305,40.53511705412925
8.48,1.06,0.806,0.5393280000000001,0.048085712474921154,40.75812651878467
8.48,1.06,1.0050000000000001,0.5393280000000001,0.05618993665546743,40.975532730559294
8.48,1.06,1.2040000000000002,0.5393280000000001,0.06929135195451139,41.32699500573778
8.48,1.06,1.4030000000000002,0.5393280000000001,0.08207165413348073,41.66984300946581
8.48,1.06,1.6020000000000003,0.5393280000000001,0.09485195631245007,42.012691013193844
8.48,1.06,1.8010000000000004,0.5393280000000001,0.10763225849141941,42.355539016921874
8.48,1.06,2.0,0.5393280000000001,0.12041256067038873,42.6983870206499
8.48,2.12,0.01,0.5393280000000001,0.0035885416099137903,39.56443281819932
8.48,2.12,0.20900000000000002,0.5393280000000001,0.0699080248006085,41.343538046056935
8.48,2.12,0.40800000000000003,0.5393280000000001,0.12625754767634972,42.85518629650018
8.48,2.12,0.607,0.5393280000000001,0.17670874843045387,44.20860448818347
8.48,2.12,0.806,0.5393280000000001,0.2262651883754295,45.5380195731383
8.48,2.12,1.0050000000000001,0.5393280000000001,0.2745764916383705,46.83403226902391
8.48,2.12,1.2040000000000002,0.5393280000000001,0.34515532053989406,48.7273999105315
8.48,2.12,1.4030000000000002,0.5393280000000001,0.4140042761840273,50.57436148239431
8.48,2.12,1.6020000000000003,0.5393280000000001,0.4828532318281605,52.421323054257115
8.48,2.12,1.8010000000000004,0.5393280000000001,0.5517021874722936,54.268284626119915
8.48,2.12,2.0,0.5393280000000001,0.6205511431164267,56.115246197982714
8.48,3.18,0.01,0.5393280000000001,0.008288890762276591,39.69052571499829
8.48,3.18,0.20900000000000002,0.5393280000000001,0.15956879013119396,43.74880311536829
8.48,3.18,0.40800000000000003,0.5393280000000001,0.29177695974489254,47.295456895056056
8.48,3.18,0.607,0.5393280000000001,0.4236286828235784,50.832548539103094
8.48,3.18,0.806,0.5393280000000001,0.5608142268825618,54.512726774509986
8.48,3.18,1.0050000000000001,0.5393280000000001,0.694552897975239,58.10043822008254
8.48,3.18,1.2040000000000002,0.5393280000000001,0.8832054496025057,63.161284968294844
8.48,3.18,1.4030000000000002,0.5393280000000001,1.0672341641800844,68.09809135503136
8.48,3.18,1.6020000000000003,0.5393280000000001,1.2512628787576632,73.03489774176788
8.48,3.18,1.8010000000000004,0.5393280000000001,1.4352915933352417,77.9717041285044
8.48,3.18,2.0,0.5393280000000001,1.61932030791282,82.90851051524089
8.48,4.24,0.01,0.5393280000000001,0.01501272113206101,39.87090109168381
8.48,4.24,0.20900000000000002,0.5393280000000001,0.2865913563013593,47.15634642929053
8.48,4.24,0.40800000000000003,0.5393280000000001,0.5286933334686321,53.65104259594273
8.48,4.24,0.607,0.5393280000000001,0.7885042521944662,60.620803841375285
8.48,4.24,0.806,0.5393280000000001,1.0686411144251151,68.13583460054298
8.48,4.24,1.0050000000000001,0.5393280000000001,1.341739362026853,75.46204549138986
8.48,4.24,1.2040000000000002,0.5393280000000001,1.7204239055622643,85.620744243241
8.48,4.24,1.4030000000000002,0.5393280000000001,2.089826965187494,95.530455280586
8.48,4.24,1.6020000000000003,0.5393280000000001,2.4592300248127237,105.44016631793099
8.48,4.24,1.8010000000000004,0.5393280000000001,2.828633084437953,115.34987735527598
8.48,4.24,2.0,0.5393280000000001,3.198036144063182,125.25958839262096
8.48,5.300000000000001,0.01,0.5393280000000001,0.023798581188133515,40.1065930603929
8.48,5.300000000000001,0.20900000000000002,0.5393280000000001,0.451369090064921,51.57672055570434
8.48,5.300000000000001,0.40800000000000003,0.5393280000000001,0.8384242786275187,61.95997260037272
8.48,5.300000000000001,0.607,0.5393280000000001,1.2773890156170318,73.73576488418173
8.48,5.300000000000001,0.806,0.5393280000000001,1.7628091412535951,86.75778257307232
8.48,5.300000000000001,1.0050000000000001,0.5393280000000001,2.2360327813214003,99.45261388787017
8.48,5.300000000000001,1.2040000000000002,0.5393280000000001,2.885895509591749,116.88601538062805
8.48,5.300000000000001,1.4030000000000002,0.5393280000000001,3.519830229816255,133.89212762111242
8.48,5.300000000000001,1.6020000000000003,0.5393280000000001,4.153764950040761,150.89823986159683
8.48,5.300000000000001,1.8010000000000004,0.5393280000000001,4.787699670265269,167.90435210208125
8.48,5.300000000000001,2.0,0.5393280000000001,5.421634390489773,184.91046434256558
8.48,6.36,0.01,0.5393280000000001,0.03467670687289719,40.39841273907476
8.48,6.36,0.20900000000000002,0.5393280000000001,0.654208813093515,57.01815637961914
8.48,6.36,0.40800000000000003,0.5393280000000001,1.2220861514563908,72.25219459668739
8.48,6.36,0.607,0.5393280000000001,1.8952424227721127,90.31047526843689
8.48,6.36,0.806,0.5393280000000001,2.654148560771272,110.66910613540625
8.48,6.36,1.0050000000000001,0.5393280000000001,3.393986705353366,130.51621361375828
8.48,6.36,1.2040000000000002,0.5393280000000001,4.404041276819874,157.61222344469257
8.48,6.36,1.4030000000000002,0.5393280000000001,5.389339608789654,184.04411538761377
8.48,6.36,1.6020000000000003,0.5393280000000001,6.374637940759433,210.47600733053494
8.48,6.36,1.8010000000000004,0.5393280000000001,7.359936272729213,236.9078992734561
8.48,6.36,2.0,0.5393280000000001,8.34523460469899,263.3397912163772
8.48,7.42,0.01,0.5393280000000001,0.04767206352629335,40.74702985500511
8.48,7.42,0.20900000000000002,0.5393280000000001,0.8953627604356061,63.487420429840384
8.48,7.42,0.40800000000000003,0.5393280000000001,1.6806036109260631,84.55251374816325
8.48,7.42,0.607,0.5393280000000001,2.646303435372153,110.45865058088033
8.48,7.42,0.806,0.5393280000000001,3.752000421535492,140.12039090013562
8.48,7.42,1.0050000000000001,0.5393280000000001,4.829916076388193,169.03686136212315
8.48,7.42,1.2040000000000002,0.5393280000000001,6.296134367699223,208.3700482591211
8.48,7.42,1.4030000000000002,0.5393280000000001,7.726415936184003,246.73918645766318
8.48,7.42,1.6020000000000003,0.5393280000000001,9.156697504668783,285.1083246562053
8.48,7.42,1.8010000000000004,0.5393280000000001,10.586979073153561,323.4774628547474
8.48,7.42,2.0,0.5393280000000001,12.017260641638337,361.8466010532894
8.48,8.48,0.01,0.5393280000000001,0.0628059586006711,41.15301600793176
8.48,8.48,0.20900000000000002,0.5393280000000001,1.175045439700221,70.9902671482044
8.48,8.48,0.40800000000000003,0.5393280000000001,2.2147678945572045,98.88215601649024
8.48,8.48,0.607,0.5393280000000001,3.5342955676544126,134.28017886838455
8.48,8.48,0.806,0.5393280000000001,5.064629915093139,175.3333612351663
8.48,8.48,1.0050000000000001,0.5393280000000001,6.556513650787172,215.35505660780774
8.48,8.48,1.2040000000000002,0.5393280000000001,8.581152190356848,269.66858314590075
8.48,8.48,1.4030000000000002,0.5393280000000001,10.55616723630962,322.65089579825616
8.48,8.48,1.6020000000000003,0.5393280000000001,12.53118228226239,375.63320845061156
8.48,8.48,1.8010000000000004,0.5393280000000001,14.506197328215162,428.61552110296697
8.48,8.48,2.0,0.5393280000000001,16.481212374167928,481.5978337553223
8.48,9.540000000000001,0.01,0.5393280000000001,0.08009700499803757,41.61687051283236
8.48,9.540000000000001,0.20900000000000002,0.5393280000000001,1.4934436621048612,79.53170798530888
8.48,9.540000000000001,0.40800000000000003,0.5393280000000001,2.82527172151729,115.25970448212973
8.48,9.540000000000001,0.607,0.5393280000000001,4.562552826249877,161.86449913652572
8.48,9.540000000000001,0.806,0.5393280000000001,6.599482748794523,216.50775779339133
8.48,9.540000000000001,1.0050000000000001,0.5393280000000001,8.58523352755664,269.77807025284824
8.48,9.540000000000001,1.2040000000000002,0.5393280000000001,11.276309713835575,341.96964173728554
8.48,9.540000000000001,1.4030000000000002,0.5393280000000001,13.901428150450808,412.39181195984935
8.48,9.540000000000001,1.6020000000000003,0.5393280000000001,16.52654658706604,482.8139821824132
8.48,9.540000000000001,1.8010000000000004,0.5393280000000001,19.15166502368128,553.2361524049771
8.48,9.540000000000001,2.0,0.5393280000000001,21.776783460296507,623.6583226275408
9.540000000000001,0.0,0.01,0.682587,0.0,43.311272068809416
9.540000000000001,0.0,0.20900000000000002,0.682587,0.0,43.311272068809416
9.540000000000001,0.0,0.40800000000000003,0.682587,0.0,43.311272068809416
9.540000000000001,0.0,0.607,0.682587,0.0,43.311272068809416
9.540000000000001,0.0,0.806,0.682587,0.0,43.311272068809416
9.540000000000001,0.0,1.0050000000000001,0.682587,0.0,43.311272068809416
9.540000000000001,0.0,1.2040000000000002,0.682587,0.0,43.311272068809416
9.540000000000001,0.0,1.4030000000000002,0.682587,0.0,43.311272068809416
9.540000000000001,0.0,1.6020000000000003,0.682587,0.0,43.311272068809416
9.540000000000001,0.0,1.8010000000000004,0.682587,0.0,43.311272068809416
9.540000000000001,0.0,2.0,0.682587,0.0,43.311272068809416
9.540000000000001,1.06,0.01,0.682587,0.0008577812624908702,43.334283151752686
9.540000000000001,1.06,0.20900000000000002,0.682587,0.017054764245775546,43.76878800183158
9.540000000000001,1.06,0.40800000000000003,0.682587,0.03016414334189839,44.12046391608466
9.540000000000001,1.06,0.607,0.682587,0.039772616537144305,44.37822353770654
9.540000000000001,1.06,0.806,0.682587,0.048085712474921154,44.60123300236195
9.540000000000001,1.06,1.0050000000000001,0.682587,0.05618993665546743,44.81863921413658
9.540000000000001,1.06,1.2040000000000002,0.682587,0.06929135195451139,45.170101489315066
9.540000000000001,1.06,1.4030000000000002,0.682587,0.08207165413348073,45.512949493043095
9.540000000000001,1.06,1.6020000000000003,0.682587,0.09485195631245007,45.85579749677113
9.540000000000001,1.06,1.8010000000000004,0.682587,0.10763225849141941,46.198645500499154
9.540000000000001,1.06,2.0,0.682587,0.12041256067038873,46.54149350422719
9.540000000000001,2.12,0.01,0.682587,0.0035885416099137903,43.40753930177661
9.540000000000001,2.12,0.20900000000000002,0.682587,0.0699080248006085,45.18664452963422
9.540000000000001,2.12,0.40800000000000003,0.682587,0.12625754767634972,46.69829278007746
9.540000000000001,2.12,0.607,0.682587,0.17670874843045387,48.051710971760755
9.540000000000001,2.12,0.806,0.682587,0.2262651883754295,49.38112605671559
9.540000000000001,2.12,1.0050000000000001,0.682587,0.2745764916383705,50.677138752601195
9.540000000000001,2.12,1.2040000000000002,0.682587,0.34515532053989406,52.57050639410879
9.540000000000001,2.12,1.4030000000000002,0.682587,0.4140042761840273,54.417467965971596
9.540000000000001,2.12,1.6020000000000003,0.682587,0.4828532318281605,56.264429537834395
9.540000000000001,2.12,1.8010000000000004,0.682587,0.5517021874722936,58.1113911096972
9.540000000000001,2.12,2.0,0.682587,0.6205511431164267,59.95835268156
9.540000000000001,3.18,0.01,0.682587,0.008288890762276591,43.533632198575575
9.540000000000001,3.18,0.20900000000000002,0.682587,0.15956879013119396,47.59190959894557
9.540000000000001,3.18,0.40800000000000003,0.682587,0.29177695974489254,51.13856337863334
9.540000000000001,3.18,0.607,0.682587,0.4236286828235784,54.675655022680374
9.540000000000001,3.18,0.806,0.682587,0.5608142268825618,58.35583325808727
9.540000000000001,3.18,1.0050000000000001,0.682587,0.694552897975239,61.943544703659825
9.540000000000001,3.18,1.2040000000000002,0.682587,0.8832054496025057,67.00439145187212
9.540000000000001,3.18,1.4030000000000002,0.682587,1.0672341641800844,71.94119783860864
9.540000000000001,3.18,1.6020000000000003,0.682587,1.2512628787576632,76.87800422534517
9.540000000000001,3.18,1.8010000000000004,0.682587,1.4352915933352417,81.81481061208169
9.540000000000001,3.18,2.0,0.682587,1.61932030791282,86.75161699881818
9.540000000000001,4.24,0.01,0.682587,0.01501272113206101,43.7140075752611
9.540000000000001,4.24,0.20900000000000002,0.682587,0.2865913563013593,50.99945291286782
9.540000000000001,4.24,0.40800000000000003,0.682587,0.5286933334686321,57.49414907952001
9.540000000000001,4.24,0.607,0.682587,0.7885042521944662,64.46391032495256
9.540000000000001,4.24,0.806,0.682587,1.0686411144251151,71.97894108412027
9.540000000000001,4.24,1.0050000000000001,0.682587,1.341739362026853,79.30515197496715
9.540000000000001,4.24,1.2040000000000002,0.682587,1.7204239055622643,89.4638507268183
9.540000000000001,4.24,1.4030000000000002,0.682587,2.089826965187494,99.37356176416328
9.540000000000001,4.24,1.6020000000000003,0.682587,2.4592300248127237,109.28327280150828
9.540000000000001,4.24,1.8010000000000004,0.682587,2.828633084437953,119.19298383885327
9.540000000000001,4.24,2.0,0.682587,3.198036144063182,129.10269487619826
9.540000000000001,5.300000000000001,0.01,0.682587,0.023798581188133515,43.94969954397018
9.540000000000001,5.300000000000001,0.20900000000000002,0.682587,0.451369090064921,55.41982703928163
9.540000000000001,5.300000000000001,0.40800000000000003,0.682587,0.8384242786275187,65.80307908395001
9.540000000000001,5.300000000000001,0.607,0.682587,1.2773890156170318,77.57887136775902
9.540000000000001,5.300000000000001,0.806,0.682587,1.7628091412535951,90.6008890566496
9.540000000000001,5.300000000000001,1.0050000000000001,0.682587,2.2360327813214003,103.29572037144746
9.540000000000001,5.300000000000001,1.2040000000000002,0.682587,2.885895509591749,120.72912186420534
9.540000000000001,5.300000000000001,1.4030000000000002,0.682587,3.519830229816255,137.73523410468974
9.540000000000001,5.300000000000001,1.6020000000000003,0.682587,4.153764950040761,154.74134634517412
9.540000000000001,5.300000000000001,1.8010000000000004,0.682587,4.787699670265269,171.74745858565853
9.540000000000001,5.300000000000001,2.0,0.682587,5.421634390489773,188.75357082614286
9.540000000000001,6.36,0.01,0.682587,0.03467670687289719,44.241519222652045
9.540000000000001,6.36,0.20900000000000002,0.682587,0.654208813093515,60.86126286319642
9.540000000000001,6.36,0.40800000000000003,0.682587,1.2220861514563908,76.09530108026468
9.540000000000001,6.36,0.607,0.682587,1.8952424227721127,94.15358175201418
9.540000000000001,6.36,0.806,0.682587,2.654148560771272,114.51221261898354
9.540000000000001,6.36,1.0050000000000001,0.682587,3.393986705353366,134.35932009733557
9.540000000000001,6.36,1.2040000000000002,0.682587,4.404041276819874,161.45532992826986
9.540000000000001,6.36,1.4030000000000002,0.682587,5.389339608789654,187.88722187119103
9.540000000000001,6.36,1.6020000000000003,0.682587,6.374637940759433,214.31911381411223
9.540000000000001,6.36,1.8010000000000004,0.682587,7.359936272729213,240.7510057570334
9.540000000000001,6.36,2.0,0.682587,8.34523460469899,267.1828976999544
9.540000000000001,7.42,0.01,0.682587,0.04767206352629335,44.59013633858239
9.540000000000001,7.42,0.20900000000000002,0.682587,0.8953627604356061,67.33052691341767
9.540000000000001,7.42,0.40800000000000003,0.682587,1.6806036109260631,88.39562023174054
9.540000000000001,7.42,0.607,0.682587,2.646303435372153,114.30175706445762
9.540000000000001,7.42,0.806,0.682587,3.752000421535492,143.9634973837129
9.540000000000001,7.42,1.0050000000000001,0.682587,4.829916076388193,172.87996784570043
9.540000000000001,7.42,1.2040000000000002,0.682587,6.296134367699223,212.21315474269838
9.540000000000001,7.42,1.4030000000000002,0.682587,7.726415936184003,250.58229294124047
9.540000000000001,7.42,1.6020000000000003,0.682587,9.156697504668783,288.9514311397826
9.540000000000001,7.42,1.8010000000000004,0.682587,10.586979073153561,327.3205693383247
9.540000000000001,7.42,2.0,0.682587,12.017260641638337,365.6897075368667
9.540000000000001,8.48,0.01,0.682587,0.0628059586006711,44.99612249150905
9.540000000000001,8.48,0.20900000000000002,0.682587,1.175045439700221,74.83337363178168
9.540000000000001,8.48,0.40800000000000003,0.682587,2.2147678945572045,102.72526250006753
9.540000000000001,8.48,0.607,0.682587,3.5342955676544126,138.12328535196187
9.540000000000001,8.48,0.806,0.682587,5.064629915093139,179.1764677187436
9.540000000000001,8.48,1.0050000000000001,0.682587,6.556513650787172,219.19816309138503
9.540000000000001,8.48,1.2040000000000002,0.682587,8.581152190356848,273.51168962947804
9.540000000000001,8.48,1.4030000000000002,0.682587,10.55616723630962,326.49400228183345
9.540000000000001,8.48,1.6020000000000003,0.682587,12.53118228226239,379.47631493418885
9.540000000000001,8.48,1.8010000000000004,0.682587,14.506197328215162,432.45862758654425
9.540000000000001,8.48,2.0,0.682587,16.481212374167928,485.44094023889954
9.540000000000001,9.540000000000001,0.01,0.682587,0.08009700499803757,45.459976996409644
9.540000000000001,9.540000000000001,0.20900000000000002,0.682587,1.4934436621048612,83.37481446888617
9.540000000000001,9.540000000000001,0.40800000000000003,0.682587,2.82527172151729,119.10281096570702
9.540000000000001,9.540000000000001,0.607,0.682587,4.562552826249877,165.707605620103
9.540000000000001,9.540000000000001,0.806,0.682587,6.599482748794523,220.35086427696862
9.540000000000001,9.540000000000001,1.0050000000000001,0.682587,8.58523352755664,273.62117673642547
9.540000000000001,9.540000000000001,1.2040000000000002,0.682587,11.276309713835575,345.81274822086283
9.540000000000001,9.540000000000001,1.4030000000000002,0.682587,13.901428150450808,416.23491844342664
9.540000000000001,9.540000000000001,1.6020000000000003,0.682587,16.52654658706604,486.65708866599044
9.540000000000001,9.540000000000001,1.8010000000000004,0.682587,19.15166502368128,557.0792588885544
9.540000000000001,9.540000000000001,2.0,0.682587,21.776783460296507,627.501429111118
