0.0,0.39,0.01,0.0,0.0006563276013875513,25.02491355218179
0.0,0.39,0.20900000000000002,0.0,0.013717246868999822,25.520693240599442
0.0,0.39,0.40800000000000003,0.0,0.022257409982180138,25.84486945825571
0.0,0.39,0.607,0.0,0.030473188016111586,26.156732336381882
0.0,0.39,0.806,0.0,0.04168521817128871,26.582330007033377
0.0,0.39,1.0050000000000001,0.0,0.05261553902608449,26.997234268874536
0.0,0.39,1.2040000000000002,0.0,0.06970579025914629,27.645963447709413
0.0,0.39,1.4030000000000002,0.0,0.08637716278551541,28.278792401572847
0.0,0.39,1.6020000000000003,0.0,0.10304853531188451,28.91162135543628
0.0,0.39,1.8010000000000004,0.0,0.11971990783825363,29.54445030929972
0.0,0.39,2.0,0.0,0.1363912803646227,30.177279263163154
0.0,0.78,0.01,0.0,0.0027281338130481616,25.103557284451536
0.0,0.78,0.20900000000000002,0.0,0.05701799669270658,27.16434724503711
0.0,0.78,0.40800000000000003,0.0,0.1009614965208526,28.83239940939002
0.0,0.78,0.607,0.0,0.1482512058222227,30.627470404196096
0.0,0.78,0.806,0.0,0.20591368335666121,32.81628151003489
0.0,0.78,1.0050000000000001,0.0,0.26212735492289774,34.95009736195814
0.0,0.78,1.2040000000000002,0.0,0.3433700548240467,38.03399058707597
0.0,0.78,1.4030000000000002,0.0,0.42262151208055965,41.0422981939311
0.0,0.78,1.6020000000000003,0.0,0.5018729693370726,44.05060580078623
0.0,0.78,1.8010000000000004,0.0,0.5811244265935854,47.058913407641356
0.0,0.78,2.0,0.0,0.6603758838500983,50.06722101449649
0.0,1.17,0.01,0.0,0.0062778117811562355,25.238299579457955
0.0,1.17,0.20900000000000002,0.0,0.13120626622616532,29.980461210671244
0.0,1.17,0.40800000000000003,0.0,0.2450523232623998,34.30194590317413
0.0,1.17,0.607,0.0,0.3740955758223041,39.20030123603314
0.0,1.17,0.806,0.0,0.524234465992537,44.89942628709686
0.0,1.17,1.0050000000000001,0.0,0.6706010222388947,50.45535724140019
0.0,1.17,1.2040000000000002,0.0,0.8727388431706993,58.12831071623733
0.0,1.17,1.4030000000000002,0.0,1.069922305746332,65.61320160590688
0.0,1.17,1.6020000000000003,0.0,1.2671057683219646,73.09809249557644
0.0,1.17,1.8010000000000004,0.0,1.4642892308975974,80.582983385246
0.0,1.17,2.0,0.0,1.6614726934732298,88.06787427491554
0.0,1.56,0.01,0.0,0.011339937686853265,25.430452915133245
0.0,1.56,0.20900000000000002,0.0,0.23700469765523327,33.99646592628485
0.0,1.56,0.40800000000000003,0.0,0.46016845563651476,42.46754335438217
0.0,1.56,0.607,0.0,0.7214822826303527,52.38675999386403
0.0,1.56,0.806,0.0,1.0174099448092742,63.619883876119765
0.0,1.56,1.0050000000000001,0.0,1.30590223859174,74.57076846485148
0.0,1.56,1.2040000000000002,0.0,1.691766029161248,89.21777959327854
0.0,1.56,1.4030000000000002,0.0,2.068172373883464,103.5057953509108
0.0,1.56,1.6020000000000003,0.0,2.4445787186056798,117.79381110854305
0.0,1.56,1.8010000000000004,0.0,2.8209850633278957,132.08182686617533
0.0,1.56,2.0,0.0,3.1973914080501107,146.36984262380759
0.0,1.9500000000000002,0.01,0.0,0.01793915850177766,25.680952866353035
0.0,1.9500000000000002,0.20900000000000002,0.0,0.37492841268715316,39.231914906778464
0.0,1.9500000000000002,0.40800000000000003,0.0,0.7506193653881416,53.49277508476787
0.0,1.9500000000000002,0.607,0.0,1.2008672684002604,70.58374398919916
0.0,1.9500000000000002,0.806,0.0,1.7016713500664076,89.59377586210277
0.0,1.9500000000000002,1.0050000000000001,0.0,2.1898924146052643,108.12616874322487
0.0,1.9500000000000002,1.2040000000000002,0.0,2.8269519907169878,132.30832557895053
0.0,1.9500000000000002,1.4030000000000002,0.0,3.448397361531855,155.8977824922319
0.0,1.9500000000000002,1.6020000000000003,0.0,4.069842732346722,179.48723940551326
0.0,1.9500000000000002,1.8010000000000004,0.0,4.69128810316159,203.07669631879466
0.0,1.9500000000000002,2.0,0.0,5.312733473976456,226.666153232076
0.0,2.34,0.01,0.0,0.026094759013511874,25.990531464744112
0.0,2.34,0.20900000000000002,0.0,0.5453804633823982,45.70210761315198
0.0,2.34,0.40800000000000003,0.0,1.1199503803183153,67.51221826126113
0.0,2.34,0.607,0.0,1.8209443217000152,94.12126091132073
0.0,2.34,0.806,0.0,2.5905874122304495,123.33615794863574
0.0,2.34,1.0050000000000001,0.0,3.3408927366671537,151.81701234682225
0.0,2.34,1.2040000000000002,0.0,4.300423897297889,188.23987432899423
0.0,2.34,1.4030000000000002,0.0,5.2364371373249305,223.77001910572085
0.0,2.34,1.6020000000000003,0.0,6.1724503773519706,259.30016388244746
0.0,2.34,1.8010000000000004,0.0,7.1084636173790114,294.830308659174
0.0,2.34,2.0,0.0,8.04447685740605,330.3604534359005
0.0,2.73,0.01,0.0,0.03582263179501227,26.359791976792323
0.0,2.73,0.20900000000000002,0.0,0.7486930045157566,53.41965231495952
0.0,2.73,0.40800000000000003,0.0,1.571200911937416,84.64124596447857
0.0,2.73,0.607,0.0,2.589228273837323,123.28456638794586
0.0,2.73,0.806,0.0,3.6959364628073463,165.2941240503544
0.0,2.73,1.0050000000000001,0.0,4.774837913361037,206.24816518858185
0.0,2.73,1.2040000000000002,0.0,6.131371318492645,257.7408430885222
0.0,2.73,1.4030000000000002,0.0,7.45465635585142,307.9714455497385
0.0,2.73,1.6020000000000003,0.0,8.777941393210194,358.2020480109548
0.0,2.73,1.8010000000000004,0.0,10.101226430568968,408.4326504721711
0.0,2.73,2.0,0.0,11.42451146792774,458.6632529333873
0.0,3.12,0.01,0.0,0.04713631938678107,26.789248464055888
0.0,3.12,0.20900000000000002,0.0,0.9851490751837242,62.39529289876802
0.0,3.12,0.40800000000000003,0.0,2.1070469694579237,104.98143688014531
0.0,3.12,0.607,0.0,3.5123801423526446,158.32650611340048
0.0,3.12,0.806,0.0,5.028194985154207,215.86535120270145
0.0,3.12,1.0050000000000001,0.0,6.505924027885376,271.958496666643
0.0,3.12,1.2040000000000002,0.0,8.336849645753789,341.45863779328243
0.0,3.12,1.4030000000000002,0.0,10.12289963573327,409.25534408838655
0.0,3.12,1.6020000000000003,0.0,11.908949625712753,477.05205038349067
0.0,3.12,1.8010000000000004,0.0,13.694999615692234,544.8487566785948
0.0,3.12,2.0,0.0,15.48104960567171,612.6454629736987
0.0,3.5100000000000002,0.01,0.0,0.06004763577869478,27.279349374006223
0.0,3.5100000000000002,0.20900000000000002,0.0,1.254995587774721,72.6384019167301
0.0,3.5100000000000002,0.40800000000000003,0.0,2.7298890705811583,128.62391230635808
0.0,3.5100000000000002,0.607,0.0,4.59640930364704,199.4751901233304
0.0,3.5100000000000002,0.806,0.0,6.596842555137465,275.40967481029855
0.0,3.5100000000000002,1.0050000000000001,0.0,8.547013664630642,349.4362578719659
0.0,3.5100000000000002,1.2040000000000002,0.0,10.932281164544955,439.97867327703847
0.0,3.5100000000000002,1.4030000000000002,0.0,13.259086225735874,528.3019118339474
0.0,3.5100000000000002,1.6020000000000003,0.0,15.585891286926799,616.6251503908564
0.0,3.5100000000000002,1.8010000000000004,0.0,17.91269634811772,704.9483889477655
0.0,3.5100000000000002,2.0,0.0,20.239501409308637,793.2716275046743
0.39,0.0,0.01,0.00757458,0.0,25.287523629489602
0.39,0.0,0.20900000000000002,0.00757458,0.0,25.287523629489602
0.39,0.0,0.40800000000000003,0.00757458,0.0,25.287523629489602
0.39,0.0,0.607,0.00757458,0.0,25.287523629489602
0.39,0.0,0.806,0.00757458,0.0,25.287523629489602
0.39,0.0,1.0050000000000001,0.00757458,0.0,25.287523629489602
0.39,0.0,1.2040000000000002,0.00757458,0.0,25.287523629489602
0.39,0.0,1.4030000000000002,0.00757458,0.0,25.287523629489602
0.39,0.0,1.6020000000000003,0.00757458,0.0,25.287523629489602
0.39,0.0,1.8010000000000004,0.00757458,0.0,25.287523629489602
0.39,0.0,2.0,0.00757458,0.0,25.287523629489602
0.39,0.39,0.01,0.00757458,0.0006563276013875513,25.312437181671395
0.39,0.39,0.20900000000000002,0.00757458,0.013717246868999822,25.808216870089044
0.39,0.39,0.40800000000000003,0.00757458,0.022257409982180138,26.132393087745317
0.39,0.39,0.607,0.00757458,0.030473188016111586,26.444255965871484
0.39,0.39,0.806,0.00757458,0.04168521817128871,26.869853636522983
0.39,0.39,1.0050000000000001,0.00757458,0.05261553902608449,27.284757898364138
0.39,0.39,1.2040000000000002,0.00757458,0.06970579025914629,27.933487077199015
0.39,0.39,1.4030000000000002,0.00757458,0.08637716278551541,28.56631603106245
0.39,0.39,1.6020000000000003,0.00757458,0.10304853531188451,29.199144984925887
0.39,0.39,1.8010000000000004,0.00757458,0.11971990783825363,29.83197393878932
0.39,0.39,2.0,0.00757458,0.1363912803646227,30.464802892652756
0.39,0.78,0.01,0.00757458,0.0027281338130481616,25.39108091394114
0.39,0.78,0.20900000000000002,0.00757458,0.05701799669270658,27.451870874526712
0.39,0.78,0.40800000000000003,0.00757458,0.1009614965208526,29.119923038879627
0.39,0.78,0.607,0.00757458,0.1482512058222227,30.914994033685698
0.39,0.78,0.806,0.00757458,0.20591368335666121,33.103805139524496
0.39,0.78,1.0050000000000001,0.00757458,0.26212735492289774,35.23762099144775
0.39,0.78,1.2040000000000002,0.00757458,0.3433700548240467,38.321514216565575
0.39,0.78,1.4030000000000002,0.00757458,0.42262151208055965,41.3298218234207
0.39,0.78,1.6020000000000003,0.00757458,0.5018729693370726,44.338129430275835
0.39,0.78,1.8010000000000004,0.00757458,0.5811244265935854,47.34643703713096
0.39,0.78,2.0,0.00757458,0.6603758838500983,50.354744643986095
0.39,1.17,0.01,0.00757458,0.0062778117811562355,25.525823208947557
0.39,1.17,0.20900000000000002,0.00757458,0.13120626622616532,30.267984840160846
0.39,1.17,0.40800000000000003,0.00757458,0.2450523232623998,34.58946953266373
0.39,1.17,0.607,0.00757458,0.3740955758223041,39.48782486552274
0.39,1.17,0.806,0.00757458,0.524234465992537,45.186949916586464
0.39,1.17,1.0050000000000001,0.00757458,0.6706010222388947,50.74288087088979
0.39,1.17,1.2040000000000002,0.00757458,0.8727388431706993,58.41583434572693
0.39,1.17,1.4030000000000002,0.00757458,1.069922305746332,65.9007252353965
0.39,1.17,1.6020000000000003,0.00757458,1.2671057683219646,73.38561612506604
0.39,1.17,1.8010000000000004,0.00757458,1.4642892308975974,80.87050701473561
0.39,1.17,2.0,0.00757458,1.6614726934732298,88.35539790440515
0.39,1.56,0.01,0.00757458,0.011339937686853265,25.71797654462285
0.39,1.56,0.20900000000000002,0.00757458,0.23700469765523327,34.283989555774454
0.39,1.56,0.40800000000000003,0.00757458,0.46016845563651476,42.75506698387178
0.39,1.56,0.607,0.00757458,0.7214822826303527,52.67428362335363
0.39,1.56,0.806,0.00757458,1.0174099448092742,63.90740750560937
0.39,1.56,1.0050000000000001,0.00757458,1.30590223859174,74.85829209434108
0.39,1.56,1.2040000000000002,0.00757458,1.691766029161248,89.50530322276813
0.39,1.56,1.4030000000000002,0.00757458,2.068172373883464,103.7933189804004
0.39,1.56,1.6020000000000003,0.00757458,2.4445787186056798,118.08133473803265
0.39,1.56,1.8010000000000004,0.00757458,2.8209850633278957,132.36935049566495
0.39,1.56,2.0,0.00757458,3.1973914080501107,146.65736625329717
0.39,1.9500000000000002,0.01,0.00757458,0.01793915850177766,25.96847649584264
0.39,1.9500000000000002,0.20900000000000002,0.00757458,0.37492841268715316,39.51943853626807
0.39,1.9500000000000002,0.40800000000000003,0.00757458,0.7506193653881416,53.78029871425747
0.39,1.9500000000000002,0.607,0.00757458,1.2008672684002604,70.87126761868876
0.39,1.9500000000000002,0.806,0.00757458,1.7016713500664076,89.88129949159237
0.39,1.9500000000000002,1.0050000000000001,0.00757458,2.1898924146052643,108.41369237271446
0.39,1.9500000000000002,1.2040000000000002,0.00757458,2.8269519907169878,132.59584920844014
0.39,1.9500000000000002,1.4030000000000002,0.00757458,3.448397361531855,156.1853061217215
0.39,1.9500000000000002,1.6020000000000003,0.00757458,4.069842732346722,179.77476303500288
0.39,1.9500000000000002,1.8010000000000004,0.00757458,4.69128810316159,203.3642199482843
0.39,1.9500000000000002,2.0,0.00757458,5.312733473976456,226.9536768615656
0.39,2.34,0.01,0.00757458,0.026094759013511874,26.278055094233718
0.39,2.34,0.20900000000000002,0.00757458,0.5453804633823982,45.98963124264158
0.39,2.34,0.40800000000000003,0.00757458,1.1199503803183153,67.79974189075074
0.39,2.34,0.607,0.00757458,1.8209443217000152,94.40878454081033
0.39,2.34,0.806,0.00757458,2.5905874122304495,123.62368157812536
0.39,2.34,1.0050000000000001,0.00757458,3.3408927366671537,152.10453597631184
0.39,2.34,1.2040000000000002,0.00757458,4.300423897297889,188.52739795848385
0.39,2.34,1.4030000000000002,0.00757458,5.2364371373249305,224.0575427352105
0.39,2.34,1.6020000000000003,0.00757458,6.1724503773519706,259.5876875119371
0.39,2.34,1.8010000000000004,0.00757458,7.1084636173790114,295.11783228866364
0.39,2.34,2.0,0.00757458,8.04447685740605,330.6479770653902
0.39,2.73,0.01,0.00757458,0.03582263179501227,26.647315606281925
0.39,2.73,0.20900000000000002,0.00757458,0.7486930045157566,53.707175944449126
0.39,2.73,0.40800000000000003,0.00757458,1.571200911937416,84.92876959396816
0.39,2.73,0.607,0.00757458,2.589228273837323,123.57209001743546
0.39,2.73,0.806,0.00757458,3.6959364628073463,165.58164767984402
0.39,2.73,1.0050000000000001,0.00757458,4.774837913361037,206.53568881807146
0.39,2.73,1.2040000000000002,0.00757458,6.131371318492645,258.02836671801185
0.39,2.73,1.4030000000000002,0.00757458,7.45465635585142,308.25896917922813
0.39,2.73,1.6020000000000003,0.00757458,8.777941393210194,358.4895716404444
0.39,2.73,1.8010000000000004,0.00757458,10.101226430568968,408.7201741016607
0.39,2.73,2.0,0.00757458,11.42451146792774,458.9507765628769
0.39,3.12,0.01,0.00757458,0.04713631938678107,27.07677209354549
0.39,3.12,0.20900000000000002,0.00757458,0.9851490751837242,62.68281652825762
0.39,3.12,0.40800000000000003,0.00757458,2.1070469694579237,105.26896050963491
0.39,3.12,0.607,0.00757458,3.5123801423526446,158.6140297428901
0.39,3.12,0.806,0.00757458,5.028194985154207,216.15287483219106
0.39,3.12,1.0050000000000001,0.00757458,6.505924027885376,272.24602029613266
0.39,3.12,1.2040000000000002,0.00757458,8.336849645753789,341.74616142277205
0.39,3.12,1.4030000000000002,0.00757458,10.12289963573327,409.54286771787616
0.39,3.12,1.6020000000000003,0.00757458,11.908949625712753,477.3395740129803
0.39,3.12,1.8010000000000004,0.00757458,13.694999615692234,545.1362803080843
0.39,3.12,2.0,0.00757458,15.48104960567171,612.9329866031883
0.39,3.5100000000000002,0.01,0.00757458,0.06004763577869478,27.56687300349583
0.39,3.5100000000000002,0.20900000000000002,0.00757458,1.254995587774721,72.9259255462197
0.39,3.5100000000000002,0.40800000000000003,0.00757458,2.7298890705811583,128.9114359358477
0.39,3.5100000000000002,0.607,0.00757458,4.59640930364704,199.76271375282005
0.39,3.5100000000000002,0.806,0.00757458,6.596842555137465,275.69719843978817
0.39,3.5100000000000002,1.0050000000000001,0.00757458,8.547013664630642,349.7237815014555
0.39,3.5100000000000002,1.2040000000000002,0.00757458,10.932281164544955,440.2661969065281
0.39,3.5100000000000002,1.4030000000000002,0.00757458,13.259086225735874,528.589435463437
0.39,3.5100000000000002,1.6020000000000003,0.00757458,15.585891286926799,616.9126740203461
0.39,3.5100000000000002,1.8010000000000004,0.00757458,17.91269634811772,705.235912577255
0.39,3.5100000000000002,2.0,0.00757458,20.239501409308637,793.5591511341638
0.78,0.0,0.01,0.03029832,0.0,26.15009451795841
0.78,0.0,0.20900000000000002,0.03029832,0.0,26.15009451795841
0.78,0.0,0.40800000000000003,0.03029832,0.0,26.15009451795841
0.78,0.0,0.607,0.03029832,0.0,26.15009451795841
0.78,0.0,0.806,0.03029832,0.0,26.15009451795841
0.78,0.0,1.0050000000000001,0.03029832,0.0,26.15009451795841
0.78,0.0,1.2040000000000002,0.03029832,0.0,26.15009451795841
0.78,0.0,1.4030000000000002,0.03029832,0.0,26.15009451795841
0.78,0.0,1.6020000000000003,0.03029832,0.0,26.15009451795841
0.78,0.0,1.8010000000000004,0.03029832,0.0,26.15009451795841
0.78,0.0,2.0,0.03029832,0.0,26.15009451795841
0.78,0.39,0.01,0.03029832,0.0006563276013875513,26.175008070140205
0.78,0.39,0.20900000000000002,0.03029832,0.013717246868999822,26.670787758557854
0.78,0.39,0.40800000000000003,0.03029832,0.022257409982180138,26.994963976214123
0.78,0.39,0.607,0.03029832,0.030473188016111586,27.306826854340294
0.78,0.39,0.806,0.03029832,0.04168521817128871,27.732424524991792
0.78,0.39,1.0050000000000001,0.03029832,0.05261553902608449,28.147328786832947
0.78,0.39,1.2040000000000002,0.03029832,0.06970579025914629,28.796057965667824
0.78,0.39,1.4030000000000002,0.03029832,0.08637716278551541,29.42888691953126
0.78,0.39,1.6020000000000003,0.03029832,0.10304853531188451,30.061715873394697
0.78,0.39,1.8010000000000004,0.03029832,0.11971990783825363,30.69454482725813
0.78,0.39,2.0,0.03029832,0.1363912803646227,31.327373781121565
0.78,0.78,0.01,0.03029832,0.0027281338130481616,26.253651802409948
0.78,0.78,0.20900000000000002,0.03029832,0.05701799669270658,28.31444176299552
0.78,0.78,0.40800000000000003,0.03029832,0.1009614965208526,29.982493927348433
0.78,0.78,0.607,0.03029832,0.1482512058222227,31.777564922154504
0.78,0.78,0.806,0.03029832,0.20591368335666121,33.966376027993306
0.78,0.78,1.0050000000000001,0.03029832,0.26212735492289774,36.10019187991656
0.78,0.78,1.2040000000000002,0.03029832,0.3433700548240467,39.184085105034384
0.78,0.78,1.4030000000000002,0.03029832,0.42262151208055965,42.19239271188951
0.78,0.78,1.6020000000000003,0.03029832,0.5018729693370726,45.200700318744644
0.78,0.78,1.8010000000000004,0.03029832,0.5811244265935854,48.20900792559978
0.78,0.78,2.0,0.03029832,0.6603758838500983,51.217315532454904
0.78,1.17,0.01,0.03029832,0.0062778117811562355,26.388394097416366
0.78,1.17,0.20900000000000002,0.03029832,0.13120626622616532,31.130555728629655
0.78,1.17,0.40800000000000003,0.03029832,0.2450523232623998,35.45204042113254
0.78,1.17,0.607,0.03029832,0.3740955758223041,40.35039575399155
0.78,1.17,0.806,0.03029832,0.524234465992537,46.04952080505527
0.78,1.17,1.0050000000000001,0.03029832,0.6706010222388947,51.6054517593586
0.78,1.17,1.2040000000000002,0.03029832,0.8727388431706993,59.27840523419574
0.78,1.17,1.4030000000000002,0.03029832,1.069922305746332,66.7632961238653
0.78,1.17,1.6020000000000003,0.03029832,1.2671057683219646,74.24818701353486
0.78,1.17,1.8010000000000004,0.03029832,1.4642892308975974,81.73307790320442
0.78,1.17,2.0,0.03029832,1.6614726934732298,89.21796879287396
0.78,1.56,0.01,0.03029832,0.011339937686853265,26.58054743309166
0.78,1.56,0.20900000000000002,0.03029832,0.23700469765523327,35.14656044424326
0.78,1.56,0.40800000000000003,0.03029832,0.46016845563651476,43.61763787234058
0.78,1.56,0.607,0.03029832,0.7214822826303527,53.53685451182244
0.78,1.56,0.806,0.03029832,1.0174099448092742,64.76997839407818
0.78,1.56,1.0050000000000001,0.03029832,1.30590223859174,75.7208629828099
0.78,1.56,1.2040000000000002,0.03029832,1.691766029161248,90.36787411123694
0.78,1.56,1.4030000000000002,0.03029832,2.068172373883464,104.65588986886921
0.78,1.56,1.6020000000000003,0.03029832,2.4445787186056798,118.94390562650146
0.78,1.56,1.8010000000000004,0.03029832,2.8209850633278957,133.23192138413373
0.78,1.56,2.0,0.03029832,3.1973914080501107,147.51993714176598
0.78,1.9500000000000002,0.01,0.03029832,0.01793915850177766,26.83104738431145
0.78,1.9500000000000002,0.20900000000000002,0.03029832,0.37492841268715316,40.38200942473688
0.78,1.9500000000000002,0.40800000000000003,0.03029832,0.7506193653881416,54.64286960272628
0.78,1.9500000000000002,0.607,0.03029832,1.2008672684002604,71.73383850715757
0.78,1.9500000000000002,0.806,0.03029832,1.7016713500664076,90.74387038006118
0.78,1.9500000000000002,1.0050000000000001,0.03029832,2.1898924146052643,109.27626326118327
0.78,1.9500000000000002,1.2040000000000002,0.03029832,2.8269519907169878,133.45842009690892
0.78,1.9500000000000002,1.4030000000000002,0.03029832,3.448397361531855,157.04787701019032
0.78,1.9500000000000002,1.6020000000000003,0.03029832,4.069842732346722,180.6373339234717
0.78,1.9500000000000002,1.8010000000000004,0.03029832,4.69128810316159,204.22679083675308
0.78,1.9500000000000002,2.0,0.03029832,5.312733473976456,227.8162477500344
0.78,2.34,0.01,0.03029832,0.026094759013511874,27.140625982702527
0.78,2.34,0.20900000000000002,0.03029832,0.5453804633823982,46.85220213111039
0.78,2.34,0.40800000000000003,0.03029832,1.1199503803183153,68.66231277921955
0.78,2.34,0.607,0.03029832,1.8209443217000152,95.27135542927914
0.78,2.34,0.806,0.03029832,2.5905874122304495,124.48625246659415
0.78,2.34,1.0050000000000001,0.03029832,3.3408927366671537,152.96710686478065
0.78,2.34,1.2040000000000002,0.03029832,4.300423897297889,189.38996884695266
0.78,2.34,1.4030000000000002,0.03029832,5.2364371373249305,224.92011362367927
0.78,2.34,1.6020000000000003,0.03029832,6.1724503773519706,260.45025840040586
0.78,2.34,1.8010000000000004,0.03029832,7.1084636173790114,295.9804031771324
0.78,2.34,2.0,0.03029832,8.04447685740605,331.510547953859
0.78,2.73,0.01,0.03029832,0.03582263179501227,27.509886494750734
0.78,2.73,0.20900000000000002,0.03029832,0.7486930045157566,54.569746832917936
0.78,2.73,0.40800000000000003,0.03029832,1.571200911937416,85.79134048243698
0.78,2.73,0.607,0.03029832,2.589228273837323,124.43466090590427
0.78,2.73,0.806,0.03029832,3.6959364628073463,166.44421856831283
0.78,2.73,1.0050000000000001,0.03029832,4.774837913361037,207.39825970654024
0.78,2.73,1.2040000000000002,0.03029832,6.131371318492645,258.89093760648063
0.78,2.73,1.4030000000000002,0.03029832,7.45465635585142,309.1215400676969
0.78,2.73,1.6020000000000003,0.03029832,8.777941393210194,359.35214252891325
0.78,2.73,1.8010000000000004,0.03029832,10.101226430568968,409.58274499012947
0.78,2.73,2.0,0.03029832,11.42451146792774,459.8133474513457
0.78,3.12,0.01,0.03029832,0.04713631938678107,27.9393429820143
0.78,3.12,0.20900000000000002,0.03029832,0.9851490751837242,63.54538741672643
0.78,3.12,0.40800000000000003,0.03029832,2.1070469694579237,106.13153139810372
0.78,3.12,0.607,0.03029832,3.5123801423526446,159.4766006313589
0.78,3.12,0.806,0.03029832,5.028194985154207,217.01544572065987
0.78,3.12,1.0050000000000001,0.03029832,6.505924027885376,273.10859118460144
0.78,3.12,1.2040000000000002,0.03029832,8.336849645753789,342.60873231124083
0.78,3.12,1.4030000000000002,0.03029832,10.12289963573327,410.40543860634494
0.78,3.12,1.6020000000000003,0.03029832,11.908949625712753,478.20214490144906
0.78,3.12,1.8010000000000004,0.03029832,13.694999615692234,545.9988511965531
0.78,3.12,2.0,0.03029832,15.48104960567171,613.7955574916572
0.78,3.5100000000000002,0.01,0.03029832,0.06004763577869478,28.429443891964638
0.78,3.5100000000000002,0.20900000000000002,0.03029832,1.254995587774721,73.78849643468851
0.78,3.5100000000000002,0.40800000000000003,0.03029832,2.7298890705811583,129.77400682431647
0.78,3.5100000000000002,0.607,0.03029832,4.59640930364704,200.62528464128883
0.78,3.5100000000000002,0.806,0.03029832,6.596842555137465,276.55976932825695
0.78,3.5100000000000002,1.0050000000000001,0.03029832,8.547013664630642,350.5863523899243
0.78,3.5100000000000002,1.2040000000000002,0.03029832,10.932281164544955,441.12876779499686
0.78,3.5100000000000002,1.4030000000000002,0.03029832,13.259086225735874,529.4520063519058
0.78,3.5100000000000002,1.6020000000000003,0.03029832,15.585891286926799,617.7752449088149
0.78,3.5100000000000002,1.8010000000000004,0.03029832,17.91269634811772,706.0984834657239
0.78,3.5100000000000002,2.0,0.03029832,20.239501409308637,794.4217220226327
1.17,0.0,0.01,0.06817121999999999,0.0,27.58771266540643
1.17,0.0,0.20900000000000002,0.06817121999999999,0.0,27.58771266540643
1.17,0.0,0.40800000000000003,0.06817121999999999,0.0,27.58771266540643
1.17,0.0,0.607,0.06817121999999999,0.0,27.58771266540643
1.17,0.0,0.806,0.06817121999999999,0.0,27.58771266540643
1.17,0.0,1.0050000000000001,0.06817121999999999,0.0,27.58771266540643
1.17,0.0,1.2040000000000002,0.06817121999999999,0.0,27.58771266540643
1.17,0.0,1.4030000000000002,0.06817121999999999,0.0,27.58771266540643
1.17,0.0,1.6020000000000003,0.06817121999999999,0.0,27.58771266540643
1.17,0.0,1.8010000000000004,0.06817121999999999,0.0,27.58771266540643
1.17,0.0,2.0,0.06817121999999999,0.0,27.58771266540643
1.17,0.39,0.01,0.06817121999999999,0.0006563276013875513,27.61262621758822
1.17,0.39,0.20900000000000002,0.06817121999999999,0.013717246868999822,28.10840590600587
1.17,0.39,0.40800000000000003,0.06817121999999999,0.022257409982180138,28.43258212366214
1.17,0.39,0.607,0.06817121999999999,0.030473188016111586,28.74444500178831
1.17,0.39,0.806,0.06817121999999999,0.04168521817128871,29.170042672439806
1.17,0.39,1.0050000000000001,0.06817121999999999,0.05261553902608449,29.58494693428096
1.17,0.39,1.2040000000000002,0.06817121999999999,0.06970579025914629,30.23367611311584
1.17,0.39,1.4030000000000002,0.06817121999999999,0.08637716278551541,30.866505066979276
1.17,0.39,1.6020000000000003,0.06817121999999999,0.10304853531188451,31.49933402084271
1.17,0.39,1.8010000000000004,0.06817121999999999,0.11971990783825363,32.13216297470615
1.17,0.39,2.0,0.06817121999999999,0.1363912803646227,32.76499192856958
1.17,0.78,0.01,0.06817121999999999,0.0027281338130481616,27.691269949857965
1.17,0.78,0.20900000000000002,0.06817121999999999,0.05701799669270658,29.752059910443535
1.17,0.78,0.40800000000000003,0.06817121999999999,0.1009614965208526,31.42011207479645
1.17,0.78,0.607,0.06817121999999999,0.1482512058222227,33.21518306960252
1.17,0.78,0.806,0.06817121999999999,0.20591368335666121,35.40399417544132
1.17,0.78,1.0050000000000001,0.06817121999999999,0.26212735492289774,37.53781002736457
1.17,0.78,1.2040000000000002,0.06817121999999999,0.3433700548240467,40.6217032524824
1.17,0.78,1.4030000000000002,0.06817121999999999,0.42262151208055965,43.63001085933753
1.17,0.78,1.6020000000000003,0.06817121999999999,0.5018729693370726,46.63831846619266
1.17,0.78,1.8010000000000004,0.06817121999999999,0.5811244265935854,49.646626073047784
1.17,0.78,2.0,0.06817121999999999,0.6603758838500983,52.65493367990291
1.17,1.17,0.01,0.06817121999999999,0.0062778117811562355,27.82601224486438
1.17,1.17,0.20900000000000002,0.06817121999999999,0.13120626622616532,32.56817387607767
1.17,1.17,0.40800000000000003,0.06817121999999999,0.2450523232623998,36.88965856858056
1.17,1.17,0.607,0.06817121999999999,0.3740955758223041,41.78801390143957
1.17,1.17,0.806,0.06817121999999999,0.524234465992537,47.48713895250329
1.17,1.17,1.0050000000000001,0.06817121999999999,0.6706010222388947,53.043069906806615
1.17,1.17,1.2040000000000002,0.06817121999999999,0.8727388431706993,60.71602338164375
1.17,1.17,1.4030000000000002,0.06817121999999999,1.069922305746332,68.20091427131331
1.17,1.17,1.6020000000000003,0.06817121999999999,1.2671057683219646,75.68580516098287
1.17,1.17,1.8010000000000004,0.06817121999999999,1.4642892308975974,83.17069605065242
1.17,1.17,2.0,0.06817121999999999,1.6614726934732298,90.65558694032197
1.17,1.56,0.01,0.06817121999999999,0.011339937686853265,28.018165580539673
1.17,1.56,0.20900000000000002,0.06817121999999999,0.23700469765523327,36.58417859169128
1.17,1.56,0.40800000000000003,0.06817121999999999,0.46016845563651476,45.0552560197886
1.17,1.56,0.607,0.06817121999999999,0.7214822826303527,54.97447265927046
1.17,1.56,0.806,0.06817121999999999,1.0174099448092742,66.20759654152619
1.17,1.56,1.0050000000000001,0.06817121999999999,1.30590223859174,77.15848113025791
1.17,1.56,1.2040000000000002,0.06817121999999999,1.691766029161248,91.80549225868496
1.17,1.56,1.4030000000000002,0.06817121999999999,2.068172373883464,106.09350801631723
1.17,1.56,1.6020000000000003,0.06817121999999999,2.4445787186056798,120.3815237739495
1.17,1.56,1.8010000000000004,0.06817121999999999,2.8209850633278957,134.66953953158176
1.17,1.56,2.0,0.06817121999999999,3.1973914080501107,148.95755528921399
1.17,1.9500000000000002,0.01,0.06817121999999999,0.01793915850177766,28.268665531759464
1.17,1.9500000000000002,0.20900000000000002,0.06817121999999999,0.37492841268715316,41.81962757218489
1.17,1.9500000000000002,0.40800000000000003,0.06817121999999999,0.7506193653881416,56.08048775017429
1.17,1.9500000000000002,0.607,0.06817121999999999,1.2008672684002604,73.17145665460559
1.17,1.9500000000000002,0.806,0.06817121999999999,1.7016713500664076,92.1814885275092
1.17,1.9500000000000002,1.0050000000000001,0.06817121999999999,2.1898924146052643,110.7138814086313
1.17,1.9500000000000002,1.2040000000000002,0.06817121999999999,2.8269519907169878,134.89603824435696
1.17,1.9500000000000002,1.4030000000000002,0.06817121999999999,3.448397361531855,158.48549515763833
1.17,1.9500000000000002,1.6020000000000003,0.06817121999999999,4.069842732346722,182.07495207091972
1.17,1.9500000000000002,1.8010000000000004,0.06817121999999999,4.69128810316159,205.66440898420112
1.17,1.9500000000000002,2.0,0.06817121999999999,5.312733473976456,229.25386589748243
1.17,2.34,0.01,0.06817121999999999,0.026094759013511874,28.57824413015054
1.17,2.34,0.20900000000000002,0.06817121999999999,0.5453804633823982,48.28982027855841
1.17,2.34,0.40800000000000003,0.06817121999999999,1.1199503803183153,70.09993092666755
1.17,2.34,0.607,0.06817121999999999,1.8209443217000152,96.70897357672716
1.17,2.34,0.806,0.06817121999999999,2.5905874122304495,125.92387061404219
1.17,2.34,1.0050000000000001,0.06817121999999999,3.3408927366671537,154.40472501222868
1.17,2.34,1.2040000000000002,0.06817121999999999,4.300423897297889,190.82758699440066
1.17,2.34,1.4030000000000002,0.06817121999999999,5.2364371373249305,226.3577317711273
1.17,2.34,1.6020000000000003,0.06817121999999999,6.1724503773519706,261.8878765478539
1.17,2.34,1.8010000000000004,0.06817121999999999,7.1084636173790114,297.4180213245805
1.17,2.34,2.0,0.06817121999999999,8.04447685740605,332.948166101307
1.17,2.73,0.01,0.06817121999999999,0.03582263179501227,28.947504642198748
1.17,2.73,0.20900000000000002,0.06817121999999999,0.7486930045157566,56.00736498036595
1.17,2.73,0.40800000000000003,0.06817121999999999,1.571200911937416,87.22895862988499
1.17,2.73,0.607,0.06817121999999999,2.589228273837323,125.87227905335229
1.17,2.73,0.806,0.06817121999999999,3.6959364628073463,167.88183671576084
1.17,2.73,1.0050000000000001,0.06817121999999999,4.774837913361037,208.83587785398828
1.17,2.73,1.2040000000000002,0.06817121999999999,6.131371318492645,260.32855575392864
1.17,2.73,1.4030000000000002,0.06817121999999999,7.45465635585142,310.5591582151449
1.17,2.73,1.6020000000000003,0.06817121999999999,8.777941393210194,360.78976067636125
1.17,2.73,1.8010000000000004,0.06817121999999999,10.101226430568968,411.02036313757753
1.17,2.73,2.0,0.06817121999999999,11.42451146792774,461.2509655987937
1.17,3.12,0.01,0.06817121999999999,0.04713631938678107,29.376961129462313
1.17,3.12,0.20900000000000002,0.06817121999999999,0.9851490751837242,64.98300556417445
1.17,3.12,0.40800000000000003,0.06817121999999999,2.1070469694579237,107.56914954555175
1.17,3.12,0.607,0.06817121999999999,3.5123801423526446,160.91421877880694
1.17,3.12,0.806,0.06817121999999999,5.028194985154207,218.45306386810788
1.17,3.12,1.0050000000000001,0.06817121999999999,6.505924027885376,274.54620933204944
1.17,3.12,1.2040000000000002,0.06817121999999999,8.336849645753789,344.04635045868883
1.17,3.12,1.4030000000000002,0.06817121999999999,10.12289963573327,411.84305675379295
1.17,3.12,1.6020000000000003,0.06817121999999999,11.908949625712753,479.63976304889707
1.17,3.12,1.8010000000000004,0.06817121999999999,13.694999615692234,547.4364693440011
1.17,3.12,2.0,0.06817121999999999,15.48104960567171,615.2331756391052
1.17,3.5100000000000002,0.01,0.06817121999999999,0.06004763577869478,29.86706203941265
1.17,3.5100000000000002,0.20900000000000002,0.06817121999999999,1.254995587774721,75.22611458213652
1.17,3.5100000000000002,0.40800000000000003,0.06817121999999999,2.7298890705811583,131.21162497176454
1.17,3.5100000000000002,0.607,0.06817121999999999,4.59640930364704,202.06290278873686
1.17,3.5100000000000002,0.806,0.06817121999999999,6.596842555137465,277.99738747570495
1.17,3.5100000000000002,1.0050000000000001,0.06817121999999999,8.547013664630642,352.0239705373723
1.17,3.5100000000000002,1.2040000000000002,0.06817121999999999,10.932281164544955,442.56638594244487
1.17,3.5100000000000002,1.4030000000000002,0.06817121999999999,13.259086225735874,530.8896244993539
1.17,3.5100000000000002,1.6020000000000003,0.06817121999999999,15.585891286926799,619.2128630562629
1.17,3.5100000000000002,1.8010000000000004,0.06817121999999999,17.91269634811772,707.5361016131718
1.17,3.5100000000000002,2.0,0.06817121999999999,20.239501409308637,795.8593401700807
1.56,0.0,0.01,0.12119328,0.0,29.60037807183365
1.56,0.0,0.20900000000000002,0.12119328,0.0,29.60037807183365
1.56,0.0,0.40800000000000003,0.12119328,0.0,29.60037807183365
1.56,0.0,0.607,0.12119328,0.0,29.60037807183365
1.56,0.0,0.806,0.12119328,0.0,29.60037807183365
1.56,0.0,1.0050000000000001,0.12119328,0.0,29.60037807183365
1.56,0.0,1.2040000000000002,0.12119328,0.0,29.60037807183365
1.56,0.0,1.4030000000000002,0.12119328,0.0,29.60037807183365
1.56,0.0,1.6020000000000003,0.12119328,0.0,29.60037807183365
1.56,0.0,1.8010000000000004,0.12119328,0.0,29.60037807183365
1.56,0.0,2.0,0.12119328,0.0,29.60037807183365
1.56,0.39,0.01,0.12119328,0.0006563276013875513,29.62529162401544
1.56,0.39,0.20900000000000002,0.12119328,0.013717246868999822,30.12107131243309
1.56,0.39,0.40800000000000003,0.12119328,0.022257409982180138,30.44524753008936
1.56,0.39,0.607,0.12119328,0.030473188016111586,30.75711040821553
1.56,0.39,0.806,0.12119328,0.04168521817128871,31.182708078867027
1.56,0.39,1.0050000000000001,0.12119328,0.05261553902608449,31.597612340708185
1.56,0.39,1.2040000000000002,0.12119328,0.06970579025914629,32.246341519543066
1.56,0.39,1.4030000000000002,0.12119328,0.08637716278551541,32.8791704734065
1.56,0.39,1.6020000000000003,0.12119328,0.10304853531188451,33.511999427269934
1.56,0.39,1.8010000000000004,0.12119328,0.11971990783825363,34.144828381133365
1.56,0.39,2.0,0.12119328,0.1363912803646227,34.7776573349968
1.56,0.78,0.01,0.12119328,0.0027281338130481616,29.703935356285186
1.56,0.78,0.20900000000000002,0.12119328,0.05701799669270658,31.76472531687076
1.56,0.78,0.40800000000000003,0.12119328,0.1009614965208526,33.43277748122367
1.56,0.78,0.607,0.12119328,0.1482512058222227,35.22784847602974
1.56,0.78,0.806,0.12119328,0.20591368335666121,37.416659581868544
1.56,0.78,1.0050000000000001,0.12119328,0.26212735492289774,39.550475433791796
1.56,0.78,1.2040000000000002,0.12119328,0.3433700548240467,42.63436865890962
1.56,0.78,1.4030000000000002,0.12119328,0.42262151208055965,45.64267626576475
1.56,0.78,1.6020000000000003,0.12119328,0.5018729693370726,48.65098387261988
1.56,0.78,1.8010000000000004,0.12119328,0.5811244265935854,51.65929147947501
1.56,0.78,2.0,0.12119328,0.6603758838500983,54.667599086330135
1.56,1.17,0.01,0.12119328,0.0062778117811562355,29.838677651291604
1.56,1.17,0.20900000000000002,0.12119328,0.13120626622616532,34.58083928250489
1.56,1.17,0.40800000000000003,0.12119328,0.2450523232623998,38.902323975007775
1.56,1.17,0.607,0.12119328,0.3740955758223041,43.80067930786679
1.56,1.17,0.806,0.12119328,0.524234465992537,49.499804358930504
1.56,1.17,1.0050000000000001,0.12119328,0.6706010222388947,55.05573531323384
1.56,1.17,1.2040000000000002,0.12119328,0.8727388431706993,62.728688788070976
1.56,1.17,1.4030000000000002,0.12119328,1.069922305746332,70.21357967774054
1.56,1.17,1.6020000000000003,0.12119328,1.2671057683219646,77.69847056741008
1.56,1.17,1.8010000000000004,0.12119328,1.4642892308975974,85.18336145707966
1.56,1.17,2.0,0.12119328,1.6614726934732298,92.6682523467492
1.56,1.56,0.01,0.12119328,0.011339937686853265,30.030830986966897
1.56,1.56,0.20900000000000002,0.12119328,0.23700469765523327,38.5968439981185
1.56,1.56,0.40800000000000003,0.12119328,0.46016845563651476,47.06792142621582
1.56,1.56,0.607,0.12119328,0.7214822826303527,56.98713806569768
1.56,1.56,0.806,0.12119328,1.0174099448092742,68.22026194795342
1.56,1.56,1.0050000000000001,0.12119328,1.30590223859174,79.17114653668513
1.56,1.56,1.2040000000000002,0.12119328,1.691766029161248,93.81815766511218
1.56,1.56,1.4030000000000002,0.12119328,2.068172373883464,108.10617342274445
1.56,1.56,1.6020000000000003,0.12119328,2.4445787186056798,122.3941891803767
1.56,1.56,1.8010000000000004,0.12119328,2.8209850633278957,136.68220493800897
1.56,1.56,2.0,0.12119328,3.1973914080501107,150.97022069564122
1.56,1.9500000000000002,0.01,0.12119328,0.01793915850177766,30.281330938186684
1.56,1.9500000000000002,0.20900000000000002,0.12119328,0.37492841268715316,43.83229297861212
1.56,1.9500000000000002,0.40800000000000003,0.12119328,0.7506193653881416,58.09315315660152
1.56,1.9500000000000002,0.607,0.12119328,1.2008672684002604,75.18412206103281
1.56,1.9500000000000002,0.806,0.12119328,1.7016713500664076,94.19415393393642
1.56,1.9500000000000002,1.0050000000000001,0.12119328,2.1898924146052643,112.72654681505851
1.56,1.9500000000000002,1.2040000000000002,0.12119328,2.8269519907169878,136.90870365078416
1.56,1.9500000000000002,1.4030000000000002,0.12119328,3.448397361531855,160.49816056406556
1.56,1.9500000000000002,1.6020000000000003,0.12119328,4.069842732346722,184.08761747734695
1.56,1.9500000000000002,1.8010000000000004,0.12119328,4.69128810316159,207.67707439062835
1.56,1.9500000000000002,2.0,0.12119328,5.312733473976456,231.26653130390966
1.56,2.34,0.01,0.12119328,0.026094759013511874,30.59090953657776
1.56,2.34,0.20900000000000002,0.12119328,0.5453804633823982,50.302485684985626
1.56,2.34,0.40800000000000003,0.12119328,1.1199503803183153,72.11259633309477
1.56,2.34,0.607,0.12119328,1.8209443217000152,98.72163898315438
1.56,2.34,0.806,0.12119328,2.5905874122304495,127.93653602046939
1.56,2.34,1.0050000000000001,0.12119328,3.3408927366671537,156.41739041865588
1.56,2.34,1.2040000000000002,0.12119328,4.300423897297889,192.8402524008279
1.56,2.34,1.4030000000000002,0.12119328,5.2364371373249305,228.3703971775545
1.56,2.34,1.6020000000000003,0.12119328,6.1724503773519706,263.9005419542811
1.56,2.34,1.8010000000000004,0.12119328,7.1084636173790114,299.4306867310077
1.56,2.34,2.0,0.12119328,8.04447685740605,334.9608315077342
1.56,2.73,0.01,0.12119328,0.03582263179501227,30.96017004862597
1.56,2.73,0.20900000000000002,0.12119328,0.7486930045157566,58.020030386793174
1.56,2.73,0.40800000000000003,0.12119328,1.571200911937416,89.2416240363122
1.56,2.73,0.607,0.12119328,2.589228273837323,127.8849444597795
1.56,2.73,0.806,0.12119328,3.6959364628073463,169.89450212218807
1.56,2.73,1.0050000000000001,0.12119328,4.774837913361037,210.8485432604155
1.56,2.73,1.2040000000000002,0.12119328,6.131371318492645,262.3412211603559
1.56,2.73,1.4030000000000002,0.12119328,7.45465635585142,312.57182362157215
1.56,2.73,1.6020000000000003,0.12119328,8.777941393210194,362.80242608278843
1.56,2.73,1.8010000000000004,0.12119328,10.101226430568968,413.0330285440047
1.56,2.73,2.0,0.12119328,11.42451146792774,463.26363100522093
1.56,3.12,0.01,0.12119328,0.04713631938678107,31.389626535889533
1.56,3.12,0.20900000000000002,0.12119328,0.9851490751837242,66.99567097060167
1.56,3.12,0.40800000000000003,0.12119328,2.1070469694579237,109.58181495197896
1.56,3.12,0.607,0.12119328,3.5123801423526446,162.92688418523414
1.56,3.12,0.806,0.12119328,5.028194985154207,220.4657292745351
1.56,3.12,1.0050000000000001,0.12119328,6.505924027885376,276.5588747384767
1.56,3.12,1.2040000000000002,0.12119328,8.336849645753789,346.05901586511607
1.56,3.12,1.4030000000000002,0.12119328,10.12289963573327,413.8557221602202
1.56,3.12,1.6020000000000003,0.12119328,11.908949625712753,481.6524284553243
1.56,3.12,1.8010000000000004,0.12119328,13.694999615692234,549.4491347504284
1.56,3.12,2.0,0.12119328,15.48104960567171,617.2458410455323
1.56,3.5100000000000002,0.01,0.12119328,0.06004763577869478,31.879727445839876
1.56,3.5100000000000002,0.20900000000000002,0.12119328,1.254995587774721,77.23877998856375
1.56,3.5100000000000002,0.40800000000000003,0.12119328,2.7298890705811583,133.22429037819174
1.56,3.5100000000000002,0.607,0.12119328,4.59640930364704,204.07556819516407
1.56,3.5100000000000002,0.806,0.12119328,6.596842555137465,280.0100528821322
1.56,3.5100000000000002,1.0050000000000001,0.12119328,8.547013664630642,354.0366359437995
1.56,3.5100000000000002,1.2040000000000002,0.12119328,10.932281164544955,444.5790513488721
1.56,3.5100000000000002,1.4030000000000002,0.12119328,13.259086225735874,532.902289905781
1.56,3.5100000000000002,1.6020000000000003,0.12119328,15.585891286926799,621.2255284626901
1.56,3.5100000000000002,1.8010000000000004,0.12119328,17.91269634811772,709.548767019599
1.56,3.5100000000000002,2.0,0.12119328,20.239501409308637,797.8720055765078
1.9500000000000002,0.0,0.01,0.18936450000000002,0.0,32.188090737240074
1.9500000000000002,0.0,0.20900000000000002,0.18936450000000002,0.0,32.188090737240074
1.9500000000000002,0.0,0.40800000000000003,0.18936450000000002,0.0,32.188090737240074
1.9500000000000002,0.0,0.607,0.18936450000000002,0.0,32.188090737240074
1.9500000000000002,0.0,0.806,0.18936450000000002,0.0,32.188090737240074
1.9500000000000002,0.0,1.0050000000000001,0.18936450000000002,0.0,32.188090737240074
1.9500000000000002,0.0,1.2040000000000002,0.18936450000000002,0.0,32.188090737240074
1.9500000000000002,0.0,1.4030000000000002,0.18936450000000002,0.0,32.188090737240074
1.9500000000000002,0.0,1.6020000000000003,0.18936450000000002,0.0,32.188090737240074
1.9500000000000002,0.0,1.8010000000000004,0.18936450000000002,0.0,32.188090737240074
1.9500000000000002,0.0,2.0,0.18936450000000002,0.0,32.188090737240074
1.9500000000000002,0.39,0.01,0.18936450000000002,0.0006563276013875513,32.21300428942187
1.9500000000000002,0.39,0.20900000000000002,0.18936450000000002,0.013717246868999822,32.708783977839516
1.9500000000000002,0.39,0.40800000000000003,0.18936450000000002,0.022257409982180138,33.03296019549579
1.9500000000000002,0.39,0.607,0.18936450000000002,0.030473188016111586,33.34482307362196
1.9500000000000002,0.39,0.806,0.18936450000000002,0.04168521817128871,33.77042074427345
1.9500000000000002,0.39,1.0050000000000001,0.18936450000000002,0.05261553902608449,34.18532500611461
1.9500000000000002,0.39,1.2040000000000002,0.18936450000000002,0.06970579025914629,34.834054184949494
1.9500000000000002,0.39,1.4030000000000002,0.18936450000000002,0.08637716278551541,35.466883138812925
1.9500000000000002,0.39,1.6020000000000003,0.18936450000000002,0.10304853531188451,36.09971209267636
1.9500000000000002,0.39,1.8010000000000004,0.18936450000000002,0.11971990783825363,36.732541046539794
1.9500000000000002,0.39,2.0,0.18936450000000002,0.1363912803646227,37.36537000040323
1.9500000000000002,0.78,0.01,0.18936450000000002,0.0027281338130481616,32.291648021691614
1.9500000000000002,0.78,0.20900000000000002,0.18936450000000002,0.05701799669270658,34.35243798227719
1.9500000000000002,0.78,0.40800000000000003,0.18936450000000002,0.1009614965208526,36.0204901466301
1.9500000000000002,0.78,0.607,0.18936450000000002,0.1482512058222227,37.81556114143617
1.9500000000000002,0.78,0.806,0.18936450000000002,0.20591368335666121,40.00437224727497
1.9500000000000002,0.78,1.0050000000000001,0.18936450000000002,0.26212735492289774,42.138188099198224
1.9500000000000002,0.78,1.2040000000000002,0.18936450000000002,0.3433700548240467,45.22208132431604
1.9500000000000002,0.78,1.4030000000000002,0.18936450000000002,0.42262151208055965,48.23038893117118
1.9500000000000002,0.78,1.6020000000000003,0.18936450000000002,0.5018729693370726,51.2386965380263
1.9500000000000002,0.78,1.8010000000000004,0.18936450000000002,0.5811244265935854,54.24700414488144
1.9500000000000002,0.78,2.0,0.18936450000000002,0.6603758838500983,57.25531175173656
1.9500000000000002,1.17,0.01,0.18936450000000002,0.0062778117811562355,32.42639031669803
1.9500000000000002,1.17,0.20900000000000002,0.18936450000000002,0.13120626622616532,37.16855194791132
1.9500000000000002,1.17,0.40800000000000003,0.18936450000000002,0.2450523232623998,41.4900366404142
1.9500000000000002,1.17,0.607,0.18936450000000002,0.3740955758223041,46.388391973273215
1.9500000000000002,1.17,0.806,0.18936450000000002,0.524234465992537,52.08751702433694
1.9500000000000002,1.17,1.0050000000000001,0.18936450000000002,0.6706010222388947,57.64344797864027
1.9500000000000002,1.17,1.2040000000000002,0.18936450000000002,0.8727388431706993,65.3164014534774
1.9500000000000002,1.17,1.4030000000000002,0.18936450000000002,1.069922305746332,72.80129234314697
1.9500000000000002,1.17,1.6020000000000003,0.18936450000000002,1.2671057683219646,80.28618323281653
1.9500000000000002,1.17,1.8010000000000004,0.18936450000000002,1.4642892308975974,87.77107412248608
1.9500000000000002,1.17,2.0,0.18936450000000002,1.6614726934732298,95.25596501215563
1.9500000000000002,1.56,0.01,0.18936450000000002,0.011339937686853265,32.618543652373326
1.9500000000000002,1.56,0.20900000000000002,0.18936450000000002,0.23700469765523327,41.18455666352493
1.9500000000000002,1.56,0.40800000000000003,0.18936450000000002,0.46016845563651476,49.65563409162225
1.9500000000000002,1.56,0.607,0.18936450000000002,0.7214822826303527,59.574850731104114
1.9500000000000002,1.56,0.806,0.18936450000000002,1.0174099448092742,70.80797461335985
1.9500000000000002,1.56,1.0050000000000001,0.18936450000000002,1.30590223859174,81.75885920209157
1.9500000000000002,1.56,1.2040000000000002,0.18936450000000002,1.691766029161248,96.40587033051861
1.9500000000000002,1.56,1.4030000000000002,0.18936450000000002,2.068172373883464,110.69388608815088
1.9500000000000002,1.56,1.6020000000000003,0.18936450000000002,2.4445787186056798,124.98190184578314
1.9500000000000002,1.56,1.8010000000000004,0.18936450000000002,2.8209850633278957,139.26991760341542
1.9500000000000002,1.56,2.0,0.18936450000000002,3.1973914080501107,153.55793336104765
1.9500000000000002,1.9500000000000002,0.01,0.18936450000000002,0.01793915850177766,32.86904360359311
1.9500000000000002,1.9500000000000002,0.20900000000000002,0.18936450000000002,0.37492841268715316,46.420005644018545
1.9500000000000002,1.9500000000000002,0.40800000000000003,0.18936450000000002,0.7506193653881416,60.680865822007945
1.9500000000000002,1.9500000000000002,0.607,0.18936450000000002,1.2008672684002604,77.77183472643924
1.9500000000000002,1.9500000000000002,0.806,0.18936450000000002,1.7016713500664076,96.78186659934285
1.9500000000000002,1.9500000000000002,1.0050000000000001,0.18936450000000002,2.1898924146052643,115.31425948046494
1.9500000000000002,1.9500000000000002,1.2040000000000002,0.18936450000000002,2.8269519907169878,139.49641631619062
1.9500000000000002,1.9500000000000002,1.4030000000000002,0.18936450000000002,3.448397361531855,163.08587322947199
1.9500000000000002,1.9500000000000002,1.6020000000000003,0.18936450000000002,4.069842732346722,186.67533014275335
1.9500000000000002,1.9500000000000002,1.8010000000000004,0.18936450000000002,4.69128810316159,210.26478705603475
1.9500000000000002,1.9500000000000002,2.0,0.18936450000000002,5.312733473976456,233.85424396931606
1.9500000000000002,2.34,0.01,0.18936450000000002,0.026094759013511874,33.17862220198419
1.9500000000000002,2.34,0.20900000000000002,0.18936450000000002,0.5453804633823982,52.890198350392055
1.9500000000000002,2.34,0.40800000000000003,0.18936450000000002,1.1199503803183153,74.70030899850121
1.9500000000000002,2.34,0.607,0.18936450000000002,1.8209443217000152,101.3093516485608
1.9500000000000002,2.34,0.806,0.18936450000000002,2.5905874122304495,130.52424868587582
1.9500000000000002,2.34,1.0050000000000001,0.18936450000000002,3.3408927366671537,159.0051030840623
1.9500000000000002,2.34,1.2040000000000002,0.18936450000000002,4.300423897297889,195.4279650662343
1.9500000000000002,2.34,1.4030000000000002,0.18936450000000002,5.2364371373249305,230.9581098429609
1.9500000000000002,2.34,1.6020000000000003,0.18936450000000002,6.1724503773519706,266.4882546196875
1.9500000000000002,2.34,1.8010000000000004,0.18936450000000002,7.1084636173790114,302.0183993964141
1.9500000000000002,2.34,2.0,0.18936450000000002,8.04447685740605,337.54854417314067
1.9500000000000002,2.73,0.01,0.18936450000000002,0.03582263179501227,33.5478827140324
1.9500000000000002,2.73,0.20900000000000002,0.18936450000000002,0.7486930045157566,60.6077430521996
1.9500000000000002,2.73,0.40800000000000003,0.18936450000000002,1.571200911937416,91.82933670171863
1.9500000000000002,2.73,0.607,0.18936450000000002,2.589228273837323,130.47265712518595
1.9500000000000002,2.73,0.806,0.18936450000000002,3.6959364628073463,172.4822147875945
1.9500000000000002,2.73,1.0050000000000001,0.18936450000000002,4.774837913361037,213.4362559258219
1.9500000000000002,2.73,1.2040000000000002,0.18936450000000002,6.131371318492645,264.9289338257623
1.9500000000000002,2.73,1.4030000000000002,0.18936450000000002,7.45465635585142,315.15953628697855
1.9500000000000002,2.73,1.6020000000000003,0.18936450000000002,8.777941393210194,365.3901387481949
1.9500000000000002,2.73,1.8010000000000004,0.18936450000000002,10.101226430568968,415.62074120941116
1.9500000000000002,2.73,2.0,0.18936450000000002,11.42451146792774,465.85134367062733
1.9500000000000002,3.12,0.01,0.18936450000000002,0.04713631938678107,33.97733920129596
1.9500000000000002,3.12,0.20900000000000002,0.18936450000000002,0.9851490751837242,69.5833836360081
1.9500000000000002,3.12,0.40800000000000003,0.18936450000000002,2.1070469694579237,112.1695276173854
1.9500000000000002,3.12,0.607,0.18936450000000002,3.5123801423526446,165.51459685064057
1.9500000000000002,3.12,0.806,0.18936450000000002,5.028194985154207,223.0534419399415
1.9500000000000002,3.12,1.0050000000000001,0.18936450000000002,6.505924027885376,279.1465874038831
1.9500000000000002,3.12,1.2040000000000002,0.18936450000000002,8.336849645753789,348.64672853052247
1.9500000000000002,3.12,1.4030000000000002,0.18936450000000002,10.12289963573327,416.4434348256266
1.9500000000000002,3.12,1.6020000000000003,0.18936450000000002,11.908949625712753,484.2401411207307
1.9500000000000002,3.12,1.8010000000000004,0.18936450000000002,13.694999615692234,552.0368474158348
1.9500000000000002,3.12,2.0,0.18936450000000002,15.48104960567171,619.8335537109388
1.9500000000000002,3.5100000000000002,0.01,0.18936450000000002,0.06004763577869478,34.467440111246304
1.9500000000000002,3.5100000000000002,0.20900000000000002,0.18936450000000002,1.254995587774721,79.82649265397018
1.9500000000000002,3.5100000000000002,0.40800000000000003,0.18936450000000002,2.7298890705811583,135.81200304359817
1.9500000000000002,3.5100000000000002,0.607,0.18936450000000002,4.59640930364704,206.66328086057047
1.9500000000000002,3.5100000000000002,0.806,0.18936450000000002,6.596842555137465,282.5977655475386
1.9500000000000002,3.5100000000000002,1.0050000000000001,0.18936450000000002,8.547013664630642,356.6243486092059
1.9500000000000002,3.5100000000000002,1.2040000000000002,0.18936450000000002,10.932281164544955,447.1667640142785
1.9500000000000002,3.5100000000000002,1.4030000000000002,0.18936450000000002,13.259086225735874,535.4900025711875
1.9500000000000002,3.5100000000000002,1.6020000000000003,0.18936450000000002,15.585891286926799,623.8132411280966
1.9500000000000002,3.5100000000000002,1.8010000000000004,0.18936450000000002,17.91269634811772,712.1364796850055
1.9500000000000002,3.5100000000000002,2.0,0.18936450000000002,20.239501409308637,800.4597182419143
2.34,0.0,0.01,0.27268487999999996,0.0,35.350850661625714
2.34,0.0,0.20900000000000002,0.27268487999999996,0.0,35.350850661625714
2.34,0.0,0.40800000000000003,0.27268487999999996,0.0,35.350850661625714
2.34,0.0,0.607,0.27268487999999996,0.0,35.350850661625714
2.34,0.0,0.806,0.27268487999999996,0.0,35.350850661625714
2.34,0.0,1.0050000000000001,0.27268487999999996,0.0,35.350850661625714
2.34,0.0,1.2040000000000002,0.27268487999999996,0.0,35.350850661625714
2.34,0.0,1.4030000000000002,0.27268487999999996,0.0,35.350850661625714
2.34,0.0,1.6020000000000003,0.27268487999999996,0.0,35.350850661625714
2.34,0.0,1.8010000000000004,0.27268487999999996,0.0,35.350850661625714
2.34,0.0,2.0,0.27268487999999996,0.0,35.350850661625714
2.34,0.39,0.01,0.27268487999999996,0.0006563276013875513,35.3757642138075
2.34,0.39,0.20900000000000002,0.27268487999999996,0.013717246868999822,35.871543902225156
2.34,0.39,0.40800000000000003,0.27268487999999996,0.022257409982180138,36.19572011988142
2.34,0.39,0.607,0.27268487999999996,0.030473188016111586,36.50758299800759
2.34,0.39,0.806,0.27268487999999996,0.04168521817128871,36.933180668659084
2.34,0.39,1.0050000000000001,0.27268487999999996,0.05261553902608449,37.34808493050024
2.34,0.39,1.2040000000000002,0.27268487999999996,0.06970579025914629,37.99681410933512
2.34,0.39,1.4030000000000002,0.27268487999999996,0.08637716278551541,38.62964306319856
2.34,0.39,1.6020000000000003,0.27268487999999996,0.10304853531188451,39.262472017061995
2.34,0.39,1.8010000000000004,0.27268487999999996,0.11971990783825363,39.895300970925426
2.34,0.39,2.0,0.27268487999999996,0.1363912803646227,40.52812992478886
2.34,0.78,0.01,0.27268487999999996,0.0027281338130481616,35.45440794607725
2.34,0.78,0.20900000000000002,0.27268487999999996,0.05701799669270658,37.51519790666282
2.34,0.78,0.40800000000000003,0.27268487999999996,0.1009614965208526,39.18325007101573
2.34,0.78,0.607,0.27268487999999996,0.1482512058222227,40.9783210658218
2.34,0.78,0.806,0.27268487999999996,0.20591368335666121,43.167132171660604
2.34,0.78,1.0050000000000001,0.27268487999999996,0.26212735492289774,45.30094802358386
2.34,0.78,1.2040000000000002,0.27268487999999996,0.3433700548240467,48.384841248701676
2.34,0.78,1.4030000000000002,0.27268487999999996,0.42262151208055965,51.39314885555681
2.34,0.78,1.6020000000000003,0.27268487999999996,0.5018729693370726,54.40145646241194
2.34,0.78,1.8010000000000004,0.27268487999999996,0.5811244265935854,57.40976406926707
2.34,0.78,2.0,0.27268487999999996,0.6603758838500983,60.418071676122196
2.34,1.17,0.01,0.27268487999999996,0.0062778117811562355,35.589150241083665
2.34,1.17,0.20900000000000002,0.27268487999999996,0.13120626622616532,40.33131187229695
2.34,1.17,0.40800000000000003,0.27268487999999996,0.2450523232623998,44.65279656479984
2.34,1.17,0.607,0.27268487999999996,0.3740955758223041,49.55115189765884
2.34,1.17,0.806,0.27268487999999996,0.524234465992537,55.25027694872257
2.34,1.17,1.0050000000000001,0.27268487999999996,0.6706010222388947,60.8062079030259
2.34,1.17,1.2040000000000002,0.27268487999999996,0.8727388431706993,68.47916137786305
2.34,1.17,1.4030000000000002,0.27268487999999996,1.069922305746332,75.9640522675326
2.34,1.17,1.6020000000000003,0.27268487999999996,1.2671057683219646,83.44894315720215
2.34,1.17,1.8010000000000004,0.27268487999999996,1.4642892308975974,90.93383404687171
2.34,1.17,2.0,0.27268487999999996,1.6614726934732298,98.41872493654125
2.34,1.56,0.01,0.27268487999999996,0.011339937686853265,35.78130357675896
2.34,1.56,0.20900000000000002,0.27268487999999996,0.23700469765523327,44.347316587910555
2.34,1.56,0.40800000000000003,0.27268487999999996,0.46016845563651476,52.81839401600788
2.34,1.56,0.607,0.27268487999999996,0.7214822826303527,62.737610655489746
2.34,1.56,0.806,0.27268487999999996,1.0174099448092742,73.97073453774547
2.34,1.56,1.0050000000000001,0.27268487999999996,1.30590223859174,84.9216191264772
2.34,1.56,1.2040000000000002,0.27268487999999996,1.691766029161248,99.56863025490425
2.34,1.56,1.4030000000000002,0.27268487999999996,2.068172373883464,113.8566460125365
2.34,1.56,1.6020000000000003,0.27268487999999996,2.4445787186056798,128.14466177016874
2.34,1.56,1.8010000000000004,0.27268487999999996,2.8209850633278957,142.43267752780105
2.34,1.56,2.0,0.27268487999999996,3.1973914080501107,156.72069328543327
2.34,1.9500000000000002,0.01,0.27268487999999996,0.01793915850177766,36.031803527978745
2.34,1.9500000000000002,0.20900000000000002,0.27268487999999996,0.37492841268715316,49.58276556840417
2.34,1.9500000000000002,0.40800000000000003,0.27268487999999996,0.7506193653881416,63.84362574639358
2.34,1.9500000000000002,0.607,0.27268487999999996,1.2008672684002604,80.93459465082488
2.34,1.9500000000000002,0.806,0.27268487999999996,1.7016713500664076,99.94462652372849
2.34,1.9500000000000002,1.0050000000000001,0.27268487999999996,2.1898924146052643,118.47701940485057
2.34,1.9500000000000002,1.2040000000000002,0.27268487999999996,2.8269519907169878,142.65917624057624
2.34,1.9500000000000002,1.4030000000000002,0.27268487999999996,3.448397361531855,166.2486331538576
2.34,1.9500000000000002,1.6020000000000003,0.27268487999999996,4.069842732346722,189.83809006713898
2.34,1.9500000000000002,1.8010000000000004,0.27268487999999996,4.69128810316159,213.42754698042037
2.34,1.9500000000000002,2.0,0.27268487999999996,5.312733473976456,237.0170038937017
2.34,2.34,0.01,0.27268487999999996,0.026094759013511874,36.34138212636982
2.34,2.34,0.20900000000000002,0.27268487999999996,0.5453804633823982,56.05295827477769
2.34,2.34,0.40800000000000003,0.27268487999999996,1.1199503803183153,77.86306892288684
2.34,2.34,0.607,0.27268487999999996,1.8209443217000152,104.47211157294643
2.34,2.34,0.806,0.27268487999999996,2.5905874122304495,133.68700861026144
2.34,2.34,1.0050000000000001,0.27268487999999996,3.3408927366671537,162.16786300844794
2.34,2.34,1.2040000000000002,0.27268487999999996,4.300423897297889,198.59072499061995
2.34,2.34,1.4030000000000002,0.27268487999999996,5.2364371373249305,234.12086976734656
2.34,2.34,1.6020000000000003,0.27268487999999996,6.1724503773519706,269.6510145440732
2.34,2.34,1.8010000000000004,0.27268487999999996,7.1084636173790114,305.18115932079974
2.34,2.34,2.0,0.27268487999999996,8.04447685740605,340.71130409752624
2.34,2.73,0.01,0.27268487999999996,0.03582263179501227,36.71064263841803
2.34,2.73,0.20900000000000002,0.27268487999999996,0.7486930045157566,63.770502976585234
2.34,2.73,0.40800000000000003,0.27268487999999996,1.571200911937416,94.99209662610427
2.34,2.73,0.607,0.27268487999999996,2.589228273837323,133.63541704957157
2.34,2.73,0.806,0.27268487999999996,3.6959364628073463,175.64497471198013
2.34,2.73,1.0050000000000001,0.27268487999999996,4.774837913361037,216.59901585020754
2.34,2.73,1.2040000000000002,0.27268487999999996,6.131371318492645,268.0916937501479
2.34,2.73,1.4030000000000002,0.27268487999999996,7.45465635585142,318.32229621136423
2.34,2.73,1.6020000000000003,0.27268487999999996,8.777941393210194,368.55289867258057
2.34,2.73,1.8010000000000004,0.27268487999999996,10.101226430568968,418.78350113379685
2.34,2.73,2.0,0.27268487999999996,11.42451146792774,469.014103595013
2.34,3.12,0.01,0.27268487999999996,0.04713631938678107,37.140099125681594
2.34,3.12,0.20900000000000002,0.27268487999999996,0.9851490751837242,72.74614356039373
2.34,3.12,0.40800000000000003,0.27268487999999996,2.1070469694579237,115.33228754177101
2.34,3.12,0.607,0.27268487999999996,3.5123801423526446,168.6773567750262
2.34,3.12,0.806,0.27268487999999996,5.028194985154207,226.21620186432716
2.34,3.12,1.0050000000000001,0.27268487999999996,6.505924027885376,282.3093473282687
2.34,3.12,1.2040000000000002,0.27268487999999996,8.336849645753789,351.80948845490815
2.34,3.12,1.4030000000000002,0.27268487999999996,10.12289963573327,419.60619475001226
2.34,3.12,1.6020000000000003,0.27268487999999996,11.908949625712753,487.4029010451164
2.34,3.12,1.8010000000000004,0.27268487999999996,13.694999615692234,555.1996073402205
2.34,3.12,2.0,0.27268487999999996,15.48104960567171,622.9963136353244
2.34,3.5100000000000002,0.01,0.27268487999999996,0.06004763577869478,37.63020003563193
2.34,3.5100000000000002,0.20900000000000002,0.27268487999999996,1.254995587774721,82.9892525783558
2.34,3.5100000000000002,0.40800000000000003,0.27268487999999996,2.7298890705811583,138.9747629679838
2.34,3.5100000000000002,0.607,0.27268487999999996,4.59640930364704,209.82604078495612
2.34,3.5100000000000002,0.806,0.27268487999999996,6.596842555137465,285.76052547192427
2.34,3.5100000000000002,1.0050000000000001,0.27268487999999996,8.547013664630642,359.7871085335916
2.34,3.5100000000000002,1.2040000000000002,0.27268487999999996,10.932281164544955,450.3295239386642
2.34,3.5100000000000002,1.4030000000000002,0.27268487999999996,13.259086225735874,538.6527624955731
2.34,3.5100000000000002,1.6020000000000003,0.27268487999999996,15.585891286926799,626.9760010524823
2.34,3.5100000000000002,1.8010000000000004,0.27268487999999996,17.91269634811772,715.2992396093912
2.34,3.5100000000000002,2.0,0.27268487999999996,20.239501409308637,803.6224781663
2.73,0.0,0.01,0.37115442,0.0,39.08865784499055
2.73,0.0,0.20900000000000002,0.37115442,0.0,39.08865784499055
2.73,0.0,0.40800000000000003,0.37115442,0.0,39.08865784499055
2.73,0.0,0.607,0.37115442,0.0,39.08865784499055
2.73,0.0,0.806,0.37115442,0.0,39.08865784499055
2.73,0.0,1.0050000000000001,0.37115442,0.0,39.08865784499055
2.73,0.0,1.2040000000000002,0.37115442,0.0,39.08865784499055
2.73,0.0,1.4030000000000002,0.37115442,0.0,39.08865784499055
2.73,0.0,1.6020000000000003,0.37115442,0.0,39.08865784499055
2.73,0.0,1.8010000000000004,0.37115442,0.0,39.08865784499055
2.73,0.0,2.0,0.37115442,0.0,39.08865784499055
2.73,0.39,0.01,0.37115442,0.0006563276013875513,39.113571397172336
2.73,0.39,0.20900000000000002,0.37115442,0.013717246868999822,39.60935108558999
2.73,0.39,0.40800000000000003,0.37115442,0.022257409982180138,39.933527303246265
2.73,0.39,0.607,0.37115442,0.030473188016111586,40.24539018137243
2.73,0.39,0.806,0.37115442,0.04168521817128871,40.67098785202393
2.73,0.39,1.0050000000000001,0.37115442,0.05261553902608449,41.085892113865086
2.73,0.39,1.2040000000000002,0.37115442,0.06970579025914629,41.73462129269996
2.73,0.39,1.4030000000000002,0.37115442,0.08637716278551541,42.36745024656339
2.73,0.39,1.6020000000000003,0.37115442,0.10304853531188451,43.00027920042683
2.73,0.39,1.8010000000000004,0.37115442,0.11971990783825363,43.63310815429027
2.73,0.39,2.0,0.37115442,0.1363912803646227,44.26593710815371
2.73,0.78,0.01,0.37115442,0.0027281338130481616,39.19221512944208
2.73,0.78,0.20900000000000002,0.37115442,0.05701799669270658,41.253005090027656
2.73,0.78,0.40800000000000003,0.37115442,0.1009614965208526,42.92105725438057
2.73,0.78,0.607,0.37115442,0.1482512058222227,44.71612824918664
2.73,0.78,0.806,0.37115442,0.20591368335666121,46.90493935502544
2.73,0.78,1.0050000000000001,0.37115442,0.26212735492289774,49.03875520694869
2.73,0.78,1.2040000000000002,0.37115442,0.3433700548240467,52.12264843206651
2.73,0.78,1.4030000000000002,0.37115442,0.42262151208055965,55.13095603892165
2.73,0.78,1.6020000000000003,0.37115442,0.5018729693370726,58.13926364577678
2.73,0.78,1.8010000000000004,0.37115442,0.5811244265935854,61.14757125263191
2.73,0.78,2.0,0.37115442,0.6603758838500983,64.15587885948705
2.73,1.17,0.01,0.37115442,0.0062778117811562355,39.3269574244485
2.73,1.17,0.20900000000000002,0.37115442,0.13120626622616532,44.06911905566179
2.73,1.17,0.40800000000000003,0.37115442,0.2450523232623998,48.39060374816468
2.73,1.17,0.607,0.37115442,0.3740955758223041,53.28895908102369
2.73,1.17,0.806,0.37115442,0.524234465992537,58.98808413208741
2.73,1.17,1.0050000000000001,0.37115442,0.6706010222388947,64.54401508639074
2.73,1.17,1.2040000000000002,0.37115442,0.8727388431706993,72.21696856122787
2.73,1.17,1.4030000000000002,0.37115442,1.069922305746332,79.70185945089744
2.73,1.17,1.6020000000000003,0.37115442,1.2671057683219646,87.18675034056699
2.73,1.17,1.8010000000000004,0.37115442,1.4642892308975974,94.67164123023655
2.73,1.17,2.0,0.37115442,1.6614726934732298,102.15653211990609
2.73,1.56,0.01,0.37115442,0.011339937686853265,39.519110760123795
2.73,1.56,0.20900000000000002,0.37115442,0.23700469765523327,48.0851237712754
2.73,1.56,0.40800000000000003,0.37115442,0.46016845563651476,56.55620119937272
2.73,1.56,0.607,0.37115442,0.7214822826303527,66.47541783885458
2.73,1.56,0.806,0.37115442,1.0174099448092742,77.70854172111032
2.73,1.56,1.0050000000000001,0.37115442,1.30590223859174,88.65942630984202
2.73,1.56,1.2040000000000002,0.37115442,1.691766029161248,103.30643743826909
2.73,1.56,1.4030000000000002,0.37115442,2.068172373883464,117.59445319590134
2.73,1.56,1.6020000000000003,0.37115442,2.4445787186056798,131.8824689535336
2.73,1.56,1.8010000000000004,0.37115442,2.8209850633278957,146.17048471116587
2.73,1.56,2.0,0.37115442,3.1973914080501107,160.45850046879812
2.73,1.9500000000000002,0.01,0.37115442,0.01793915850177766,39.76961071134359
2.73,1.9500000000000002,0.20900000000000002,0.37115442,0.37492841268715316,53.320572751769014
2.73,1.9500000000000002,0.40800000000000003,0.37115442,0.7506193653881416,67.58143292975842
2.73,1.9500000000000002,0.607,0.37115442,1.2008672684002604,84.67240183418971
2.73,1.9500000000000002,0.806,0.37115442,1.7016713500664076,103.68243370709332
2.73,1.9500000000000002,1.0050000000000001,0.37115442,2.1898924146052643,122.2148265882154
2.73,1.9500000000000002,1.2040000000000002,0.37115442,2.8269519907169878,146.39698342394107
2.73,1.9500000000000002,1.4030000000000002,0.37115442,3.448397361531855,169.98644033722243
2.73,1.9500000000000002,1.6020000000000003,0.37115442,4.069842732346722,193.57589725050383
2.73,1.9500000000000002,1.8010000000000004,0.37115442,4.69128810316159,217.16535416378522
2.73,1.9500000000000002,2.0,0.37115442,5.312733473976456,240.75481107706653
2.73,2.34,0.01,0.37115442,0.026094759013511874,40.07918930973466
2.73,2.34,0.20900000000000002,0.37115442,0.5453804633823982,59.79076545814253
2.73,2.34,0.40800000000000003,0.37115442,1.1199503803183153,81.60087610625166
2.73,2.34,0.607,0.37115442,1.8209443217000152,108.20991875631128
2.73,2.34,0.806,0.37115442,2.5905874122304495,137.4248157936263
2.73,2.34,1.0050000000000001,0.37115442,3.3408927366671537,165.9056701918128
2.73,2.34,1.2040000000000002,0.37115442,4.300423897297889,202.32853217398477
2.73,2.34,1.4030000000000002,0.37115442,5.2364371373249305,237.8586769507114
2.73,2.34,1.6020000000000003,0.37115442,6.1724503773519706,273.38882172743797
2.73,2.34,1.8010000000000004,0.37115442,7.1084636173790114,308.9189665041646
2.73,2.34,2.0,0.37115442,8.04447685740605,344.4491112808911
2.73,2.73,0.01,0.37115442,0.03582263179501227,40.44844982178287
2.73,2.73,0.20900000000000002,0.37115442,0.7486930045157566,67.50831015995007
2.73,2.73,0.40800000000000003,0.37115442,1.571200911937416,98.72990380946912
2.73,2.73,0.607,0.37115442,2.589228273837323,137.37322423293642
2.73,2.73,0.806,0.37115442,3.6959364628073463,179.38278189534498
2.73,2.73,1.0050000000000001,0.37115442,4.774837913361037,220.3368230335724
2.73,2.73,1.2040000000000002,0.37115442,6.131371318492645,271.82950093351275
2.73,2.73,1.4030000000000002,0.37115442,7.45465635585142,322.060103394729
2.73,2.73,1.6020000000000003,0.37115442,8.777941393210194,372.2907058559454
2.73,2.73,1.8010000000000004,0.37115442,10.101226430568968,422.52130831716164
2.73,2.73,2.0,0.37115442,11.42451146792774,472.75191077837786
2.73,3.12,0.01,0.37115442,0.04713631938678107,40.87790630904644
2.73,3.12,0.20900000000000002,0.37115442,0.9851490751837242,76.48395074375856
2.73,3.12,0.40800000000000003,0.37115442,2.1070469694579237,119.07009472513586
2.73,3.12,0.607,0.37115442,3.5123801423526446,172.41516395839105
2.73,3.12,0.806,0.37115442,5.028194985154207,229.95400904769198
2.73,3.12,1.0050000000000001,0.37115442,6.505924027885376,286.04715451163355
2.73,3.12,1.2040000000000002,0.37115442,8.336849645753789,355.547295638273
2.73,3.12,1.4030000000000002,0.37115442,10.12289963573327,423.3440019333771
2.73,3.12,1.6020000000000003,0.37115442,11.908949625712753,491.14070822848123
2.73,3.12,1.8010000000000004,0.37115442,13.694999615692234,558.9374145235853
2.73,3.12,2.0,0.37115442,15.48104960567171,626.7341208186893
2.73,3.5100000000000002,0.01,0.37115442,0.06004763577869478,41.36800721899677
2.73,3.5100000000000002,0.20900000000000002,0.37115442,1.254995587774721,86.72705976172065
2.73,3.5100000000000002,0.40800000000000003,0.37115442,2.7298890705811583,142.71257015134864
2.73,3.5100000000000002,0.607,0.37115442,4.59640930364704,213.56384796832097
2.73,3.5100000000000002,0.806,0.37115442,6.596842555137465,289.49833265528906
2.73,3.5100000000000002,1.0050000000000001,0.37115442,8.547013664630642,363.52491571695646
2.73,3.5100000000000002,1.2040000000000002,0.37115442,10.932281164544955,454.06733112202903
2.73,3.5100000000000002,1.4030000000000002,0.37115442,13.259086225735874,542.3905696789379
2.73,3.5100000000000002,1.6020000000000003,0.37115442,15.585891286926799,630.7138082358471
2.73,3.5100000000000002,1.8010000000000004,0.37115442,17.91269634811772,719.037046792756
2.73,3.5100000000000002,2.0,0.37115442,20.239501409308637,807.3602853496648
3.12,0.0,0.01,0.48477312,0.0,43.4015122873346
3.12,0.0,0.20900000000000002,0.48477312,0.0,43.4015122873346
3.12,0.0,0.40800000000000003,0.48477312,0.0,43.4015122873346
3.12,0.0,0.607,0.48477312,0.0,43.4015122873346
3.12,0.0,0.806,0.48477312,0.0,43.4015122873346
3.12,0.0,1.0050000000000001,0.48477312,0.0,43.4015122873346
3.12,0.0,1.2040000000000002,0.48477312,0.0,43.4015122873346
3.12,0.0,1.4030000000000002,0.48477312,0.0,43.4015122873346
3.12,0.0,1.6020000000000003,0.48477312,0.0,43.4015122873346
3.12,0.0,1.8010000000000004,0.48477312,0.0,43.4015122873346
3.12,0.0,2.0,0.48477312,0.0,43.4015122873346
3.12,0.39,0.01,0.48477312,0.0006563276013875513,43.426425839516384
3.12,0.39,0.20900000000000002,0.48477312,0.013717246868999822,43.92220552793404
3.12,0.39,0.40800000000000003,0.48477312,0.022257409982180138,44.24638174559031
3.12,0.39,0.607,0.48477312,0.030473188016111586,44.558244623716476
3.12,0.39,0.806,0.48477312,0.04168521817128871,44.983842294367975
3.12,0.39,1.0050000000000001,0.48477312,0.05261553902608449,45.39874655620913
3.12,0.39,1.2040000000000002,0.48477312,0.06970579025914629,46.04747573504401
3.12,0.39,1.4030000000000002,0.48477312,0.08637716278551541,46.68030468890744
3.12,0.39,1.6020000000000003,0.48477312,0.10304853531188451,47.31313364277088
3.12,0.39,1.8010000000000004,0.48477312,0.11971990783825363,47.94596259663432
3.12,0.39,2.0,0.48477312,0.1363912803646227,48.57879155049775
3.12,0.78,0.01,0.48477312,0.0027281338130481616,43.50506957178614
3.12,0.78,0.20900000000000002,0.48477312,0.05701799669270658,45.565859532371704
3.12,0.78,0.40800000000000003,0.48477312,0.1009614965208526,47.23391169672462
3.12,0.78,0.607,0.48477312,0.1482512058222227,49.02898269153069
3.12,0.78,0.806,0.48477312,0.20591368335666121,51.217793797369495
3.12,0.78,1.0050000000000001,0.48477312,0.26212735492289774,53.35160964929274
3.12,0.78,1.2040000000000002,0.48477312,0.3433700548240467,56.43550287441057
3.12,0.78,1.4030000000000002,0.48477312,0.42262151208055965,59.4438104812657
3.12,0.78,1.6020000000000003,0.48477312,0.5018729693370726,62.45211808812083
3.12,0.78,1.8010000000000004,0.48477312,0.5811244265935854,65.46042569497595
3.12,0.78,2.0,0.48477312,0.6603758838500983,68.4687333018311
3.12,1.17,0.01,0.48477312,0.0062778117811562355,43.639811866792556
3.12,1.17,0.20900000000000002,0.48477312,0.13120626622616532,48.38197349800584
3.12,1.17,0.40800000000000003,0.48477312,0.2450523232623998,52.70345819050873
3.12,1.17,0.607,0.48477312,0.3740955758223041,57.60181352336773
3.12,1.17,0.806,0.48477312,0.524234465992537,63.30093857443146
3.12,1.17,1.0050000000000001,0.48477312,0.6706010222388947,68.85686952873479
3.12,1.17,1.2040000000000002,0.48477312,0.8727388431706993,76.52982300357192
3.12,1.17,1.4030000000000002,0.48477312,1.069922305746332,84.01471389324149
3.12,1.17,1.6020000000000003,0.48477312,1.2671057683219646,91.49960478291104
3.12,1.17,1.8010000000000004,0.48477312,1.4642892308975974,98.9844956725806
3.12,1.17,2.0,0.48477312,1.6614726934732298,106.46938656225014
3.12,1.56,0.01,0.48477312,0.011339937686853265,43.83196520246784
3.12,1.56,0.20900000000000002,0.48477312,0.23700469765523327,52.397978213619446
3.12,1.56,0.40800000000000003,0.48477312,0.46016845563651476,60.86905564171677
3.12,1.56,0.607,0.48477312,0.7214822826303527,70.78827228119863
3.12,1.56,0.806,0.48477312,1.0174099448092742,82.02139616345437
3.12,1.56,1.0050000000000001,0.48477312,1.30590223859174,92.97228075218608
3.12,1.56,1.2040000000000002,0.48477312,1.691766029161248,107.61929188061313
3.12,1.56,1.4030000000000002,0.48477312,2.068172373883464,121.90730763824538
3.12,1.56,1.6020000000000003,0.48477312,2.4445787186056798,136.19532339587767
3.12,1.56,1.8010000000000004,0.48477312,2.8209850633278957,150.48333915350992
3.12,1.56,2.0,0.48477312,3.1973914080501107,164.77135491114217
3.12,1.9500000000000002,0.01,0.48477312,0.01793915850177766,44.082465153687636
3.12,1.9500000000000002,0.20900000000000002,0.48477312,0.37492841268715316,57.63342719411306
3.12,1.9500000000000002,0.40800000000000003,0.48477312,0.7506193653881416,71.89428737210247
3.12,1.9500000000000002,0.607,0.48477312,1.2008672684002604,88.98525627653376
3.12,1.9500000000000002,0.806,0.48477312,1.7016713500664076,107.99528814943737
3.12,1.9500000000000002,1.0050000000000001,0.48477312,2.1898924146052643,126.52768103055945
3.12,1.9500000000000002,1.2040000000000002,0.48477312,2.8269519907169878,150.7098378662851
3.12,1.9500000000000002,1.4030000000000002,0.48477312,3.448397361531855,174.29929477956648
3.12,1.9500000000000002,1.6020000000000003,0.48477312,4.069842732346722,197.88875169284788
3.12,1.9500000000000002,1.8010000000000004,0.48477312,4.69128810316159,221.47820860612927
3.12,1.9500000000000002,2.0,0.48477312,5.312733473976456,245.06766551941058
3.12,2.34,0.01,0.48477312,0.026094759013511874,44.392043752078706
3.12,2.34,0.20900000000000002,0.48477312,0.5453804633823982,64.10361990048656
3.12,2.34,0.40800000000000003,0.48477312,1.1199503803183153,85.91373054859572
3.12,2.34,0.607,0.48477312,1.8209443217000152,112.52277319865532
3.12,2.34,0.806,0.48477312,2.5905874122304495,141.73767023597034
3.12,2.34,1.0050000000000001,0.48477312,3.3408927366671537,170.21852463415684
3.12,2.34,1.2040000000000002,0.48477312,4.300423897297889,206.64138661632882
3.12,2.34,1.4030000000000002,0.48477312,5.2364371373249305,242.17153139305546
3.12,2.34,1.6020000000000003,0.48477312,6.1724503773519706,277.70167616978205
3.12,2.34,1.8010000000000004,0.48477312,7.1084636173790114,313.2318209465086
3.12,2.34,2.0,0.48477312,8.04447685740605,348.76196572323516
3.12,2.73,0.01,0.48477312,0.03582263179501227,44.76130426412692
3.12,2.73,0.20900000000000002,0.48477312,0.7486930045157566,71.82116460229412
3.12,2.73,0.40800000000000003,0.48477312,1.571200911937416,103.04275825181315
3.12,2.73,0.607,0.48477312,2.589228273837323,141.68607867528044
3.12,2.73,0.806,0.48477312,3.6959364628073463,183.69563633768902
3.12,2.73,1.0050000000000001,0.48477312,4.774837913361037,224.64967747591643
3.12,2.73,1.2040000000000002,0.48477312,6.131371318492645,276.1423553758568
3.12,2.73,1.4030000000000002,0.48477312,7.45465635585142,326.3729578370731
3.12,2.73,1.6020000000000003,0.48477312,8.777941393210194,376.6035602982894
3.12,2.73,1.8010000000000004,0.48477312,10.101226430568968,426.83416275950566
3.12,2.73,2.0,0.48477312,11.42451146792774,477.0647652207219
3.12,3.12,0.01,0.48477312,0.04713631938678107,45.190760751390485
3.12,3.12,0.20900000000000002,0.48477312,0.9851490751837242,80.7968051861026
3.12,3.12,0.40800000000000003,0.48477312,2.1070469694579237,123.38294916747991
3.12,3.12,0.607,0.48477312,3.5123801423526446,176.7280184007351
3.12,3.12,0.806,0.48477312,5.028194985154207,234.26686349003603
3.12,3.12,1.0050000000000001,0.48477312,6.505924027885376,290.3600089539776
3.12,3.12,1.2040000000000002,0.48477312,8.336849645753789,359.860150080617
3.12,3.12,1.4030000000000002,0.48477312,10.12289963573327,427.65685637572113
3.12,3.12,1.6020000000000003,0.48477312,11.908949625712753,495.45356267082525
3.12,3.12,1.8010000000000004,0.48477312,13.694999615692234,563.2502689659293
3.12,3.12,2.0,0.48477312,15.48104960567171,631.0469752610333
3.12,3.5100000000000002,0.01,0.48477312,0.06004763577869478,45.68086166134082
3.12,3.5100000000000002,0.20900000000000002,0.48477312,1.254995587774721,91.0399142040647
3.12,3.5100000000000002,0.40800000000000003,0.48477312,2.7298890705811583,147.02542459369266
3.12,3.5100000000000002,0.607,0.48477312,4.59640930364704,217.87670241066502
3.12,3.5100000000000002,0.806,0.48477312,6.596842555137465,293.81118709763314
3.12,3.5100000000000002,1.0050000000000001,0.48477312,8.547013664630642,367.8377701593005
3.12,3.5100000000000002,1.2040000000000002,0.48477312,10.932281164544955,458.38018556437305
3.12,3.5100000000000002,1.4030000000000002,0.48477312,13.259086225735874,546.703424121282
3.12,3.5100000000000002,1.6020000000000003,0.48477312,15.585891286926799,635.0266626781911
3.12,3.5100000000000002,1.8010000000000004,0.48477312,17.91269634811772,723.3499012351001
3.12,3.5100000000000002,2.0,0.48477312,20.239501409308637,811.6731397920089
3.5100000000000002,0.0,0.01,0.6135409800000001,0.0,48.289413988657856
3.5100000000000002,0.0,0.20900000000000002,0.6135409800000001,0.0,48.289413988657856
3.5100000000000002,0.0,0.40800000000000003,0.6135409800000001,0.0,48.289413988657856
3.5100000000000002,0.0,0.607,0.6135409800000001,0.0,48.289413988657856
3.5100000000000002,0.0,0.806,0.6135409800000001,0.0,48.289413988657856
3.5100000000000002,0.0,1.0050000000000001,0.6135409800000001,0.0,48.289413988657856
3.5100000000000002,0.0,1.2040000000000002,0.6135409800000001,0.0,48.289413988657856
3.5100000000000002,0.0,1.4030000000000002,0.6135409800000001,0.0,48.289413988657856
3.5100000000000002,0.0,1.6020000000000003,0.6135409800000001,0.0,48.289413988657856
3.5100000000000002,0.0,1.8010000000000004,0.6135409800000001,0.0,48.289413988657856
3.5100000000000002,0.0,2.0,0.6135409800000001,0.0,48.289413988657856
3.5100000000000002,0.39,0.01,0.6135409800000001,0.0006563276013875513,48.31432754083964
3.5100000000000002,0.39,0.20900000000000002,0.6135409800000001,0.013717246868999822,48.8101072292573
3.5100000000000002,0.39,0.40800000000000003,0.6135409800000001,0.022257409982180138,49.134283446913564
3.5100000000000002,0.39,0.607,0.6135409800000001,0.030473188016111586,49.446146325039734
3.5100000000000002,0.39,0.806,0.6135409800000001,0.04168521817128871,49.87174399569123
3.5100000000000002,0.39,1.0050000000000001,0.6135409800000001,0.05261553902608449,50.28664825753239
3.5100000000000002,0.39,1.2040000000000002,0.6135409800000001,0.06970579025914629,50.93537743636726
3.5100000000000002,0.39,1.4030000000000002,0.6135409800000001,0.08637716278551541,51.5682063902307
3.5100000000000002,0.39,1.6020000000000003,0.6135409800000001,0.10304853531188451,52.20103534409414
3.5100000000000002,0.39,1.8010000000000004,0.6135409800000001,0.11971990783825363,52.833864297957575
3.5100000000000002,0.39,2.0,0.6135409800000001,0.1363912803646227,53.466693251821006
3.5100000000000002,0.78,0.01,0.6135409800000001,0.0027281338130481616,48.392971273109396
3.5100000000000002,0.78,0.20900000000000002,0.6135409800000001,0.05701799669270658,50.45376123369496
3.5100000000000002,0.78,0.40800000000000003,0.6135409800000001,0.1009614965208526,52.12181339804788
3.5100000000000002,0.78,0.607,0.6135409800000001,0.1482512058222227,53.916884392853945
3.5100000000000002,0.78,0.806,0.6135409800000001,0.20591368335666121,56.10569549869275
3.5100000000000002,0.78,1.0050000000000001,0.6135409800000001,0.26212735492289774,58.239511350616
3.5100000000000002,0.78,1.2040000000000002,0.6135409800000001,0.3433700548240467,61.32340457573382
3.5100000000000002,0.78,1.4030000000000002,0.6135409800000001,0.42262151208055965,64.33171218258896
3.5100000000000002,0.78,1.6020000000000003,0.6135409800000001,0.5018729693370726,67.34001978944409
3.5100000000000002,0.78,1.8010000000000004,0.6135409800000001,0.5811244265935854,70.34832739629921
3.5100000000000002,0.78,2.0,0.6135409800000001,0.6603758838500983,73.35663500315434
3.5100000000000002,1.17,0.01,0.6135409800000001,0.0062778117811562355,48.527713568115814
3.5100000000000002,1.17,0.20900000000000002,0.6135409800000001,0.13120626622616532,53.26987519932909
3.5100000000000002,1.17,0.40800000000000003,0.6135409800000001,0.2450523232623998,57.59135989183198
3.5100000000000002,1.17,0.607,0.6135409800000001,0.3740955758223041,62.48971522469099
3.5100000000000002,1.17,0.806,0.6135409800000001,0.524234465992537,68.18884027575473
3.5100000000000002,1.17,1.0050000000000001,0.6135409800000001,0.6706010222388947,73.74477123005803
3.5100000000000002,1.17,1.2040000000000002,0.6135409800000001,0.8727388431706993,81.41772470489518
3.5100000000000002,1.17,1.4030000000000002,0.6135409800000001,1.069922305746332,88.90261559456474
3.5100000000000002,1.17,1.6020000000000003,0.6135409800000001,1.2671057683219646,96.3875064842343
3.5100000000000002,1.17,1.8010000000000004,0.6135409800000001,1.4642892308975974,103.87239737390387
3.5100000000000002,1.17,2.0,0.6135409800000001,1.6614726934732298,111.3572882635734
3.5100000000000002,1.56,0.01,0.6135409800000001,0.011339937686853265,48.7198669037911
3.5100000000000002,1.56,0.20900000000000002,0.6135409800000001,0.23700469765523327,57.285879914942704
3.5100000000000002,1.56,0.40800000000000003,0.6135409800000001,0.46016845563651476,65.75695734304003
3.5100000000000002,1.56,0.607,0.6135409800000001,0.7214822826303527,75.67617398252187
3.5100000000000002,1.56,0.806,0.6135409800000001,1.0174099448092742,86.90929786477761
3.5100000000000002,1.56,1.0050000000000001,0.6135409800000001,1.30590223859174,97.86018245350934
3.5100000000000002,1.56,1.2040000000000002,0.6135409800000001,1.691766029161248,112.50719358193638
3.5100000000000002,1.56,1.4030000000000002,0.6135409800000001,2.068172373883464,126.79520933956866
3.5100000000000002,1.56,1.6020000000000003,0.6135409800000001,2.4445787186056798,141.0832250972009
3.5100000000000002,1.56,1.8010000000000004,0.6135409800000001,2.8209850633278957,155.3712408548332
3.5100000000000002,1.56,2.0,0.6135409800000001,3.1973914080501107,169.65925661246544
3.5100000000000002,1.9500000000000002,0.01,0.6135409800000001,0.01793915850177766,48.970366855010894
3.5100000000000002,1.9500000000000002,0.20900000000000002,0.6135409800000001,0.37492841268715316,62.52132889543632
3.5100000000000002,1.9500000000000002,0.40800000000000003,0.6135409800000001,0.7506193653881416,76.78218907342571
3.5100000000000002,1.9500000000000002,0.607,0.6135409800000001,1.2008672684002604,93.87315797785702
3.5100000000000002,1.9500000000000002,0.806,0.6135409800000001,1.7016713500664076,112.88318985076062
3.5100000000000002,1.9500000000000002,1.0050000000000001,0.6135409800000001,2.1898924146052643,131.41558273188272
3.5100000000000002,1.9500000000000002,1.2040000000000002,0.6135409800000001,2.8269519907169878,155.5977395676084
3.5100000000000002,1.9500000000000002,1.4030000000000002,0.6135409800000001,3.448397361531855,179.18719648088975
3.5100000000000002,1.9500000000000002,1.6020000000000003,0.6135409800000001,4.069842732346722,202.77665339417112
3.5100000000000002,1.9500000000000002,1.8010000000000004,0.6135409800000001,4.69128810316159,226.36611030745252
3.5100000000000002,1.9500000000000002,2.0,0.6135409800000001,5.312733473976456,249.95556722073383
3.5100000000000002,2.34,0.01,0.6135409800000001,0.026094759013511874,49.279945453401965
3.5100000000000002,2.34,0.20900000000000002,0.6135409800000001,0.5453804633823982,68.99152160180984
3.5100000000000002,2.34,0.40800000000000003,0.6135409800000001,1.1199503803183153,90.80163224991898
3.5100000000000002,2.34,0.607,0.6135409800000001,1.8209443217000152,117.41067489997859
3.5100000000000002,2.34,0.806,0.6135409800000001,2.5905874122304495,146.6255719372936
3.5100000000000002,2.34,1.0050000000000001,0.6135409800000001,3.3408927366671537,175.10642633548008
3.5100000000000002,2.34,1.2040000000000002,0.6135409800000001,4.300423897297889,211.5292883176521
3.5100000000000002,2.34,1.4030000000000002,0.6135409800000001,5.2364371373249305,247.0594330943787
3.5100000000000002,2.34,1.6020000000000003,0.6135409800000001,6.1724503773519706,282.5895778711053
3.5100000000000002,2.34,1.8010000000000004,0.6135409800000001,7.1084636173790114,318.11972264783185
3.5100000000000002,2.34,2.0,0.6135409800000001,8.04447685740605,353.6498674245584
3.5100000000000002,2.73,0.01,0.6135409800000001,0.03582263179501227,49.64920596545018
3.5100000000000002,2.73,0.20900000000000002,0.6135409800000001,0.7486930045157566,76.70906630361738
3.5100000000000002,2.73,0.40800000000000003,0.6135409800000001,1.571200911937416,107.93065995313641
3.5100000000000002,2.73,0.607,0.6135409800000001,2.589228273837323,146.5739803766037
3.5100000000000002,2.73,0.806,0.6135409800000001,3.6959364628073463,188.58353803901227
3.5100000000000002,2.73,1.0050000000000001,0.6135409800000001,4.774837913361037,229.53757917723968
3.5100000000000002,2.73,1.2040000000000002,0.6135409800000001,6.131371318492645,281.03025707718007
3.5100000000000002,2.73,1.4030000000000002,0.6135409800000001,7.45465635585142,331.26085953839635
3.5100000000000002,2.73,1.6020000000000003,0.6135409800000001,8.777941393210194,381.4914619996126
3.5100000000000002,2.73,1.8010000000000004,0.6135409800000001,10.101226430568968,431.7220644608289
3.5100000000000002,2.73,2.0,0.6135409800000001,11.42451146792774,481.9526669220451
3.5100000000000002,3.12,0.01,0.6135409800000001,0.04713631938678107,50.07866245271374
3.5100000000000002,3.12,0.20900000000000002,0.6135409800000001,0.9851490751837242,85.68470688742588
3.5100000000000002,3.12,0.40800000000000003,0.6135409800000001,2.1070469694579237,128.27085086880317
3.5100000000000002,3.12,0.607,0.6135409800000001,3.5123801423526446,181.61592010205834
3.5100000000000002,3.12,0.806,0.6135409800000001,5.028194985154207,239.1547651913593
3.5100000000000002,3.12,1.0050000000000001,0.6135409800000001,6.505924027885376,295.24791065530087
3.5100000000000002,3.12,1.2040000000000002,0.6135409800000001,8.336849645753789,364.74805178194026
3.5100000000000002,3.12,1.4030000000000002,0.6135409800000001,10.12289963573327,432.5447580770444
3.5100000000000002,3.12,1.6020000000000003,0.6135409800000001,11.908949625712753,500.3414643721485
3.5100000000000002,3.12,1.8010000000000004,0.6135409800000001,13.694999615692234,568.1381706672526
3.5100000000000002,3.12,2.0,0.6135409800000001,15.48104960567171,635.9348769623566
3.5100000000000002,3.5100000000000002,0.01,0.6135409800000001,0.06004763577869478,50.56876336266408
3.5100000000000002,3.5100000000000002,0.20900000000000002,0.6135409800000001,1.254995587774721,95.92781590538794
3.5100000000000002,3.5100000000000002,0.40800000000000003,0.6135409800000001,2.7298890705811583,151.91332629501593
3.5100000000000002,3.5100000000000002,0.607,0.6135409800000001,4.59640930364704,222.76460411198826
3.5100000000000002,3.5100000000000002,0.806,0.6135409800000001,6.596842555137465,298.6990887989564
3.5100000000000002,3.5100000000000002,1.0050000000000001,0.6135409800000001,8.547013664630642,372.7256718606237
3.5100000000000002,3.5100000000000002,1.2040000000000002,0.6135409800000001,10.932281164544955,463.2680872656963
3.5100000000000002,3.5100000000000002,1.4030000000000002,0.6135409800000001,13.259086225735874,551.5913258226052
3.5100000000000002,3.5100000000000002,1.6020000000000003,0.6135409800000001,15.585891286926799,639.9145643795143
3.5100000000000002,3.5100000000000002,1.8010000000000004,0.6135409800000001,17.91269634811772,728.2378029364233
3.5100000000000002,3.5100000000000002,2.0,0.6135409800000001,20.239501409308637,816.5610414933321
