0.0,0.7,0.01,0.0,0.0008467817065313841,25.025898415233275
0.0,0.7,0.20900000000000002,0.0,0.01769773766650593,25.54127687837547
0.0,0.7,0.40800000000000003,0.0,0.03454869362648047,26.056655341517665
0.0,0.7,0.607,0.0,0.045312809260948175,26.38587069202679
0.0,0.7,0.806,0.0,0.05084337994264365,26.555020562514954
0.0,0.7,1.0050000000000001,0.0,0.05623499156198497,26.719920436257187
0.0,0.7,1.2040000000000002,0.0,0.06881805663935994,27.104767489243343
0.0,0.7,1.4030000000000002,0.0,0.08109271325895609,27.48018201642102
0.0,0.7,1.6020000000000003,0.0,0.09336736987855225,27.85559654359869
0.0,0.7,1.8010000000000004,0.0,0.10564202649814841,28.23101107077636
0.0,0.7,2.0,0.0,0.11791668311774454,28.606425597954036
0.0,1.4,0.01,0.0,0.003308860965842453,25.101199936868724
0.0,1.4,0.20900000000000002,0.0,0.06915519418610729,27.11507868055634
0.0,1.4,0.40800000000000003,0.0,0.1350015274063721,29.128957424243957
0.0,1.4,0.607,0.0,0.1883317916080666,30.76003815749857
0.0,1.4,0.806,0.0,0.23090057590594365,32.061984152810794
0.0,1.4,1.0050000000000001,0.0,0.2723997927591504,33.331217937185514
0.0,1.4,1.2040000000000002,0.0,0.34323511610540564,35.497682567980775
0.0,1.4,1.4030000000000002,0.0,0.41233427956572327,37.61104757547223
0.0,1.4,1.6020000000000003,0.0,0.4814334430260408,39.72441258296368
0.0,1.4,1.8010000000000004,0.0,0.5505326064863584,41.83777759045513
0.0,1.4,2.0,0.0,0.6196317699466758,43.951142597946586
0.0,2.0999999999999996,0.01,0.0,0.007343818726862278,25.224607198430473
0.0,2.0999999999999996,0.20900000000000002,0.0,0.15348581139142162,29.694290447196863
0.0,2.0999999999999996,0.40800000000000003,0.0,0.29962780405598094,34.16397369596326
0.0,2.0999999999999996,0.607,0.0,0.435314379321185,38.31388298273076
0.0,2.0999999999999996,0.806,0.0,0.5620112499065697,42.18884643301323
0.0,2.0999999999999996,1.0050000000000001,0.0,0.685524782035035,45.966448992585086
0.0,2.0999999999999996,1.2040000000000002,0.0,0.8793065017063032,51.89317060448945
0.0,2.0999999999999996,1.4030000000000002,0.0,1.068338669424844,57.674629431788304
0.0,2.0999999999999996,1.6020000000000003,0.0,1.257370837143385,63.45608825908716
0.0,2.0999999999999996,1.8010000000000004,0.0,1.4464030048619259,69.23754708638602
0.0,2.0999999999999996,2.0,0.0,1.6354351725804663,75.01900591368485
0.0,2.8,0.01,0.0,0.012929614334872344,25.395446096990327
0.0,2.8,0.20900000000000002,0.0,0.27022893959883204,33.264823427097795
0.0,2.8,0.40800000000000003,0.0,0.5275282648627917,41.13420075720527
0.0,2.8,0.607,0.0,0.7905052288149653,49.177225962742405
0.0,2.8,0.806,0.0,1.058363900798127,57.369555883602246
0.0,2.8,1.0050000000000001,0.0,1.3194924553947767,65.3560483692646
0.0,2.8,1.2040000000000002,0.0,1.7145517761991003,77.43874955783497
0.0,2.8,1.4030000000000002,0.0,2.0999282705131215,89.22530610943055
0.0,2.8,1.6020000000000003,0.0,2.4853047648271427,101.01186266102616
0.0,2.8,1.8010000000000004,0.0,2.870681259141164,112.79841921262175
0.0,2.8,2.0,0.0,3.2560577534551842,124.58497576421732
0.0,3.5,0.01,0.0,0.020051048177150782,25.613251759631662
0.0,3.5,0.20900000000000002,0.0,0.4190669069024514,37.81696177630178
0.0,3.5,0.40800000000000003,0.0,0.818082765627752,50.020671792971896
0.0,3.5,0.607,0.0,1.25725789904127,63.45263410101823
0.0,3.5,0.806,0.0,1.7309625022801711,77.9406637997806
0.0,3.5,1.0050000000000001,0.0,2.1927649798095517,92.06467265184037
0.0,3.5,1.2040000000000002,0.0,2.878598396612969,113.04056109183597
0.0,3.5,1.4030000000000002,0.0,3.5476221708476743,133.50233461908658
0.0,3.5,1.6020000000000003,0.0,4.216645945082379,153.96410814633717
0.0,3.5,1.8010000000000004,0.0,4.885669719317086,174.42588167358778
0.0,3.5,2.0,0.0,5.554693493551789,194.8876552008383
0.0,4.199999999999999,0.01,0.0,0.028696504586848675,25.877668926715618
0.0,4.199999999999999,0.20900000000000002,0.0,0.5997569458651374,43.343280568356406
0.0,4.199999999999999,0.40800000000000003,0.0,1.170817387143426,60.8088922099972
0.0,4.199999999999999,0.607,0.0,1.838392049264573,81.22634533336208
0.0,4.199999999999999,0.806,0.0,2.5889509012692997,104.18183038493834
0.0,4.199999999999999,1.0050000000000001,0.0,3.3206514906608424,126.56054445531922
0.0,4.199999999999999,1.2040000000000002,0.0,4.396400081787767,159.46180281355498
0.0,4.199999999999999,1.4030000000000002,0.0,5.445782285877267,191.5566577806575
0.0,4.199999999999999,1.6020000000000003,0.0,6.495164489966767,223.65151274776
0.0,4.199999999999999,1.8010000000000004,0.0,7.544546694056265,255.74636771486252
0.0,4.199999999999999,2.0,0.0,8.593928898145762,287.84122268196495
0.0,4.8999999999999995,0.01,0.0,0.03885658622383333,26.1884101850695
0.0,4.8999999999999995,0.20900000000000002,0.0,0.8121026520781166,49.837772867952594
0.0,4.8999999999999995,0.40800000000000003,0.0,1.5853487179324,73.48713555083569
0.0,4.8999999999999995,0.607,0.0,2.5363641078891552,102.57348835269936
0.0,4.8999999999999995,0.806,0.0,3.64022788866299,136.33463639705104
0.0,4.8999999999999995,1.0050000000000001,0.0,4.71635639856311,169.2475143900371
0.0,4.8999999999999995,1.2040000000000002,0.0,6.289749124233696,217.36898161132106
0.0,4.8999999999999995,1.4030000000000002,0.0,7.824578302706472,264.3110011065931
0.0,4.8999999999999995,1.6020000000000003,0.0,9.359407481179248,311.25302060186516
0.0,4.8999999999999995,1.8010000000000004,0.0,10.894236659652027,358.1950400971373
0.0,4.8999999999999995,2.0,0.0,12.429065838124798,405.1370595924092
0.0,5.6,0.01,0.0,0.05052340626405644,26.545234319935727
0.0,5.6,0.20900000000000002,0.0,1.0559391909187796,57.29539728665665
0.0,5.6,0.40800000000000003,0.0,2.061354975573503,88.04556025337759
0.0,5.6,0.607,0.0,3.3533642721591885,127.5610492987103
0.0,5.6,0.806,0.0,4.891790420124769,174.61308039294292
0.0,5.6,1.0050000000000001,0.0,6.3915626447746305,220.482899650637
0.0,5.6,1.2040000000000002,0.0,8.578127983896099,287.3579592444736
0.0,5.6,1.4030000000000002,0.0,10.711101035294002,352.5939242404219
0.0,5.6,1.6020000000000003,0.0,12.844074086691904,417.8298892363704
0.0,5.6,1.8010000000000004,0.0,14.977047138089805,483.0658542323187
0.0,5.6,2.0,0.0,17.110020189487702,548.3018192282669
0.0,6.3,0.01,0.0,0.06369017313084133,26.947933614175966
0.0,6.3,0.20900000000000002,0.0,1.331124618434584,65.71181253627773
0.0,6.3,0.40800000000000003,0.0,2.5985590637383265,104.47569145837949
0.0,6.3,0.607,0.0,4.291377669463454,156.2497423472079
0.0,6.3,0.806,0.0,6.349947142092951,219.210109319577
0.0,6.3,1.0050000000000001,0.0,8.356793763651355,280.58855752379606
0.0,6.3,1.2040000000000002,0.0,11.279243093261583,369.97027851832
0.0,6.3,1.4030000000000002,0.0,14.130063762832345,457.1612710570958
0.0,6.3,1.6020000000000003,0.0,16.980884432403105,544.3522635958716
0.0,6.3,1.8010000000000004,0.0,19.831705101973863,631.5432561346473
0.0,6.3,2.0,0.0,22.682525771544622,718.7342486734229
0.7,0.0,0.01,0.0068109999999999985,0.0,25.208311191412477
0.7,0.0,0.20900000000000002,0.0068109999999999985,0.0,25.208311191412477
0.7,0.0,0.40800000000000003,0.0068109999999999985,0.0,25.208311191412477
0.7,0.0,0.607,0.0068109999999999985,0.0,25.208311191412477
0.7,0.0,0.806,0.0068109999999999985,0.0,25.208311191412477
0.7,0.0,1.0050000000000001,0.0068109999999999985,0.0,25.208311191412477
0.7,0.0,1.2040000000000002,0.0068109999999999985,0.0,25.208311191412477
0.7,0.0,1.4030000000000002,0.0068109999999999985,0.0,25.208311191412477
0.7,0.0,1.6020000000000003,0.0068109999999999985,0.0,25.208311191412477
0.7,0.0,1.8010000000000004,0.0068109999999999985,0.0,25.208311191412477
0.7,0.0,2.0,0.0068109999999999985,0.0,25.208311191412477
0.7,0.7,0.01,0.0068109999999999985,0.0008467817065313841,25.234209606645752
0.7,0.7,0.20900000000000002,0.0068109999999999985,0.01769773766650593,25.749588069787947
0.7,0.7,0.40800000000000003,0.0068109999999999985,0.03454869362648047,26.264966532930142
0.7,0.7,0.607,0.0068109999999999985,0.045312809260948175,26.594181883439266
0.7,0.7,0.806,0.0068109999999999985,0.05084337994264365,26.76333175392743
0.7,0.7,1.0050000000000001,0.0068109999999999985,0.05623499156198497,26.928231627669664
0.7,0.7,1.2040000000000002,0.0068109999999999985,0.06881805663935994,27.31307868065582
0.7,0.7,1.4030000000000002,0.0068109999999999985,0.08109271325895609,27.688493207833496
0.7,0.7,1.6020000000000003,0.0068109999999999985,0.09336736987855225,28.063907735011167
0.7,0.7,1.8010000000000004,0.0068109999999999985,0.10564202649814841,28.43932226218884
0.7,0.7,2.0,0.0068109999999999985,0.11791668311774454,28.814736789366513
0.7,1.4,0.01,0.0068109999999999985,0.003308860965842453,25.3095111282812
0.7,1.4,0.20900000000000002,0.0068109999999999985,0.06915519418610729,27.323389871968818
0.7,1.4,0.40800000000000003,0.0068109999999999985,0.1350015274063721,29.337268615656434
0.7,1.4,0.607,0.0068109999999999985,0.1883317916080666,30.968349348911048
0.7,1.4,0.806,0.0068109999999999985,0.23090057590594365,32.27029534422327
0.7,1.4,1.0050000000000001,0.0068109999999999985,0.2723997927591504,33.53952912859799
0.7,1.4,1.2040000000000002,0.0068109999999999985,0.34323511610540564,35.70599375939325
0.7,1.4,1.4030000000000002,0.0068109999999999985,0.41233427956572327,37.819358766884704
0.7,1.4,1.6020000000000003,0.0068109999999999985,0.4814334430260408,39.93272377437616
0.7,1.4,1.8010000000000004,0.0068109999999999985,0.5505326064863584,42.04608878186761
0.7,1.4,2.0,0.0068109999999999985,0.6196317699466758,44.15945378935906
0.7,2.0999999999999996,0.01,0.0068109999999999985,0.007343818726862278,25.43291838984295
0.7,2.0999999999999996,0.20900000000000002,0.0068109999999999985,0.15348581139142162,29.90260163860934
0.7,2.0999999999999996,0.40800000000000003,0.0068109999999999985,0.29962780405598094,34.372284887375734
0.7,2.0999999999999996,0.607,0.0068109999999999985,0.435314379321185,38.52219417414323
0.7,2.0999999999999996,0.806,0.0068109999999999985,0.5620112499065697,42.39715762442571
0.7,2.0999999999999996,1.0050000000000001,0.0068109999999999985,0.685524782035035,46.17476018399756
0.7,2.0999999999999996,1.2040000000000002,0.0068109999999999985,0.8793065017063032,52.101481795901925
0.7,2.0999999999999996,1.4030000000000002,0.0068109999999999985,1.068338669424844,57.88294062320078
0.7,2.0999999999999996,1.6020000000000003,0.0068109999999999985,1.257370837143385,63.66439945049964
0.7,2.0999999999999996,1.8010000000000004,0.0068109999999999985,1.4464030048619259,69.4458582777985
0.7,2.0999999999999996,2.0,0.0068109999999999985,1.6354351725804663,75.22731710509734
0.7,2.8,0.01,0.0068109999999999985,0.012929614334872344,25.603757288402804
0.7,2.8,0.20900000000000002,0.0068109999999999985,0.27022893959883204,33.47313461851027
0.7,2.8,0.40800000000000003,0.0068109999999999985,0.5275282648627917,41.34251194861775
0.7,2.8,0.607,0.0068109999999999985,0.7905052288149653,49.38553715415488
0.7,2.8,0.806,0.0068109999999999985,1.058363900798127,57.57786707501472
0.7,2.8,1.0050000000000001,0.0068109999999999985,1.3194924553947767,65.56435956067708
0.7,2.8,1.2040000000000002,0.0068109999999999985,1.7145517761991003,77.64706074924743
0.7,2.8,1.4030000000000002,0.0068109999999999985,2.0999282705131215,89.43361730084304
0.7,2.8,1.6020000000000003,0.0068109999999999985,2.4853047648271427,101.22017385243863
0.7,2.8,1.8010000000000004,0.0068109999999999985,2.870681259141164,113.00673040403423
0.7,2.8,2.0,0.0068109999999999985,3.2560577534551842,124.79328695562981
0.7,3.5,0.01,0.0068109999999999985,0.020051048177150782,25.821562951044143
0.7,3.5,0.20900000000000002,0.0068109999999999985,0.4190669069024514,38.02527296771426
0.7,3.5,0.40800000000000003,0.0068109999999999985,0.818082765627752,50.22898298438437
0.7,3.5,0.607,0.0068109999999999985,1.25725789904127,63.66094529243071
0.7,3.5,0.806,0.0068109999999999985,1.7309625022801711,78.14897499119307
0.7,3.5,1.0050000000000001,0.0068109999999999985,2.1927649798095517,92.27298384325285
0.7,3.5,1.2040000000000002,0.0068109999999999985,2.878598396612969,113.24887228324845
0.7,3.5,1.4030000000000002,0.0068109999999999985,3.5476221708476743,133.71064581049905
0.7,3.5,1.6020000000000003,0.0068109999999999985,4.216645945082379,154.17241933774963
0.7,3.5,1.8010000000000004,0.0068109999999999985,4.885669719317086,174.63419286500024
0.7,3.5,2.0,0.0068109999999999985,5.554693493551789,195.09596639225077
0.7,4.199999999999999,0.01,0.0068109999999999985,0.028696504586848675,26.085980118128095
0.7,4.199999999999999,0.20900000000000002,0.0068109999999999985,0.5997569458651374,43.55159175976888
0.7,4.199999999999999,0.40800000000000003,0.0068109999999999985,1.170817387143426,61.017203401409674
0.7,4.199999999999999,0.607,0.0068109999999999985,1.838392049264573,81.43465652477455
0.7,4.199999999999999,0.806,0.0068109999999999985,2.5889509012692997,104.39014157635083
0.7,4.199999999999999,1.0050000000000001,0.0068109999999999985,3.3206514906608424,126.76885564673171
0.7,4.199999999999999,1.2040000000000002,0.0068109999999999985,4.396400081787767,159.67011400496744
0.7,4.199999999999999,1.4030000000000002,0.0068109999999999985,5.445782285877267,191.76496897206997
0.7,4.199999999999999,1.6020000000000003,0.0068109999999999985,6.495164489966767,223.8598239391725
0.7,4.199999999999999,1.8010000000000004,0.0068109999999999985,7.544546694056265,255.95467890627498
0.7,4.199999999999999,2.0,0.0068109999999999985,8.593928898145762,288.0495338733774
0.7,4.8999999999999995,0.01,0.0068109999999999985,0.03885658622383333,26.39672137648198
0.7,4.8999999999999995,0.20900000000000002,0.0068109999999999985,0.8121026520781166,50.04608405936507
0.7,4.8999999999999995,0.40800000000000003,0.0068109999999999985,1.5853487179324,73.69544674224815
0.7,4.8999999999999995,0.607,0.0068109999999999985,2.5363641078891552,102.78179954411185
0.7,4.8999999999999995,0.806,0.0068109999999999985,3.64022788866299,136.54294758846353
0.7,4.8999999999999995,1.0050000000000001,0.0068109999999999985,4.71635639856311,169.45582558144957
0.7,4.8999999999999995,1.2040000000000002,0.0068109999999999985,6.289749124233696,217.57729280273352
0.7,4.8999999999999995,1.4030000000000002,0.0068109999999999985,7.824578302706472,264.51931229800556
0.7,4.8999999999999995,1.6020000000000003,0.0068109999999999985,9.359407481179248,311.4613317932777
0.7,4.8999999999999995,1.8010000000000004,0.0068109999999999985,10.894236659652027,358.40335128854974
0.7,4.8999999999999995,2.0,0.0068109999999999985,12.429065838124798,405.34537078382164
0.7,5.6,0.01,0.0068109999999999985,0.05052340626405644,26.753545511348204
0.7,5.6,0.20900000000000002,0.0068109999999999985,1.0559391909187796,57.50370847806912
0.7,5.6,0.40800000000000003,0.0068109999999999985,2.061354975573503,88.25387144479006
0.7,5.6,0.607,0.0068109999999999985,3.3533642721591885,127.76936049012278
0.7,5.6,0.806,0.0068109999999999985,4.891790420124769,174.82139158435538
0.7,5.6,1.0050000000000001,0.0068109999999999985,6.3915626447746305,220.69121084204946
0.7,5.6,1.2040000000000002,0.0068109999999999985,8.578127983896099,287.56627043588605
0.7,5.6,1.4030000000000002,0.0068109999999999985,10.711101035294002,352.8022354318344
0.7,5.6,1.6020000000000003,0.0068109999999999985,12.844074086691904,418.03820042778284
0.7,5.6,1.8010000000000004,0.0068109999999999985,14.977047138089805,483.2741654237312
0.7,5.6,2.0,0.0068109999999999985,17.110020189487702,548.5101304196795
0.7,6.3,0.01,0.0068109999999999985,0.06369017313084133,27.156244805588443
0.7,6.3,0.20900000000000002,0.0068109999999999985,1.331124618434584,65.9201237276902
0.7,6.3,0.40800000000000003,0.0068109999999999985,2.5985590637383265,104.68400264979196
0.7,6.3,0.607,0.0068109999999999985,4.291377669463454,156.45805353862036
0.7,6.3,0.806,0.0068109999999999985,6.349947142092951,219.41842051098945
0.7,6.3,1.0050000000000001,0.0068109999999999985,8.356793763651355,280.7968687152085
0.7,6.3,1.2040000000000002,0.0068109999999999985,11.279243093261583,370.1785897097325
0.7,6.3,1.4030000000000002,0.0068109999999999985,14.130063762832345,457.36958224850827
0.7,6.3,1.6020000000000003,0.0068109999999999985,16.980884432403105,544.5605747872842
0.7,6.3,1.8010000000000004,0.0068109999999999985,19.831705101973863,631.7515673260599
0.7,6.3,2.0,0.0068109999999999985,22.682525771544622,718.9425598648355
1.4,0.0,0.01,0.027243999999999994,0.0,25.83324476564991
1.4,0.0,0.20900000000000002,0.027243999999999994,0.0,25.83324476564991
1.4,0.0,0.40800000000000003,0.027243999999999994,0.0,25.83324476564991
1.4,0.0,0.607,0.027243999999999994,0.0,25.83324476564991
1.4,0.0,0.806,0.027243999999999994,0.0,25.83324476564991
1.4,0.0,1.0050000000000001,0.027243999999999994,0.0,25.83324476564991
1.4,0.0,1.2040000000000002,0.027243999999999994,0.0,25.83324476564991
1.4,0.0,1.4030000000000002,0.027243999999999994,0.0,25.83324476564991
1.4,0.0,1.6020000000000003,0.027243999999999994,0.0,25.83324476564991
1.4,0.0,1.8010000000000004,0.027243999999999994,0.0,25.83324476564991
1.4,0.0,2.0,0.027243999999999994,0.0,25.83324476564991
1.4,0.7,0.01,0.027243999999999994,0.0008467817065313841,25.859143180883187
1.4,0.7,0.20900000000000002,0.027243999999999994,0.01769773766650593,26.37452164402538
1.4,0.7,0.40800000000000003,0.027243999999999994,0.03454869362648047,26.889900107167573
1.4,0.7,0.607,0.027243999999999994,0.045312809260948175,27.219115457676697
1.4,0.7,0.806,0.027243999999999994,0.05084337994264365,27.388265328164863
1.4,0.7,1.0050000000000001,0.027243999999999994,0.05623499156198497,27.5531652019071
1.4,0.7,1.2040000000000002,0.027243999999999994,0.06881805663935994,27.938012254893255
1.4,0.7,1.4030000000000002,0.027243999999999994,0.08109271325895609,28.313426782070927
1.4,0.7,1.6020000000000003,0.027243999999999994,0.09336736987855225,28.6888413092486
1.4,0.7,1.8010000000000004,0.027243999999999994,0.10564202649814841,29.064255836426273
1.4,0.7,2.0,0.027243999999999994,0.11791668311774454,29.439670363603945
1.4,1.4,0.01,0.027243999999999994,0.003308860965842453,25.934444702518633
1.4,1.4,0.20900000000000002,0.027243999999999994,0.06915519418610729,27.948323446206253
1.4,1.4,0.40800000000000003,0.027243999999999994,0.1350015274063721,29.962202189893866
1.4,1.4,0.607,0.027243999999999994,0.1883317916080666,31.593282923148482
1.4,1.4,0.806,0.027243999999999994,0.23090057590594365,32.8952289184607
1.4,1.4,1.0050000000000001,0.027243999999999994,0.2723997927591504,34.16446270283542
1.4,1.4,1.2040000000000002,0.027243999999999994,0.34323511610540564,36.33092733363068
1.4,1.4,1.4030000000000002,0.027243999999999994,0.41233427956572327,38.444292341122136
1.4,1.4,1.6020000000000003,0.027243999999999994,0.4814334430260408,40.55765734861359
1.4,1.4,1.8010000000000004,0.027243999999999994,0.5505326064863584,42.67102235610504
1.4,1.4,2.0,0.027243999999999994,0.6196317699466758,44.784387363596494
1.4,2.0999999999999996,0.01,0.027243999999999994,0.007343818726862278,26.05785196408038
1.4,2.0999999999999996,0.20900000000000002,0.027243999999999994,0.15348581139142162,30.52753521284677
1.4,2.0999999999999996,0.40800000000000003,0.027243999999999994,0.29962780405598094,34.997218461613166
1.4,2.0999999999999996,0.607,0.027243999999999994,0.435314379321185,39.14712774838067
1.4,2.0999999999999996,0.806,0.027243999999999994,0.5620112499065697,43.02209119866315
1.4,2.0999999999999996,1.0050000000000001,0.027243999999999994,0.685524782035035,46.799693758234994
1.4,2.0999999999999996,1.2040000000000002,0.027243999999999994,0.8793065017063032,52.726415370139364
1.4,2.0999999999999996,1.4030000000000002,0.027243999999999994,1.068338669424844,58.50787419743821
1.4,2.0999999999999996,1.6020000000000003,0.027243999999999994,1.257370837143385,64.28933302473706
1.4,2.0999999999999996,1.8010000000000004,0.027243999999999994,1.4464030048619259,70.07079185203592
1.4,2.0999999999999996,2.0,0.027243999999999994,1.6354351725804663,75.85225067933476
1.4,2.8,0.01,0.027243999999999994,0.012929614334872344,26.228690862640235
1.4,2.8,0.20900000000000002,0.027243999999999994,0.27022893959883204,34.098068192747704
1.4,2.8,0.40800000000000003,0.027243999999999994,0.5275282648627917,41.967445522855186
1.4,2.8,0.607,0.027243999999999994,0.7905052288149653,50.01047072839231
1.4,2.8,0.806,0.027243999999999994,1.058363900798127,58.202800649252154
1.4,2.8,1.0050000000000001,0.027243999999999994,1.3194924553947767,66.18929313491451
1.4,2.8,1.2040000000000002,0.027243999999999994,1.7145517761991003,78.27199432348488
1.4,2.8,1.4030000000000002,0.027243999999999994,2.0999282705131215,90.05855087508047
1.4,2.8,1.6020000000000003,0.027243999999999994,2.4853047648271427,101.84510742667607
1.4,2.8,1.8010000000000004,0.027243999999999994,2.870681259141164,113.63166397827166
1.4,2.8,2.0,0.027243999999999994,3.2560577534551842,125.41822052986724
1.4,3.5,0.01,0.027243999999999994,0.020051048177150782,26.446496525281574
1.4,3.5,0.20900000000000002,0.027243999999999994,0.4190669069024514,38.65020654195169
1.4,3.5,0.40800000000000003,0.027243999999999994,0.818082765627752,50.853916558621805
1.4,3.5,0.607,0.027243999999999994,1.25725789904127,64.28587886666814
1.4,3.5,0.806,0.027243999999999994,1.7309625022801711,78.7739085654305
1.4,3.5,1.0050000000000001,0.027243999999999994,2.1927649798095517,92.89791741749028
1.4,3.5,1.2040000000000002,0.027243999999999994,2.878598396612969,113.87380585748588
1.4,3.5,1.4030000000000002,0.027243999999999994,3.5476221708476743,134.3355793847365
1.4,3.5,1.6020000000000003,0.027243999999999994,4.216645945082379,154.79735291198705
1.4,3.5,1.8010000000000004,0.027243999999999994,4.885669719317086,175.2591264392377
1.4,3.5,2.0,0.027243999999999994,5.554693493551789,195.72089996648822
1.4,4.199999999999999,0.01,0.027243999999999994,0.028696504586848675,26.710913692365526
1.4,4.199999999999999,0.20900000000000002,0.027243999999999994,0.5997569458651374,44.176525334006314
1.4,4.199999999999999,0.40800000000000003,0.027243999999999994,1.170817387143426,61.642136975647105
1.4,4.199999999999999,0.607,0.027243999999999994,1.838392049264573,82.05959009901198
1.4,4.199999999999999,0.806,0.027243999999999994,2.5889509012692997,105.01507515058826
1.4,4.199999999999999,1.0050000000000001,0.027243999999999994,3.3206514906608424,127.39378922096914
1.4,4.199999999999999,1.2040000000000002,0.027243999999999994,4.396400081787767,160.29504757920486
1.4,4.199999999999999,1.4030000000000002,0.027243999999999994,5.445782285877267,192.3899025463074
1.4,4.199999999999999,1.6020000000000003,0.027243999999999994,6.495164489966767,224.4847575134099
1.4,4.199999999999999,1.8010000000000004,0.027243999999999994,7.544546694056265,256.5796124805124
1.4,4.199999999999999,2.0,0.027243999999999994,8.593928898145762,288.67446744761486
1.4,4.8999999999999995,0.01,0.027243999999999994,0.03885658622383333,27.021654950719412
1.4,4.8999999999999995,0.20900000000000002,0.027243999999999994,0.8121026520781166,50.6710176336025
1.4,4.8999999999999995,0.40800000000000003,0.027243999999999994,1.5853487179324,74.3203803164856
1.4,4.8999999999999995,0.607,0.027243999999999994,2.5363641078891552,103.40673311834928
1.4,4.8999999999999995,0.806,0.027243999999999994,3.64022788866299,137.16788116270095
1.4,4.8999999999999995,1.0050000000000001,0.027243999999999994,4.71635639856311,170.080759155687
1.4,4.8999999999999995,1.2040000000000002,0.027243999999999994,6.289749124233696,218.20222637697094
1.4,4.8999999999999995,1.4030000000000002,0.027243999999999994,7.824578302706472,265.144245872243
1.4,4.8999999999999995,1.6020000000000003,0.027243999999999994,9.359407481179248,312.0862653675151
1.4,4.8999999999999995,1.8010000000000004,0.027243999999999994,10.894236659652027,359.0282848627872
1.4,4.8999999999999995,2.0,0.027243999999999994,12.429065838124798,405.97030435805914
1.4,5.6,0.01,0.027243999999999994,0.05052340626405644,27.378479085585635
1.4,5.6,0.20900000000000002,0.027243999999999994,1.0559391909187796,58.12864205230656
1.4,5.6,0.40800000000000003,0.027243999999999994,2.061354975573503,88.8788050190275
1.4,5.6,0.607,0.027243999999999994,3.3533642721591885,128.39429406436022
1.4,5.6,0.806,0.027243999999999994,4.891790420124769,175.44632515859283
1.4,5.6,1.0050000000000001,0.027243999999999994,6.3915626447746305,221.3161444162869
1.4,5.6,1.2040000000000002,0.027243999999999994,8.578127983896099,288.1912040101235
1.4,5.6,1.4030000000000002,0.027243999999999994,10.711101035294002,353.4271690060719
1.4,5.6,1.6020000000000003,0.027243999999999994,12.844074086691904,418.6631340020203
1.4,5.6,1.8010000000000004,0.027243999999999994,14.977047138089805,483.8990989979686
1.4,5.6,2.0,0.027243999999999994,17.110020189487702,549.1350639939168
1.4,6.3,0.01,0.027243999999999994,0.06369017313084133,27.781178379825878
1.4,6.3,0.20900000000000002,0.027243999999999994,1.331124618434584,66.54505730192764
1.4,6.3,0.40800000000000003,0.027243999999999994,2.5985590637383265,105.30893622402941
1.4,6.3,0.607,0.027243999999999994,4.291377669463454,157.08298711285778
1.4,6.3,0.806,0.027243999999999994,6.349947142092951,220.04335408522687
1.4,6.3,1.0050000000000001,0.027243999999999994,8.356793763651355,281.42180228944596
1.4,6.3,1.2040000000000002,0.027243999999999994,11.279243093261583,370.8035232839699
1.4,6.3,1.4030000000000002,0.027243999999999994,14.130063762832345,457.9945158227457
1.4,6.3,1.6020000000000003,0.027243999999999994,16.980884432403105,545.1855083615214
1.4,6.3,1.8010000000000004,0.027243999999999994,19.831705101973863,632.3765009002972
1.4,6.3,2.0,0.027243999999999994,22.682525771544622,719.5674934390728
2.0999999999999996,0.0,0.01,0.06129899999999997,0.0,26.874800722712298
2.0999999999999996,0.0,0.20900000000000002,0.06129899999999997,0.0,26.874800722712298
2.0999999999999996,0.0,0.40800000000000003,0.06129899999999997,0.0,26.874800722712298
2.0999999999999996,0.0,0.607,0.06129899999999997,0.0,26.874800722712298
2.0999999999999996,0.0,0.806,0.06129899999999997,0.0,26.874800722712298
2.0999999999999996,0.0,1.0050000000000001,0.06129899999999997,0.0,26.874800722712298
2.0999999999999996,0.0,1.2040000000000002,0.06129899999999997,0.0,26.874800722712298
2.0999999999999996,0.0,1.4030000000000002,0.06129899999999997,0.0,26.874800722712298
2.0999999999999996,0.0,1.6020000000000003,0.06129899999999997,0.0,26.874800722712298
2.0999999999999996,0.0,1.8010000000000004,0.06129899999999997,0.0,26.874800722712298
2.0999999999999996,0.0,2.0,0.06129899999999997,0.0,26.874800722712298
2.0999999999999996,0.7,0.01,0.06129899999999997,0.0008467817065313841,26.900699137945573
2.0999999999999996,0.7,0.20900000000000002,0.06129899999999997,0.01769773766650593,27.416077601087768
2.0999999999999996,0.7,0.40800000000000003,0.06129899999999997,0.03454869362648047,27.93145606422996
2.0999999999999996,0.7,0.607,0.06129899999999997,0.045312809260948175,28.260671414739086
2.0999999999999996,0.7,0.806,0.06129899999999997,0.05084337994264365,28.429821285227252
2.0999999999999996,0.7,1.0050000000000001,0.06129899999999997,0.05623499156198497,28.594721158969485
2.0999999999999996,0.7,1.2040000000000002,0.06129899999999997,0.06881805663935994,28.97956821195564
2.0999999999999996,0.7,1.4030000000000002,0.06129899999999997,0.08109271325895609,29.354982739133312
2.0999999999999996,0.7,1.6020000000000003,0.06129899999999997,0.09336736987855225,29.730397266310987
2.0999999999999996,0.7,1.8010000000000004,0.06129899999999997,0.10564202649814841,30.10581179348866
2.0999999999999996,0.7,2.0,0.06129899999999997,0.11791668311774454,30.48122632066633
2.0999999999999996,1.4,0.01,0.06129899999999997,0.003308860965842453,26.976000659581022
2.0999999999999996,1.4,0.20900000000000002,0.06129899999999997,0.06915519418610729,28.989879403268638
2.0999999999999996,1.4,0.40800000000000003,0.06129899999999997,0.1350015274063721,31.003758146956255
2.0999999999999996,1.4,0.607,0.06129899999999997,0.1883317916080666,32.634838880210864
2.0999999999999996,1.4,0.806,0.06129899999999997,0.23090057590594365,33.93678487552309
2.0999999999999996,1.4,1.0050000000000001,0.06129899999999997,0.2723997927591504,35.206018659897815
2.0999999999999996,1.4,1.2040000000000002,0.06129899999999997,0.34323511610540564,37.37248329069307
2.0999999999999996,1.4,1.4030000000000002,0.06129899999999997,0.41233427956572327,39.48584829818453
2.0999999999999996,1.4,1.6020000000000003,0.06129899999999997,0.4814334430260408,41.599213305675974
2.0999999999999996,1.4,1.8010000000000004,0.06129899999999997,0.5505326064863584,43.71257831316743
2.0999999999999996,1.4,2.0,0.06129899999999997,0.6196317699466758,45.82594332065888
2.0999999999999996,2.0999999999999996,0.01,0.06129899999999997,0.007343818726862278,27.099407921142767
2.0999999999999996,2.0999999999999996,0.20900000000000002,0.06129899999999997,0.15348581139142162,31.56909116990916
2.0999999999999996,2.0999999999999996,0.40800000000000003,0.06129899999999997,0.29962780405598094,36.03877441867555
2.0999999999999996,2.0999999999999996,0.607,0.06129899999999997,0.435314379321185,40.188683705443054
2.0999999999999996,2.0999999999999996,0.806,0.06129899999999997,0.5620112499065697,44.06364715572553
2.0999999999999996,2.0999999999999996,1.0050000000000001,0.06129899999999997,0.685524782035035,47.84124971529738
2.0999999999999996,2.0999999999999996,1.2040000000000002,0.06129899999999997,0.8793065017063032,53.76797132720175
2.0999999999999996,2.0999999999999996,1.4030000000000002,0.06129899999999997,1.068338669424844,59.5494301545006
2.0999999999999996,2.0999999999999996,1.6020000000000003,0.06129899999999997,1.257370837143385,65.33088898179946
2.0999999999999996,2.0999999999999996,1.8010000000000004,0.06129899999999997,1.4464030048619259,71.11234780909831
2.0999999999999996,2.0999999999999996,2.0,0.06129899999999997,1.6354351725804663,76.89380663639716
2.0999999999999996,2.8,0.01,0.06129899999999997,0.012929614334872344,27.27024681970262
2.0999999999999996,2.8,0.20900000000000002,0.06129899999999997,0.27022893959883204,35.139624149810096
2.0999999999999996,2.8,0.40800000000000003,0.06129899999999997,0.5275282648627917,43.00900147991757
2.0999999999999996,2.8,0.607,0.06129899999999997,0.7905052288149653,51.0520266854547
2.0999999999999996,2.8,0.806,0.06129899999999997,1.058363900798127,59.24435660631454
2.0999999999999996,2.8,1.0050000000000001,0.06129899999999997,1.3194924553947767,67.23084909197689
2.0999999999999996,2.8,1.2040000000000002,0.06129899999999997,1.7145517761991003,79.31355028054726
2.0999999999999996,2.8,1.4030000000000002,0.06129899999999997,2.0999282705131215,91.10010683214286
2.0999999999999996,2.8,1.6020000000000003,0.06129899999999997,2.4853047648271427,102.88666338373845
2.0999999999999996,2.8,1.8010000000000004,0.06129899999999997,2.870681259141164,114.67321993533405
2.0999999999999996,2.8,2.0,0.06129899999999997,3.2560577534551842,126.45977648692961
2.0999999999999996,3.5,0.01,0.06129899999999997,0.020051048177150782,27.48805248234396
2.0999999999999996,3.5,0.20900000000000002,0.06129899999999997,0.4190669069024514,39.691762499014075
2.0999999999999996,3.5,0.40800000000000003,0.06129899999999997,0.818082765627752,51.89547251568419
2.0999999999999996,3.5,0.607,0.06129899999999997,1.25725789904127,65.32743482373053
2.0999999999999996,3.5,0.806,0.06129899999999997,1.7309625022801711,79.81546452249289
2.0999999999999996,3.5,1.0050000000000001,0.06129899999999997,2.1927649798095517,93.93947337455266
2.0999999999999996,3.5,1.2040000000000002,0.06129899999999997,2.878598396612969,114.91536181454826
2.0999999999999996,3.5,1.4030000000000002,0.06129899999999997,3.5476221708476743,135.37713534179886
2.0999999999999996,3.5,1.6020000000000003,0.06129899999999997,4.216645945082379,155.83890886904945
2.0999999999999996,3.5,1.8010000000000004,0.06129899999999997,4.885669719317086,176.30068239630006
2.0999999999999996,3.5,2.0,0.06129899999999997,5.554693493551789,196.76245592355062
2.0999999999999996,4.199999999999999,0.01,0.06129899999999997,0.028696504586848675,27.752469649427915
2.0999999999999996,4.199999999999999,0.20900000000000002,0.06129899999999997,0.5997569458651374,45.2180812910687
2.0999999999999996,4.199999999999999,0.40800000000000003,0.06129899999999997,1.170817387143426,62.68369293270949
2.0999999999999996,4.199999999999999,0.607,0.06129899999999997,1.838392049264573,83.10114605607437
2.0999999999999996,4.199999999999999,0.806,0.06129899999999997,2.5889509012692997,106.05663110765065
2.0999999999999996,4.199999999999999,1.0050000000000001,0.06129899999999997,3.3206514906608424,128.43534517803153
2.0999999999999996,4.199999999999999,1.2040000000000002,0.06129899999999997,4.396400081787767,161.33660353626726
2.0999999999999996,4.199999999999999,1.4030000000000002,0.06129899999999997,5.445782285877267,193.4314585033698
2.0999999999999996,4.199999999999999,1.6020000000000003,0.06129899999999997,6.495164489966767,225.5263134704723
2.0999999999999996,4.199999999999999,1.8010000000000004,0.06129899999999997,7.544546694056265,257.6211684375748
2.0999999999999996,4.199999999999999,2.0,0.06129899999999997,8.593928898145762,289.71602340467723
2.0999999999999996,4.8999999999999995,0.01,0.06129899999999997,0.03885658622383333,28.063210907781798
2.0999999999999996,4.8999999999999995,0.20900000000000002,0.06129899999999997,0.8121026520781166,51.71257359066489
2.0999999999999996,4.8999999999999995,0.40800000000000003,0.06129899999999997,1.5853487179324,75.36193627354798
2.0999999999999996,4.8999999999999995,0.607,0.06129899999999997,2.5363641078891552,104.44828907541165
2.0999999999999996,4.8999999999999995,0.806,0.06129899999999997,3.64022788866299,138.20943711976335
2.0999999999999996,4.8999999999999995,1.0050000000000001,0.06129899999999997,4.71635639856311,171.1223151127494
2.0999999999999996,4.8999999999999995,1.2040000000000002,0.06129899999999997,6.289749124233696,219.24378233403334
2.0999999999999996,4.8999999999999995,1.4030000000000002,0.06129899999999997,7.824578302706472,266.18580182930543
2.0999999999999996,4.8999999999999995,1.6020000000000003,0.06129899999999997,9.359407481179248,313.12782132457744
2.0999999999999996,4.8999999999999995,1.8010000000000004,0.06129899999999997,10.894236659652027,360.06984081984956
2.0999999999999996,4.8999999999999995,2.0,0.06129899999999997,12.429065838124798,407.01186031512145
2.0999999999999996,5.6,0.01,0.06129899999999997,0.05052340626405644,28.42003504264802
2.0999999999999996,5.6,0.20900000000000002,0.06129899999999997,1.0559391909187796,59.170198009368946
2.0999999999999996,5.6,0.40800000000000003,0.06129899999999997,2.061354975573503,89.92036097608988
2.0999999999999996,5.6,0.607,0.06129899999999997,3.3533642721591885,129.4358500214226
2.0999999999999996,5.6,0.806,0.06129899999999997,4.891790420124769,176.48788111565523
2.0999999999999996,5.6,1.0050000000000001,0.06129899999999997,6.3915626447746305,222.3577003733493
2.0999999999999996,5.6,1.2040000000000002,0.06129899999999997,8.578127983896099,289.23275996718587
2.0999999999999996,5.6,1.4030000000000002,0.06129899999999997,10.711101035294002,354.4687249631342
2.0999999999999996,5.6,1.6020000000000003,0.06129899999999997,12.844074086691904,419.7046899590826
2.0999999999999996,5.6,1.8010000000000004,0.06129899999999997,14.977047138089805,484.940654955031
2.0999999999999996,5.6,2.0,0.06129899999999997,17.110020189487702,550.1766199509792
2.0999999999999996,6.3,0.01,0.06129899999999997,0.06369017313084133,28.822734336888264
2.0999999999999996,6.3,0.20900000000000002,0.06129899999999997,1.331124618434584,67.58661325899001
2.0999999999999996,6.3,0.40800000000000003,0.06129899999999997,2.5985590637383265,106.35049218109178
2.0999999999999996,6.3,0.607,0.06129899999999997,4.291377669463454,158.12454306992018
2.0999999999999996,6.3,0.806,0.06129899999999997,6.349947142092951,221.08491004228927
2.0999999999999996,6.3,1.0050000000000001,0.06129899999999997,8.356793763651355,282.46335824650834
2.0999999999999996,6.3,1.2040000000000002,0.06129899999999997,11.279243093261583,371.8450792410323
2.0999999999999996,6.3,1.4030000000000002,0.06129899999999997,14.130063762832345,459.0360717798081
2.0999999999999996,6.3,1.6020000000000003,0.06129899999999997,16.980884432403105,546.2270643185839
2.0999999999999996,6.3,1.8010000000000004,0.06129899999999997,19.831705101973863,633.4180568573596
2.0999999999999996,6.3,2.0,0.06129899999999997,22.682525771544622,720.6090493961352
2.8,0.0,0.01,0.10897599999999998,0.0,28.332979062599637
2.8,0.0,0.20900000000000002,0.10897599999999998,0.0,28.332979062599637
2.8,0.0,0.40800000000000003,0.10897599999999998,0.0,28.332979062599637
2.8,0.0,0.607,0.10897599999999998,0.0,28.332979062599637
2.8,0.0,0.806,0.10897599999999998,0.0,28.332979062599637
2.8,0.0,1.0050000000000001,0.10897599999999998,0.0,28.332979062599637
2.8,0.0,1.2040000000000002,0.10897599999999998,0.0,28.332979062599637
2.8,0.0,1.4030000000000002,0.10897599999999998,0.0,28.332979062599637
2.8,0.0,1.6020000000000003,0.10897599999999998,0.0,28.332979062599637
2.8,0.0,1.8010000000000004,0.10897599999999998,0.0,28.332979062599637
2.8,0.0,2.0,0.10897599999999998,0.0,28.332979062599637
2.8,0.7,0.01,0.10897599999999998,0.0008467817065313841,28.358877477832912
2.8,0.7,0.20900000000000002,0.10897599999999998,0.01769773766650593,28.874255940975107
2.8,0.7,0.40800000000000003,0.10897599999999998,0.03454869362648047,29.389634404117302
2.8,0.7,0.607,0.10897599999999998,0.045312809260948175,29.718849754626426
2.8,0.7,0.806,0.10897599999999998,0.05084337994264365,29.887999625114592
2.8,0.7,1.0050000000000001,0.10897599999999998,0.05623499156198497,30.052899498856824
2.8,0.7,1.2040000000000002,0.10897599999999998,0.06881805663935994,30.437746551842984
2.8,0.7,1.4030000000000002,0.10897599999999998,0.08109271325895609,30.813161079020656
2.8,0.7,1.6020000000000003,0.10897599999999998,0.09336736987855225,31.188575606198327
2.8,0.7,1.8010000000000004,0.10897599999999998,0.10564202649814841,31.563990133376002
2.8,0.7,2.0,0.10897599999999998,0.11791668311774454,31.939404660553674
2.8,1.4,0.01,0.10897599999999998,0.003308860965842453,28.43417899946836
2.8,1.4,0.20900000000000002,0.10897599999999998,0.06915519418610729,30.448057743155978
2.8,1.4,0.40800000000000003,0.10897599999999998,0.1350015274063721,32.4619364868436
2.8,1.4,0.607,0.10897599999999998,0.1883317916080666,34.09301722009821
2.8,1.4,0.806,0.10897599999999998,0.23090057590594365,35.39496321541043
2.8,1.4,1.0050000000000001,0.10897599999999998,0.2723997927591504,36.664196999785155
2.8,1.4,1.2040000000000002,0.10897599999999998,0.34323511610540564,38.830661630580416
2.8,1.4,1.4030000000000002,0.10897599999999998,0.41233427956572327,40.94402663807187
2.8,1.4,1.6020000000000003,0.10897599999999998,0.4814334430260408,43.05739164556332
2.8,1.4,1.8010000000000004,0.10897599999999998,0.5505326064863584,45.170756653054774
2.8,1.4,2.0,0.10897599999999998,0.6196317699466758,47.28412166054622
2.8,2.0999999999999996,0.01,0.10897599999999998,0.007343818726862278,28.55758626103011
2.8,2.0999999999999996,0.20900000000000002,0.10897599999999998,0.15348581139142162,33.0272695097965
2.8,2.0999999999999996,0.40800000000000003,0.10897599999999998,0.29962780405598094,37.4969527585629
2.8,2.0999999999999996,0.607,0.10897599999999998,0.435314379321185,41.646862045330394
2.8,2.0999999999999996,0.806,0.10897599999999998,0.5620112499065697,45.52182549561287
2.8,2.0999999999999996,1.0050000000000001,0.10897599999999998,0.685524782035035,49.29942805518473
2.8,2.0999999999999996,1.2040000000000002,0.10897599999999998,0.8793065017063032,55.22614966708909
2.8,2.0999999999999996,1.4030000000000002,0.10897599999999998,1.068338669424844,61.00760849438794
2.8,2.0999999999999996,1.6020000000000003,0.10897599999999998,1.257370837143385,66.78906732168679
2.8,2.0999999999999996,1.8010000000000004,0.10897599999999998,1.4464030048619259,72.57052614898565
2.8,2.0999999999999996,2.0,0.10897599999999998,1.6354351725804663,78.3519849762845
2.8,2.8,0.01,0.10897599999999998,0.012929614334872344,28.728425159589964
2.8,2.8,0.20900000000000002,0.10897599999999998,0.27022893959883204,36.597802489697436
2.8,2.8,0.40800000000000003,0.10897599999999998,0.5275282648627917,44.46717981980491
2.8,2.8,0.607,0.10897599999999998,0.7905052288149653,52.510205025342046
2.8,2.8,0.806,0.10897599999999998,1.058363900798127,60.70253494620188
2.8,2.8,1.0050000000000001,0.10897599999999998,1.3194924553947767,68.68902743186423
2.8,2.8,1.2040000000000002,0.10897599999999998,1.7145517761991003,80.7717286204346
2.8,2.8,1.4030000000000002,0.10897599999999998,2.0999282705131215,92.5582851720302
2.8,2.8,1.6020000000000003,0.10897599999999998,2.4853047648271427,104.34484172362579
2.8,2.8,1.8010000000000004,0.10897599999999998,2.870681259141164,116.1313982752214
2.8,2.8,2.0,0.10897599999999998,3.2560577534551842,127.91795482681697
2.8,3.5,0.01,0.10897599999999998,0.020051048177150782,28.946230822231303
2.8,3.5,0.20900000000000002,0.10897599999999998,0.4190669069024514,41.149940838901415
2.8,3.5,0.40800000000000003,0.10897599999999998,0.818082765627752,53.35365085557153
2.8,3.5,0.607,0.10897599999999998,1.25725789904127,66.78561316361787
2.8,3.5,0.806,0.10897599999999998,1.7309625022801711,81.27364286238023
2.8,3.5,1.0050000000000001,0.10897599999999998,2.1927649798095517,95.39765171444002
2.8,3.5,1.2040000000000002,0.10897599999999998,2.878598396612969,116.37354015443562
2.8,3.5,1.4030000000000002,0.10897599999999998,3.5476221708476743,136.83531368168622
2.8,3.5,1.6020000000000003,0.10897599999999998,4.216645945082379,157.29708720893677
2.8,3.5,1.8010000000000004,0.10897599999999998,4.885669719317086,177.75886073618742
2.8,3.5,2.0,0.10897599999999998,5.554693493551789,198.22063426343794
2.8,4.199999999999999,0.01,0.10897599999999998,0.028696504586848675,29.210647989315255
2.8,4.199999999999999,0.20900000000000002,0.10897599999999998,0.5997569458651374,46.67625963095605
2.8,4.199999999999999,0.40800000000000003,0.10897599999999998,1.170817387143426,64.14187127259683
2.8,4.199999999999999,0.607,0.10897599999999998,1.838392049264573,84.55932439596171
2.8,4.199999999999999,0.806,0.10897599999999998,2.5889509012692997,107.51480944753798
2.8,4.199999999999999,1.0050000000000001,0.10897599999999998,3.3206514906608424,129.89352351791888
2.8,4.199999999999999,1.2040000000000002,0.10897599999999998,4.396400081787767,162.79478187615462
2.8,4.199999999999999,1.4030000000000002,0.10897599999999998,5.445782285877267,194.88963684325714
2.8,4.199999999999999,1.6020000000000003,0.10897599999999998,6.495164489966767,226.98449181035963
2.8,4.199999999999999,1.8010000000000004,0.10897599999999998,7.544546694056265,259.07934677746215
2.8,4.199999999999999,2.0,0.10897599999999998,8.593928898145762,291.17420174456464
2.8,4.8999999999999995,0.01,0.10897599999999998,0.03885658622383333,29.52138924766914
2.8,4.8999999999999995,0.20900000000000002,0.10897599999999998,0.8121026520781166,53.17075193055223
2.8,4.8999999999999995,0.40800000000000003,0.10897599999999998,1.5853487179324,76.82011461343532
2.8,4.8999999999999995,0.607,0.10897599999999998,2.5363641078891552,105.906467415299
2.8,4.8999999999999995,0.806,0.10897599999999998,3.64022788866299,139.66761545965068
2.8,4.8999999999999995,1.0050000000000001,0.10897599999999998,4.71635639856311,172.58049345263672
2.8,4.8999999999999995,1.2040000000000002,0.10897599999999998,6.289749124233696,220.70196067392067
2.8,4.8999999999999995,1.4030000000000002,0.10897599999999998,7.824578302706472,267.64398016919273
2.8,4.8999999999999995,1.6020000000000003,0.10897599999999998,9.359407481179248,314.58599966446485
2.8,4.8999999999999995,1.8010000000000004,0.10897599999999998,10.894236659652027,361.5280191597369
2.8,4.8999999999999995,2.0,0.10897599999999998,12.429065838124798,408.47003865500886
2.8,5.6,0.01,0.10897599999999998,0.05052340626405644,29.878213382535364
2.8,5.6,0.20900000000000002,0.10897599999999998,1.0559391909187796,60.628376349256285
2.8,5.6,0.40800000000000003,0.10897599999999998,2.061354975573503,91.37853931597722
2.8,5.6,0.607,0.10897599999999998,3.3533642721591885,130.89402836130995
2.8,5.6,0.806,0.10897599999999998,4.891790420124769,177.94605945554255
2.8,5.6,1.0050000000000001,0.10897599999999998,6.3915626447746305,223.81587871323663
2.8,5.6,1.2040000000000002,0.10897599999999998,8.578127983896099,290.6909383070732
2.8,5.6,1.4030000000000002,0.10897599999999998,10.711101035294002,355.9269033030216
2.8,5.6,1.6020000000000003,0.10897599999999998,12.844074086691904,421.16286829897
2.8,5.6,1.8010000000000004,0.10897599999999998,14.977047138089805,486.39883329491835
2.8,5.6,2.0,0.10897599999999998,17.110020189487702,551.6347982908666
2.8,6.3,0.01,0.10897599999999998,0.06369017313084133,30.280912676775607
2.8,6.3,0.20900000000000002,0.10897599999999998,1.331124618434584,69.04479159887737
2.8,6.3,0.40800000000000003,0.10897599999999998,2.5985590637383265,107.80867052097913
2.8,6.3,0.607,0.10897599999999998,4.291377669463454,159.58272140980753
2.8,6.3,0.806,0.10897599999999998,6.349947142092951,222.54308838217662
2.8,6.3,1.0050000000000001,0.10897599999999998,8.356793763651355,283.9215365863957
2.8,6.3,1.2040000000000002,0.10897599999999998,11.279243093261583,373.30325758091965
2.8,6.3,1.4030000000000002,0.10897599999999998,14.130063762832345,460.49425011969544
2.8,6.3,1.6020000000000003,0.10897599999999998,16.980884432403105,547.6852426584712
2.8,6.3,1.8010000000000004,0.10897599999999998,19.831705101973863,634.876235197247
2.8,6.3,2.0,0.10897599999999998,22.682525771544622,722.0672277360226
3.5,0.0,0.01,0.17027499999999998,0.0,30.207779785311935
3.5,0.0,0.20900000000000002,0.17027499999999998,0.0,30.207779785311935
3.5,0.0,0.40800000000000003,0.17027499999999998,0.0,30.207779785311935
3.5,0.0,0.607,0.17027499999999998,0.0,30.207779785311935
3.5,0.0,0.806,0.17027499999999998,0.0,30.207779785311935
3.5,0.0,1.0050000000000001,0.17027499999999998,0.0,30.207779785311935
3.5,0.0,1.2040000000000002,0.17027499999999998,0.0,30.207779785311935
3.5,0.0,1.4030000000000002,0.17027499999999998,0.0,30.207779785311935
3.5,0.0,1.6020000000000003,0.17027499999999998,0.0,30.207779785311935
3.5,0.0,1.8010000000000004,0.17027499999999998,0.0,30.207779785311935
3.5,0.0,2.0,0.17027499999999998,0.0,30.207779785311935
3.5,0.7,0.01,0.17027499999999998,0.0008467817065313841,30.23367820054521
3.5,0.7,0.20900000000000002,0.17027499999999998,0.01769773766650593,30.749056663687405
3.5,0.7,0.40800000000000003,0.17027499999999998,0.03454869362648047,31.2644351268296
3.5,0.7,0.607,0.17027499999999998,0.045312809260948175,31.593650477338723
3.5,0.7,0.806,0.17027499999999998,0.05084337994264365,31.76280034782689
3.5,0.7,1.0050000000000001,0.17027499999999998,0.05623499156198497,31.927700221569122
3.5,0.7,1.2040000000000002,0.17027499999999998,0.06881805663935994,32.31254727455528
3.5,0.7,1.4030000000000002,0.17027499999999998,0.08109271325895609,32.68796180173295
3.5,0.7,1.6020000000000003,0.17027499999999998,0.09336736987855225,33.06337632891062
3.5,0.7,1.8010000000000004,0.17027499999999998,0.10564202649814841,33.438790856088296
3.5,0.7,2.0,0.17027499999999998,0.11791668311774454,33.81420538326597
3.5,1.4,0.01,0.17027499999999998,0.003308860965842453,30.30897972218066
3.5,1.4,0.20900000000000002,0.17027499999999998,0.06915519418610729,32.32285846586828
3.5,1.4,0.40800000000000003,0.17027499999999998,0.1350015274063721,34.33673720955589
3.5,1.4,0.607,0.17027499999999998,0.1883317916080666,35.967817942810505
3.5,1.4,0.806,0.17027499999999998,0.23090057590594365,37.26976393812273
3.5,1.4,1.0050000000000001,0.17027499999999998,0.2723997927591504,38.538997722497456
3.5,1.4,1.2040000000000002,0.17027499999999998,0.34323511610540564,40.70546235329271
3.5,1.4,1.4030000000000002,0.17027499999999998,0.41233427956572327,42.81882736078417
3.5,1.4,1.6020000000000003,0.17027499999999998,0.4814334430260408,44.932192368275615
3.5,1.4,1.8010000000000004,0.17027499999999998,0.5505326064863584,47.045557375767075
3.5,1.4,2.0,0.17027499999999998,0.6196317699466758,49.15892238325851
3.5,2.0999999999999996,0.01,0.17027499999999998,0.007343818726862278,30.432386983742408
3.5,2.0999999999999996,0.20900000000000002,0.17027499999999998,0.15348581139142162,34.9020702325088
3.5,2.0999999999999996,0.40800000000000003,0.17027499999999998,0.29962780405598094,39.37175348127519
3.5,2.0999999999999996,0.607,0.17027499999999998,0.435314379321185,43.52166276804269
3.5,2.0999999999999996,0.806,0.17027499999999998,0.5620112499065697,47.39662621832517
3.5,2.0999999999999996,1.0050000000000001,0.17027499999999998,0.685524782035035,51.17422877789703
3.5,2.0999999999999996,1.2040000000000002,0.17027499999999998,0.8793065017063032,57.10095038980138
3.5,2.0999999999999996,1.4030000000000002,0.17027499999999998,1.068338669424844,62.88240921710024
3.5,2.0999999999999996,1.6020000000000003,0.17027499999999998,1.257370837143385,68.6638680443991
3.5,2.0999999999999996,1.8010000000000004,0.17027499999999998,1.4464030048619259,74.44532687169794
3.5,2.0999999999999996,2.0,0.17027499999999998,1.6354351725804663,80.22678569899679
3.5,2.8,0.01,0.17027499999999998,0.012929614334872344,30.60322588230226
3.5,2.8,0.20900000000000002,0.17027499999999998,0.27022893959883204,38.47260321240974
3.5,2.8,0.40800000000000003,0.17027499999999998,0.5275282648627917,46.341980542517206
3.5,2.8,0.607,0.17027499999999998,0.7905052288149653,54.38500574805434
3.5,2.8,0.806,0.17027499999999998,1.058363900798127,62.57733566891418
3.5,2.8,1.0050000000000001,0.17027499999999998,1.3194924553947767,70.56382815457653
3.5,2.8,1.2040000000000002,0.17027499999999998,1.7145517761991003,82.6465293431469
3.5,2.8,1.4030000000000002,0.17027499999999998,2.0999282705131215,94.43308589474249
3.5,2.8,1.6020000000000003,0.17027499999999998,2.4853047648271427,106.21964244633809
3.5,2.8,1.8010000000000004,0.17027499999999998,2.870681259141164,118.0061989979337
3.5,2.8,2.0,0.17027499999999998,3.2560577534551842,129.79275554952926
3.5,3.5,0.01,0.17027499999999998,0.020051048177150782,30.8210315449436
3.5,3.5,0.20900000000000002,0.17027499999999998,0.4190669069024514,43.024741561613716
3.5,3.5,0.40800000000000003,0.17027499999999998,0.818082765627752,55.228451578283824
3.5,3.5,0.607,0.17027499999999998,1.25725789904127,68.66041388633018
3.5,3.5,0.806,0.17027499999999998,1.7309625022801711,83.14844358509254
3.5,3.5,1.0050000000000001,0.17027499999999998,2.1927649798095517,97.27245243715231
3.5,3.5,1.2040000000000002,0.17027499999999998,2.878598396612969,118.24834087714791
3.5,3.5,1.4030000000000002,0.17027499999999998,3.5476221708476743,138.7101144043985
3.5,3.5,1.6020000000000003,0.17027499999999998,4.216645945082379,159.17188793164908
3.5,3.5,1.8010000000000004,0.17027499999999998,4.885669719317086,179.6336614588997
3.5,3.5,2.0,0.17027499999999998,5.554693493551789,200.09543498615025
3.5,4.199999999999999,0.01,0.17027499999999998,0.028696504586848675,31.085448712027553
3.5,4.199999999999999,0.20900000000000002,0.17027499999999998,0.5997569458651374,48.55106035366835
3.5,4.199999999999999,0.40800000000000003,0.17027499999999998,1.170817387143426,66.01667199530914
3.5,4.199999999999999,0.607,0.17027499999999998,1.838392049264573,86.43412511867402
3.5,4.199999999999999,0.806,0.17027499999999998,2.5889509012692997,109.38961017025028
3.5,4.199999999999999,1.0050000000000001,0.17027499999999998,3.3206514906608424,131.76832424063116
3.5,4.199999999999999,1.2040000000000002,0.17027499999999998,4.396400081787767,164.6695825988669
3.5,4.199999999999999,1.4030000000000002,0.17027499999999998,5.445782285877267,196.76443756596942
3.5,4.199999999999999,1.6020000000000003,0.17027499999999998,6.495164489966767,228.85929253307194
3.5,4.199999999999999,1.8010000000000004,0.17027499999999998,7.544546694056265,260.95414750017443
3.5,4.199999999999999,2.0,0.17027499999999998,8.593928898145762,293.04900246727686
3.5,4.8999999999999995,0.01,0.17027499999999998,0.03885658622383333,31.39618997038144
3.5,4.8999999999999995,0.20900000000000002,0.17027499999999998,0.8121026520781166,55.04555265326453
3.5,4.8999999999999995,0.40800000000000003,0.17027499999999998,1.5853487179324,78.69491533614762
3.5,4.8999999999999995,0.607,0.17027499999999998,2.5363641078891552,107.7812681380113
3.5,4.8999999999999995,0.806,0.17027499999999998,3.64022788866299,141.542416182363
3.5,4.8999999999999995,1.0050000000000001,0.17027499999999998,4.71635639856311,174.45529417534902
3.5,4.8999999999999995,1.2040000000000002,0.17027499999999998,6.289749124233696,222.57676139663297
3.5,4.8999999999999995,1.4030000000000002,0.17027499999999998,7.824578302706472,269.51878089190507
3.5,4.8999999999999995,1.6020000000000003,0.17027499999999998,9.359407481179248,316.46080038717713
3.5,4.8999999999999995,1.8010000000000004,0.17027499999999998,10.894236659652027,363.4028198824492
3.5,4.8999999999999995,2.0,0.17027499999999998,12.429065838124798,410.3448393777211
3.5,5.6,0.01,0.17027499999999998,0.05052340626405644,31.753014105247658
3.5,5.6,0.20900000000000002,0.17027499999999998,1.0559391909187796,62.50317707196858
3.5,5.6,0.40800000000000003,0.17027499999999998,2.061354975573503,93.25334003868953
3.5,5.6,0.607,0.17027499999999998,3.3533642721591885,132.76882908402223
3.5,5.6,0.806,0.17027499999999998,4.891790420124769,179.82086017825483
3.5,5.6,1.0050000000000001,0.17027499999999998,6.3915626447746305,225.69067943594894
3.5,5.6,1.2040000000000002,0.17027499999999998,8.578127983896099,292.5657390297855
3.5,5.6,1.4030000000000002,0.17027499999999998,10.711101035294002,357.8017040257339
3.5,5.6,1.6020000000000003,0.17027499999999998,12.844074086691904,423.0376690216823
3.5,5.6,1.8010000000000004,0.17027499999999998,14.977047138089805,488.2736340176306
3.5,5.6,2.0,0.17027499999999998,17.110020189487702,553.509599013579
3.5,6.3,0.01,0.17027499999999998,0.06369017313084133,32.1557133994879
3.5,6.3,0.20900000000000002,0.17027499999999998,1.331124618434584,70.91959232158966
3.5,6.3,0.40800000000000003,0.17027499999999998,2.5985590637383265,109.68347124369143
3.5,6.3,0.607,0.17027499999999998,4.291377669463454,161.4575221325198
3.5,6.3,0.806,0.17027499999999998,6.349947142092951,224.4178891048889
3.5,6.3,1.0050000000000001,0.17027499999999998,8.356793763651355,285.79633730910797
3.5,6.3,1.2040000000000002,0.17027499999999998,11.279243093261583,375.17805830363193
3.5,6.3,1.4030000000000002,0.17027499999999998,14.130063762832345,462.3690508424077
3.5,6.3,1.6020000000000003,0.17027499999999998,16.980884432403105,549.5600433811836
3.5,6.3,1.8010000000000004,0.17027499999999998,19.831705101973863,636.7510359199593
3.5,6.3,2.0,0.17027499999999998,22.682525771544622,723.942028458735
4.199999999999999,0.0,0.01,0.2451959999999999,0.0,32.49920289084918
4.199999999999999,0.0,0.20900000000000002,0.2451959999999999,0.0,32.49920289084918
4.199999999999999,0.0,0.40800000000000003,0.2451959999999999,0.0,32.49920289084918
4.199999999999999,0.0,0.607,0.2451959999999999,0.0,32.49920289084918
4.199999999999999,0.0,0.806,0.2451959999999999,0.0,32.49920289084918
4.199999999999999,0.0,1.0050000000000001,0.2451959999999999,0.0,32.49920289084918
4.199999999999999,0.0,1.2040000000000002,0.2451959999999999,0.0,32.49920289084918
4.199999999999999,0.0,1.4030000000000002,0.2451959999999999,0.0,32.49920289084918
4.199999999999999,0.0,1.6020000000000003,0.2451959999999999,0.0,32.49920289084918
4.199999999999999,0.0,1.8010000000000004,0.2451959999999999,0.0,32.49920289084918
4.199999999999999,0.0,2.0,0.2451959999999999,0.0,32.49920289084918
4.199999999999999,0.7,0.01,0.2451959999999999,0.0008467817065313841,32.52510130608246
4.199999999999999,0.7,0.20900000000000002,0.2451959999999999,0.01769773766650593,33.04047976922465
4.199999999999999,0.7,0.40800000000000003,0.2451959999999999,0.03454869362648047,33.555858232366845
4.199999999999999,0.7,0.607,0.2451959999999999,0.045312809260948175,33.885073582875975
4.199999999999999,0.7,0.806,0.2451959999999999,0.05084337994264365,34.05422345336414
4.199999999999999,0.7,1.0050000000000001,0.2451959999999999,0.05623499156198497,34.219123327106374
4.199999999999999,0.7,1.2040000000000002,0.2451959999999999,0.06881805663935994,34.60397038009253
4.199999999999999,0.7,1.4030000000000002,0.2451959999999999,0.08109271325895609,34.9793849072702
4.199999999999999,0.7,1.6020000000000003,0.2451959999999999,0.09336736987855225,35.35479943444787
4.199999999999999,0.7,1.8010000000000004,0.2451959999999999,0.10564202649814841,35.730213961625545
4.199999999999999,0.7,2.0,0.2451959999999999,0.11791668311774454,36.10562848880322
4.199999999999999,1.4,0.01,0.2451959999999999,0.003308860965842453,32.60040282771791
4.199999999999999,1.4,0.20900000000000002,0.2451959999999999,0.06915519418610729,34.61428157140553
4.199999999999999,1.4,0.40800000000000003,0.2451959999999999,0.1350015274063721,36.62816031509314
4.199999999999999,1.4,0.607,0.2451959999999999,0.1883317916080666,38.259241048347754
4.199999999999999,1.4,0.806,0.2451959999999999,0.23090057590594365,39.56118704365998
4.199999999999999,1.4,1.0050000000000001,0.2451959999999999,0.2723997927591504,40.830420828034704
4.199999999999999,1.4,1.2040000000000002,0.2451959999999999,0.34323511610540564,42.996885458829965
4.199999999999999,1.4,1.4030000000000002,0.2451959999999999,0.41233427956572327,45.11025046632142
4.199999999999999,1.4,1.6020000000000003,0.2451959999999999,0.4814334430260408,47.22361547381287
4.199999999999999,1.4,1.8010000000000004,0.2451959999999999,0.5505326064863584,49.33698048130432
4.199999999999999,1.4,2.0,0.2451959999999999,0.6196317699466758,51.45034548879577
4.199999999999999,2.0999999999999996,0.01,0.2451959999999999,0.007343818726862278,32.72381008927965
4.199999999999999,2.0999999999999996,0.20900000000000002,0.2451959999999999,0.15348581139142162,37.193493338046046
4.199999999999999,2.0999999999999996,0.40800000000000003,0.2451959999999999,0.29962780405598094,41.66317658681244
4.199999999999999,2.0999999999999996,0.607,0.2451959999999999,0.435314379321185,45.813085873579936
4.199999999999999,2.0999999999999996,0.806,0.2451959999999999,0.5620112499065697,49.688049323862415
4.199999999999999,2.0999999999999996,1.0050000000000001,0.2451959999999999,0.685524782035035,53.465651883434276
4.199999999999999,2.0999999999999996,1.2040000000000002,0.2451959999999999,0.8793065017063032,59.39237349533863
4.199999999999999,2.0999999999999996,1.4030000000000002,0.2451959999999999,1.068338669424844,65.17383232263748
4.199999999999999,2.0999999999999996,1.6020000000000003,0.2451959999999999,1.257370837143385,70.95529114993634
4.199999999999999,2.0999999999999996,1.8010000000000004,0.2451959999999999,1.4464030048619259,76.7367499772352
4.199999999999999,2.0999999999999996,2.0,0.2451959999999999,1.6354351725804663,82.51820880453405
4.199999999999999,2.8,0.01,0.2451959999999999,0.012929614334872344,32.89464898783951
4.199999999999999,2.8,0.20900000000000002,0.2451959999999999,0.27022893959883204,40.764026317946986
4.199999999999999,2.8,0.40800000000000003,0.2451959999999999,0.5275282648627917,48.633403648054454
4.199999999999999,2.8,0.607,0.2451959999999999,0.7905052288149653,56.67642885359159
4.199999999999999,2.8,0.806,0.2451959999999999,1.058363900798127,64.86875877445144
4.199999999999999,2.8,1.0050000000000001,0.2451959999999999,1.3194924553947767,72.85525126011379
4.199999999999999,2.8,1.2040000000000002,0.2451959999999999,1.7145517761991003,84.93795244868414
4.199999999999999,2.8,1.4030000000000002,0.2451959999999999,2.0999282705131215,96.72450900027974
4.199999999999999,2.8,1.6020000000000003,0.2451959999999999,2.4853047648271427,108.51106555187533
4.199999999999999,2.8,1.8010000000000004,0.2451959999999999,2.870681259141164,120.29762210347094
4.199999999999999,2.8,2.0,0.2451959999999999,3.2560577534551842,132.08417865506652
4.199999999999999,3.5,0.01,0.2451959999999999,0.020051048177150782,33.11245465048085
4.199999999999999,3.5,0.20900000000000002,0.2451959999999999,0.4190669069024514,45.31616466715096
4.199999999999999,3.5,0.40800000000000003,0.2451959999999999,0.818082765627752,57.51987468382108
4.199999999999999,3.5,0.607,0.2451959999999999,1.25725789904127,70.95183699186742
4.199999999999999,3.5,0.806,0.2451959999999999,1.7309625022801711,85.43986669062977
4.199999999999999,3.5,1.0050000000000001,0.2451959999999999,2.1927649798095517,99.56387554268956
4.199999999999999,3.5,1.2040000000000002,0.2451959999999999,2.878598396612969,120.53976398268516
4.199999999999999,3.5,1.4030000000000002,0.2451959999999999,3.5476221708476743,141.00153750993576
4.199999999999999,3.5,1.6020000000000003,0.2451959999999999,4.216645945082379,161.46331103718634
4.199999999999999,3.5,1.8010000000000004,0.2451959999999999,4.885669719317086,181.92508456443696
4.199999999999999,3.5,2.0,0.2451959999999999,5.554693493551789,202.3868580916875
4.199999999999999,4.199999999999999,0.01,0.2451959999999999,0.028696504586848675,33.376871817564805
4.199999999999999,4.199999999999999,0.20900000000000002,0.2451959999999999,0.5997569458651374,50.842483459205596
4.199999999999999,4.199999999999999,0.40800000000000003,0.2451959999999999,1.170817387143426,68.30809510084637
4.199999999999999,4.199999999999999,0.607,0.2451959999999999,1.838392049264573,88.72554822421125
4.199999999999999,4.199999999999999,0.806,0.2451959999999999,2.5889509012692997,111.68103327578753
4.199999999999999,4.199999999999999,1.0050000000000001,0.2451959999999999,3.3206514906608424,134.05974734616842
4.199999999999999,4.199999999999999,1.2040000000000002,0.2451959999999999,4.396400081787767,166.96100570440416
4.199999999999999,4.199999999999999,1.4030000000000002,0.2451959999999999,5.445782285877267,199.05586067150668
4.199999999999999,4.199999999999999,1.6020000000000003,0.2451959999999999,6.495164489966767,231.1507156386092
4.199999999999999,4.199999999999999,1.8010000000000004,0.2451959999999999,7.544546694056265,263.2455706057117
4.199999999999999,4.199999999999999,2.0,0.2451959999999999,8.593928898145762,295.3404255728141
4.199999999999999,4.8999999999999995,0.01,0.2451959999999999,0.03885658622383333,33.687613075918684
4.199999999999999,4.8999999999999995,0.20900000000000002,0.2451959999999999,0.8121026520781166,57.33697575880178
4.199999999999999,4.8999999999999995,0.40800000000000003,0.2451959999999999,1.5853487179324,80.98633844168486
4.199999999999999,4.8999999999999995,0.607,0.2451959999999999,2.5363641078891552,110.07269124354855
4.199999999999999,4.8999999999999995,0.806,0.2451959999999999,3.64022788866299,143.83383928790022
4.199999999999999,4.8999999999999995,1.0050000000000001,0.2451959999999999,4.71635639856311,176.7467172808863
4.199999999999999,4.8999999999999995,1.2040000000000002,0.2451959999999999,6.289749124233696,224.86818450217024
4.199999999999999,4.8999999999999995,1.4030000000000002,0.2451959999999999,7.824578302706472,271.8102039974423
4.199999999999999,4.8999999999999995,1.6020000000000003,0.2451959999999999,9.359407481179248,318.7522234927144
4.199999999999999,4.8999999999999995,1.8010000000000004,0.2451959999999999,10.894236659652027,365.69424298798646
4.199999999999999,4.8999999999999995,2.0,0.2451959999999999,12.429065838124798,412.63626248325835
4.199999999999999,5.6,0.01,0.2451959999999999,0.05052340626405644,34.044437210784906
4.199999999999999,5.6,0.20900000000000002,0.2451959999999999,1.0559391909187796,64.79460017750583
4.199999999999999,5.6,0.40800000000000003,0.2451959999999999,2.061354975573503,95.54476314422676
4.199999999999999,5.6,0.607,0.2451959999999999,3.3533642721591885,135.0602521895595
4.199999999999999,5.6,0.806,0.2451959999999999,4.891790420124769,182.1122832837921
4.199999999999999,5.6,1.0050000000000001,0.2451959999999999,6.3915626447746305,227.9821025414862
4.199999999999999,5.6,1.2040000000000002,0.2451959999999999,8.578127983896099,294.85716213532277
4.199999999999999,5.6,1.4030000000000002,0.2451959999999999,10.711101035294002,360.0931271312711
4.199999999999999,5.6,1.6020000000000003,0.2451959999999999,12.844074086691904,425.32909212721955
4.199999999999999,5.6,1.8010000000000004,0.2451959999999999,14.977047138089805,490.5650571231679
4.199999999999999,5.6,2.0,0.2451959999999999,17.110020189487702,555.8010221191162
4.199999999999999,6.3,0.01,0.2451959999999999,0.06369017313084133,34.44713650502515
4.199999999999999,6.3,0.20900000000000002,0.2451959999999999,1.331124618434584,73.21101542712691
4.199999999999999,6.3,0.40800000000000003,0.2451959999999999,2.5985590637383265,111.97489434922868
4.199999999999999,6.3,0.607,0.2451959999999999,4.291377669463454,163.74894523805708
4.199999999999999,6.3,0.806,0.2451959999999999,6.349947142092951,226.70931221042616
4.199999999999999,6.3,1.0050000000000001,0.2451959999999999,8.356793763651355,288.08776041464523
4.199999999999999,6.3,1.2040000000000002,0.2451959999999999,11.279243093261583,377.4694814091692
4.199999999999999,6.3,1.4030000000000002,0.2451959999999999,14.130063762832345,464.660473947945
4.199999999999999,6.3,1.6020000000000003,0.2451959999999999,16.980884432403105,551.8514664867208
4.199999999999999,6.3,1.8010000000000004,0.2451959999999999,19.831705101973863,639.0424590254966
4.199999999999999,6.3,2.0,0.2451959999999999,22.682525771544622,726.2334515642722
4.8999999999999995,0.0,0.01,0.33373899999999984,0.0,35.20724837921139
4.8999999999999995,0.0,0.20900000000000002,0.33373899999999984,0.0,35.20724837921139
4.8999999999999995,0.0,0.40800000000000003,0.33373899999999984,0.0,35.20724837921139
4.8999999999999995,0.0,0.607,0.33373899999999984,0.0,35.20724837921139
4.8999999999999995,0.0,0.806,0.33373899999999984,0.0,35.20724837921139
4.8999999999999995,0.0,1.0050000000000001,0.33373899999999984,0.0,35.20724837921139
4.8999999999999995,0.0,1.2040000000000002,0.33373899999999984,0.0,35.20724837921139
4.8999999999999995,0.0,1.4030000000000002,0.33373899999999984,0.0,35.20724837921139
4.8999999999999995,0.0,1.6020000000000003,0.33373899999999984,0.0,35.20724837921139
4.8999999999999995,0.0,1.8010000000000004,0.33373899999999984,0.0,35.20724837921139
4.8999999999999995,0.0,2.0,0.33373899999999984,0.0,35.20724837921139
4.8999999999999995,0.7,0.01,0.33373899999999984,0.0008467817065313841,35.233146794444664
4.8999999999999995,0.7,0.20900000000000002,0.33373899999999984,0.01769773766650593,35.74852525758686
4.8999999999999995,0.7,0.40800000000000003,0.33373899999999984,0.03454869362648047,36.263903720729054
4.8999999999999995,0.7,0.607,0.33373899999999984,0.045312809260948175,36.59311907123818
4.8999999999999995,0.7,0.806,0.33373899999999984,0.05084337994264365,36.76226894172635
4.8999999999999995,0.7,1.0050000000000001,0.33373899999999984,0.05623499156198497,36.927168815468576
4.8999999999999995,0.7,1.2040000000000002,0.33373899999999984,0.06881805663935994,37.312015868454736
4.8999999999999995,0.7,1.4030000000000002,0.33373899999999984,0.08109271325895609,37.687430395632404
4.8999999999999995,0.7,1.6020000000000003,0.33373899999999984,0.09336736987855225,38.06284492281008
4.8999999999999995,0.7,1.8010000000000004,0.33373899999999984,0.10564202649814841,38.438259449987754
4.8999999999999995,0.7,2.0,0.33373899999999984,0.11791668311774454,38.81367397716542
4.8999999999999995,1.4,0.01,0.33373899999999984,0.003308860965842453,35.30844831608012
4.8999999999999995,1.4,0.20900000000000002,0.33373899999999984,0.06915519418610729,37.32232705976773
4.8999999999999995,1.4,0.40800000000000003,0.33373899999999984,0.1350015274063721,39.33620580345534
4.8999999999999995,1.4,0.607,0.33373899999999984,0.1883317916080666,40.96728653670996
4.8999999999999995,1.4,0.806,0.33373899999999984,0.23090057590594365,42.26923253202218
4.8999999999999995,1.4,1.0050000000000001,0.33373899999999984,0.2723997927591504,43.53846631639691
4.8999999999999995,1.4,1.2040000000000002,0.33373899999999984,0.34323511610540564,45.70493094719217
4.8999999999999995,1.4,1.4030000000000002,0.33373899999999984,0.41233427956572327,47.81829595468362
4.8999999999999995,1.4,1.6020000000000003,0.33373899999999984,0.4814334430260408,49.93166096217507
4.8999999999999995,1.4,1.8010000000000004,0.33373899999999984,0.5505326064863584,52.045025969666526
4.8999999999999995,1.4,2.0,0.33373899999999984,0.6196317699466758,54.15839097715797
4.8999999999999995,2.0999999999999996,0.01,0.33373899999999984,0.007343818726862278,35.43185557764186
4.8999999999999995,2.0999999999999996,0.20900000000000002,0.33373899999999984,0.15348581139142162,39.901538826408256
4.8999999999999995,2.0999999999999996,0.40800000000000003,0.33373899999999984,0.29962780405598094,44.37122207517464
4.8999999999999995,2.0999999999999996,0.607,0.33373899999999984,0.435314379321185,48.521131361942146
4.8999999999999995,2.0999999999999996,0.806,0.33373899999999984,0.5620112499065697,52.39609481222462
4.8999999999999995,2.0999999999999996,1.0050000000000001,0.33373899999999984,0.685524782035035,56.17369737179648
4.8999999999999995,2.0999999999999996,1.2040000000000002,0.33373899999999984,0.8793065017063032,62.100418983700834
4.8999999999999995,2.0999999999999996,1.4030000000000002,0.33373899999999984,1.068338669424844,67.8818778109997
4.8999999999999995,2.0999999999999996,1.6020000000000003,0.33373899999999984,1.257370837143385,73.66333663829855
4.8999999999999995,2.0999999999999996,1.8010000000000004,0.33373899999999984,1.4464030048619259,79.44479546559741
4.8999999999999995,2.0999999999999996,2.0,0.33373899999999984,1.6354351725804663,85.22625429289624
4.8999999999999995,2.8,0.01,0.33373899999999984,0.012929614334872344,35.60269447620171
4.8999999999999995,2.8,0.20900000000000002,0.33373899999999984,0.27022893959883204,43.47207180630919
4.8999999999999995,2.8,0.40800000000000003,0.33373899999999984,0.5275282648627917,51.34144913641666
4.8999999999999995,2.8,0.607,0.33373899999999984,0.7905052288149653,59.3844743419538
4.8999999999999995,2.8,0.806,0.33373899999999984,1.058363900798127,67.57680426281362
4.8999999999999995,2.8,1.0050000000000001,0.33373899999999984,1.3194924553947767,75.56329674847598
4.8999999999999995,2.8,1.2040000000000002,0.33373899999999984,1.7145517761991003,87.64599793704636
4.8999999999999995,2.8,1.4030000000000002,0.33373899999999984,2.0999282705131215,99.43255448864196
4.8999999999999995,2.8,1.6020000000000003,0.33373899999999984,2.4853047648271427,111.21911104023755
4.8999999999999995,2.8,1.8010000000000004,0.33373899999999984,2.870681259141164,123.00566759183315
4.8999999999999995,2.8,2.0,0.33373899999999984,3.2560577534551842,134.7922241434287
4.8999999999999995,3.5,0.01,0.33373899999999984,0.020051048177150782,35.82050013884305
4.8999999999999995,3.5,0.20900000000000002,0.33373899999999984,0.4190669069024514,48.024210155513174
4.8999999999999995,3.5,0.40800000000000003,0.33373899999999984,0.818082765627752,60.22792017218328
4.8999999999999995,3.5,0.607,0.33373899999999984,1.25725789904127,73.65988248022963
4.8999999999999995,3.5,0.806,0.33373899999999984,1.7309625022801711,88.14791217899199
4.8999999999999995,3.5,1.0050000000000001,0.33373899999999984,2.1927649798095517,102.27192103105176
4.8999999999999995,3.5,1.2040000000000002,0.33373899999999984,2.878598396612969,123.24780947104736
4.8999999999999995,3.5,1.4030000000000002,0.33373899999999984,3.5476221708476743,143.70958299829795
4.8999999999999995,3.5,1.6020000000000003,0.33373899999999984,4.216645945082379,164.17135652554853
4.8999999999999995,3.5,1.8010000000000004,0.33373899999999984,4.885669719317086,184.63313005279915
4.8999999999999995,3.5,2.0,0.33373899999999984,5.554693493551789,205.0949035800497
4.8999999999999995,4.199999999999999,0.01,0.33373899999999984,0.028696504586848675,36.08491730592701
4.8999999999999995,4.199999999999999,0.20900000000000002,0.33373899999999984,0.5997569458651374,53.5505289475678
4.8999999999999995,4.199999999999999,0.40800000000000003,0.33373899999999984,1.170817387143426,71.01614058920859
4.8999999999999995,4.199999999999999,0.607,0.33373899999999984,1.838392049264573,91.43359371257347
4.8999999999999995,4.199999999999999,0.806,0.33373899999999984,2.5889509012692997,114.38907876414974
4.8999999999999995,4.199999999999999,1.0050000000000001,0.33373899999999984,3.3206514906608424,136.7677928345306
4.8999999999999995,4.199999999999999,1.2040000000000002,0.33373899999999984,4.396400081787767,169.66905119276635
4.8999999999999995,4.199999999999999,1.4030000000000002,0.33373899999999984,5.445782285877267,201.7639061598689
4.8999999999999995,4.199999999999999,1.6020000000000003,0.33373899999999984,6.495164489966767,233.8587611269714
4.8999999999999995,4.199999999999999,1.8010000000000004,0.33373899999999984,7.544546694056265,265.9536160940739
4.8999999999999995,4.199999999999999,2.0,0.33373899999999984,8.593928898145762,298.0484710611763
4.8999999999999995,4.8999999999999995,0.01,0.33373899999999984,0.03885658622383333,36.39565856428089
4.8999999999999995,4.8999999999999995,0.20900000000000002,0.33373899999999984,0.8121026520781166,60.04502124716399
4.8999999999999995,4.8999999999999995,0.40800000000000003,0.33373899999999984,1.5853487179324,83.69438393004708
4.8999999999999995,4.8999999999999995,0.607,0.33373899999999984,2.5363641078891552,112.78073673191075
4.8999999999999995,4.8999999999999995,0.806,0.33373899999999984,3.64022788866299,146.54188477626246
4.8999999999999995,4.8999999999999995,1.0050000000000001,0.33373899999999984,4.71635639856311,179.45476276924848
4.8999999999999995,4.8999999999999995,1.2040000000000002,0.33373899999999984,6.289749124233696,227.57622999053243
4.8999999999999995,4.8999999999999995,1.4030000000000002,0.33373899999999984,7.824578302706472,274.5182494858045
4.8999999999999995,4.8999999999999995,1.6020000000000003,0.33373899999999984,9.359407481179248,321.4602689810766
4.8999999999999995,4.8999999999999995,1.8010000000000004,0.33373899999999984,10.894236659652027,368.40228847634864
4.8999999999999995,4.8999999999999995,2.0,0.33373899999999984,12.429065838124798,415.3443079716206
4.8999999999999995,5.6,0.01,0.33373899999999984,0.05052340626405644,36.752482699147116
4.8999999999999995,5.6,0.20900000000000002,0.33373899999999984,1.0559391909187796,67.50264566586804
4.8999999999999995,5.6,0.40800000000000003,0.33373899999999984,2.061354975573503,98.25280863258898
4.8999999999999995,5.6,0.607,0.33373899999999984,3.3533642721591885,137.76829767792168
4.8999999999999995,5.6,0.806,0.33373899999999984,4.891790420124769,184.8203287721543
4.8999999999999995,5.6,1.0050000000000001,0.33373899999999984,6.3915626447746305,230.6901480298484
4.8999999999999995,5.6,1.2040000000000002,0.33373899999999984,8.578127983896099,297.56520762368496
4.8999999999999995,5.6,1.4030000000000002,0.33373899999999984,10.711101035294002,362.80117261963335
4.8999999999999995,5.6,1.6020000000000003,0.33373899999999984,12.844074086691904,428.03713761558174
4.8999999999999995,5.6,1.8010000000000004,0.33373899999999984,14.977047138089805,493.2731026115301
4.8999999999999995,5.6,2.0,0.33373899999999984,17.110020189487702,558.5090676074784
4.8999999999999995,6.3,0.01,0.33373899999999984,0.06369017313084133,37.15518199338736
4.8999999999999995,6.3,0.20900000000000002,0.33373899999999984,1.331124618434584,75.91906091548911
4.8999999999999995,6.3,0.40800000000000003,0.33373899999999984,2.5985590637383265,114.68293983759088
4.8999999999999995,6.3,0.607,0.33373899999999984,4.291377669463454,166.45699072641926
4.8999999999999995,6.3,0.806,0.33373899999999984,6.349947142092951,229.41735769878835
4.8999999999999995,6.3,1.0050000000000001,0.33373899999999984,8.356793763651355,290.7958059030074
4.8999999999999995,6.3,1.2040000000000002,0.33373899999999984,11.279243093261583,380.1775268975314
4.8999999999999995,6.3,1.4030000000000002,0.33373899999999984,14.130063762832345,467.36851943630717
4.8999999999999995,6.3,1.6020000000000003,0.33373899999999984,16.980884432403105,554.5595119750831
4.8999999999999995,6.3,1.8010000000000004,0.33373899999999984,19.831705101973863,641.7505045138588
4.8999999999999995,6.3,2.0,0.33373899999999984,22.682525771544622,728.9414970526344
5.6,0.0,0.01,0.4359039999999999,0.0,38.33191625039855
5.6,0.0,0.20900000000000002,0.4359039999999999,0.0,38.33191625039855
5.6,0.0,0.40800000000000003,0.4359039999999999,0.0,38.33191625039855
5.6,0.0,0.607,0.4359039999999999,0.0,38.33191625039855
5.6,0.0,0.806,0.4359039999999999,0.0,38.33191625039855
5.6,0.0,1.0050000000000001,0.4359039999999999,0.0,38.33191625039855
5.6,0.0,1.2040000000000002,0.4359039999999999,0.0,38.33191625039855
5.6,0.0,1.4030000000000002,0.4359039999999999,0.0,38.33191625039855
5.6,0.0,1.6020000000000003,0.4359039999999999,0.0,38.33191625039855
5.6,0.0,1.8010000000000004,0.4359039999999999,0.0,38.33191625039855
5.6,0.0,2.0,0.4359039999999999,0.0,38.33191625039855
5.6,0.7,0.01,0.4359039999999999,0.0008467817065313841,38.35781466563183
5.6,0.7,0.20900000000000002,0.4359039999999999,0.01769773766650593,38.87319312877402
5.6,0.7,0.40800000000000003,0.4359039999999999,0.03454869362648047,39.38857159191622
5.6,0.7,0.607,0.4359039999999999,0.045312809260948175,39.71778694242534
5.6,0.7,0.806,0.4359039999999999,0.05084337994264365,39.886936812913504
5.6,0.7,1.0050000000000001,0.4359039999999999,0.05623499156198497,40.05183668665574
5.6,0.7,1.2040000000000002,0.4359039999999999,0.06881805663935994,40.43668373964189
5.6,0.7,1.4030000000000002,0.4359039999999999,0.08109271325895609,40.81209826681957
5.6,0.7,1.6020000000000003,0.4359039999999999,0.09336736987855225,41.18751279399724
5.6,0.7,1.8010000000000004,0.4359039999999999,0.10564202649814841,41.56292732117491
5.6,0.7,2.0,0.4359039999999999,0.11791668311774454,41.93834184835259
5.6,1.4,0.01,0.4359039999999999,0.003308860965842453,38.433116187267274
5.6,1.4,0.20900000000000002,0.4359039999999999,0.06915519418610729,40.446994930954894
5.6,1.4,0.40800000000000003,0.4359039999999999,0.1350015274063721,42.460873674642514
5.6,1.4,0.607,0.4359039999999999,0.1883317916080666,44.09195440789712
5.6,1.4,0.806,0.4359039999999999,0.23090057590594365,45.393900403209344
5.6,1.4,1.0050000000000001,0.4359039999999999,0.2723997927591504,46.66313418758407
5.6,1.4,1.2040000000000002,0.4359039999999999,0.34323511610540564,48.829598818379324
5.6,1.4,1.4030000000000002,0.4359039999999999,0.41233427956572327,50.94296382587078
5.6,1.4,1.6020000000000003,0.4359039999999999,0.4814334430260408,53.05632883336223
5.6,1.4,1.8010000000000004,0.4359039999999999,0.5505326064863584,55.16969384085368
5.6,1.4,2.0,0.4359039999999999,0.6196317699466758,57.283058848345135
5.6,2.0999999999999996,0.01,0.4359039999999999,0.007343818726862278,38.556523448829026
5.6,2.0999999999999996,0.20900000000000002,0.4359039999999999,0.15348581139142162,43.02620669759541
5.6,2.0999999999999996,0.40800000000000003,0.4359039999999999,0.29962780405598094,47.49588994636181
5.6,2.0999999999999996,0.607,0.4359039999999999,0.435314379321185,51.64579923312931
5.6,2.0999999999999996,0.806,0.4359039999999999,0.5620112499065697,55.52076268341179
5.6,2.0999999999999996,1.0050000000000001,0.4359039999999999,0.685524782035035,59.29836524298364
5.6,2.0999999999999996,1.2040000000000002,0.4359039999999999,0.8793065017063032,65.225086854888
5.6,2.0999999999999996,1.4030000000000002,0.4359039999999999,1.068338669424844,71.00654568218685
5.6,2.0999999999999996,1.6020000000000003,0.4359039999999999,1.257370837143385,76.78800450948572
5.6,2.0999999999999996,1.8010000000000004,0.4359039999999999,1.4464030048619259,82.56946333678457
5.6,2.0999999999999996,2.0,0.4359039999999999,1.6354351725804663,88.35092216408341
5.6,2.8,0.01,0.4359039999999999,0.012929614334872344,38.727362347388876
5.6,2.8,0.20900000000000002,0.4359039999999999,0.27022893959883204,46.596739677496345
5.6,2.8,0.40800000000000003,0.4359039999999999,0.5275282648627917,54.46611700760383
5.6,2.8,0.607,0.4359039999999999,0.7905052288149653,62.509142213140954
5.6,2.8,0.806,0.4359039999999999,1.058363900798127,70.7014721340008
5.6,2.8,1.0050000000000001,0.4359039999999999,1.3194924553947767,78.68796461966315
5.6,2.8,1.2040000000000002,0.4359039999999999,1.7145517761991003,90.77066580823352
5.6,2.8,1.4030000000000002,0.4359039999999999,2.0999282705131215,102.55722235982911
5.6,2.8,1.6020000000000003,0.4359039999999999,2.4853047648271427,114.3437789114247
5.6,2.8,1.8010000000000004,0.4359039999999999,2.870681259141164,126.1303354630203
5.6,2.8,2.0,0.4359039999999999,3.2560577534551842,137.91689201461588
5.6,3.5,0.01,0.4359039999999999,0.020051048177150782,38.945168010030216
5.6,3.5,0.20900000000000002,0.4359039999999999,0.4190669069024514,51.14887802670033
5.6,3.5,0.40800000000000003,0.4359039999999999,0.818082765627752,63.352588043370446
5.6,3.5,0.607,0.4359039999999999,1.25725789904127,76.78455035141678
5.6,3.5,0.806,0.4359039999999999,1.7309625022801711,91.27258005017914
5.6,3.5,1.0050000000000001,0.4359039999999999,2.1927649798095517,105.39658890223892
5.6,3.5,1.2040000000000002,0.4359039999999999,2.878598396612969,126.37247734223452
5.6,3.5,1.4030000000000002,0.4359039999999999,3.5476221708476743,146.83425086948512
5.6,3.5,1.6020000000000003,0.4359039999999999,4.216645945082379,167.2960243967357
5.6,3.5,1.8010000000000004,0.4359039999999999,4.885669719317086,187.75779792398632
5.6,3.5,2.0,0.4359039999999999,5.554693493551789,208.21957145123685
5.6,4.199999999999999,0.01,0.4359039999999999,0.028696504586848675,39.20958517711417
5.6,4.199999999999999,0.20900000000000002,0.4359039999999999,0.5997569458651374,56.67519681875496
5.6,4.199999999999999,0.40800000000000003,0.4359039999999999,1.170817387143426,74.14080846039576
5.6,4.199999999999999,0.607,0.4359039999999999,1.838392049264573,94.55826158376063
5.6,4.199999999999999,0.806,0.4359039999999999,2.5889509012692997,117.5137466353369
5.6,4.199999999999999,1.0050000000000001,0.4359039999999999,3.3206514906608424,139.89246070571778
5.6,4.199999999999999,1.2040000000000002,0.4359039999999999,4.396400081787767,172.79371906395352
5.6,4.199999999999999,1.4030000000000002,0.4359039999999999,5.445782285877267,204.88857403105604
5.6,4.199999999999999,1.6020000000000003,0.4359039999999999,6.495164489966767,236.98342899815856
5.6,4.199999999999999,1.8010000000000004,0.4359039999999999,7.544546694056265,269.07828396526105
5.6,4.199999999999999,2.0,0.4359039999999999,8.593928898145762,301.17313893236354
5.6,4.8999999999999995,0.01,0.4359039999999999,0.03885658622383333,39.52032643546806
5.6,4.8999999999999995,0.20900000000000002,0.4359039999999999,0.8121026520781166,63.169689118351144
5.6,4.8999999999999995,0.40800000000000003,0.4359039999999999,1.5853487179324,86.81905180123424
5.6,4.8999999999999995,0.607,0.4359039999999999,2.5363641078891552,115.90540460309792
5.6,4.8999999999999995,0.806,0.4359039999999999,3.64022788866299,149.6665526474496
5.6,4.8999999999999995,1.0050000000000001,0.4359039999999999,4.71635639856311,182.57943064043565
5.6,4.8999999999999995,1.2040000000000002,0.4359039999999999,6.289749124233696,230.7008978617196
5.6,4.8999999999999995,1.4030000000000002,0.4359039999999999,7.824578302706472,277.6429173569917
5.6,4.8999999999999995,1.6020000000000003,0.4359039999999999,9.359407481179248,324.58493685226375
5.6,4.8999999999999995,1.8010000000000004,0.4359039999999999,10.894236659652027,371.5269563475358
5.6,4.8999999999999995,2.0,0.4359039999999999,12.429065838124798,418.46897584280777
5.6,5.6,0.01,0.4359039999999999,0.05052340626405644,39.87715057033428
5.6,5.6,0.20900000000000002,0.4359039999999999,1.0559391909187796,70.6273135370552
5.6,5.6,0.40800000000000003,0.4359039999999999,2.061354975573503,101.37747650377614
5.6,5.6,0.607,0.4359039999999999,3.3533642721591885,140.89296554910885
5.6,5.6,0.806,0.4359039999999999,4.891790420124769,187.94499664334145
5.6,5.6,1.0050000000000001,0.4359039999999999,6.3915626447746305,233.81481590103556
5.6,5.6,1.2040000000000002,0.4359039999999999,8.578127983896099,300.6898754948722
5.6,5.6,1.4030000000000002,0.4359039999999999,10.711101035294002,365.9258404908205
5.6,5.6,1.6020000000000003,0.4359039999999999,12.844074086691904,431.1618054867689
5.6,5.6,1.8010000000000004,0.4359039999999999,14.977047138089805,496.3977704827173
5.6,5.6,2.0,0.4359039999999999,17.110020189487702,561.6337354786655
5.6,6.3,0.01,0.4359039999999999,0.06369017313084133,40.27984986457452
5.6,6.3,0.20900000000000002,0.4359039999999999,1.331124618434584,79.04372878667627
5.6,6.3,0.40800000000000003,0.4359039999999999,2.5985590637383265,117.80760770877805
5.6,6.3,0.607,0.4359039999999999,4.291377669463454,169.58165859760643
5.6,6.3,0.806,0.4359039999999999,6.349947142092951,232.54202556997552
5.6,6.3,1.0050000000000001,0.4359039999999999,8.356793763651355,293.92047377419465
5.6,6.3,1.2040000000000002,0.4359039999999999,11.279243093261583,383.30219476871855
5.6,6.3,1.4030000000000002,0.4359039999999999,14.130063762832345,470.4931873074944
5.6,6.3,1.6020000000000003,0.4359039999999999,16.980884432403105,557.6841798462701
5.6,6.3,1.8010000000000004,0.4359039999999999,19.831705101973863,644.8751723850459
5.6,6.3,2.0,0.4359039999999999,22.682525771544622,732.0661649238215
6.3,0.0,0.01,0.5516909999999999,0.0,41.873206504410675
6.3,0.0,0.20900000000000002,0.5516909999999999,0.0,41.873206504410675
6.3,0.0,0.40800000000000003,0.5516909999999999,0.0,41.873206504410675
6.3,0.0,0.607,0.5516909999999999,0.0,41.873206504410675
6.3,0.0,0.806,0.5516909999999999,0.0,41.873206504410675
6.3,0.0,1.0050000000000001,0.5516909999999999,0.0,41.873206504410675
6.3,0.0,1.2040000000000002,0.5516909999999999,0.0,41.873206504410675
6.3,0.0,1.4030000000000002,0.5516909999999999,0.0,41.873206504410675
6.3,0.0,1.6020000000000003,0.5516909999999999,0.0,41.873206504410675
6.3,0.0,1.8010000000000004,0.5516909999999999,0.0,41.873206504410675
6.3,0.0,2.0,0.5516909999999999,0.0,41.873206504410675
6.3,0.7,0.01,0.5516909999999999,0.0008467817065313841,41.899104919643946
6.3,0.7,0.20900000000000002,0.5516909999999999,0.01769773766650593,42.414483382786145
6.3,0.7,0.40800000000000003,0.5516909999999999,0.03454869362648047,42.929861845928336
6.3,0.7,0.607,0.5516909999999999,0.045312809260948175,43.25907719643746
6.3,0.7,0.806,0.5516909999999999,0.05084337994264365,43.42822706692563
6.3,0.7,1.0050000000000001,0.5516909999999999,0.05623499156198497,43.59312694066786
6.3,0.7,1.2040000000000002,0.5516909999999999,0.06881805663935994,43.97797399365402
6.3,0.7,1.4030000000000002,0.5516909999999999,0.08109271325895609,44.353388520831686
6.3,0.7,1.6020000000000003,0.5516909999999999,0.09336736987855225,44.72880304800936
6.3,0.7,1.8010000000000004,0.5516909999999999,0.10564202649814841,45.104217575187036
6.3,0.7,2.0,0.5516909999999999,0.11791668311774454,45.479632102364704
6.3,1.4,0.01,0.5516909999999999,0.003308860965842453,41.97440644127939
6.3,1.4,0.20900000000000002,0.5516909999999999,0.06915519418610729,43.98828518496701
6.3,1.4,0.40800000000000003,0.5516909999999999,0.1350015274063721,46.002163928654625
6.3,1.4,0.607,0.5516909999999999,0.1883317916080666,47.633244661909245
6.3,1.4,0.806,0.5516909999999999,0.23090057590594365,48.935190657221455
6.3,1.4,1.0050000000000001,0.5516909999999999,0.2723997927591504,50.20442444159619
6.3,1.4,1.2040000000000002,0.5516909999999999,0.34323511610540564,52.37088907239145
6.3,1.4,1.4030000000000002,0.5516909999999999,0.41233427956572327,54.4842540798829
6.3,1.4,1.6020000000000003,0.5516909999999999,0.4814334430260408,56.597619087374355
6.3,1.4,1.8010000000000004,0.5516909999999999,0.5505326064863584,58.7109840948658
6.3,1.4,2.0,0.5516909999999999,0.6196317699466758,60.824349102357246
6.3,2.0999999999999996,0.01,0.5516909999999999,0.007343818726862278,42.097813702841144
6.3,2.0999999999999996,0.20900000000000002,0.5516909999999999,0.15348581139142162,46.56749695160754
6.3,2.0999999999999996,0.40800000000000003,0.5516909999999999,0.29962780405598094,51.037180200373925
6.3,2.0999999999999996,0.607,0.5516909999999999,0.435314379321185,55.18708948714142
6.3,2.0999999999999996,0.806,0.5516909999999999,0.5620112499065697,59.06205293742391
6.3,2.0999999999999996,1.0050000000000001,0.5516909999999999,0.685524782035035,62.83965549699576
6.3,2.0999999999999996,1.2040000000000002,0.5516909999999999,0.8793065017063032,68.76637710890012
6.3,2.0999999999999996,1.4030000000000002,0.5516909999999999,1.068338669424844,74.54783593619898
6.3,2.0999999999999996,1.6020000000000003,0.5516909999999999,1.257370837143385,80.32929476349783
6.3,2.0999999999999996,1.8010000000000004,0.5516909999999999,1.4464030048619259,86.11075359079669
6.3,2.0999999999999996,2.0,0.5516909999999999,1.6354351725804663,91.89221241809553
6.3,2.8,0.01,0.5516909999999999,0.012929614334872344,42.268652601400994
6.3,2.8,0.20900000000000002,0.5516909999999999,0.27022893959883204,50.13802993150847
6.3,2.8,0.40800000000000003,0.5516909999999999,0.5275282648627917,58.00740726161594
6.3,2.8,0.607,0.5516909999999999,0.7905052288149653,66.05043246715307
6.3,2.8,0.806,0.5516909999999999,1.058363900798127,74.24276238801292
6.3,2.8,1.0050000000000001,0.5516909999999999,1.3194924553947767,82.22925487367527
6.3,2.8,1.2040000000000002,0.5516909999999999,1.7145517761991003,94.31195606224564
6.3,2.8,1.4030000000000002,0.5516909999999999,2.0999282705131215,106.09851261384122
6.3,2.8,1.6020000000000003,0.5516909999999999,2.4853047648271427,117.88506916543682
6.3,2.8,1.8010000000000004,0.5516909999999999,2.870681259141164,129.6716257170324
6.3,2.8,2.0,0.5516909999999999,3.2560577534551842,141.45818226862798
6.3,3.5,0.01,0.5516909999999999,0.020051048177150782,42.486458264042334
6.3,3.5,0.20900000000000002,0.5516909999999999,0.4190669069024514,54.690168280712456
6.3,3.5,0.40800000000000003,0.5516909999999999,0.818082765627752,66.89387829738256
6.3,3.5,0.607,0.5516909999999999,1.25725789904127,80.32584060542891
6.3,3.5,0.806,0.5516909999999999,1.7309625022801711,94.81387030419125
6.3,3.5,1.0050000000000001,0.5516909999999999,2.1927649798095517,108.93787915625103
6.3,3.5,1.2040000000000002,0.5516909999999999,2.878598396612969,129.91376759624663
6.3,3.5,1.4030000000000002,0.5516909999999999,3.5476221708476743,150.37554112349721
6.3,3.5,1.6020000000000003,0.5516909999999999,4.216645945082379,170.83731465074783
6.3,3.5,1.8010000000000004,0.5516909999999999,4.885669719317086,191.29908817799844
6.3,3.5,2.0,0.5516909999999999,5.554693493551789,211.76086170524897
6.3,4.199999999999999,0.01,0.5516909999999999,0.028696504586848675,42.75087543112629
6.3,4.199999999999999,0.20900000000000002,0.5516909999999999,0.5997569458651374,60.21648707276707
6.3,4.199999999999999,0.40800000000000003,0.5516909999999999,1.170817387143426,77.68209871440786
6.3,4.199999999999999,0.607,0.5516909999999999,1.838392049264573,98.09955183777274
6.3,4.199999999999999,0.806,0.5516909999999999,2.5889509012692997,121.05503688934901
6.3,4.199999999999999,1.0050000000000001,0.5516909999999999,3.3206514906608424,143.43375095972988
6.3,4.199999999999999,1.2040000000000002,0.5516909999999999,4.396400081787767,176.33500931796564
6.3,4.199999999999999,1.4030000000000002,0.5516909999999999,5.445782285877267,208.42986428506816
6.3,4.199999999999999,1.6020000000000003,0.5516909999999999,6.495164489966767,240.52471925217068
6.3,4.199999999999999,1.8010000000000004,0.5516909999999999,7.544546694056265,272.6195742192732
6.3,4.199999999999999,2.0,0.5516909999999999,8.593928898145762,304.71442918637564
6.3,4.8999999999999995,0.01,0.5516909999999999,0.03885658622383333,43.061616689480175
6.3,4.8999999999999995,0.20900000000000002,0.5516909999999999,0.8121026520781166,66.71097937236325
6.3,4.8999999999999995,0.40800000000000003,0.5516909999999999,1.5853487179324,90.36034205524636
6.3,4.8999999999999995,0.607,0.5516909999999999,2.5363641078891552,119.44669485711003
6.3,4.8999999999999995,0.806,0.5516909999999999,3.64022788866299,153.20784290146173
6.3,4.8999999999999995,1.0050000000000001,0.5516909999999999,4.71635639856311,186.12072089444777
6.3,4.8999999999999995,1.2040000000000002,0.5516909999999999,6.289749124233696,234.24218811573172
6.3,4.8999999999999995,1.4030000000000002,0.5516909999999999,7.824578302706472,281.1842076110038
6.3,4.8999999999999995,1.6020000000000003,0.5516909999999999,9.359407481179248,328.1262271062759
6.3,4.8999999999999995,1.8010000000000004,0.5516909999999999,10.894236659652027,375.06824660154797
6.3,4.8999999999999995,2.0,0.5516909999999999,12.429065838124798,422.01026609681986
6.3,5.6,0.01,0.5516909999999999,0.05052340626405644,43.41844082434639
6.3,5.6,0.20900000000000002,0.5516909999999999,1.0559391909187796,74.16860379106733
6.3,5.6,0.40800000000000003,0.5516909999999999,2.061354975573503,104.91876675778825
6.3,5.6,0.607,0.5516909999999999,3.3533642721591885,144.43425580312095
6.3,5.6,0.806,0.5516909999999999,4.891790420124769,191.48628689735358
6.3,5.6,1.0050000000000001,0.5516909999999999,6.3915626447746305,237.35610615504768
6.3,5.6,1.2040000000000002,0.5516909999999999,8.578127983896099,304.2311657488843
6.3,5.6,1.4030000000000002,0.5516909999999999,10.711101035294002,369.4671307448326
6.3,5.6,1.6020000000000003,0.5516909999999999,12.844074086691904,434.70309574078107
6.3,5.6,1.8010000000000004,0.5516909999999999,14.977047138089805,499.9390607367294
6.3,5.6,2.0,0.5516909999999999,17.110020189487702,565.1750257326776
6.3,6.3,0.01,0.5516909999999999,0.06369017313084133,43.82114011858664
6.3,6.3,0.20900000000000002,0.5516909999999999,1.331124618434584,82.5850190406884
6.3,6.3,0.40800000000000003,0.5516909999999999,2.5985590637383265,121.34889796279016
6.3,6.3,0.607,0.5516909999999999,4.291377669463454,173.12294885161856
6.3,6.3,0.806,0.5516909999999999,6.349947142092951,236.08331582398765
6.3,6.3,1.0050000000000001,0.5516909999999999,8.356793763651355,297.46176402820674
6.3,6.3,1.2040000000000002,0.5516909999999999,11.279243093261583,386.8434850227307
6.3,6.3,1.4030000000000002,0.5516909999999999,14.130063762832345,474.0344775615065
6.3,6.3,1.6020000000000003,0.5516909999999999,16.980884432403105,561.2254701002822
6.3,6.3,1.8010000000000004,0.5516909999999999,19.831705101973863,648.416462639058
6.3,6.3,2.0,0.5516909999999999,22.682525771544622,735.6074551778336
