0.0,0.36,0.01,0.0,0.0007809489806153925,25.02242173358069
0.0,0.36,0.20900000000000002,0.0,0.01508797012313113,25.433188921134974
0.0,0.36,0.40800000000000003,0.0,0.023323316497254807,25.669632974368497
0.0,0.36,0.607,0.0,0.03330815542558906,25.956306500878238
0.0,0.36,0.806,0.0,0.04845790939409996,26.391269290671833
0.0,0.36,1.0050000000000001,0.0,0.0632270162779749,26.81530336715403
0.0,0.36,1.2040000000000002,0.0,0.09993561636832374,27.869239631591263
0.0,0.36,1.4030000000000002,0.0,0.13574449586822282,28.89734412484131
0.0,0.36,1.6020000000000003,0.0,0.17155337536812196,29.925448618091355
0.0,0.36,1.8010000000000004,0.0,0.20736225486802107,30.953553111341403
0.0,0.36,2.0,0.0,0.24317113436792007,31.981657604591447
0.0,0.72,0.01,0.0,0.0031422423391627963,25.09021654720536
0.0,0.72,0.20900000000000002,0.0,0.06135391940600146,26.761525104967024
0.0,0.72,0.40800000000000003,0.0,0.10519411940232454,28.02021588866852
0.0,0.72,0.607,0.0,0.16181011231980397,29.645710948027677
0.0,0.72,0.806,0.0,0.23723909752118302,31.811343598081628
0.0,0.72,1.0050000000000001,0.0,0.31077288208936155,33.92256336748095
0.0,0.72,1.2040000000000002,0.0,0.4579163476042023,38.147181958202765
0.0,0.72,1.4030000000000002,0.0,0.601453355630934,42.268255975622566
0.0,0.72,1.6020000000000003,0.0,0.744990363657666,46.38932999304238
0.0,0.72,1.8010000000000004,0.0,0.8885273716843979,50.51040401046218
0.0,0.72,2.0,0.0,1.0320643797111293,54.63147802788198
0.0,1.08,0.01,0.0,0.007094437326459123,25.20368754885039
0.0,1.08,0.20900000000000002,0.0,0.13938468786491034,29.001857245619018
0.0,1.08,0.40800000000000003,0.0,0.2546790391803853,32.3120596951015
0.0,1.08,0.607,0.0,0.40792022194853716,36.71174912284057
0.0,1.08,0.806,0.0,0.6007843268382931,42.24904756928777
0.0,1.08,1.0050000000000001,0.0,0.788802599946899,47.647217914065436
0.0,1.08,1.2040000000000002,0.0,1.1183127205847063,57.10774391572513
0.0,1.08,1.4030000000000002,0.0,1.4397466127755083,66.33639428008925
0.0,1.08,1.6020000000000003,0.0,1.76118050496631,75.56504464445334
0.0,1.08,1.8010000000000004,0.0,2.082614397157112,84.79369500881745
0.0,1.08,2.0,0.0,2.4040482893479136,94.02234537318155
0.0,1.44,0.01,0.0,0.012643190737308805,25.362997150080645
0.0,1.44,0.20900000000000002,0.0,0.2494988931240576,32.16333313591897
0.0,1.44,0.40800000000000003,0.0,0.47755179323792646,38.71093290950119
0.0,1.44,0.607,0.0,0.7861437257072434,47.570879291049195
0.0,1.44,0.806,0.0,1.1615420091646411,58.348894894190096
0.0,1.44,1.0050000000000001,0.0,1.5275081749472292,68.85610608519177
0.0,1.44,1.2040000000000002,0.0,2.1094729791282663,85.56482857100966
0.0,1.44,1.4030000000000002,0.0,2.6771739400695713,101.86402354492023
0.0,1.44,1.6020000000000003,0.0,3.244874901010877,118.1632185188308
0.0,1.44,1.8010000000000004,0.0,3.8125758619521815,134.46241349274135
0.0,1.44,2.0,0.0,4.380276822893485,150.7616084666519
0.0,1.7999999999999998,0.01,0.0,0.01979246534492462,25.56825912560794
0.0,1.7999999999999998,0.20900000000000002,0.0,0.3919212608904378,36.252404848993336
0.0,1.7999999999999998,0.40800000000000003,0.0,0.7782473967564378,47.34416872685725
0.0,1.7999999999999998,0.607,0.0,1.3077152554970315,62.54565763700923
0.0,1.7999999999999998,0.806,0.0,1.9369673142162673,80.61203888074267
0.0,1.7999999999999998,1.0050000000000001,0.0,2.5504090197013514,98.22449094749788
0.0,1.7999999999999998,1.2040000000000002,0.0,3.4532291196526574,124.14525178445759
0.0,1.7999999999999998,1.4030000000000002,0.0,4.333921275977706,149.4306998558055
0.0,1.7999999999999998,1.6020000000000003,0.0,5.214613432302754,174.71614792715346
0.0,1.7999999999999998,1.8010000000000004,0.0,6.095305588627801,200.00159599850133
0.0,1.7999999999999998,2.0,0.0,6.975997744952848,225.28704406984923
0.0,2.16,0.01,0.0,0.028545323565401407,25.81956140009766
0.0,2.16,0.20900000000000002,0.0,0.5668263023197564,41.274082753940746
0.0,2.16,0.40800000000000003,0.0,1.1604273678893555,58.316892560705014
0.0,2.16,0.607,0.0,1.98196373957485,81.90392591371949
0.0,2.16,0.806,0.0,2.9415953931118506,109.45579652919467
0.0,2.16,1.0050000000000001,0.0,3.877115698570032,136.31540908900465
0.0,2.16,1.2040000000000002,0.0,5.167644352642389,173.36762425042747
0.0,2.16,1.4030000000000002,0.0,6.426542402448266,209.51169688338405
0.0,2.16,1.6020000000000003,0.0,7.685440452254143,245.65576951634063
0.0,2.16,1.8010000000000004,0.0,8.944338502060022,281.7998421492972
0.0,2.16,2.0,0.0,10.203236551865896,317.94391478225367
0.0,2.52,0.01,0.0,0.038904264733129926,26.116975731643123
0.0,2.52,0.20900000000000002,0.0,0.774356983460311,47.23247153202156
0.0,2.52,0.40800000000000003,0.0,1.6272393081646974,71.7194748252856
0.0,2.52,0.607,0.0,2.8169444442844305,105.87695791801409
0.0,2.52,0.806,0.0,4.188004689170495,145.24130603418018
0.0,2.52,1.0050000000000001,0.0,5.524616184185051,183.61660017757825
0.0,2.52,1.2040000000000002,0.0,7.268275394538645,233.67859301000993
0.0,2.52,1.4030000000000002,0.0,8.969197859540436,282.5135762141957
0.0,2.52,1.6020000000000003,0.0,10.670120324542225,331.34855941838146
0.0,2.52,1.8010000000000004,0.0,12.371042789544017,380.18354262256724
0.0,2.52,2.0,0.0,14.071965254545804,429.01852582675286
0.0,2.88,0.01,0.0,0.050871401619061916,26.460562779760608
0.0,2.88,0.20900000000000002,0.0,1.0146345373451156,54.13105189047131
0.0,2.88,0.40800000000000003,0.0,2.1814606523729423,87.6316581215315
0.0,2.88,0.607,0.0,3.8197910246612476,134.66956717373665
0.0,2.88,0.806,0.0,5.687354836552094,188.28897032879973
0.0,2.88,1.0050000000000001,0.0,7.5079949345763355,240.56115229906217
0.0,2.88,1.2040000000000002,0.0,9.768871863904822,305.4729217314046
0.0,2.88,1.4030000000000002,0.0,11.974335143004668,368.79371642275817
0.0,2.88,1.6020000000000003,0.0,14.179798422104513,432.1145111141118
0.0,2.88,1.8010000000000004,0.0,16.38526170120436,495.43530580546536
0.0,2.88,2.0,0.0,18.5907249803042,558.7561004968188
0.0,3.2399999999999998,0.01,0.0,0.06444856479535356,26.850375101790227
0.0,3.2399999999999998,0.20900000000000002,0.0,1.2877642847167239,61.97284768064094
0.0,3.2399999999999998,0.40800000000000003,0.0,2.8255875799233663,106.12510996047563
0.0,3.2399999999999998,0.607,0.0,4.996934262040113,168.46638708125505
0.0,3.2399999999999998,0.806,0.0,7.449721529604983,238.88807147875346
0.0,3.2399999999999998,1.0050000000000001,0.0,9.840880976376765,307.5403668210383
0.0,3.2399999999999998,1.2040000000000002,0.0,12.68180911205874,389.1059176588785
0.0,3.2399999999999998,1.4030000000000002,0.0,15.453106656179884,468.67231283892863
0.0,3.2399999999999998,1.6020000000000003,0.0,18.224404200301027,548.2387080189786
0.0,3.2399999999999998,1.8010000000000004,0.0,20.995701744422163,627.8051031990285
0.0,3.2399999999999998,2.0,0.0,23.766999288543303,707.3714983790784
0.36,0.0,0.01,0.00891648,0.0,25.256
0.36,0.0,0.20900000000000002,0.00891648,0.0,25.256
0.36,0.0,0.40800000000000003,0.00891648,0.0,25.256
0.36,0.0,0.607,0.00891648,0.0,25.256
0.36,0.0,0.806,0.00891648,0.0,25.256
0.36,0.0,1.0050000000000001,0.00891648,0.0,25.256
0.36,0.0,1.2040000000000002,0.00891648,0.0,25.256
0.36,0.0,1.4030000000000002,0.00891648,0.0,25.256
0.36,0.0,1.6020000000000003,0.00891648,0.0,25.256
0.36,0.0,1.8010000000000004,0.00891648,0.0,25.256
0.36,0.0,2.0,0.00891648,0.0,25.256
0.36,0.36,0.01,0.00891648,0.0007809489806153925,25.27842173358069
0.36,0.36,0.20900000000000002,0.00891648,0.01508797012313113,25.689188921134974
0.36,0.36,0.40800000000000003,0.00891648,0.023323316497254807,25.925632974368497
0.36,0.36,0.607,0.00891648,0.03330815542558906,26.21230650087824
0.36,0.36,0.806,0.00891648,0.04845790939409996,26.647269290671833
0.36,0.36,1.0050000000000001,0.00891648,0.0632270162779749,27.07130336715403
0.36,0.36,1.2040000000000002,0.00891648,0.09993561636832374,28.125239631591263
0.36,0.36,1.4030000000000002,0.00891648,0.13574449586822282,29.15334412484131
0.36,0.36,1.6020000000000003,0.00891648,0.17155337536812196,30.181448618091355
0.36,0.36,1.8010000000000004,0.00891648,0.20736225486802107,31.209553111341403
0.36,0.36,2.0,0.00891648,0.24317113436792007,32.23765760459145
0.36,0.72,0.01,0.00891648,0.0031422423391627963,25.346216547205362
0.36,0.72,0.20900000000000002,0.00891648,0.06135391940600146,27.017525104967024
0.36,0.72,0.40800000000000003,0.00891648,0.10519411940232454,28.27621588866852
0.36,0.72,0.607,0.00891648,0.16181011231980397,29.901710948027677
0.36,0.72,0.806,0.00891648,0.23723909752118302,32.06734359808163
0.36,0.72,1.0050000000000001,0.00891648,0.31077288208936155,34.17856336748095
0.36,0.72,1.2040000000000002,0.00891648,0.4579163476042023,38.403181958202765
0.36,0.72,1.4030000000000002,0.00891648,0.601453355630934,42.524255975622566
0.36,0.72,1.6020000000000003,0.00891648,0.744990363657666,46.645329993042374
0.36,0.72,1.8010000000000004,0.00891648,0.8885273716843979,50.76640401046218
0.36,0.72,2.0,0.00891648,1.0320643797111293,54.88747802788198
0.36,1.08,0.01,0.00891648,0.007094437326459123,25.45968754885039
0.36,1.08,0.20900000000000002,0.00891648,0.13938468786491034,29.257857245619018
0.36,1.08,0.40800000000000003,0.00891648,0.2546790391803853,32.5680596951015
0.36,1.08,0.607,0.00891648,0.40792022194853716,36.96774912284057
0.36,1.08,0.806,0.00891648,0.6007843268382931,42.50504756928777
0.36,1.08,1.0050000000000001,0.00891648,0.788802599946899,47.903217914065436
0.36,1.08,1.2040000000000002,0.00891648,1.1183127205847063,57.36374391572513
0.36,1.08,1.4030000000000002,0.00891648,1.4397466127755083,66.59239428008925
0.36,1.08,1.6020000000000003,0.00891648,1.76118050496631,75.82104464445335
0.36,1.08,1.8010000000000004,0.00891648,2.082614397157112,85.04969500881745
0.36,1.08,2.0,0.00891648,2.4040482893479136,94.27834537318155
0.36,1.44,0.01,0.00891648,0.012643190737308805,25.618997150080645
0.36,1.44,0.20900000000000002,0.00891648,0.2494988931240576,32.41933313591897
0.36,1.44,0.40800000000000003,0.00891648,0.47755179323792646,38.96693290950119
0.36,1.44,0.607,0.00891648,0.7861437257072434,47.826879291049195
0.36,1.44,0.806,0.00891648,1.1615420091646411,58.604894894190096
0.36,1.44,1.0050000000000001,0.00891648,1.5275081749472292,69.11210608519177
0.36,1.44,1.2040000000000002,0.00891648,2.1094729791282663,85.82082857100966
0.36,1.44,1.4030000000000002,0.00891648,2.6771739400695713,102.12002354492022
0.36,1.44,1.6020000000000003,0.00891648,3.244874901010877,118.4192185188308
0.36,1.44,1.8010000000000004,0.00891648,3.8125758619521815,134.71841349274138
0.36,1.44,2.0,0.00891648,4.380276822893485,151.0176084666519
0.36,1.7999999999999998,0.01,0.00891648,0.01979246534492462,25.82425912560794
0.36,1.7999999999999998,0.20900000000000002,0.00891648,0.3919212608904378,36.50840484899334
0.36,1.7999999999999998,0.40800000000000003,0.00891648,0.7782473967564378,47.60016872685725
0.36,1.7999999999999998,0.607,0.00891648,1.3077152554970315,62.80165763700923
0.36,1.7999999999999998,0.806,0.00891648,1.9369673142162673,80.86803888074269
0.36,1.7999999999999998,1.0050000000000001,0.00891648,2.5504090197013514,98.48049094749788
0.36,1.7999999999999998,1.2040000000000002,0.00891648,3.4532291196526574,124.40125178445757
0.36,1.7999999999999998,1.4030000000000002,0.00891648,4.333921275977706,149.6866998558055
0.36,1.7999999999999998,1.6020000000000003,0.00891648,5.214613432302754,174.97214792715343
0.36,1.7999999999999998,1.8010000000000004,0.00891648,6.095305588627801,200.25759599850133
0.36,1.7999999999999998,2.0,0.00891648,6.975997744952848,225.54304406984923
0.36,2.16,0.01,0.00891648,0.028545323565401407,26.07556140009766
0.36,2.16,0.20900000000000002,0.00891648,0.5668263023197564,41.530082753940746
0.36,2.16,0.40800000000000003,0.00891648,1.1604273678893555,58.572892560705014
0.36,2.16,0.607,0.00891648,1.98196373957485,82.15992591371949
0.36,2.16,0.806,0.00891648,2.9415953931118506,109.71179652919467
0.36,2.16,1.0050000000000001,0.00891648,3.877115698570032,136.57140908900465
0.36,2.16,1.2040000000000002,0.00891648,5.167644352642389,173.62362425042747
0.36,2.16,1.4030000000000002,0.00891648,6.426542402448266,209.76769688338405
0.36,2.16,1.6020000000000003,0.00891648,7.685440452254143,245.9117695163406
0.36,2.16,1.8010000000000004,0.00891648,8.944338502060022,282.0558421492972
0.36,2.16,2.0,0.00891648,10.203236551865896,318.19991478225364
0.36,2.52,0.01,0.00891648,0.038904264733129926,26.372975731643123
0.36,2.52,0.20900000000000002,0.00891648,0.774356983460311,47.48847153202156
0.36,2.52,0.40800000000000003,0.00891648,1.6272393081646974,71.9754748252856
0.36,2.52,0.607,0.00891648,2.8169444442844305,106.13295791801409
0.36,2.52,0.806,0.00891648,4.188004689170495,145.49730603418016
0.36,2.52,1.0050000000000001,0.00891648,5.524616184185051,183.87260017757825
0.36,2.52,1.2040000000000002,0.00891648,7.268275394538645,233.93459301000993
0.36,2.52,1.4030000000000002,0.00891648,8.969197859540436,282.7695762141957
0.36,2.52,1.6020000000000003,0.00891648,10.670120324542225,331.6045594183814
0.36,2.52,1.8010000000000004,0.00891648,12.371042789544017,380.4395426225672
0.36,2.52,2.0,0.00891648,14.071965254545804,429.2745258267529
0.36,2.88,0.01,0.00891648,0.050871401619061916,26.716562779760608
0.36,2.88,0.20900000000000002,0.00891648,1.0146345373451156,54.387051890471305
0.36,2.88,0.40800000000000003,0.00891648,2.1814606523729423,87.8876581215315
0.36,2.88,0.607,0.00891648,3.8197910246612476,134.92556717373665
0.36,2.88,0.806,0.00891648,5.687354836552094,188.54497032879974
0.36,2.88,1.0050000000000001,0.00891648,7.5079949345763355,240.81715229906217
0.36,2.88,1.2040000000000002,0.00891648,9.768871863904822,305.72892173140457
0.36,2.88,1.4030000000000002,0.00891648,11.974335143004668,369.0497164227582
0.36,2.88,1.6020000000000003,0.00891648,14.179798422104513,432.37051111411176
0.36,2.88,1.8010000000000004,0.00891648,16.38526170120436,495.6913058054654
0.36,2.88,2.0,0.00891648,18.5907249803042,559.0121004968188
0.36,3.2399999999999998,0.01,0.00891648,0.06444856479535356,27.106375101790224
0.36,3.2399999999999998,0.20900000000000002,0.00891648,1.2877642847167239,62.228847680640946
0.36,3.2399999999999998,0.40800000000000003,0.00891648,2.8255875799233663,106.38110996047563
0.36,3.2399999999999998,0.607,0.00891648,4.996934262040113,168.72238708125502
0.36,3.2399999999999998,0.806,0.00891648,7.449721529604983,239.14407147875346
0.36,3.2399999999999998,1.0050000000000001,0.00891648,9.840880976376765,307.7963668210383
0.36,3.2399999999999998,1.2040000000000002,0.00891648,12.68180911205874,389.36191765887855
0.36,3.2399999999999998,1.4030000000000002,0.00891648,15.453106656179884,468.9283128389286
0.36,3.2399999999999998,1.6020000000000003,0.00891648,18.224404200301027,548.4947080189786
0.36,3.2399999999999998,1.8010000000000004,0.00891648,20.995701744422163,628.0611031990285
0.36,3.2399999999999998,2.0,0.00891648,23.766999288543303,707.6274983790785
0.72,0.0,0.01,0.03566592,0.0,26.024
0.72,0.0,0.20900000000000002,0.03566592,0.0,26.024
0.72,0.0,0.40800000000000003,0.03566592,0.0,26.024
0.72,0.0,0.607,0.03566592,0.0,26.024
0.72,0.0,0.806,0.03566592,0.0,26.024
0.72,0.0,1.0050000000000001,0.03566592,0.0,26.024
0.72,0.0,1.2040000000000002,0.03566592,0.0,26.024
0.72,0.0,1.4030000000000002,0.03566592,0.0,26.024
0.72,0.0,1.6020000000000003,0.03566592,0.0,26.024
0.72,0.0,1.8010000000000004,0.03566592,0.0,26.024
0.72,0.0,2.0,0.03566592,0.0,26.024
0.72,0.36,0.01,0.03566592,0.0007809489806153925,26.04642173358069
0.72,0.36,0.20900000000000002,0.03566592,0.01508797012313113,26.457188921134975
0.72,0.36,0.40800000000000003,0.03566592,0.023323316497254807,26.693632974368498
0.72,0.36,0.607,0.03566592,0.03330815542558906,26.98030650087824
0.72,0.36,0.806,0.03566592,0.04845790939409996,27.415269290671834
0.72,0.36,1.0050000000000001,0.03566592,0.0632270162779749,27.83930336715403
0.72,0.36,1.2040000000000002,0.03566592,0.09993561636832374,28.893239631591264
0.72,0.36,1.4030000000000002,0.03566592,0.13574449586822282,29.921344124841312
0.72,0.36,1.6020000000000003,0.03566592,0.17155337536812196,30.949448618091356
0.72,0.36,1.8010000000000004,0.03566592,0.20736225486802107,31.977553111341404
0.72,0.36,2.0,0.03566592,0.24317113436792007,33.00565760459145
0.72,0.72,0.01,0.03566592,0.0031422423391627963,26.114216547205363
0.72,0.72,0.20900000000000002,0.03566592,0.06135391940600146,27.785525104967025
0.72,0.72,0.40800000000000003,0.03566592,0.10519411940232454,29.044215888668518
0.72,0.72,0.607,0.03566592,0.16181011231980397,30.669710948027678
0.72,0.72,0.806,0.03566592,0.23723909752118302,32.83534359808163
0.72,0.72,1.0050000000000001,0.03566592,0.31077288208936155,34.94656336748095
0.72,0.72,1.2040000000000002,0.03566592,0.4579163476042023,39.171181958202766
0.72,0.72,1.4030000000000002,0.03566592,0.601453355630934,43.29225597562257
0.72,0.72,1.6020000000000003,0.03566592,0.744990363657666,47.41332999304238
0.72,0.72,1.8010000000000004,0.03566592,0.8885273716843979,51.53440401046218
0.72,0.72,2.0,0.03566592,1.0320643797111293,55.655478027881976
0.72,1.08,0.01,0.03566592,0.007094437326459123,26.22768754885039
0.72,1.08,0.20900000000000002,0.03566592,0.13938468786491034,30.025857245619015
0.72,1.08,0.40800000000000003,0.03566592,0.2546790391803853,33.336059695101504
0.72,1.08,0.607,0.03566592,0.40792022194853716,37.73574912284057
0.72,1.08,0.806,0.03566592,0.6007843268382931,43.27304756928777
0.72,1.08,1.0050000000000001,0.03566592,0.788802599946899,48.67121791406544
0.72,1.08,1.2040000000000002,0.03566592,1.1183127205847063,58.13174391572513
0.72,1.08,1.4030000000000002,0.03566592,1.4397466127755083,67.36039428008924
0.72,1.08,1.6020000000000003,0.03566592,1.76118050496631,76.58904464445334
0.72,1.08,1.8010000000000004,0.03566592,2.082614397157112,85.81769500881745
0.72,1.08,2.0,0.03566592,2.4040482893479136,95.04634537318155
0.72,1.44,0.01,0.03566592,0.012643190737308805,26.386997150080642
0.72,1.44,0.20900000000000002,0.03566592,0.2494988931240576,33.18733313591896
0.72,1.44,0.40800000000000003,0.03566592,0.47755179323792646,39.73493290950119
0.72,1.44,0.607,0.03566592,0.7861437257072434,48.594879291049196
0.72,1.44,0.806,0.03566592,1.1615420091646411,59.3728948941901
0.72,1.44,1.0050000000000001,0.03566592,1.5275081749472292,69.88010608519176
0.72,1.44,1.2040000000000002,0.03566592,2.1094729791282663,86.58882857100966
0.72,1.44,1.4030000000000002,0.03566592,2.6771739400695713,102.88802354492023
0.72,1.44,1.6020000000000003,0.03566592,3.244874901010877,119.1872185188308
0.72,1.44,1.8010000000000004,0.03566592,3.8125758619521815,135.48641349274135
0.72,1.44,2.0,0.03566592,4.380276822893485,151.78560846665192
0.72,1.7999999999999998,0.01,0.03566592,0.01979246534492462,26.592259125607942
0.72,1.7999999999999998,0.20900000000000002,0.03566592,0.3919212608904378,37.27640484899334
0.72,1.7999999999999998,0.40800000000000003,0.03566592,0.7782473967564378,48.36816872685725
0.72,1.7999999999999998,0.607,0.03566592,1.3077152554970315,63.56965763700923
0.72,1.7999999999999998,0.806,0.03566592,1.9369673142162673,81.63603888074267
0.72,1.7999999999999998,1.0050000000000001,0.03566592,2.5504090197013514,99.24849094749788
0.72,1.7999999999999998,1.2040000000000002,0.03566592,3.4532291196526574,125.16925178445757
0.72,1.7999999999999998,1.4030000000000002,0.03566592,4.333921275977706,150.45469985580553
0.72,1.7999999999999998,1.6020000000000003,0.03566592,5.214613432302754,175.74014792715346
0.72,1.7999999999999998,1.8010000000000004,0.03566592,6.095305588627801,201.02559599850136
0.72,1.7999999999999998,2.0,0.03566592,6.975997744952848,226.31104406984923
0.72,2.16,0.01,0.03566592,0.028545323565401407,26.843561400097656
0.72,2.16,0.20900000000000002,0.03566592,0.5668263023197564,42.29808275394075
0.72,2.16,0.40800000000000003,0.03566592,1.1604273678893555,59.34089256070501
0.72,2.16,0.607,0.03566592,1.98196373957485,82.92792591371949
0.72,2.16,0.806,0.03566592,2.9415953931118506,110.47979652919467
0.72,2.16,1.0050000000000001,0.03566592,3.877115698570032,137.33940908900465
0.72,2.16,1.2040000000000002,0.03566592,5.167644352642389,174.3916242504275
0.72,2.16,1.4030000000000002,0.03566592,6.426542402448266,210.53569688338405
0.72,2.16,1.6020000000000003,0.03566592,7.685440452254143,246.67976951634063
0.72,2.16,1.8010000000000004,0.03566592,8.944338502060022,282.8238421492972
0.72,2.16,2.0,0.03566592,10.203236551865896,318.9679147822537
0.72,2.52,0.01,0.03566592,0.038904264733129926,27.14097573164312
0.72,2.52,0.20900000000000002,0.03566592,0.774356983460311,48.256471532021564
0.72,2.52,0.40800000000000003,0.03566592,1.6272393081646974,72.7434748252856
0.72,2.52,0.607,0.03566592,2.8169444442844305,106.90095791801409
0.72,2.52,0.806,0.03566592,4.188004689170495,146.26530603418018
0.72,2.52,1.0050000000000001,0.03566592,5.524616184185051,184.64060017757828
0.72,2.52,1.2040000000000002,0.03566592,7.268275394538645,234.70259301000993
0.72,2.52,1.4030000000000002,0.03566592,8.969197859540436,283.53757621419567
0.72,2.52,1.6020000000000003,0.03566592,10.670120324542225,332.3725594183814
0.72,2.52,1.8010000000000004,0.03566592,12.371042789544017,381.20754262256725
0.72,2.52,2.0,0.03566592,14.071965254545804,430.04252582675286
0.72,2.88,0.01,0.03566592,0.050871401619061916,27.484562779760605
0.72,2.88,0.20900000000000002,0.03566592,1.0146345373451156,55.155051890471306
0.72,2.88,0.40800000000000003,0.03566592,2.1814606523729423,88.6556581215315
0.72,2.88,0.607,0.03566592,3.8197910246612476,135.69356717373665
0.72,2.88,0.806,0.03566592,5.687354836552094,189.31297032879974
0.72,2.88,1.0050000000000001,0.03566592,7.5079949345763355,241.58515229906217
0.72,2.88,1.2040000000000002,0.03566592,9.768871863904822,306.4969217314046
0.72,2.88,1.4030000000000002,0.03566592,11.974335143004668,369.81771642275817
0.72,2.88,1.6020000000000003,0.03566592,14.179798422104513,433.1385111141118
0.72,2.88,1.8010000000000004,0.03566592,16.38526170120436,496.45930580546536
0.72,2.88,2.0,0.03566592,18.5907249803042,559.7801004968188
0.72,3.2399999999999998,0.01,0.03566592,0.06444856479535356,27.874375101790225
0.72,3.2399999999999998,0.20900000000000002,0.03566592,1.2877642847167239,62.99684768064094
0.72,3.2399999999999998,0.40800000000000003,0.03566592,2.8255875799233663,107.14910996047563
0.72,3.2399999999999998,0.607,0.03566592,4.996934262040113,169.49038708125505
0.72,3.2399999999999998,0.806,0.03566592,7.449721529604983,239.9120714787535
0.72,3.2399999999999998,1.0050000000000001,0.03566592,9.840880976376765,308.5643668210383
0.72,3.2399999999999998,1.2040000000000002,0.03566592,12.68180911205874,390.1299176588785
0.72,3.2399999999999998,1.4030000000000002,0.03566592,15.453106656179884,469.6963128389286
0.72,3.2399999999999998,1.6020000000000003,0.03566592,18.224404200301027,549.2627080189786
0.72,3.2399999999999998,1.8010000000000004,0.03566592,20.995701744422163,628.8291031990285
0.72,3.2399999999999998,2.0,0.03566592,23.766999288543303,708.3954983790784
1.08,0.0,0.01,0.08024832000000001,0.0,27.304000000000002
1.08,0.0,0.20900000000000002,0.08024832000000001,0.0,27.304000000000002
1.08,0.0,0.40800000000000003,0.08024832000000001,0.0,27.304000000000002
1.08,0.0,0.607,0.08024832000000001,0.0,27.304000000000002
1.08,0.0,0.806,0.08024832000000001,0.0,27.304000000000002
1.08,0.0,1.0050000000000001,0.08024832000000001,0.0,27.304000000000002
1.08,0.0,1.2040000000000002,0.08024832000000001,0.0,27.304000000000002
1.08,0.0,1.4030000000000002,0.08024832000000001,0.0,27.304000000000002
1.08,0.0,1.6020000000000003,0.08024832000000001,0.0,27.304000000000002
1.08,0.0,1.8010000000000004,0.08024832000000001,0.0,27.304000000000002
1.08,0.0,2.0,0.08024832000000001,0.0,27.304000000000002
1.08,0.36,0.01,0.08024832000000001,0.0007809489806153925,27.326421733580688
1.08,0.36,0.20900000000000002,0.08024832000000001,0.01508797012313113,27.737188921134972
1.08,0.36,0.40800000000000003,0.08024832000000001,0.023323316497254807,27.9736329743685
1.08,0.36,0.607,0.08024832000000001,0.03330815542558906,28.26030650087824
1.08,0.36,0.806,0.08024832000000001,0.04845790939409996,28.695269290671835
1.08,0.36,1.0050000000000001,0.08024832000000001,0.0632270162779749,29.119303367154032
1.08,0.36,1.2040000000000002,0.08024832000000001,0.09993561636832374,30.173239631591265
1.08,0.36,1.4030000000000002,0.08024832000000001,0.13574449586822282,31.20134412484131
1.08,0.36,1.6020000000000003,0.08024832000000001,0.17155337536812196,32.229448618091354
1.08,0.36,1.8010000000000004,0.08024832000000001,0.20736225486802107,33.2575531113414
1.08,0.36,2.0,0.08024832000000001,0.24317113436792007,34.28565760459145
1.08,0.72,0.01,0.08024832000000001,0.0031422423391627963,27.394216547205364
1.08,0.72,0.20900000000000002,0.08024832000000001,0.06135391940600146,29.065525104967023
1.08,0.72,0.40800000000000003,0.08024832000000001,0.10519411940232454,30.32421588866852
1.08,0.72,0.607,0.08024832000000001,0.16181011231980397,31.949710948027676
1.08,0.72,0.806,0.08024832000000001,0.23723909752118302,34.11534359808162
1.08,0.72,1.0050000000000001,0.08024832000000001,0.31077288208936155,36.22656336748095
1.08,0.72,1.2040000000000002,0.08024832000000001,0.4579163476042023,40.45118195820277
1.08,0.72,1.4030000000000002,0.08024832000000001,0.601453355630934,44.57225597562257
1.08,0.72,1.6020000000000003,0.08024832000000001,0.744990363657666,48.693329993042376
1.08,0.72,1.8010000000000004,0.08024832000000001,0.8885273716843979,52.814404010462184
1.08,0.72,2.0,0.08024832000000001,1.0320643797111293,56.93547802788197
1.08,1.08,0.01,0.08024832000000001,0.007094437326459123,27.50768754885039
1.08,1.08,0.20900000000000002,0.08024832000000001,0.13938468786491034,31.305857245619016
1.08,1.08,0.40800000000000003,0.08024832000000001,0.2546790391803853,34.616059695101505
1.08,1.08,0.607,0.08024832000000001,0.40792022194853716,39.015749122840575
1.08,1.08,0.806,0.08024832000000001,0.6007843268382931,44.55304756928777
1.08,1.08,1.0050000000000001,0.08024832000000001,0.788802599946899,49.95121791406544
1.08,1.08,1.2040000000000002,0.08024832000000001,1.1183127205847063,59.411743915725125
1.08,1.08,1.4030000000000002,0.08024832000000001,1.4397466127755083,68.64039428008924
1.08,1.08,1.6020000000000003,0.08024832000000001,1.76118050496631,77.86904464445334
1.08,1.08,1.8010000000000004,0.08024832000000001,2.082614397157112,87.09769500881745
1.08,1.08,2.0,0.08024832000000001,2.4040482893479136,96.32634537318155
1.08,1.44,0.01,0.08024832000000001,0.012643190737308805,27.666997150080643
1.08,1.44,0.20900000000000002,0.08024832000000001,0.2494988931240576,34.46733313591896
1.08,1.44,0.40800000000000003,0.08024832000000001,0.47755179323792646,41.01493290950119
1.08,1.44,0.607,0.08024832000000001,0.7861437257072434,49.8748792910492
1.08,1.44,0.806,0.08024832000000001,1.1615420091646411,60.65289489419009
1.08,1.44,1.0050000000000001,0.08024832000000001,1.5275081749472292,71.16010608519176
1.08,1.44,1.2040000000000002,0.08024832000000001,2.1094729791282663,87.86882857100966
1.08,1.44,1.4030000000000002,0.08024832000000001,2.6771739400695713,104.16802354492023
1.08,1.44,1.6020000000000003,0.08024832000000001,3.244874901010877,120.4672185188308
1.08,1.44,1.8010000000000004,0.08024832000000001,3.8125758619521815,136.76641349274138
1.08,1.44,2.0,0.08024832000000001,4.380276822893485,153.0656084666519
1.08,1.7999999999999998,0.01,0.08024832000000001,0.01979246534492462,27.872259125607943
1.08,1.7999999999999998,0.20900000000000002,0.08024832000000001,0.3919212608904378,38.55640484899334
1.08,1.7999999999999998,0.40800000000000003,0.08024832000000001,0.7782473967564378,49.64816872685725
1.08,1.7999999999999998,0.607,0.08024832000000001,1.3077152554970315,64.84965763700922
1.08,1.7999999999999998,0.806,0.08024832000000001,1.9369673142162673,82.91603888074268
1.08,1.7999999999999998,1.0050000000000001,0.08024832000000001,2.5504090197013514,100.5284909474979
1.08,1.7999999999999998,1.2040000000000002,0.08024832000000001,3.4532291196526574,126.44925178445759
1.08,1.7999999999999998,1.4030000000000002,0.08024832000000001,4.333921275977706,151.7346998558055
1.08,1.7999999999999998,1.6020000000000003,0.08024832000000001,5.214613432302754,177.02014792715343
1.08,1.7999999999999998,1.8010000000000004,0.08024832000000001,6.095305588627801,202.30559599850133
1.08,1.7999999999999998,2.0,0.08024832000000001,6.975997744952848,227.59104406984923
1.08,2.16,0.01,0.08024832000000001,0.028545323565401407,28.123561400097657
1.08,2.16,0.20900000000000002,0.08024832000000001,0.5668263023197564,43.57808275394075
1.08,2.16,0.40800000000000003,0.08024832000000001,1.1604273678893555,60.62089256070501
1.08,2.16,0.607,0.08024832000000001,1.98196373957485,84.20792591371949
1.08,2.16,0.806,0.08024832000000001,2.9415953931118506,111.75979652919469
1.08,2.16,1.0050000000000001,0.08024832000000001,3.877115698570032,138.61940908900465
1.08,2.16,1.2040000000000002,0.08024832000000001,5.167644352642389,175.67162425042747
1.08,2.16,1.4030000000000002,0.08024832000000001,6.426542402448266,211.81569688338405
1.08,2.16,1.6020000000000003,0.08024832000000001,7.685440452254143,247.9597695163406
1.08,2.16,1.8010000000000004,0.08024832000000001,8.944338502060022,284.10384214929724
1.08,2.16,2.0,0.08024832000000001,10.203236551865896,320.2479147822537
1.08,2.52,0.01,0.08024832000000001,0.038904264733129926,28.42097573164312
1.08,2.52,0.20900000000000002,0.08024832000000001,0.774356983460311,49.536471532021565
1.08,2.52,0.40800000000000003,0.08024832000000001,1.6272393081646974,74.0234748252856
1.08,2.52,0.607,0.08024832000000001,2.8169444442844305,108.18095791801409
1.08,2.52,0.806,0.08024832000000001,4.188004689170495,147.54530603418016
1.08,2.52,1.0050000000000001,0.08024832000000001,5.524616184185051,185.92060017757825
1.08,2.52,1.2040000000000002,0.08024832000000001,7.268275394538645,235.9825930100099
1.08,2.52,1.4030000000000002,0.08024832000000001,8.969197859540436,284.8175762141957
1.08,2.52,1.6020000000000003,0.08024832000000001,10.670120324542225,333.6525594183815
1.08,2.52,1.8010000000000004,0.08024832000000001,12.371042789544017,382.4875426225673
1.08,2.52,2.0,0.08024832000000001,14.071965254545804,431.3225258267529
1.08,2.88,0.01,0.08024832000000001,0.050871401619061916,28.764562779760606
1.08,2.88,0.20900000000000002,0.08024832000000001,1.0146345373451156,56.4350518904713
1.08,2.88,0.40800000000000003,0.08024832000000001,2.1814606523729423,89.9356581215315
1.08,2.88,0.607,0.08024832000000001,3.8197910246612476,136.97356717373665
1.08,2.88,0.806,0.08024832000000001,5.687354836552094,190.5929703287997
1.08,2.88,1.0050000000000001,0.08024832000000001,7.5079949345763355,242.86515229906215
1.08,2.88,1.2040000000000002,0.08024832000000001,9.768871863904822,307.7769217314046
1.08,2.88,1.4030000000000002,0.08024832000000001,11.974335143004668,371.0977164227582
1.08,2.88,1.6020000000000003,0.08024832000000001,14.179798422104513,434.4185111141118
1.08,2.88,1.8010000000000004,0.08024832000000001,16.38526170120436,497.73930580546534
1.08,2.88,2.0,0.08024832000000001,18.5907249803042,561.0601004968188
1.08,3.2399999999999998,0.01,0.08024832000000001,0.06444856479535356,29.154375101790226
1.08,3.2399999999999998,0.20900000000000002,0.08024832000000001,1.2877642847167239,64.27684768064094
1.08,3.2399999999999998,0.40800000000000003,0.08024832000000001,2.8255875799233663,108.42910996047564
1.08,3.2399999999999998,0.607,0.08024832000000001,4.996934262040113,170.77038708125502
1.08,3.2399999999999998,0.806,0.08024832000000001,7.449721529604983,241.19207147875346
1.08,3.2399999999999998,1.0050000000000001,0.08024832000000001,9.840880976376765,309.8443668210383
1.08,3.2399999999999998,1.2040000000000002,0.08024832000000001,12.68180911205874,391.40991765887856
1.08,3.2399999999999998,1.4030000000000002,0.08024832000000001,15.453106656179884,470.9763128389286
1.08,3.2399999999999998,1.6020000000000003,0.08024832000000001,18.224404200301027,550.5427080189786
1.08,3.2399999999999998,1.8010000000000004,0.08024832000000001,20.995701744422163,630.1091031990285
1.08,3.2399999999999998,2.0,0.08024832000000001,23.766999288543303,709.6754983790784
1.44,0.0,0.01,0.14266368,0.0,29.096
1.44,0.0,0.20900000000000002,0.14266368,0.0,29.096
1.44,0.0,0.40800000000000003,0.14266368,0.0,29.096
1.44,0.0,0.607,0.14266368,0.0,29.096
1.44,0.0,0.806,0.14266368,0.0,29.096
1.44,0.0,1.0050000000000001,0.14266368,0.0,29.096
1.44,0.0,1.2040000000000002,0.14266368,0.0,29.096
1.44,0.0,1.4030000000000002,0.14266368,0.0,29.096
1.44,0.0,1.6020000000000003,0.14266368,0.0,29.096
1.44,0.0,1.8010000000000004,0.14266368,0.0,29.096
1.44,0.0,2.0,0.14266368,0.0,29.096
1.44,0.36,0.01,0.14266368,0.0007809489806153925,29.11842173358069
1.44,0.36,0.20900000000000002,0.14266368,0.01508797012313113,29.529188921134974
1.44,0.36,0.40800000000000003,0.14266368,0.023323316497254807,29.7656329743685
1.44,0.36,0.607,0.14266368,0.03330815542558906,30.052306500878238
1.44,0.36,0.806,0.14266368,0.04845790939409996,30.487269290671833
1.44,0.36,1.0050000000000001,0.14266368,0.0632270162779749,30.91130336715403
1.44,0.36,1.2040000000000002,0.14266368,0.09993561636832374,31.965239631591263
1.44,0.36,1.4030000000000002,0.14266368,0.13574449586822282,32.99334412484131
1.44,0.36,1.6020000000000003,0.14266368,0.17155337536812196,34.021448618091355
1.44,0.36,1.8010000000000004,0.14266368,0.20736225486802107,35.0495531113414
1.44,0.36,2.0,0.14266368,0.24317113436792007,36.07765760459145
1.44,0.72,0.01,0.14266368,0.0031422423391627963,29.186216547205362
1.44,0.72,0.20900000000000002,0.14266368,0.06135391940600146,30.857525104967024
1.44,0.72,0.40800000000000003,0.14266368,0.10519411940232454,32.11621588866852
1.44,0.72,0.607,0.14266368,0.16181011231980397,33.741710948027674
1.44,0.72,0.806,0.14266368,0.23723909752118302,35.907343598081624
1.44,0.72,1.0050000000000001,0.14266368,0.31077288208936155,38.01856336748095
1.44,0.72,1.2040000000000002,0.14266368,0.4579163476042023,42.24318195820277
1.44,0.72,1.4030000000000002,0.14266368,0.601453355630934,46.36425597562257
1.44,0.72,1.6020000000000003,0.14266368,0.744990363657666,50.48532999304238
1.44,0.72,1.8010000000000004,0.14266368,0.8885273716843979,54.606404010462185
1.44,0.72,2.0,0.14266368,1.0320643797111293,58.72747802788198
1.44,1.08,0.01,0.14266368,0.007094437326459123,29.29968754885039
1.44,1.08,0.20900000000000002,0.14266368,0.13938468786491034,33.09785724561902
1.44,1.08,0.40800000000000003,0.14266368,0.2546790391803853,36.4080596951015
1.44,1.08,0.607,0.14266368,0.40792022194853716,40.807749122840576
1.44,1.08,0.806,0.14266368,0.6007843268382931,46.34504756928777
1.44,1.08,1.0050000000000001,0.14266368,0.788802599946899,51.74321791406543
1.44,1.08,1.2040000000000002,0.14266368,1.1183127205847063,61.203743915725134
1.44,1.08,1.4030000000000002,0.14266368,1.4397466127755083,70.43239428008926
1.44,1.08,1.6020000000000003,0.14266368,1.76118050496631,79.66104464445334
1.44,1.08,1.8010000000000004,0.14266368,2.082614397157112,88.88969500881745
1.44,1.08,2.0,0.14266368,2.4040482893479136,98.11834537318155
1.44,1.44,0.01,0.14266368,0.012643190737308805,29.45899715008064
1.44,1.44,0.20900000000000002,0.14266368,0.2494988931240576,36.259333135918965
1.44,1.44,0.40800000000000003,0.14266368,0.47755179323792646,42.80693290950119
1.44,1.44,0.607,0.14266368,0.7861437257072434,51.6668792910492
1.44,1.44,0.806,0.14266368,1.1615420091646411,62.4448948941901
1.44,1.44,1.0050000000000001,0.14266368,1.5275081749472292,72.95210608519177
1.44,1.44,1.2040000000000002,0.14266368,2.1094729791282663,89.66082857100966
1.44,1.44,1.4030000000000002,0.14266368,2.6771739400695713,105.96002354492023
1.44,1.44,1.6020000000000003,0.14266368,3.244874901010877,122.2592185188308
1.44,1.44,1.8010000000000004,0.14266368,3.8125758619521815,138.55841349274135
1.44,1.44,2.0,0.14266368,4.380276822893485,154.8576084666519
1.44,1.7999999999999998,0.01,0.14266368,0.01979246534492462,29.66425912560794
1.44,1.7999999999999998,0.20900000000000002,0.14266368,0.3919212608904378,40.34840484899333
1.44,1.7999999999999998,0.40800000000000003,0.14266368,0.7782473967564378,51.440168726857245
1.44,1.7999999999999998,0.607,0.14266368,1.3077152554970315,66.64165763700922
1.44,1.7999999999999998,0.806,0.14266368,1.9369673142162673,84.70803888074268
1.44,1.7999999999999998,1.0050000000000001,0.14266368,2.5504090197013514,102.32049094749789
1.44,1.7999999999999998,1.2040000000000002,0.14266368,3.4532291196526574,128.24125178445757
1.44,1.7999999999999998,1.4030000000000002,0.14266368,4.333921275977706,153.5266998558055
1.44,1.7999999999999998,1.6020000000000003,0.14266368,5.214613432302754,178.81214792715343
1.44,1.7999999999999998,1.8010000000000004,0.14266368,6.095305588627801,204.09759599850133
1.44,1.7999999999999998,2.0,0.14266368,6.975997744952848,229.38304406984923
1.44,2.16,0.01,0.14266368,0.028545323565401407,29.91556140009766
1.44,2.16,0.20900000000000002,0.14266368,0.5668263023197564,45.37008275394075
1.44,2.16,0.40800000000000003,0.14266368,1.1604273678893555,62.41289256070501
1.44,2.16,0.607,0.14266368,1.98196373957485,85.9999259137195
1.44,2.16,0.806,0.14266368,2.9415953931118506,113.55179652919468
1.44,2.16,1.0050000000000001,0.14266368,3.877115698570032,140.41140908900465
1.44,2.16,1.2040000000000002,0.14266368,5.167644352642389,177.46362425042747
1.44,2.16,1.4030000000000002,0.14266368,6.426542402448266,213.60769688338402
1.44,2.16,1.6020000000000003,0.14266368,7.685440452254143,249.7517695163406
1.44,2.16,1.8010000000000004,0.14266368,8.944338502060022,285.8958421492972
1.44,2.16,2.0,0.14266368,10.203236551865896,322.0399147822537
1.44,2.52,0.01,0.14266368,0.038904264733129926,30.212975731643123
1.44,2.52,0.20900000000000002,0.14266368,0.774356983460311,51.32847153202156
1.44,2.52,0.40800000000000003,0.14266368,1.6272393081646974,75.8154748252856
1.44,2.52,0.607,0.14266368,2.8169444442844305,109.97295791801409
1.44,2.52,0.806,0.14266368,4.188004689170495,149.33730603418016
1.44,2.52,1.0050000000000001,0.14266368,5.524616184185051,187.71260017757825
1.44,2.52,1.2040000000000002,0.14266368,7.268275394538645,237.7745930100099
1.44,2.52,1.4030000000000002,0.14266368,8.969197859540436,286.60957621419567
1.44,2.52,1.6020000000000003,0.14266368,10.670120324542225,335.44455941838146
1.44,2.52,1.8010000000000004,0.14266368,12.371042789544017,384.27954262256725
1.44,2.52,2.0,0.14266368,14.071965254545804,433.11452582675287
1.44,2.88,0.01,0.14266368,0.050871401619061916,30.556562779760604
1.44,2.88,0.20900000000000002,0.14266368,1.0146345373451156,58.2270518904713
1.44,2.88,0.40800000000000003,0.14266368,2.1814606523729423,91.7276581215315
1.44,2.88,0.607,0.14266368,3.8197910246612476,138.76556717373666
1.44,2.88,0.806,0.14266368,5.687354836552094,192.3849703287997
1.44,2.88,1.0050000000000001,0.14266368,7.5079949345763355,244.65715229906215
1.44,2.88,1.2040000000000002,0.14266368,9.768871863904822,309.5689217314046
1.44,2.88,1.4030000000000002,0.14266368,11.974335143004668,372.88971642275817
1.44,2.88,1.6020000000000003,0.14266368,14.179798422104513,436.2105111141118
1.44,2.88,1.8010000000000004,0.14266368,16.38526170120436,499.5313058054654
1.44,2.88,2.0,0.14266368,18.5907249803042,562.8521004968188
1.44,3.2399999999999998,0.01,0.14266368,0.06444856479535356,30.946375101790224
1.44,3.2399999999999998,0.20900000000000002,0.14266368,1.2877642847167239,66.06884768064094
1.44,3.2399999999999998,0.40800000000000003,0.14266368,2.8255875799233663,110.22110996047563
1.44,3.2399999999999998,0.607,0.14266368,4.996934262040113,172.56238708125503
1.44,3.2399999999999998,0.806,0.14266368,7.449721529604983,242.98407147875346
1.44,3.2399999999999998,1.0050000000000001,0.14266368,9.840880976376765,311.6363668210383
1.44,3.2399999999999998,1.2040000000000002,0.14266368,12.68180911205874,393.20191765887853
1.44,3.2399999999999998,1.4030000000000002,0.14266368,15.453106656179884,472.7683128389286
1.44,3.2399999999999998,1.6020000000000003,0.14266368,18.224404200301027,552.3347080189786
1.44,3.2399999999999998,1.8010000000000004,0.14266368,20.995701744422163,631.9011031990286
1.44,3.2399999999999998,2.0,0.14266368,23.766999288543303,711.4674983790785
1.7999999999999998,0.0,0.01,0.22291199999999994,0.0,31.4
1.7999999999999998,0.0,0.20900000000000002,0.22291199999999994,0.0,31.4
1.7999999999999998,0.0,0.40800000000000003,0.22291199999999994,0.0,31.4
1.7999999999999998,0.0,0.607,0.22291199999999994,0.0,31.4
1.7999999999999998,0.0,0.806,0.22291199999999994,0.0,31.4
1.7999999999999998,0.0,1.0050000000000001,0.22291199999999994,0.0,31.4
1.7999999999999998,0.0,1.2040000000000002,0.22291199999999994,0.0,31.4
1.7999999999999998,0.0,1.4030000000000002,0.22291199999999994,0.0,31.4
1.7999999999999998,0.0,1.6020000000000003,0.22291199999999994,0.0,31.4
1.7999999999999998,0.0,1.8010000000000004,0.22291199999999994,0.0,31.4
1.7999999999999998,0.0,2.0,0.22291199999999994,0.0,31.4
1.7999999999999998,0.36,0.01,0.22291199999999994,0.0007809489806153925,31.422421733580688
1.7999999999999998,0.36,0.20900000000000002,0.22291199999999994,0.01508797012313113,31.833188921134973
1.7999999999999998,0.36,0.40800000000000003,0.22291199999999994,0.023323316497254807,32.069632974368496
1.7999999999999998,0.36,0.607,0.22291199999999994,0.03330815542558906,32.35630650087824
1.7999999999999998,0.36,0.806,0.22291199999999994,0.04845790939409996,32.791269290671835
1.7999999999999998,0.36,1.0050000000000001,0.22291199999999994,0.0632270162779749,33.21530336715403
1.7999999999999998,0.36,1.2040000000000002,0.22291199999999994,0.09993561636832374,34.26923963159126
1.7999999999999998,0.36,1.4030000000000002,0.22291199999999994,0.13574449586822282,35.29734412484131
1.7999999999999998,0.36,1.6020000000000003,0.22291199999999994,0.17155337536812196,36.32544861809136
1.7999999999999998,0.36,1.8010000000000004,0.22291199999999994,0.20736225486802107,37.3535531113414
1.7999999999999998,0.36,2.0,0.22291199999999994,0.24317113436792007,38.381657604591446
1.7999999999999998,0.72,0.01,0.22291199999999994,0.0031422423391627963,31.490216547205364
1.7999999999999998,0.72,0.20900000000000002,0.22291199999999994,0.06135391940600146,33.161525104967026
1.7999999999999998,0.72,0.40800000000000003,0.22291199999999994,0.10519411940232454,34.420215888668515
1.7999999999999998,0.72,0.607,0.22291199999999994,0.16181011231980397,36.045710948027676
1.7999999999999998,0.72,0.806,0.22291199999999994,0.23723909752118302,38.211343598081626
1.7999999999999998,0.72,1.0050000000000001,0.22291199999999994,0.31077288208936155,40.32256336748095
1.7999999999999998,0.72,1.2040000000000002,0.22291199999999994,0.4579163476042023,44.54718195820276
1.7999999999999998,0.72,1.4030000000000002,0.22291199999999994,0.601453355630934,48.66825597562257
1.7999999999999998,0.72,1.6020000000000003,0.22291199999999994,0.744990363657666,52.78932999304237
1.7999999999999998,0.72,1.8010000000000004,0.22291199999999994,0.8885273716843979,56.91040401046219
1.7999999999999998,0.72,2.0,0.22291199999999994,1.0320643797111293,61.03147802788198
1.7999999999999998,1.08,0.01,0.22291199999999994,0.007094437326459123,31.603687548850388
1.7999999999999998,1.08,0.20900000000000002,0.22291199999999994,0.13938468786491034,35.40185724561901
1.7999999999999998,1.08,0.40800000000000003,0.22291199999999994,0.2546790391803853,38.7120596951015
1.7999999999999998,1.08,0.607,0.22291199999999994,0.40792022194853716,43.11174912284057
1.7999999999999998,1.08,0.806,0.22291199999999994,0.6007843268382931,48.64904756928777
1.7999999999999998,1.08,1.0050000000000001,0.22291199999999994,0.788802599946899,54.04721791406543
1.7999999999999998,1.08,1.2040000000000002,0.22291199999999994,1.1183127205847063,63.50774391572513
1.7999999999999998,1.08,1.4030000000000002,0.22291199999999994,1.4397466127755083,72.73639428008924
1.7999999999999998,1.08,1.6020000000000003,0.22291199999999994,1.76118050496631,81.96504464445334
1.7999999999999998,1.08,1.8010000000000004,0.22291199999999994,2.082614397157112,91.19369500881744
1.7999999999999998,1.08,2.0,0.22291199999999994,2.4040482893479136,100.42234537318154
1.7999999999999998,1.44,0.01,0.22291199999999994,0.012643190737308805,31.762997150080643
1.7999999999999998,1.44,0.20900000000000002,0.22291199999999994,0.2494988931240576,38.56333313591897
1.7999999999999998,1.44,0.40800000000000003,0.22291199999999994,0.47755179323792646,45.11093290950119
1.7999999999999998,1.44,0.607,0.22291199999999994,0.7861437257072434,53.970879291049194
1.7999999999999998,1.44,0.806,0.22291199999999994,1.1615420091646411,64.7488948941901
1.7999999999999998,1.44,1.0050000000000001,0.22291199999999994,1.5275081749472292,75.25610608519176
1.7999999999999998,1.44,1.2040000000000002,0.22291199999999994,2.1094729791282663,91.96482857100965
1.7999999999999998,1.44,1.4030000000000002,0.22291199999999994,2.6771739400695713,108.26402354492022
1.7999999999999998,1.44,1.6020000000000003,0.22291199999999994,3.244874901010877,124.5632185188308
1.7999999999999998,1.44,1.8010000000000004,0.22291199999999994,3.8125758619521815,140.86241349274135
1.7999999999999998,1.44,2.0,0.22291199999999994,4.380276822893485,157.1616084666519
1.7999999999999998,1.7999999999999998,0.01,0.22291199999999994,0.01979246534492462,31.96825912560794
1.7999999999999998,1.7999999999999998,0.20900000000000002,0.22291199999999994,0.3919212608904378,42.65240484899333
1.7999999999999998,1.7999999999999998,0.40800000000000003,0.22291199999999994,0.7782473967564378,53.74416872685724
1.7999999999999998,1.7999999999999998,0.607,0.22291199999999994,1.3077152554970315,68.94565763700922
1.7999999999999998,1.7999999999999998,0.806,0.22291199999999994,1.9369673142162673,87.01203888074267
1.7999999999999998,1.7999999999999998,1.0050000000000001,0.22291199999999994,2.5504090197013514,104.62449094749789
1.7999999999999998,1.7999999999999998,1.2040000000000002,0.22291199999999994,3.4532291196526574,130.54525178445758
1.7999999999999998,1.7999999999999998,1.4030000000000002,0.22291199999999994,4.333921275977706,155.8306998558055
1.7999999999999998,1.7999999999999998,1.6020000000000003,0.22291199999999994,5.214613432302754,181.11614792715346
1.7999999999999998,1.7999999999999998,1.8010000000000004,0.22291199999999994,6.095305588627801,206.40159599850134
1.7999999999999998,1.7999999999999998,2.0,0.22291199999999994,6.975997744952848,231.68704406984924
1.7999999999999998,2.16,0.01,0.22291199999999994,0.028545323565401407,32.21956140009765
1.7999999999999998,2.16,0.20900000000000002,0.22291199999999994,0.5668263023197564,47.67408275394075
1.7999999999999998,2.16,0.40800000000000003,0.22291199999999994,1.1604273678893555,64.71689256070502
1.7999999999999998,2.16,0.607,0.22291199999999994,1.98196373957485,88.3039259137195
1.7999999999999998,2.16,0.806,0.22291199999999994,2.9415953931118506,115.85579652919468
1.7999999999999998,2.16,1.0050000000000001,0.22291199999999994,3.877115698570032,142.71540908900465
1.7999999999999998,2.16,1.2040000000000002,0.22291199999999994,5.167644352642389,179.76762425042747
1.7999999999999998,2.16,1.4030000000000002,0.22291199999999994,6.426542402448266,215.91169688338405
1.7999999999999998,2.16,1.6020000000000003,0.22291199999999994,7.685440452254143,252.05576951634063
1.7999999999999998,2.16,1.8010000000000004,0.22291199999999994,8.944338502060022,288.19984214929724
1.7999999999999998,2.16,2.0,0.22291199999999994,10.203236551865896,324.34391478225365
1.7999999999999998,2.52,0.01,0.22291199999999994,0.038904264733129926,32.51697573164312
1.7999999999999998,2.52,0.20900000000000002,0.22291199999999994,0.774356983460311,53.632471532021555
1.7999999999999998,2.52,0.40800000000000003,0.22291199999999994,1.6272393081646974,78.11947482528561
1.7999999999999998,2.52,0.607,0.22291199999999994,2.8169444442844305,112.27695791801408
1.7999999999999998,2.52,0.806,0.22291199999999994,4.188004689170495,151.64130603418016
1.7999999999999998,2.52,1.0050000000000001,0.22291199999999994,5.524616184185051,190.01660017757825
1.7999999999999998,2.52,1.2040000000000002,0.22291199999999994,7.268275394538645,240.07859301000994
1.7999999999999998,2.52,1.4030000000000002,0.22291199999999994,8.969197859540436,288.9135762141957
1.7999999999999998,2.52,1.6020000000000003,0.22291199999999994,10.670120324542225,337.74855941838143
1.7999999999999998,2.52,1.8010000000000004,0.22291199999999994,12.371042789544017,386.5835426225672
1.7999999999999998,2.52,2.0,0.22291199999999994,14.071965254545804,435.4185258267529
1.7999999999999998,2.88,0.01,0.22291199999999994,0.050871401619061916,32.860562779760606
1.7999999999999998,2.88,0.20900000000000002,0.22291199999999994,1.0146345373451156,60.53105189047131
1.7999999999999998,2.88,0.40800000000000003,0.22291199999999994,2.1814606523729423,94.03165812153149
1.7999999999999998,2.88,0.607,0.22291199999999994,3.8197910246612476,141.06956717373666
1.7999999999999998,2.88,0.806,0.22291199999999994,5.687354836552094,194.68897032879974
1.7999999999999998,2.88,1.0050000000000001,0.22291199999999994,7.5079949345763355,246.96115229906218
1.7999999999999998,2.88,1.2040000000000002,0.22291199999999994,9.768871863904822,311.8729217314046
1.7999999999999998,2.88,1.4030000000000002,0.22291199999999994,11.974335143004668,375.1937164227582
1.7999999999999998,2.88,1.6020000000000003,0.22291199999999994,14.179798422104513,438.51451111411177
1.7999999999999998,2.88,1.8010000000000004,0.22291199999999994,16.38526170120436,501.8353058054654
1.7999999999999998,2.88,2.0,0.22291199999999994,18.5907249803042,565.1561004968188
1.7999999999999998,3.2399999999999998,0.01,0.22291199999999994,0.06444856479535356,33.250375101790226
1.7999999999999998,3.2399999999999998,0.20900000000000002,0.22291199999999994,1.2877642847167239,68.37284768064094
1.7999999999999998,3.2399999999999998,0.40800000000000003,0.22291199999999994,2.8255875799233663,112.52510996047563
1.7999999999999998,3.2399999999999998,0.607,0.22291199999999994,4.996934262040113,174.86638708125506
1.7999999999999998,3.2399999999999998,0.806,0.22291199999999994,7.449721529604983,245.2880714787535
1.7999999999999998,3.2399999999999998,1.0050000000000001,0.22291199999999994,9.840880976376765,313.9403668210383
1.7999999999999998,3.2399999999999998,1.2040000000000002,0.22291199999999994,12.68180911205874,395.50591765887856
1.7999999999999998,3.2399999999999998,1.4030000000000002,0.22291199999999994,15.453106656179884,475.0723128389286
1.7999999999999998,3.2399999999999998,1.6020000000000003,0.22291199999999994,18.224404200301027,554.6387080189786
1.7999999999999998,3.2399999999999998,1.8010000000000004,0.22291199999999994,20.995701744422163,634.2051031990285
1.7999999999999998,3.2399999999999998,2.0,0.22291199999999994,23.766999288543303,713.7714983790785
2.16,0.0,0.01,0.32099328000000005,0.0,34.216
2.16,0.0,0.20900000000000002,0.32099328000000005,0.0,34.216
2.16,0.0,0.40800000000000003,0.32099328000000005,0.0,34.216
2.16,0.0,0.607,0.32099328000000005,0.0,34.216
2.16,0.0,0.806,0.32099328000000005,0.0,34.216
2.16,0.0,1.0050000000000001,0.32099328000000005,0.0,34.216
2.16,0.0,1.2040000000000002,0.32099328000000005,0.0,34.216
2.16,0.0,1.4030000000000002,0.32099328000000005,0.0,34.216
2.16,0.0,1.6020000000000003,0.32099328000000005,0.0,34.216
2.16,0.0,1.8010000000000004,0.32099328000000005,0.0,34.216
2.16,0.0,2.0,0.32099328000000005,0.0,34.216
2.16,0.36,0.01,0.32099328000000005,0.0007809489806153925,34.238421733580694
2.16,0.36,0.20900000000000002,0.32099328000000005,0.01508797012313113,34.64918892113498
2.16,0.36,0.40800000000000003,0.32099328000000005,0.023323316497254807,34.8856329743685
2.16,0.36,0.607,0.32099328000000005,0.03330815542558906,35.172306500878236
2.16,0.36,0.806,0.32099328000000005,0.04845790939409996,35.60726929067184
2.16,0.36,1.0050000000000001,0.32099328000000005,0.0632270162779749,36.03130336715403
2.16,0.36,1.2040000000000002,0.32099328000000005,0.09993561636832374,37.085239631591264
2.16,0.36,1.4030000000000002,0.32099328000000005,0.13574449586822282,38.11334412484131
2.16,0.36,1.6020000000000003,0.32099328000000005,0.17155337536812196,39.14144861809136
2.16,0.36,1.8010000000000004,0.32099328000000005,0.20736225486802107,40.1695531113414
2.16,0.36,2.0,0.32099328000000005,0.24317113436792007,41.19765760459145
2.16,0.72,0.01,0.32099328000000005,0.0031422423391627963,34.306216547205366
2.16,0.72,0.20900000000000002,0.32099328000000005,0.06135391940600146,35.97752510496703
2.16,0.72,0.40800000000000003,0.32099328000000005,0.10519411940232454,37.23621588866852
2.16,0.72,0.607,0.32099328000000005,0.16181011231980397,38.86171094802768
2.16,0.72,0.806,0.32099328000000005,0.23723909752118302,41.02734359808163
2.16,0.72,1.0050000000000001,0.32099328000000005,0.31077288208936155,43.138563367480955
2.16,0.72,1.2040000000000002,0.32099328000000005,0.4579163476042023,47.363181958202766
2.16,0.72,1.4030000000000002,0.32099328000000005,0.601453355630934,51.484255975622574
2.16,0.72,1.6020000000000003,0.32099328000000005,0.744990363657666,55.60532999304238
2.16,0.72,1.8010000000000004,0.32099328000000005,0.8885273716843979,59.72640401046218
2.16,0.72,2.0,0.32099328000000005,1.0320643797111293,63.847478027881984
2.16,1.08,0.01,0.32099328000000005,0.007094437326459123,34.41968754885039
2.16,1.08,0.20900000000000002,0.32099328000000005,0.13938468786491034,38.217857245619015
2.16,1.08,0.40800000000000003,0.32099328000000005,0.2546790391803853,41.528059695101504
2.16,1.08,0.607,0.32099328000000005,0.40792022194853716,45.92774912284058
2.16,1.08,0.806,0.32099328000000005,0.6007843268382931,51.465047569287776
2.16,1.08,1.0050000000000001,0.32099328000000005,0.788802599946899,56.86321791406543
2.16,1.08,1.2040000000000002,0.32099328000000005,1.1183127205847063,66.32374391572513
2.16,1.08,1.4030000000000002,0.32099328000000005,1.4397466127755083,75.55239428008925
2.16,1.08,1.6020000000000003,0.32099328000000005,1.76118050496631,84.78104464445335
2.16,1.08,1.8010000000000004,0.32099328000000005,2.082614397157112,94.00969500881746
2.16,1.08,2.0,0.32099328000000005,2.4040482893479136,103.23834537318156
2.16,1.44,0.01,0.32099328000000005,0.012643190737308805,34.578997150080646
2.16,1.44,0.20900000000000002,0.32099328000000005,0.2494988931240576,41.37933313591897
2.16,1.44,0.40800000000000003,0.32099328000000005,0.47755179323792646,47.92693290950119
2.16,1.44,0.607,0.32099328000000005,0.7861437257072434,56.7868792910492
2.16,1.44,0.806,0.32099328000000005,1.1615420091646411,67.5648948941901
2.16,1.44,1.0050000000000001,0.32099328000000005,1.5275081749472292,78.07210608519176
2.16,1.44,1.2040000000000002,0.32099328000000005,2.1094729791282663,94.78082857100965
2.16,1.44,1.4030000000000002,0.32099328000000005,2.6771739400695713,111.08002354492022
2.16,1.44,1.6020000000000003,0.32099328000000005,3.244874901010877,127.37921851883081
2.16,1.44,1.8010000000000004,0.32099328000000005,3.8125758619521815,143.67841349274136
2.16,1.44,2.0,0.32099328000000005,4.380276822893485,159.9776084666519
2.16,1.7999999999999998,0.01,0.32099328000000005,0.01979246534492462,34.784259125607946
2.16,1.7999999999999998,0.20900000000000002,0.32099328000000005,0.3919212608904378,45.46840484899333
2.16,1.7999999999999998,0.40800000000000003,0.32099328000000005,0.7782473967564378,56.56016872685725
2.16,1.7999999999999998,0.607,0.32099328000000005,1.3077152554970315,71.76165763700922
2.16,1.7999999999999998,0.806,0.32099328000000005,1.9369673142162673,89.82803888074268
2.16,1.7999999999999998,1.0050000000000001,0.32099328000000005,2.5504090197013514,107.44049094749789
2.16,1.7999999999999998,1.2040000000000002,0.32099328000000005,3.4532291196526574,133.36125178445758
2.16,1.7999999999999998,1.4030000000000002,0.32099328000000005,4.333921275977706,158.64669985580548
2.16,1.7999999999999998,1.6020000000000003,0.32099328000000005,5.214613432302754,183.93214792715344
2.16,1.7999999999999998,1.8010000000000004,0.32099328000000005,6.095305588627801,209.21759599850134
2.16,1.7999999999999998,2.0,0.32099328000000005,6.975997744952848,234.5030440698492
2.16,2.16,0.01,0.32099328000000005,0.028545323565401407,35.035561400097656
2.16,2.16,0.20900000000000002,0.32099328000000005,0.5668263023197564,50.490082753940754
2.16,2.16,0.40800000000000003,0.32099328000000005,1.1604273678893555,67.53289256070502
2.16,2.16,0.607,0.32099328000000005,1.98196373957485,91.1199259137195
2.16,2.16,0.806,0.32099328000000005,2.9415953931118506,118.67179652919468
2.16,2.16,1.0050000000000001,0.32099328000000005,3.877115698570032,145.53140908900463
2.16,2.16,1.2040000000000002,0.32099328000000005,5.167644352642389,182.58362425042748
2.16,2.16,1.4030000000000002,0.32099328000000005,6.426542402448266,218.72769688338403
2.16,2.16,1.6020000000000003,0.32099328000000005,7.685440452254143,254.8717695163406
2.16,2.16,1.8010000000000004,0.32099328000000005,8.944338502060022,291.0158421492972
2.16,2.16,2.0,0.32099328000000005,10.203236551865896,327.1599147822537
2.16,2.52,0.01,0.32099328000000005,0.038904264733129926,35.332975731643124
2.16,2.52,0.20900000000000002,0.32099328000000005,0.774356983460311,56.44847153202156
2.16,2.52,0.40800000000000003,0.32099328000000005,1.6272393081646974,80.93547482528561
2.16,2.52,0.607,0.32099328000000005,2.8169444442844305,115.0929579180141
2.16,2.52,0.806,0.32099328000000005,4.188004689170495,154.45730603418016
2.16,2.52,1.0050000000000001,0.32099328000000005,5.524616184185051,192.83260017757826
2.16,2.52,1.2040000000000002,0.32099328000000005,7.268275394538645,242.8945930100099
2.16,2.52,1.4030000000000002,0.32099328000000005,8.969197859540436,291.72957621419573
2.16,2.52,1.6020000000000003,0.32099328000000005,10.670120324542225,340.56455941838146
2.16,2.52,1.8010000000000004,0.32099328000000005,12.371042789544017,389.39954262256725
2.16,2.52,2.0,0.32099328000000005,14.071965254545804,438.2345258267529
2.16,2.88,0.01,0.32099328000000005,0.050871401619061916,35.67656277976061
2.16,2.88,0.20900000000000002,0.32099328000000005,1.0146345373451156,63.347051890471306
2.16,2.88,0.40800000000000003,0.32099328000000005,2.1814606523729423,96.84765812153151
2.16,2.88,0.607,0.32099328000000005,3.8197910246612476,143.88556717373666
2.16,2.88,0.806,0.32099328000000005,5.687354836552094,197.50497032879971
2.16,2.88,1.0050000000000001,0.32099328000000005,7.5079949345763355,249.77715229906215
2.16,2.88,1.2040000000000002,0.32099328000000005,9.768871863904822,314.6889217314046
2.16,2.88,1.4030000000000002,0.32099328000000005,11.974335143004668,378.00971642275823
2.16,2.88,1.6020000000000003,0.32099328000000005,14.179798422104513,441.3305111141118
2.16,2.88,1.8010000000000004,0.32099328000000005,16.38526170120436,504.65130580546537
2.16,2.88,2.0,0.32099328000000005,18.5907249803042,567.9721004968188
2.16,3.2399999999999998,0.01,0.32099328000000005,0.06444856479535356,36.06637510179023
2.16,3.2399999999999998,0.20900000000000002,0.32099328000000005,1.2877642847167239,71.18884768064095
2.16,3.2399999999999998,0.40800000000000003,0.32099328000000005,2.8255875799233663,115.34110996047563
2.16,3.2399999999999998,0.607,0.32099328000000005,4.996934262040113,177.68238708125503
2.16,3.2399999999999998,0.806,0.32099328000000005,7.449721529604983,248.10407147875347
2.16,3.2399999999999998,1.0050000000000001,0.32099328000000005,9.840880976376765,316.75636682103834
2.16,3.2399999999999998,1.2040000000000002,0.32099328000000005,12.68180911205874,398.32191765887853
2.16,3.2399999999999998,1.4030000000000002,0.32099328000000005,15.453106656179884,477.88831283892864
2.16,3.2399999999999998,1.6020000000000003,0.32099328000000005,18.224404200301027,557.4547080189786
2.16,3.2399999999999998,1.8010000000000004,0.32099328000000005,20.995701744422163,637.0211031990285
2.16,3.2399999999999998,2.0,0.32099328000000005,23.766999288543303,716.5874983790784
2.52,0.0,0.01,0.43690752000000005,0.0,37.544
2.52,0.0,0.20900000000000002,0.43690752000000005,0.0,37.544
2.52,0.0,0.40800000000000003,0.43690752000000005,0.0,37.544
2.52,0.0,0.607,0.43690752000000005,0.0,37.544
2.52,0.0,0.806,0.43690752000000005,0.0,37.544
2.52,0.0,1.0050000000000001,0.43690752000000005,0.0,37.544
2.52,0.0,1.2040000000000002,0.43690752000000005,0.0,37.544
2.52,0.0,1.4030000000000002,0.43690752000000005,0.0,37.544
2.52,0.0,1.6020000000000003,0.43690752000000005,0.0,37.544
2.52,0.0,1.8010000000000004,0.43690752000000005,0.0,37.544
2.52,0.0,2.0,0.43690752000000005,0.0,37.544
2.52,0.36,0.01,0.43690752000000005,0.0007809489806153925,37.56642173358069
2.52,0.36,0.20900000000000002,0.43690752000000005,0.01508797012313113,37.977188921134974
2.52,0.36,0.40800000000000003,0.43690752000000005,0.023323316497254807,38.2136329743685
2.52,0.36,0.607,0.43690752000000005,0.03330815542558906,38.50030650087824
2.52,0.36,0.806,0.43690752000000005,0.04845790939409996,38.93526929067183
2.52,0.36,1.0050000000000001,0.43690752000000005,0.0632270162779749,39.359303367154034
2.52,0.36,1.2040000000000002,0.43690752000000005,0.09993561636832374,40.41323963159127
2.52,0.36,1.4030000000000002,0.43690752000000005,0.13574449586822282,41.44134412484131
2.52,0.36,1.6020000000000003,0.43690752000000005,0.17155337536812196,42.46944861809136
2.52,0.36,1.8010000000000004,0.43690752000000005,0.20736225486802107,43.497553111341404
2.52,0.36,2.0,0.43690752000000005,0.24317113436792007,44.525657604591444
2.52,0.72,0.01,0.43690752000000005,0.0031422423391627963,37.63421654720536
2.52,0.72,0.20900000000000002,0.43690752000000005,0.06135391940600146,39.305525104967025
2.52,0.72,0.40800000000000003,0.43690752000000005,0.10519411940232454,40.56421588866852
2.52,0.72,0.607,0.43690752000000005,0.16181011231980397,42.18971094802768
2.52,0.72,0.806,0.43690752000000005,0.23723909752118302,44.35534359808163
2.52,0.72,1.0050000000000001,0.43690752000000005,0.31077288208936155,46.46656336748095
2.52,0.72,1.2040000000000002,0.43690752000000005,0.4579163476042023,50.69118195820277
2.52,0.72,1.4030000000000002,0.43690752000000005,0.601453355630934,54.81225597562257
2.52,0.72,1.6020000000000003,0.43690752000000005,0.744990363657666,58.93332999304238
2.52,0.72,1.8010000000000004,0.43690752000000005,0.8885273716843979,63.054404010462186
2.52,0.72,2.0,0.43690752000000005,1.0320643797111293,67.17547802788198
2.52,1.08,0.01,0.43690752000000005,0.007094437326459123,37.747687548850394
2.52,1.08,0.20900000000000002,0.43690752000000005,0.13938468786491034,41.54585724561902
2.52,1.08,0.40800000000000003,0.43690752000000005,0.2546790391803853,44.85605969510151
2.52,1.08,0.607,0.43690752000000005,0.40792022194853716,49.25574912284057
2.52,1.08,0.806,0.43690752000000005,0.6007843268382931,54.793047569287765
2.52,1.08,1.0050000000000001,0.43690752000000005,0.788802599946899,60.19121791406543
2.52,1.08,1.2040000000000002,0.43690752000000005,1.1183127205847063,69.65174391572512
2.52,1.08,1.4030000000000002,0.43690752000000005,1.4397466127755083,78.88039428008923
2.52,1.08,1.6020000000000003,0.43690752000000005,1.76118050496631,88.10904464445335
2.52,1.08,1.8010000000000004,0.43690752000000005,2.082614397157112,97.33769500881746
2.52,1.08,2.0,0.43690752000000005,2.4040482893479136,106.56634537318156
2.52,1.44,0.01,0.43690752000000005,0.012643190737308805,37.90699715008064
2.52,1.44,0.20900000000000002,0.43690752000000005,0.2494988931240576,44.707333135918965
2.52,1.44,0.40800000000000003,0.43690752000000005,0.47755179323792646,51.25493290950119
2.52,1.44,0.607,0.43690752000000005,0.7861437257072434,60.11487929104919
2.52,1.44,0.806,0.43690752000000005,1.1615420091646411,70.89289489419009
2.52,1.44,1.0050000000000001,0.43690752000000005,1.5275081749472292,81.40010608519177
2.52,1.44,1.2040000000000002,0.43690752000000005,2.1094729791282663,98.10882857100965
2.52,1.44,1.4030000000000002,0.43690752000000005,2.6771739400695713,114.40802354492023
2.52,1.44,1.6020000000000003,0.43690752000000005,3.244874901010877,130.7072185188308
2.52,1.44,1.8010000000000004,0.43690752000000005,3.8125758619521815,147.0064134927414
2.52,1.44,2.0,0.43690752000000005,4.380276822893485,163.30560846665188
2.52,1.7999999999999998,0.01,0.43690752000000005,0.01979246534492462,38.11225912560794
2.52,1.7999999999999998,0.20900000000000002,0.43690752000000005,0.3919212608904378,48.79640484899333
2.52,1.7999999999999998,0.40800000000000003,0.43690752000000005,0.7782473967564378,59.888168726857245
2.52,1.7999999999999998,0.607,0.43690752000000005,1.3077152554970315,75.08965763700922
2.52,1.7999999999999998,0.806,0.43690752000000005,1.9369673142162673,93.15603888074268
2.52,1.7999999999999998,1.0050000000000001,0.43690752000000005,2.5504090197013514,110.7684909474979
2.52,1.7999999999999998,1.2040000000000002,0.43690752000000005,3.4532291196526574,136.68925178445758
2.52,1.7999999999999998,1.4030000000000002,0.43690752000000005,4.333921275977706,161.97469985580548
2.52,1.7999999999999998,1.6020000000000003,0.43690752000000005,5.214613432302754,187.26014792715344
2.52,1.7999999999999998,1.8010000000000004,0.43690752000000005,6.095305588627801,212.54559599850134
2.52,1.7999999999999998,2.0,0.43690752000000005,6.975997744952848,237.8310440698492
2.52,2.16,0.01,0.43690752000000005,0.028545323565401407,38.36356140009766
2.52,2.16,0.20900000000000002,0.43690752000000005,0.5668263023197564,53.81808275394076
2.52,2.16,0.40800000000000003,0.43690752000000005,1.1604273678893555,70.86089256070501
2.52,2.16,0.607,0.43690752000000005,1.98196373957485,94.4479259137195
2.52,2.16,0.806,0.43690752000000005,2.9415953931118506,121.99979652919468
2.52,2.16,1.0050000000000001,0.43690752000000005,3.877115698570032,148.85940908900466
2.52,2.16,1.2040000000000002,0.43690752000000005,5.167644352642389,185.91162425042748
2.52,2.16,1.4030000000000002,0.43690752000000005,6.426542402448266,222.05569688338403
2.52,2.16,1.6020000000000003,0.43690752000000005,7.685440452254143,258.1997695163406
2.52,2.16,1.8010000000000004,0.43690752000000005,8.944338502060022,294.34384214929725
2.52,2.16,2.0,0.43690752000000005,10.203236551865896,330.4879147822537
2.52,2.52,0.01,0.43690752000000005,0.038904264733129926,38.66097573164312
2.52,2.52,0.20900000000000002,0.43690752000000005,0.774356983460311,59.77647153202156
2.52,2.52,0.40800000000000003,0.43690752000000005,1.6272393081646974,84.26347482528561
2.52,2.52,0.607,0.43690752000000005,2.8169444442844305,118.4209579180141
2.52,2.52,0.806,0.43690752000000005,4.188004689170495,157.78530603418017
2.52,2.52,1.0050000000000001,0.43690752000000005,5.524616184185051,196.16060017757826
2.52,2.52,1.2040000000000002,0.43690752000000005,7.268275394538645,246.22259301000992
2.52,2.52,1.4030000000000002,0.43690752000000005,8.969197859540436,295.0575762141957
2.52,2.52,1.6020000000000003,0.43690752000000005,10.670120324542225,343.89255941838144
2.52,2.52,1.8010000000000004,0.43690752000000005,12.371042789544017,392.7275426225673
2.52,2.52,2.0,0.43690752000000005,14.071965254545804,441.5625258267529
2.52,2.88,0.01,0.43690752000000005,0.050871401619061916,39.004562779760604
2.52,2.88,0.20900000000000002,0.43690752000000005,1.0146345373451156,66.67505189047131
2.52,2.88,0.40800000000000003,0.43690752000000005,2.1814606523729423,100.17565812153151
2.52,2.88,0.607,0.43690752000000005,3.8197910246612476,147.21356717373666
2.52,2.88,0.806,0.43690752000000005,5.687354836552094,200.83297032879972
2.52,2.88,1.0050000000000001,0.43690752000000005,7.5079949345763355,253.10515229906215
2.52,2.88,1.2040000000000002,0.43690752000000005,9.768871863904822,318.01692173140464
2.52,2.88,1.4030000000000002,0.43690752000000005,11.974335143004668,381.3377164227582
2.52,2.88,1.6020000000000003,0.43690752000000005,14.179798422104513,444.6585111141118
2.52,2.88,1.8010000000000004,0.43690752000000005,16.38526170120436,507.9793058054654
2.52,2.88,2.0,0.43690752000000005,18.5907249803042,571.3001004968188
2.52,3.2399999999999998,0.01,0.43690752000000005,0.06444856479535356,39.394375101790224
2.52,3.2399999999999998,0.20900000000000002,0.43690752000000005,1.2877642847167239,74.51684768064095
2.52,3.2399999999999998,0.40800000000000003,0.43690752000000005,2.8255875799233663,118.66910996047564
2.52,3.2399999999999998,0.607,0.43690752000000005,4.996934262040113,181.01038708125503
2.52,3.2399999999999998,0.806,0.43690752000000005,7.449721529604983,251.43207147875347
2.52,3.2399999999999998,1.0050000000000001,0.43690752000000005,9.840880976376765,320.0843668210383
2.52,3.2399999999999998,1.2040000000000002,0.43690752000000005,12.68180911205874,401.64991765887856
2.52,3.2399999999999998,1.4030000000000002,0.43690752000000005,15.453106656179884,481.2163128389286
2.52,3.2399999999999998,1.6020000000000003,0.43690752000000005,18.224404200301027,560.7827080189786
2.52,3.2399999999999998,1.8010000000000004,0.43690752000000005,20.995701744422163,640.3491031990285
2.52,3.2399999999999998,2.0,0.43690752000000005,23.766999288543303,719.9154983790785
2.88,0.0,0.01,0.57065472,0.0,41.384
2.88,0.0,0.20900000000000002,0.57065472,0.0,41.384
2.88,0.0,0.40800000000000003,0.57065472,0.0,41.384
2.88,0.0,0.607,0.57065472,0.0,41.384
2.88,0.0,0.806,0.57065472,0.0,41.384
2.88,0.0,1.0050000000000001,0.57065472,0.0,41.384
2.88,0.0,1.2040000000000002,0.57065472,0.0,41.384
2.88,0.0,1.4030000000000002,0.57065472,0.0,41.384
2.88,0.0,1.6020000000000003,0.57065472,0.0,41.384
2.88,0.0,1.8010000000000004,0.57065472,0.0,41.384
2.88,0.0,2.0,0.57065472,0.0,41.384
2.88,0.36,0.01,0.57065472,0.0007809489806153925,41.406421733580686
2.88,0.36,0.20900000000000002,0.57065472,0.01508797012313113,41.81718892113497
2.88,0.36,0.40800000000000003,0.57065472,0.023323316497254807,42.0536329743685
2.88,0.36,0.607,0.57065472,0.03330815542558906,42.34030650087824
2.88,0.36,0.806,0.57065472,0.04845790939409996,42.77526929067183
2.88,0.36,1.0050000000000001,0.57065472,0.0632270162779749,43.19930336715403
2.88,0.36,1.2040000000000002,0.57065472,0.09993561636832374,44.25323963159126
2.88,0.36,1.4030000000000002,0.57065472,0.13574449586822282,45.28134412484131
2.88,0.36,1.6020000000000003,0.57065472,0.17155337536812196,46.30944861809135
2.88,0.36,1.8010000000000004,0.57065472,0.20736225486802107,47.33755311134141
2.88,0.36,2.0,0.57065472,0.24317113436792007,48.36565760459145
2.88,0.72,0.01,0.57065472,0.0031422423391627963,41.47421654720536
2.88,0.72,0.20900000000000002,0.57065472,0.06135391940600146,43.14552510496702
2.88,0.72,0.40800000000000003,0.57065472,0.10519411940232454,44.40421588866852
2.88,0.72,0.607,0.57065472,0.16181011231980397,46.02971094802767
2.88,0.72,0.806,0.57065472,0.23723909752118302,48.19534359808162
2.88,0.72,1.0050000000000001,0.57065472,0.31077288208936155,50.30656336748095
2.88,0.72,1.2040000000000002,0.57065472,0.4579163476042023,54.531181958202765
2.88,0.72,1.4030000000000002,0.57065472,0.601453355630934,58.652255975622566
2.88,0.72,1.6020000000000003,0.57065472,0.744990363657666,62.773329993042374
2.88,0.72,1.8010000000000004,0.57065472,0.8885273716843979,66.89440401046218
2.88,0.72,2.0,0.57065472,1.0320643797111293,71.01547802788198
2.88,1.08,0.01,0.57065472,0.007094437326459123,41.58768754885039
2.88,1.08,0.20900000000000002,0.57065472,0.13938468786491034,45.38585724561902
2.88,1.08,0.40800000000000003,0.57065472,0.2546790391803853,48.696059695101496
2.88,1.08,0.607,0.57065472,0.40792022194853716,53.09574912284057
2.88,1.08,0.806,0.57065472,0.6007843268382931,58.63304756928777
2.88,1.08,1.0050000000000001,0.57065472,0.788802599946899,64.03121791406544
2.88,1.08,1.2040000000000002,0.57065472,1.1183127205847063,73.49174391572512
2.88,1.08,1.4030000000000002,0.57065472,1.4397466127755083,82.72039428008924
2.88,1.08,1.6020000000000003,0.57065472,1.76118050496631,91.94904464445335
2.88,1.08,1.8010000000000004,0.57065472,2.082614397157112,101.17769500881745
2.88,1.08,2.0,0.57065472,2.4040482893479136,110.40634537318155
2.88,1.44,0.01,0.57065472,0.012643190737308805,41.746997150080645
2.88,1.44,0.20900000000000002,0.57065472,0.2494988931240576,48.54733313591896
2.88,1.44,0.40800000000000003,0.57065472,0.47755179323792646,55.09493290950119
2.88,1.44,0.607,0.57065472,0.7861437257072434,63.954879291049195
2.88,1.44,0.806,0.57065472,1.1615420091646411,74.7328948941901
2.88,1.44,1.0050000000000001,0.57065472,1.5275081749472292,85.24010608519177
2.88,1.44,1.2040000000000002,0.57065472,2.1094729791282663,101.94882857100966
2.88,1.44,1.4030000000000002,0.57065472,2.6771739400695713,118.24802354492023
2.88,1.44,1.6020000000000003,0.57065472,3.244874901010877,134.5472185188308
2.88,1.44,1.8010000000000004,0.57065472,3.8125758619521815,150.84641349274136
2.88,1.44,2.0,0.57065472,4.380276822893485,167.1456084666519
2.88,1.7999999999999998,0.01,0.57065472,0.01979246534492462,41.95225912560794
2.88,1.7999999999999998,0.20900000000000002,0.57065472,0.3919212608904378,52.63640484899334
2.88,1.7999999999999998,0.40800000000000003,0.57065472,0.7782473967564378,63.72816872685725
2.88,1.7999999999999998,0.607,0.57065472,1.3077152554970315,78.92965763700923
2.88,1.7999999999999998,0.806,0.57065472,1.9369673142162673,96.99603888074267
2.88,1.7999999999999998,1.0050000000000001,0.57065472,2.5504090197013514,114.60849094749788
2.88,1.7999999999999998,1.2040000000000002,0.57065472,3.4532291196526574,140.52925178445759
2.88,1.7999999999999998,1.4030000000000002,0.57065472,4.333921275977706,165.81469985580551
2.88,1.7999999999999998,1.6020000000000003,0.57065472,5.214613432302754,191.10014792715347
2.88,1.7999999999999998,1.8010000000000004,0.57065472,6.095305588627801,216.38559599850134
2.88,1.7999999999999998,2.0,0.57065472,6.975997744952848,241.67104406984924
2.88,2.16,0.01,0.57065472,0.028545323565401407,42.203561400097655
2.88,2.16,0.20900000000000002,0.57065472,0.5668263023197564,57.658082753940754
2.88,2.16,0.40800000000000003,0.57065472,1.1604273678893555,74.700892560705
2.88,2.16,0.607,0.57065472,1.98196373957485,98.28792591371949
2.88,2.16,0.806,0.57065472,2.9415953931118506,125.83979652919467
2.88,2.16,1.0050000000000001,0.57065472,3.877115698570032,152.69940908900463
2.88,2.16,1.2040000000000002,0.57065472,5.167644352642389,189.75162425042745
2.88,2.16,1.4030000000000002,0.57065472,6.426542402448266,225.89569688338403
2.88,2.16,1.6020000000000003,0.57065472,7.685440452254143,262.0397695163406
2.88,2.16,1.8010000000000004,0.57065472,8.944338502060022,298.1838421492972
2.88,2.16,2.0,0.57065472,10.203236551865896,334.3279147822537
2.88,2.52,0.01,0.57065472,0.038904264733129926,42.50097573164312
2.88,2.52,0.20900000000000002,0.57065472,0.774356983460311,63.616471532021556
2.88,2.52,0.40800000000000003,0.57065472,1.6272393081646974,88.10347482528559
2.88,2.52,0.607,0.57065472,2.8169444442844305,122.26095791801409
2.88,2.52,0.806,0.57065472,4.188004689170495,161.62530603418017
2.88,2.52,1.0050000000000001,0.57065472,5.524616184185051,200.00060017757824
2.88,2.52,1.2040000000000002,0.57065472,7.268275394538645,250.06259301000992
2.88,2.52,1.4030000000000002,0.57065472,8.969197859540436,298.89757621419574
2.88,2.52,1.6020000000000003,0.57065472,10.670120324542225,347.73255941838147
2.88,2.52,1.8010000000000004,0.57065472,12.371042789544017,396.56754262256726
2.88,2.52,2.0,0.57065472,14.071965254545804,445.4025258267529
2.88,2.88,0.01,0.57065472,0.050871401619061916,42.84456277976061
2.88,2.88,0.20900000000000002,0.57065472,1.0146345373451156,70.51505189047131
2.88,2.88,0.40800000000000003,0.57065472,2.1814606523729423,104.0156581215315
2.88,2.88,0.607,0.57065472,3.8197910246612476,151.05356717373667
2.88,2.88,0.806,0.57065472,5.687354836552094,204.67297032879975
2.88,2.88,1.0050000000000001,0.57065472,7.5079949345763355,256.94515229906216
2.88,2.88,1.2040000000000002,0.57065472,9.768871863904822,321.8569217314046
2.88,2.88,1.4030000000000002,0.57065472,11.974335143004668,385.1777164227582
2.88,2.88,1.6020000000000003,0.57065472,14.179798422104513,448.4985111141118
2.88,2.88,1.8010000000000004,0.57065472,16.38526170120436,511.8193058054653
2.88,2.88,2.0,0.57065472,18.5907249803042,575.1401004968188
2.88,3.2399999999999998,0.01,0.57065472,0.06444856479535356,43.23437510179023
2.88,3.2399999999999998,0.20900000000000002,0.57065472,1.2877642847167239,78.35684768064094
2.88,3.2399999999999998,0.40800000000000003,0.57065472,2.8255875799233663,122.50910996047563
2.88,3.2399999999999998,0.607,0.57065472,4.996934262040113,184.85038708125506
2.88,3.2399999999999998,0.806,0.57065472,7.449721529604983,255.27207147875347
2.88,3.2399999999999998,1.0050000000000001,0.57065472,9.840880976376765,323.9243668210383
2.88,3.2399999999999998,1.2040000000000002,0.57065472,12.68180911205874,405.48991765887854
2.88,3.2399999999999998,1.4030000000000002,0.57065472,15.453106656179884,485.0563128389286
2.88,3.2399999999999998,1.6020000000000003,0.57065472,18.224404200301027,564.6227080189785
2.88,3.2399999999999998,1.8010000000000004,0.57065472,20.995701744422163,644.1891031990285
2.88,3.2399999999999998,2.0,0.57065472,23.766999288543303,723.7554983790784
3.2399999999999998,0.0,0.01,0.7222348799999999,0.0,45.736
3.2399999999999998,0.0,0.20900000000000002,0.7222348799999999,0.0,45.736
3.2399999999999998,0.0,0.40800000000000003,0.7222348799999999,0.0,45.736
3.2399999999999998,0.0,0.607,0.7222348799999999,0.0,45.736
3.2399999999999998,0.0,0.806,0.7222348799999999,0.0,45.736
3.2399999999999998,0.0,1.0050000000000001,0.7222348799999999,0.0,45.736
3.2399999999999998,0.0,1.2040000000000002,0.7222348799999999,0.0,45.736
3.2399999999999998,0.0,1.4030000000000002,0.7222348799999999,0.0,45.736
3.2399999999999998,0.0,1.6020000000000003,0.7222348799999999,0.0,45.736
3.2399999999999998,0.0,1.8010000000000004,0.7222348799999999,0.0,45.736
3.2399999999999998,0.0,2.0,0.7222348799999999,0.0,45.736
3.2399999999999998,0.36,0.01,0.7222348799999999,0.0007809489806153925,45.75842173358069
3.2399999999999998,0.36,0.20900000000000002,0.7222348799999999,0.01508797012313113,46.169188921134975
3.2399999999999998,0.36,0.40800000000000003,0.7222348799999999,0.023323316497254807,46.405632974368494
3.2399999999999998,0.36,0.607,0.7222348799999999,0.03330815542558906,46.69230650087823
3.2399999999999998,0.36,0.806,0.7222348799999999,0.04845790939409996,47.12726929067183
3.2399999999999998,0.36,1.0050000000000001,0.7222348799999999,0.0632270162779749,47.55130336715403
3.2399999999999998,0.36,1.2040000000000002,0.7222348799999999,0.09993561636832374,48.60523963159126
3.2399999999999998,0.36,1.4030000000000002,0.7222348799999999,0.13574449586822282,49.6333441248413
3.2399999999999998,0.36,1.6020000000000003,0.7222348799999999,0.17155337536812196,50.661448618091356
3.2399999999999998,0.36,1.8010000000000004,0.7222348799999999,0.20736225486802107,51.6895531113414
3.2399999999999998,0.36,2.0,0.7222348799999999,0.24317113436792007,52.717657604591444
3.2399999999999998,0.72,0.01,0.7222348799999999,0.0031422423391627963,45.82621654720536
3.2399999999999998,0.72,0.20900000000000002,0.7222348799999999,0.06135391940600146,47.49752510496702
3.2399999999999998,0.72,0.40800000000000003,0.7222348799999999,0.10519411940232454,48.756215888668514
3.2399999999999998,0.72,0.607,0.7222348799999999,0.16181011231980397,50.381710948027674
3.2399999999999998,0.72,0.806,0.7222348799999999,0.23723909752118302,52.547343598081625
3.2399999999999998,0.72,1.0050000000000001,0.7222348799999999,0.31077288208936155,54.65856336748095
3.2399999999999998,0.72,1.2040000000000002,0.7222348799999999,0.4579163476042023,58.88318195820276
3.2399999999999998,0.72,1.4030000000000002,0.7222348799999999,0.601453355630934,63.00425597562256
3.2399999999999998,0.72,1.6020000000000003,0.7222348799999999,0.744990363657666,67.12532999304239
3.2399999999999998,0.72,1.8010000000000004,0.7222348799999999,0.8885273716843979,71.24640401046219
3.2399999999999998,0.72,2.0,0.7222348799999999,1.0320643797111293,75.36747802788199
3.2399999999999998,1.08,0.01,0.7222348799999999,0.007094437326459123,45.93968754885039
3.2399999999999998,1.08,0.20900000000000002,0.7222348799999999,0.13938468786491034,49.73785724561901
3.2399999999999998,1.08,0.40800000000000003,0.7222348799999999,0.2546790391803853,53.0480596951015
3.2399999999999998,1.08,0.607,0.7222348799999999,0.40792022194853716,57.44774912284057
3.2399999999999998,1.08,0.806,0.7222348799999999,0.6007843268382931,62.98504756928777
3.2399999999999998,1.08,1.0050000000000001,0.7222348799999999,0.788802599946899,68.38321791406543
3.2399999999999998,1.08,1.2040000000000002,0.7222348799999999,1.1183127205847063,77.84374391572513
3.2399999999999998,1.08,1.4030000000000002,0.7222348799999999,1.4397466127755083,87.07239428008924
3.2399999999999998,1.08,1.6020000000000003,0.7222348799999999,1.76118050496631,96.30104464445334
3.2399999999999998,1.08,1.8010000000000004,0.7222348799999999,2.082614397157112,105.52969500881746
3.2399999999999998,1.08,2.0,0.7222348799999999,2.4040482893479136,114.75834537318156
3.2399999999999998,1.44,0.01,0.7222348799999999,0.012643190737308805,46.098997150080635
3.2399999999999998,1.44,0.20900000000000002,0.7222348799999999,0.2494988931240576,52.899333135918965
3.2399999999999998,1.44,0.40800000000000003,0.7222348799999999,0.47755179323792646,59.446932909501186
3.2399999999999998,1.44,0.607,0.7222348799999999,0.7861437257072434,68.3068792910492
3.2399999999999998,1.44,0.806,0.7222348799999999,1.1615420091646411,79.08489489419009
3.2399999999999998,1.44,1.0050000000000001,0.7222348799999999,1.5275081749472292,89.59210608519176
3.2399999999999998,1.44,1.2040000000000002,0.7222348799999999,2.1094729791282663,106.30082857100965
3.2399999999999998,1.44,1.4030000000000002,0.7222348799999999,2.6771739400695713,122.60002354492022
3.2399999999999998,1.44,1.6020000000000003,0.7222348799999999,3.244874901010877,138.8992185188308
3.2399999999999998,1.44,1.8010000000000004,0.7222348799999999,3.8125758619521815,155.19841349274134
3.2399999999999998,1.44,2.0,0.7222348799999999,4.380276822893485,171.49760846665188
3.2399999999999998,1.7999999999999998,0.01,0.7222348799999999,0.01979246534492462,46.30425912560794
3.2399999999999998,1.7999999999999998,0.20900000000000002,0.7222348799999999,0.3919212608904378,56.988404848993326
3.2399999999999998,1.7999999999999998,0.40800000000000003,0.7222348799999999,0.7782473967564378,68.08016872685724
3.2399999999999998,1.7999999999999998,0.607,0.7222348799999999,1.3077152554970315,83.28165763700922
3.2399999999999998,1.7999999999999998,0.806,0.7222348799999999,1.9369673142162673,101.34803888074268
3.2399999999999998,1.7999999999999998,1.0050000000000001,0.7222348799999999,2.5504090197013514,118.96049094749789
3.2399999999999998,1.7999999999999998,1.2040000000000002,0.7222348799999999,3.4532291196526574,144.88125178445756
3.2399999999999998,1.7999999999999998,1.4030000000000002,0.7222348799999999,4.333921275977706,170.1666998558055
3.2399999999999998,1.7999999999999998,1.6020000000000003,0.7222348799999999,5.214613432302754,195.45214792715345
3.2399999999999998,1.7999999999999998,1.8010000000000004,0.7222348799999999,6.095305588627801,220.73759599850135
3.2399999999999998,1.7999999999999998,2.0,0.7222348799999999,6.975997744952848,246.02304406984922
3.2399999999999998,2.16,0.01,0.7222348799999999,0.028545323565401407,46.55556140009765
3.2399999999999998,2.16,0.20900000000000002,0.7222348799999999,0.5668263023197564,62.01008275394074
3.2399999999999998,2.16,0.40800000000000003,0.7222348799999999,1.1604273678893555,79.052892560705
3.2399999999999998,2.16,0.607,0.7222348799999999,1.98196373957485,102.6399259137195
3.2399999999999998,2.16,0.806,0.7222348799999999,2.9415953931118506,130.19179652919468
3.2399999999999998,2.16,1.0050000000000001,0.7222348799999999,3.877115698570032,157.05140908900464
3.2399999999999998,2.16,1.2040000000000002,0.7222348799999999,5.167644352642389,194.1036242504275
3.2399999999999998,2.16,1.4030000000000002,0.7222348799999999,6.426542402448266,230.24769688338404
3.2399999999999998,2.16,1.6020000000000003,0.7222348799999999,7.685440452254143,266.39176951634056
3.2399999999999998,2.16,1.8010000000000004,0.7222348799999999,8.944338502060022,302.5358421492972
3.2399999999999998,2.16,2.0,0.7222348799999999,10.203236551865896,338.67991478225366
3.2399999999999998,2.52,0.01,0.7222348799999999,0.038904264733129926,46.85297573164311
3.2399999999999998,2.52,0.20900000000000002,0.7222348799999999,0.774356983460311,67.96847153202157
3.2399999999999998,2.52,0.40800000000000003,0.7222348799999999,1.6272393081646974,92.45547482528559
3.2399999999999998,2.52,0.607,0.7222348799999999,2.8169444442844305,126.61295791801409
3.2399999999999998,2.52,0.806,0.7222348799999999,4.188004689170495,165.97730603418017
3.2399999999999998,2.52,1.0050000000000001,0.7222348799999999,5.524616184185051,204.35260017757827
3.2399999999999998,2.52,1.2040000000000002,0.7222348799999999,7.268275394538645,254.41459301000992
3.2399999999999998,2.52,1.4030000000000002,0.7222348799999999,8.969197859540436,303.2495762141957
3.2399999999999998,2.52,1.6020000000000003,0.7222348799999999,10.670120324542225,352.08455941838145
3.2399999999999998,2.52,1.8010000000000004,0.7222348799999999,12.371042789544017,400.91954262256723
3.2399999999999998,2.52,2.0,0.7222348799999999,14.071965254545804,449.75452582675285
3.2399999999999998,2.88,0.01,0.7222348799999999,0.050871401619061916,47.1965627797606
3.2399999999999998,2.88,0.20900000000000002,0.7222348799999999,1.0146345373451156,74.8670518904713
3.2399999999999998,2.88,0.40800000000000003,0.7222348799999999,2.1814606523729423,108.3676581215315
3.2399999999999998,2.88,0.607,0.7222348799999999,3.8197910246612476,155.40556717373664
3.2399999999999998,2.88,0.806,0.7222348799999999,5.687354836552094,209.02497032879972
3.2399999999999998,2.88,1.0050000000000001,0.7222348799999999,7.5079949345763355,261.29715229906213
3.2399999999999998,2.88,1.2040000000000002,0.7222348799999999,9.768871863904822,326.2089217314046
3.2399999999999998,2.88,1.4030000000000002,0.7222348799999999,11.974335143004668,389.5297164227582
3.2399999999999998,2.88,1.6020000000000003,0.7222348799999999,14.179798422104513,452.8505111141118
3.2399999999999998,2.88,1.8010000000000004,0.7222348799999999,16.38526170120436,516.1713058054654
3.2399999999999998,2.88,2.0,0.7222348799999999,18.5907249803042,579.4921004968188
3.2399999999999998,3.2399999999999998,0.01,0.7222348799999999,0.06444856479535356,47.586375101790225
3.2399999999999998,3.2399999999999998,0.20900000000000002,0.7222348799999999,1.2877642847167239,82.70884768064094
3.2399999999999998,3.2399999999999998,0.40800000000000003,0.7222348799999999,2.8255875799233663,126.86110996047563
3.2399999999999998,3.2399999999999998,0.607,0.7222348799999999,4.996934262040113,189.20238708125504
3.2399999999999998,3.2399999999999998,0.806,0.7222348799999999,7.449721529604983,259.6240714787535
3.2399999999999998,3.2399999999999998,1.0050000000000001,0.7222348799999999,9.840880976376765,328.2763668210383
3.2399999999999998,3.2399999999999998,1.2040000000000002,0.7222348799999999,12.68180911205874,409.8419176588785
3.2399999999999998,3.2399999999999998,1.4030000000000002,0.7222348799999999,15.453106656179884,489.4083128389286
3.2399999999999998,3.2399999999999998,1.6020000000000003,0.7222348799999999,18.224404200301027,568.9747080189786
3.2399999999999998,3.2399999999999998,1.8010000000000004,0.7222348799999999,20.995701744422163,648.5411031990285
3.2399999999999998,3.2399999999999998,2.0,0.7222348799999999,23.766999288543303,728.1074983790785
