0.0,1.4,0.01,0.0,0.0008507876396126058,25.022376900002435
0.0,1.4,0.20900000000000002,0.0,0.017781461667903464,25.467677210050905
0.0,1.4,0.40800000000000003,0.0,0.03025242929185935,25.79568102964323
0.0,1.4,0.607,0.0,0.039732662954905296,26.045024380205184
0.0,1.4,0.806,0.0,0.04987235823042512,26.31171248975364
0.0,1.4,1.0050000000000001,0.0,0.05975728729299218,26.57169989303203
0.0,1.4,1.2040000000000002,0.0,0.0705699586357219,26.856088210551118
0.0,1.4,1.4030000000000002,0.0,0.08111761352397293,27.133506226170226
0.0,1.4,1.6020000000000003,0.0,0.09166526841222394,27.410924241789335
0.0,1.4,1.8010000000000004,0.0,0.10221292330047498,27.688342257408443
0.0,1.4,2.0,0.0,0.11276057818872597,27.965760273027552
0.0,2.8,0.01,0.0,0.0034026865350884755,25.089495395548976
0.0,2.8,0.20900000000000002,0.0,0.07111614858334912,26.870453766973583
0.0,2.8,0.40800000000000003,0.0,0.1268480730332745,28.33628101021742
0.0,2.8,0.607,0.0,0.17507275925377572,29.60465743103185
0.0,2.8,0.806,0.0,0.22552291604698524,30.931566827814912
0.0,2.8,1.0050000000000001,0.0,0.27470548096096836,32.225136792518
0.0,2.8,1.2040000000000002,0.0,0.33458373413778253,33.80001825679056
0.0,2.8,1.4030000000000002,0.0,0.3929943830700669,35.33629968517408
0.0,2.8,1.6020000000000003,0.0,0.45140503200235116,36.87258111355761
0.0,2.8,1.8010000000000004,0.0,0.5098156809346356,38.40886254194113
0.0,2.8,2.0,0.0,0.5682263298669198,39.94514397032466
0.0,4.199999999999999,0.01,0.0,0.007655434038344398,25.201348578629183
0.0,4.199999999999999,0.20900000000000002,0.0,0.15999857140139795,29.208185293349903
0.0,4.199999999999999,0.40800000000000003,0.0,0.293568499752282,32.72126046143905
0.0,4.199999999999999,0.607,0.0,0.4170176044531488,35.96814387001717
0.0,4.199999999999999,0.806,0.0,0.5453653626673907,39.34386868943817
0.0,4.199999999999999,1.0050000000000001,0.0,0.6704883028360483,42.63477630234104
0.0,4.199999999999999,1.2040000000000002,0.0,0.8322525588224904,46.889401559738104
0.0,4.199999999999999,1.4030000000000002,0.0,0.9900520046131862,51.0397467863166
0.0,4.199999999999999,1.6020000000000003,0.0,1.1478514504038821,55.19009201289511
0.0,4.199999999999999,1.8010000000000004,0.0,1.305650896194578,59.34043723947361
0.0,4.199999999999999,2.0,0.0,1.4634503419852736,63.490782466052096
0.0,5.6,0.01,0.0,0.01360889029998652,25.3579327710092
0.0,5.6,0.20900000000000002,0.0,0.2844258072697182,32.48079491409224
0.0,5.6,0.40800000000000003,0.0,0.5325911181106973,39.007888264073806
0.0,5.6,0.607,0.0,0.7721036417937869,45.307401259147284
0.0,5.6,0.806,0.0,1.020586847294453,51.842855681481005
0.0,5.6,1.0050000000000001,0.0,1.2628267561744992,58.214102706268655
0.0,5.6,1.2040000000000002,0.0,1.5893482612398535,66.80207310839997
0.0,5.6,1.4030000000000002,0.0,1.9078667882398803,75.1795540398908
0.0,5.6,1.6020000000000003,0.0,2.226385315239907,83.55703497138164
0.0,5.6,1.8010000000000004,0.0,2.544903842239934,91.93451590287248
0.0,5.6,2.0,0.0,2.86342236923996,100.3119968343633
0.0,7.0,0.01,0.0,0.02126295766668458,25.559245404270413
0.0,7.0,0.20900000000000002,0.0,0.4443958152337078,36.688228949251666
0.0,7.0,0.40800000000000003,0.0,0.8454994918712943,47.23781435086306
0.0,7.0,0.607,0.0,1.2451677739418,57.74964687596788
0.0,7.0,0.806,0.0,1.6595614165903345,68.64877689555018
0.0,7.0,1.0050000000000001,0.0,2.0635431586698103,79.27405942720328
0.0,7.0,1.2040000000000002,0.0,2.625745116305124,94.06075401635746
0.0,7.0,1.4030000000000002,0.0,3.174167614194474,108.48502962048336
0.0,7.0,1.6020000000000003,0.0,3.722590112083824,122.90930522460926
0.0,7.0,1.8010000000000004,0.0,4.271012609973173,137.33358082873514
0.0,7.0,2.0,0.0,4.819435107862522,151.75785643286102
0.0,8.399999999999999,0.01,0.0,0.030617560845610722,25.80528449810658
0.0,8.399999999999999,0.20900000000000002,0.0,0.6399070216732641,41.83044601042756
0.0,8.399999999999999,0.40800000000000003,0.0,1.233550531791976,57.444097225518036
0.0,8.399999999999999,0.607,0.0,1.8400977778620853,73.39713467002497
0.0,8.399999999999999,0.806,0.0,2.4690748829981315,89.94010865100502
0.0,8.399999999999999,1.0050000000000001,0.0,3.0822485432815134,106.06743001939763
0.0,8.399999999999999,1.2040000000000002,0.0,3.9579006454884524,129.09830002231547
0.0,8.399999999999999,1.4030000000000002,0.0,4.81209068636679,151.56468791731868
0.0,8.399999999999999,1.6020000000000003,0.0,5.666280727245127,174.03107581232183
0.0,8.399999999999999,1.8010000000000004,0.0,6.520470768123464,196.49746370732504
0.0,8.399999999999999,2.0,0.0,7.3746608090018,218.9638516023282
0.0,9.799999999999999,0.01,0.0,0.041672638498429025,26.096048439234025
0.0,9.799999999999999,0.20900000000000002,0.0,0.8709581446171667,47.90741237999113
0.0,9.799999999999999,0.40800000000000003,0.0,1.6977917458136071,69.65428780598006
0.0,9.799999999999999,0.607,0.0,2.5601662024396714,92.33593723539934
0.0,9.799999999999999,0.806,0.0,3.454875488808992,115.86803772695451
0.0,9.799999999999999,1.0050000000000001,0.0,4.327104642354962,138.80887941218919
0.0,9.799999999999999,1.2040000000000002,0.0,5.599997563984011,172.28773629129347
0.0,9.799999999999999,1.4030000000000002,0.0,6.8416921296907764,204.9460329527726
0.0,9.799999999999999,1.6020000000000003,0.0,8.083386695397541,237.60432961425172
0.0,9.799999999999999,1.8010000000000004,0.0,9.325081261104307,270.26262627573084
0.0,9.799999999999999,2.0,0.0,10.566775826811073,302.9209229372099
0.0,11.2,0.01,0.0,0.05442813885066012,26.43153586591182
0.0,11.2,0.20900000000000002,0.0,1.1375481019787967,54.919099597557036
0.0,11.2,0.40800000000000003,0.0,2.239124044704864,83.8920813003636
0.0,11.2,0.607,0.0,3.4082110541215975,114.6406980947691
0.0,11.2,0.806,0.0,4.621974115818396,146.5643572943861
0.0,11.2,1.0050000000000001,0.0,5.805240618176076,177.68591450406294
0.0,11.2,1.2040000000000002,0.0,7.564577267450305,223.95891899829317
0.0,11.2,1.4030000000000002,0.0,9.280792920418794,269.09778122550796
0.0,11.2,1.6020000000000003,0.0,10.99700857338728,314.2366434527227
0.0,11.2,1.8010000000000004,0.0,12.713224226355766,359.3755056799375
0.0,11.2,2.0,0.0,14.429439879324251,404.5143679071522
0.0,12.6,0.01,0.0,0.06888401709988091,26.811745599773833
0.0,12.6,0.20900000000000002,0.0,1.4396759573875113,62.865483035273094
0.0,12.6,0.40800000000000003,0.0,2.8583395672963463,100.17831206330078
0.0,12.6,0.607,0.0,4.3867455119279555,140.37751735702446
0.0,12.6,0.806,0.0,5.974827652734438,182.14628973442007
0.0,12.6,1.0050000000000001,0.0,7.523008232214124,222.86559546916752
0.0,12.6,1.2040000000000002,0.0,9.862932219079925,284.4088556547975
0.0,12.6,1.4030000000000002,0.0,12.14550512783627,344.4437026005836
0.0,12.6,1.6020000000000003,0.0,14.428078036592614,404.4785495463697
0.0,12.6,1.8010000000000004,0.0,16.710650945348956,464.5133964921558
0.0,12.6,2.0,0.0,18.9932238541053,524.5482434379418
1.4,0.0,0.01,0.009407999999999998,0.0,25.247443504608004
1.4,0.0,0.20900000000000002,0.009407999999999998,0.0,25.247443504608004
1.4,0.0,0.40800000000000003,0.009407999999999998,0.0,25.247443504608004
1.4,0.0,0.607,0.009407999999999998,0.0,25.247443504608004
1.4,0.0,0.806,0.009407999999999998,0.0,25.247443504608004
1.4,0.0,1.0050000000000001,0.009407999999999998,0.0,25.247443504608004
1.4,0.0,1.2040000000000002,0.009407999999999998,0.0,25.247443504608004
1.4,0.0,1.4030000000000002,0.009407999999999998,0.0,25.247443504608004
1.4,0.0,1.6020000000000003,0.009407999999999998,0.0,25.247443504608004
1.4,0.0,1.8010000000000004,0.009407999999999998,0.0,25.247443504608004
1.4,0.0,2.0,0.009407999999999998,0.0,25.247443504608004
1.4,1.4,0.01,0.009407999999999998,0.0008507876396126058,25.26982040461044
1.4,1.4,0.20900000000000002,0.009407999999999998,0.017781461667903464,25.71512071465891
1.4,1.4,0.40800000000000003,0.009407999999999998,0.03025242929185935,26.043124534251234
1.4,1.4,0.607,0.009407999999999998,0.039732662954905296,26.29246788481319
1.4,1.4,0.806,0.009407999999999998,0.04987235823042512,26.559155994361642
1.4,1.4,1.0050000000000001,0.009407999999999998,0.05975728729299218,26.819143397640033
1.4,1.4,1.2040000000000002,0.009407999999999998,0.0705699586357219,27.10353171515912
1.4,1.4,1.4030000000000002,0.009407999999999998,0.08111761352397293,27.38094973077823
1.4,1.4,1.6020000000000003,0.009407999999999998,0.09166526841222394,27.65836774639734
1.4,1.4,1.8010000000000004,0.009407999999999998,0.10221292330047498,27.935785762016447
1.4,1.4,2.0,0.009407999999999998,0.11276057818872597,28.213203777635556
1.4,2.8,0.01,0.009407999999999998,0.0034026865350884755,25.33693890015698
1.4,2.8,0.20900000000000002,0.009407999999999998,0.07111614858334912,27.117897271581583
1.4,2.8,0.40800000000000003,0.009407999999999998,0.1268480730332745,28.583724514825423
1.4,2.8,0.607,0.009407999999999998,0.17507275925377572,29.852100935639854
1.4,2.8,0.806,0.009407999999999998,0.22552291604698524,31.179010332422916
1.4,2.8,1.0050000000000001,0.009407999999999998,0.27470548096096836,32.472580297126
1.4,2.8,1.2040000000000002,0.009407999999999998,0.33458373413778253,34.047461761398566
1.4,2.8,1.4030000000000002,0.009407999999999998,0.3929943830700669,35.58374318978209
1.4,2.8,1.6020000000000003,0.009407999999999998,0.45140503200235116,37.120024618165615
1.4,2.8,1.8010000000000004,0.009407999999999998,0.5098156809346356,38.65630604654914
1.4,2.8,2.0,0.009407999999999998,0.5682263298669198,40.192587474932665
1.4,4.199999999999999,0.01,0.009407999999999998,0.007655434038344398,25.448792083237187
1.4,4.199999999999999,0.20900000000000002,0.009407999999999998,0.15999857140139795,29.455628797957907
1.4,4.199999999999999,0.40800000000000003,0.009407999999999998,0.293568499752282,32.96870396604706
1.4,4.199999999999999,0.607,0.009407999999999998,0.4170176044531488,36.21558737462517
1.4,4.199999999999999,0.806,0.009407999999999998,0.5453653626673907,39.59131219404617
1.4,4.199999999999999,1.0050000000000001,0.009407999999999998,0.6704883028360483,42.882219806949045
1.4,4.199999999999999,1.2040000000000002,0.009407999999999998,0.8322525588224904,47.136845064346105
1.4,4.199999999999999,1.4030000000000002,0.009407999999999998,0.9900520046131862,51.287190290924606
1.4,4.199999999999999,1.6020000000000003,0.009407999999999998,1.1478514504038821,55.43753551750311
1.4,4.199999999999999,1.8010000000000004,0.009407999999999998,1.305650896194578,59.58788074408161
1.4,4.199999999999999,2.0,0.009407999999999998,1.4634503419852736,63.738225970660096
1.4,5.6,0.01,0.009407999999999998,0.01360889029998652,25.605376275617203
1.4,5.6,0.20900000000000002,0.009407999999999998,0.2844258072697182,32.72823841870024
1.4,5.6,0.40800000000000003,0.009407999999999998,0.5325911181106973,39.255331768681806
1.4,5.6,0.607,0.009407999999999998,0.7721036417937869,45.554844763755284
1.4,5.6,0.806,0.009407999999999998,1.020586847294453,52.090299186089005
1.4,5.6,1.0050000000000001,0.009407999999999998,1.2628267561744992,58.461546210876655
1.4,5.6,1.2040000000000002,0.009407999999999998,1.5893482612398535,67.04951661300797
1.4,5.6,1.4030000000000002,0.009407999999999998,1.9078667882398803,75.42699754449882
1.4,5.6,1.6020000000000003,0.009407999999999998,2.226385315239907,83.80447847598964
1.4,5.6,1.8010000000000004,0.009407999999999998,2.544903842239934,92.18195940748048
1.4,5.6,2.0,0.009407999999999998,2.86342236923996,100.5594403389713
1.4,7.0,0.01,0.009407999999999998,0.02126295766668458,25.806688908878417
1.4,7.0,0.20900000000000002,0.009407999999999998,0.4443958152337078,36.935672453859674
1.4,7.0,0.40800000000000003,0.009407999999999998,0.8454994918712943,47.48525785547106
1.4,7.0,0.607,0.009407999999999998,1.2451677739418,57.99709038057589
1.4,7.0,0.806,0.009407999999999998,1.6595614165903345,68.8962204001582
1.4,7.0,1.0050000000000001,0.009407999999999998,2.0635431586698103,79.52150293181128
1.4,7.0,1.2040000000000002,0.009407999999999998,2.625745116305124,94.30819752096548
1.4,7.0,1.4030000000000002,0.009407999999999998,3.174167614194474,108.73247312509137
1.4,7.0,1.6020000000000003,0.009407999999999998,3.722590112083824,123.15674872921727
1.4,7.0,1.8010000000000004,0.009407999999999998,4.271012609973173,137.58102433334318
1.4,7.0,2.0,0.009407999999999998,4.819435107862522,152.00529993746903
1.4,8.399999999999999,0.01,0.009407999999999998,0.030617560845610722,26.052728002714584
1.4,8.399999999999999,0.20900000000000002,0.009407999999999998,0.6399070216732641,42.077889515035565
1.4,8.399999999999999,0.40800000000000003,0.009407999999999998,1.233550531791976,57.691540730126036
1.4,8.399999999999999,0.607,0.009407999999999998,1.8400977778620853,73.64457817463297
1.4,8.399999999999999,0.806,0.009407999999999998,2.4690748829981315,90.18755215561302
1.4,8.399999999999999,1.0050000000000001,0.009407999999999998,3.0822485432815134,106.31487352400563
1.4,8.399999999999999,1.2040000000000002,0.009407999999999998,3.9579006454884524,129.34574352692348
1.4,8.399999999999999,1.4030000000000002,0.009407999999999998,4.81209068636679,151.81213142192667
1.4,8.399999999999999,1.6020000000000003,0.009407999999999998,5.666280727245127,174.27851931692985
1.4,8.399999999999999,1.8010000000000004,0.009407999999999998,6.520470768123464,196.74490721193305
1.4,8.399999999999999,2.0,0.009407999999999998,7.3746608090018,219.2112951069362
1.4,9.799999999999999,0.01,0.009407999999999998,0.041672638498429025,26.34349194384203
1.4,9.799999999999999,0.20900000000000002,0.009407999999999998,0.8709581446171667,48.15485588459913
1.4,9.799999999999999,0.40800000000000003,0.009407999999999998,1.6977917458136071,69.90173131058808
1.4,9.799999999999999,0.607,0.009407999999999998,2.5601662024396714,92.58338074000734
1.4,9.799999999999999,0.806,0.009407999999999998,3.454875488808992,116.11548123156251
1.4,9.799999999999999,1.0050000000000001,0.009407999999999998,4.327104642354962,139.05632291679717
1.4,9.799999999999999,1.2040000000000002,0.009407999999999998,5.599997563984011,172.53517979590148
1.4,9.799999999999999,1.4030000000000002,0.009407999999999998,6.8416921296907764,205.19347645738063
1.4,9.799999999999999,1.6020000000000003,0.009407999999999998,8.083386695397541,237.85177311885974
1.4,9.799999999999999,1.8010000000000004,0.009407999999999998,9.325081261104307,270.5100697803388
1.4,9.799999999999999,2.0,0.009407999999999998,10.566775826811073,303.1683664418179
1.4,11.2,0.01,0.009407999999999998,0.05442813885066012,26.678979370519823
1.4,11.2,0.20900000000000002,0.009407999999999998,1.1375481019787967,55.166543102165036
1.4,11.2,0.40800000000000003,0.009407999999999998,2.239124044704864,84.13952480497159
1.4,11.2,0.607,0.009407999999999998,3.4082110541215975,114.88814159937711
1.4,11.2,0.806,0.009407999999999998,4.621974115818396,146.8118007989941
1.4,11.2,1.0050000000000001,0.009407999999999998,5.805240618176076,177.93335800867095
1.4,11.2,1.2040000000000002,0.009407999999999998,7.564577267450305,224.2063625029012
1.4,11.2,1.4030000000000002,0.009407999999999998,9.280792920418794,269.34522473011594
1.4,11.2,1.6020000000000003,0.009407999999999998,10.99700857338728,314.4840869573307
1.4,11.2,1.8010000000000004,0.009407999999999998,12.713224226355766,359.62294918454546
1.4,11.2,2.0,0.009407999999999998,14.429439879324251,404.76181141176016
1.4,12.6,0.01,0.009407999999999998,0.06888401709988091,27.059189104381836
1.4,12.6,0.20900000000000002,0.009407999999999998,1.4396759573875113,63.112926539881094
1.4,12.6,0.40800000000000003,0.009407999999999998,2.8583395672963463,100.42575556790878
1.4,12.6,0.607,0.009407999999999998,4.3867455119279555,140.62496086163247
1.4,12.6,0.806,0.009407999999999998,5.974827652734438,182.39373323902808
1.4,12.6,1.0050000000000001,0.009407999999999998,7.523008232214124,223.11303897377553
1.4,12.6,1.2040000000000002,0.009407999999999998,9.862932219079925,284.6562991594055
1.4,12.6,1.4030000000000002,0.009407999999999998,12.14550512783627,344.6911461051916
1.4,12.6,1.6020000000000003,0.009407999999999998,14.428078036592614,404.7259930509777
1.4,12.6,1.8010000000000004,0.009407999999999998,16.710650945348956,464.76083999676376
1.4,12.6,2.0,0.009407999999999998,18.9932238541053,524.7956869425498
2.8,0.0,0.01,0.03763199999999999,0.0,25.989774018432016
2.8,0.0,0.20900000000000002,0.03763199999999999,0.0,25.989774018432016
2.8,0.0,0.40800000000000003,0.03763199999999999,0.0,25.989774018432016
2.8,0.0,0.607,0.03763199999999999,0.0,25.989774018432016
2.8,0.0,0.806,0.03763199999999999,0.0,25.989774018432016
2.8,0.0,1.0050000000000001,0.03763199999999999,0.0,25.989774018432016
2.8,0.0,1.2040000000000002,0.03763199999999999,0.0,25.989774018432016
2.8,0.0,1.4030000000000002,0.03763199999999999,0.0,25.989774018432016
2.8,0.0,1.6020000000000003,0.03763199999999999,0.0,25.989774018432016
2.8,0.0,1.8010000000000004,0.03763199999999999,0.0,25.989774018432016
2.8,0.0,2.0,0.03763199999999999,0.0,25.989774018432016
2.8,1.4,0.01,0.03763199999999999,0.0008507876396126058,26.01215091843445
2.8,1.4,0.20900000000000002,0.03763199999999999,0.017781461667903464,26.45745122848292
2.8,1.4,0.40800000000000003,0.03763199999999999,0.03025242929185935,26.785455048075246
2.8,1.4,0.607,0.03763199999999999,0.039732662954905296,27.0347983986372
2.8,1.4,0.806,0.03763199999999999,0.04987235823042512,27.301486508185654
2.8,1.4,1.0050000000000001,0.03763199999999999,0.05975728729299218,27.561473911464045
2.8,1.4,1.2040000000000002,0.03763199999999999,0.0705699586357219,27.845862228983133
2.8,1.4,1.4030000000000002,0.03763199999999999,0.08111761352397293,28.123280244602242
2.8,1.4,1.6020000000000003,0.03763199999999999,0.09166526841222394,28.40069826022135
2.8,1.4,1.8010000000000004,0.03763199999999999,0.10221292330047498,28.67811627584046
2.8,1.4,2.0,0.03763199999999999,0.11276057818872597,28.955534291459568
2.8,2.8,0.01,0.03763199999999999,0.0034026865350884755,26.07926941398099
2.8,2.8,0.20900000000000002,0.03763199999999999,0.07111614858334912,27.8602277854056
2.8,2.8,0.40800000000000003,0.03763199999999999,0.1268480730332745,29.326055028649435
2.8,2.8,0.607,0.03763199999999999,0.17507275925377572,30.594431449463865
2.8,2.8,0.806,0.03763199999999999,0.22552291604698524,31.921340846246927
2.8,2.8,1.0050000000000001,0.03763199999999999,0.27470548096096836,33.214910810950016
2.8,2.8,1.2040000000000002,0.03763199999999999,0.33458373413778253,34.789792275222574
2.8,2.8,1.4030000000000002,0.03763199999999999,0.3929943830700669,36.3260737036061
2.8,2.8,1.6020000000000003,0.03763199999999999,0.45140503200235116,37.862355131989624
2.8,2.8,1.8010000000000004,0.03763199999999999,0.5098156809346356,39.39863656037315
2.8,2.8,2.0,0.03763199999999999,0.5682263298669198,40.93491798875667
2.8,4.199999999999999,0.01,0.03763199999999999,0.007655434038344398,26.1911225970612
2.8,4.199999999999999,0.20900000000000002,0.03763199999999999,0.15999857140139795,30.19795931178192
2.8,4.199999999999999,0.40800000000000003,0.03763199999999999,0.293568499752282,33.711034479871074
2.8,4.199999999999999,0.607,0.03763199999999999,0.4170176044531488,36.95791788844919
2.8,4.199999999999999,0.806,0.03763199999999999,0.5453653626673907,40.33364270787018
2.8,4.199999999999999,1.0050000000000001,0.03763199999999999,0.6704883028360483,43.624550320773054
2.8,4.199999999999999,1.2040000000000002,0.03763199999999999,0.8322525588224904,47.87917557817012
2.8,4.199999999999999,1.4030000000000002,0.03763199999999999,0.9900520046131862,52.029520804748614
2.8,4.199999999999999,1.6020000000000003,0.03763199999999999,1.1478514504038821,56.17986603132712
2.8,4.199999999999999,1.8010000000000004,0.03763199999999999,1.305650896194578,60.330211257905624
2.8,4.199999999999999,2.0,0.03763199999999999,1.4634503419852736,64.48055648448411
2.8,5.6,0.01,0.03763199999999999,0.01360889029998652,26.347706789441215
2.8,5.6,0.20900000000000002,0.03763199999999999,0.2844258072697182,33.47056893252426
2.8,5.6,0.40800000000000003,0.03763199999999999,0.5325911181106973,39.997662282505814
2.8,5.6,0.607,0.03763199999999999,0.7721036417937869,46.2971752775793
2.8,5.6,0.806,0.03763199999999999,1.020586847294453,52.83262969991303
2.8,5.6,1.0050000000000001,0.03763199999999999,1.2628267561744992,59.20387672470067
2.8,5.6,1.2040000000000002,0.03763199999999999,1.5893482612398535,67.79184712683198
2.8,5.6,1.4030000000000002,0.03763199999999999,1.9078667882398803,76.16932805832283
2.8,5.6,1.6020000000000003,0.03763199999999999,2.226385315239907,84.54680898981366
2.8,5.6,1.8010000000000004,0.03763199999999999,2.544903842239934,92.92428992130449
2.8,5.6,2.0,0.03763199999999999,2.86342236923996,101.30177085279531
2.8,7.0,0.01,0.03763199999999999,0.02126295766668458,26.54901942270243
2.8,7.0,0.20900000000000002,0.03763199999999999,0.4443958152337078,37.67800296768368
2.8,7.0,0.40800000000000003,0.03763199999999999,0.8454994918712943,48.22758836929508
2.8,7.0,0.607,0.03763199999999999,1.2451677739418,58.739420894399906
2.8,7.0,0.806,0.03763199999999999,1.6595614165903345,69.63855091398221
2.8,7.0,1.0050000000000001,0.03763199999999999,2.0635431586698103,80.2638334456353
2.8,7.0,1.2040000000000002,0.03763199999999999,2.625745116305124,95.0505280347895
2.8,7.0,1.4030000000000002,0.03763199999999999,3.174167614194474,109.47480363891539
2.8,7.0,1.6020000000000003,0.03763199999999999,3.722590112083824,123.89907924304129
2.8,7.0,1.8010000000000004,0.03763199999999999,4.271012609973173,138.32335484716714
2.8,7.0,2.0,0.03763199999999999,4.819435107862522,152.74763045129302
2.8,8.399999999999999,0.01,0.03763199999999999,0.030617560845610722,26.795058516538596
2.8,8.399999999999999,0.20900000000000002,0.03763199999999999,0.6399070216732641,42.82022002885957
2.8,8.399999999999999,0.40800000000000003,0.03763199999999999,1.233550531791976,58.43387124395005
2.8,8.399999999999999,0.607,0.03763199999999999,1.8400977778620853,74.38690868845698
2.8,8.399999999999999,0.806,0.03763199999999999,2.4690748829981315,90.92988266943703
2.8,8.399999999999999,1.0050000000000001,0.03763199999999999,3.0822485432815134,107.05720403782965
2.8,8.399999999999999,1.2040000000000002,0.03763199999999999,3.9579006454884524,130.0880740407475
2.8,8.399999999999999,1.4030000000000002,0.03763199999999999,4.81209068636679,152.55446193575068
2.8,8.399999999999999,1.6020000000000003,0.03763199999999999,5.666280727245127,175.02084983075386
2.8,8.399999999999999,1.8010000000000004,0.03763199999999999,6.520470768123464,197.48723772575704
2.8,8.399999999999999,2.0,0.03763199999999999,7.3746608090018,219.9536256207602
2.8,9.799999999999999,0.01,0.03763199999999999,0.041672638498429025,27.08582245766604
2.8,9.799999999999999,0.20900000000000002,0.03763199999999999,0.8709581446171667,48.897186398423145
2.8,9.799999999999999,0.40800000000000003,0.03763199999999999,1.6977917458136071,70.64406182441209
2.8,9.799999999999999,0.607,0.03763199999999999,2.5601662024396714,93.32571125383136
2.8,9.799999999999999,0.806,0.03763199999999999,3.454875488808992,116.85781174538653
2.8,9.799999999999999,1.0050000000000001,0.03763199999999999,4.327104642354962,139.7986534306212
2.8,9.799999999999999,1.2040000000000002,0.03763199999999999,5.599997563984011,173.27751030972547
2.8,9.799999999999999,1.4030000000000002,0.03763199999999999,6.8416921296907764,205.9358069712046
2.8,9.799999999999999,1.6020000000000003,0.03763199999999999,8.083386695397541,238.59410363268373
2.8,9.799999999999999,1.8010000000000004,0.03763199999999999,9.325081261104307,271.25240029416284
2.8,9.799999999999999,2.0,0.03763199999999999,10.566775826811073,303.9106969556419
2.8,11.2,0.01,0.03763199999999999,0.05442813885066012,27.421309884343835
2.8,11.2,0.20900000000000002,0.03763199999999999,1.1375481019787967,55.90887361598906
2.8,11.2,0.40800000000000003,0.03763199999999999,2.239124044704864,84.8818553187956
2.8,11.2,0.607,0.03763199999999999,3.4082110541215975,115.63047211320114
2.8,11.2,0.806,0.03763199999999999,4.621974115818396,147.5541313128181
2.8,11.2,1.0050000000000001,0.03763199999999999,5.805240618176076,178.67568852249494
2.8,11.2,1.2040000000000002,0.03763199999999999,7.564577267450305,224.94869301672517
2.8,11.2,1.4030000000000002,0.03763199999999999,9.280792920418794,270.08755524393996
2.8,11.2,1.6020000000000003,0.03763199999999999,10.99700857338728,315.2264174711547
2.8,11.2,1.8010000000000004,0.03763199999999999,12.713224226355766,360.3652796983695
2.8,11.2,2.0,0.03763199999999999,14.429439879324251,405.5041419255842
2.8,12.6,0.01,0.03763199999999999,0.06888401709988091,27.801519618205848
2.8,12.6,0.20900000000000002,0.03763199999999999,1.4396759573875113,63.85525705370511
2.8,12.6,0.40800000000000003,0.03763199999999999,2.8583395672963463,101.1680860817328
2.8,12.6,0.607,0.03763199999999999,4.3867455119279555,141.36729137545646
2.8,12.6,0.806,0.03763199999999999,5.974827652734438,183.13606375285207
2.8,12.6,1.0050000000000001,0.03763199999999999,7.523008232214124,223.85536948759952
2.8,12.6,1.2040000000000002,0.03763199999999999,9.862932219079925,285.3986296732295
2.8,12.6,1.4030000000000002,0.03763199999999999,12.14550512783627,345.4334766190156
2.8,12.6,1.6020000000000003,0.03763199999999999,14.428078036592614,405.4683235648017
2.8,12.6,1.8010000000000004,0.03763199999999999,16.710650945348956,465.50317051058784
2.8,12.6,2.0,0.03763199999999999,18.9932238541053,525.5380174563738
4.199999999999999,0.0,0.01,0.08467199999999997,0.0,27.226991541472035
4.199999999999999,0.0,0.20900000000000002,0.08467199999999997,0.0,27.226991541472035
4.199999999999999,0.0,0.40800000000000003,0.08467199999999997,0.0,27.226991541472035
4.199999999999999,0.0,0.607,0.08467199999999997,0.0,27.226991541472035
4.199999999999999,0.0,0.806,0.08467199999999997,0.0,27.226991541472035
4.199999999999999,0.0,1.0050000000000001,0.08467199999999997,0.0,27.226991541472035
4.199999999999999,0.0,1.2040000000000002,0.08467199999999997,0.0,27.226991541472035
4.199999999999999,0.0,1.4030000000000002,0.08467199999999997,0.0,27.226991541472035
4.199999999999999,0.0,1.6020000000000003,0.08467199999999997,0.0,27.226991541472035
4.199999999999999,0.0,1.8010000000000004,0.08467199999999997,0.0,27.226991541472035
4.199999999999999,0.0,2.0,0.08467199999999997,0.0,27.226991541472035
4.199999999999999,1.4,0.01,0.08467199999999997,0.0008507876396126058,27.24936844147447
4.199999999999999,1.4,0.20900000000000002,0.08467199999999997,0.017781461667903464,27.69466875152294
4.199999999999999,1.4,0.40800000000000003,0.08467199999999997,0.03025242929185935,28.022672571115265
4.199999999999999,1.4,0.607,0.08467199999999997,0.039732662954905296,28.27201592167722
4.199999999999999,1.4,0.806,0.08467199999999997,0.04987235823042512,28.538704031225674
4.199999999999999,1.4,1.0050000000000001,0.08467199999999997,0.05975728729299218,28.798691434504065
4.199999999999999,1.4,1.2040000000000002,0.08467199999999997,0.0705699586357219,29.083079752023153
4.199999999999999,1.4,1.4030000000000002,0.08467199999999997,0.08111761352397293,29.36049776764226
4.199999999999999,1.4,1.6020000000000003,0.08467199999999997,0.09166526841222394,29.63791578326137
4.199999999999999,1.4,1.8010000000000004,0.08467199999999997,0.10221292330047498,29.91533379888048
4.199999999999999,1.4,2.0,0.08467199999999997,0.11276057818872597,30.192751814499587
4.199999999999999,2.8,0.01,0.08467199999999997,0.0034026865350884755,27.31648693702101
4.199999999999999,2.8,0.20900000000000002,0.08467199999999997,0.07111614858334912,29.097445308445614
4.199999999999999,2.8,0.40800000000000003,0.08467199999999997,0.1268480730332745,30.563272551689455
4.199999999999999,2.8,0.607,0.08467199999999997,0.17507275925377572,31.831648972503885
4.199999999999999,2.8,0.806,0.08467199999999997,0.22552291604698524,33.15855836928695
4.199999999999999,2.8,1.0050000000000001,0.08467199999999997,0.27470548096096836,34.45212833399003
4.199999999999999,2.8,1.2040000000000002,0.08467199999999997,0.33458373413778253,36.0270097982626
4.199999999999999,2.8,1.4030000000000002,0.08467199999999997,0.3929943830700669,37.56329122664612
4.199999999999999,2.8,1.6020000000000003,0.08467199999999997,0.45140503200235116,39.09957265502965
4.199999999999999,2.8,1.8010000000000004,0.08467199999999997,0.5098156809346356,40.63585408341317
4.199999999999999,2.8,2.0,0.08467199999999997,0.5682263298669198,42.1721355117967
4.199999999999999,4.199999999999999,0.01,0.08467199999999997,0.007655434038344398,27.42834012010122
4.199999999999999,4.199999999999999,0.20900000000000002,0.08467199999999997,0.15999857140139795,31.435176834821938
4.199999999999999,4.199999999999999,0.40800000000000003,0.08467199999999997,0.293568499752282,34.94825200291109
4.199999999999999,4.199999999999999,0.607,0.08467199999999997,0.4170176044531488,38.195135411489204
4.199999999999999,4.199999999999999,0.806,0.08467199999999997,0.5453653626673907,41.5708602309102
4.199999999999999,4.199999999999999,1.0050000000000001,0.08467199999999997,0.6704883028360483,44.86176784381308
4.199999999999999,4.199999999999999,1.2040000000000002,0.08467199999999997,0.8322525588224904,49.116393101210136
4.199999999999999,4.199999999999999,1.4030000000000002,0.08467199999999997,0.9900520046131862,53.26673832778864
4.199999999999999,4.199999999999999,1.6020000000000003,0.08467199999999997,1.1478514504038821,57.41708355436714
4.199999999999999,4.199999999999999,1.8010000000000004,0.08467199999999997,1.305650896194578,61.56742878094564
4.199999999999999,4.199999999999999,2.0,0.08467199999999997,1.4634503419852736,65.71777400752413
4.199999999999999,5.6,0.01,0.08467199999999997,0.01360889029998652,27.584924312481235
4.199999999999999,5.6,0.20900000000000002,0.08467199999999997,0.2844258072697182,34.707786455564275
4.199999999999999,5.6,0.40800000000000003,0.08467199999999997,0.5325911181106973,41.23487980554584
4.199999999999999,5.6,0.607,0.08467199999999997,0.7721036417937869,47.534392800619315
4.199999999999999,5.6,0.806,0.08467199999999997,1.020586847294453,54.069847222953044
4.199999999999999,5.6,1.0050000000000001,0.08467199999999997,1.2628267561744992,60.44109424774069
4.199999999999999,5.6,1.2040000000000002,0.08467199999999997,1.5893482612398535,69.029064649872
4.199999999999999,5.6,1.4030000000000002,0.08467199999999997,1.9078667882398803,77.40654558136285
4.199999999999999,5.6,1.6020000000000003,0.08467199999999997,2.226385315239907,85.78402651285367
4.199999999999999,5.6,1.8010000000000004,0.08467199999999997,2.544903842239934,94.16150744434452
4.199999999999999,5.6,2.0,0.08467199999999997,2.86342236923996,102.53898837583533
4.199999999999999,7.0,0.01,0.08467199999999997,0.02126295766668458,27.786236945742452
4.199999999999999,7.0,0.20900000000000002,0.08467199999999997,0.4443958152337078,38.9152204907237
4.199999999999999,7.0,0.40800000000000003,0.08467199999999997,0.8454994918712943,49.46480589233509
4.199999999999999,7.0,0.607,0.08467199999999997,1.2451677739418,59.97663841743992
4.199999999999999,7.0,0.806,0.08467199999999997,1.6595614165903345,70.87576843702223
4.199999999999999,7.0,1.0050000000000001,0.08467199999999997,2.0635431586698103,81.50105096867532
4.199999999999999,7.0,1.2040000000000002,0.08467199999999997,2.625745116305124,96.28774555782951
4.199999999999999,7.0,1.4030000000000002,0.08467199999999997,3.174167614194474,110.7120211619554
4.199999999999999,7.0,1.6020000000000003,0.08467199999999997,3.722590112083824,125.1362967660813
4.199999999999999,7.0,1.8010000000000004,0.08467199999999997,4.271012609973173,139.56057237020718
4.199999999999999,7.0,2.0,0.08467199999999997,4.819435107862522,153.98484797433304
4.199999999999999,8.399999999999999,0.01,0.08467199999999997,0.030617560845610722,28.03227603957862
4.199999999999999,8.399999999999999,0.20900000000000002,0.08467199999999997,0.6399070216732641,44.057437551899596
4.199999999999999,8.399999999999999,0.40800000000000003,0.08467199999999997,1.233550531791976,59.67108876699007
4.199999999999999,8.399999999999999,0.607,0.08467199999999997,1.8400977778620853,75.624126211497
4.199999999999999,8.399999999999999,0.806,0.08467199999999997,2.4690748829981315,92.16710019247705
4.199999999999999,8.399999999999999,1.0050000000000001,0.08467199999999997,3.0822485432815134,108.29442156086967
4.199999999999999,8.399999999999999,1.2040000000000002,0.08467199999999997,3.9579006454884524,131.32529156378752
4.199999999999999,8.399999999999999,1.4030000000000002,0.08467199999999997,4.81209068636679,153.7916794587907
4.199999999999999,8.399999999999999,1.6020000000000003,0.08467199999999997,5.666280727245127,176.25806735379388
4.199999999999999,8.399999999999999,1.8010000000000004,0.08467199999999997,6.520470768123464,198.72445524879706
4.199999999999999,8.399999999999999,2.0,0.08467199999999997,7.3746608090018,221.1908431438002
4.199999999999999,9.799999999999999,0.01,0.08467199999999997,0.041672638498429025,28.32303998070606
4.199999999999999,9.799999999999999,0.20900000000000002,0.08467199999999997,0.8709581446171667,50.13440392146316
4.199999999999999,9.799999999999999,0.40800000000000003,0.08467199999999997,1.6977917458136071,71.88127934745211
4.199999999999999,9.799999999999999,0.607,0.08467199999999997,2.5601662024396714,94.56292877687139
4.199999999999999,9.799999999999999,0.806,0.08467199999999997,3.454875488808992,118.09502926842654
4.199999999999999,9.799999999999999,1.0050000000000001,0.08467199999999997,4.327104642354962,141.0358709536612
4.199999999999999,9.799999999999999,1.2040000000000002,0.08467199999999997,5.599997563984011,174.5147278327655
4.199999999999999,9.799999999999999,1.4030000000000002,0.08467199999999997,6.8416921296907764,207.17302449424463
4.199999999999999,9.799999999999999,1.6020000000000003,0.08467199999999997,8.083386695397541,239.83132115572374
4.199999999999999,9.799999999999999,1.8010000000000004,0.08467199999999997,9.325081261104307,272.4896178172029
4.199999999999999,9.799999999999999,2.0,0.08467199999999997,10.566775826811073,305.14791447868197
4.199999999999999,11.2,0.01,0.08467199999999997,0.05442813885066012,28.658527407383854
4.199999999999999,11.2,0.20900000000000002,0.08467199999999997,1.1375481019787967,57.146091139029075
4.199999999999999,11.2,0.40800000000000003,0.08467199999999997,2.239124044704864,86.11907284183562
4.199999999999999,11.2,0.607,0.08467199999999997,3.4082110541215975,116.86768963624115
4.199999999999999,11.2,0.806,0.08467199999999997,4.621974115818396,148.79134883585812
4.199999999999999,11.2,1.0050000000000001,0.08467199999999997,5.805240618176076,179.91290604553495
4.199999999999999,11.2,1.2040000000000002,0.08467199999999997,7.564577267450305,226.1859105397652
4.199999999999999,11.2,1.4030000000000002,0.08467199999999997,9.280792920418794,271.32477276698
4.199999999999999,11.2,1.6020000000000003,0.08467199999999997,10.99700857338728,316.46363499419476
4.199999999999999,11.2,1.8010000000000004,0.08467199999999997,12.713224226355766,361.6024972214095
4.199999999999999,11.2,2.0,0.08467199999999997,14.429439879324251,406.7413594486242
4.199999999999999,12.6,0.01,0.08467199999999997,0.06888401709988091,29.038737141245868
4.199999999999999,12.6,0.20900000000000002,0.08467199999999997,1.4396759573875113,65.09247457674513
4.199999999999999,12.6,0.40800000000000003,0.08467199999999997,2.8583395672963463,102.40530360477281
4.199999999999999,12.6,0.607,0.08467199999999997,4.3867455119279555,142.60450889849648
4.199999999999999,12.6,0.806,0.08467199999999997,5.974827652734438,184.37328127589208
4.199999999999999,12.6,1.0050000000000001,0.08467199999999997,7.523008232214124,225.09258701063953
4.199999999999999,12.6,1.2040000000000002,0.08467199999999997,9.862932219079925,286.63584719626954
4.199999999999999,12.6,1.4030000000000002,0.08467199999999997,12.14550512783627,346.67069414205565
4.199999999999999,12.6,1.6020000000000003,0.08467199999999997,14.428078036592614,406.70554108784177
4.199999999999999,12.6,1.8010000000000004,0.08467199999999997,16.710650945348956,466.74038803362777
4.199999999999999,12.6,2.0,0.08467199999999997,18.9932238541053,526.7752349794138
5.6,0.0,0.01,0.15052799999999997,0.0,28.959096073728062
5.6,0.0,0.20900000000000002,0.15052799999999997,0.0,28.959096073728062
5.6,0.0,0.40800000000000003,0.15052799999999997,0.0,28.959096073728062
5.6,0.0,0.607,0.15052799999999997,0.0,28.959096073728062
5.6,0.0,0.806,0.15052799999999997,0.0,28.959096073728062
5.6,0.0,1.0050000000000001,0.15052799999999997,0.0,28.959096073728062
5.6,0.0,1.2040000000000002,0.15052799999999997,0.0,28.959096073728062
5.6,0.0,1.4030000000000002,0.15052799999999997,0.0,28.959096073728062
5.6,0.0,1.6020000000000003,0.15052799999999997,0.0,28.959096073728062
5.6,0.0,1.8010000000000004,0.15052799999999997,0.0,28.959096073728062
5.6,0.0,2.0,0.15052799999999997,0.0,28.959096073728062
5.6,1.4,0.01,0.15052799999999997,0.0008507876396126058,28.9814729737305
5.6,1.4,0.20900000000000002,0.15052799999999997,0.017781461667903464,29.42677328377897
5.6,1.4,0.40800000000000003,0.15052799999999997,0.03025242929185935,29.754777103371296
5.6,1.4,0.607,0.15052799999999997,0.039732662954905296,30.004120453933247
5.6,1.4,0.806,0.15052799999999997,0.04987235823042512,30.2708085634817
5.6,1.4,1.0050000000000001,0.15052799999999997,0.05975728729299218,30.530795966760092
5.6,1.4,1.2040000000000002,0.15052799999999997,0.0705699586357219,30.81518428427918
5.6,1.4,1.4030000000000002,0.15052799999999997,0.08111761352397293,31.09260229989829
5.6,1.4,1.6020000000000003,0.15052799999999997,0.09166526841222394,31.3700203155174
5.6,1.4,1.8010000000000004,0.15052799999999997,0.10221292330047498,31.647438331136506
5.6,1.4,2.0,0.15052799999999997,0.11276057818872597,31.924856346755615
5.6,2.8,0.01,0.15052799999999997,0.0034026865350884755,29.04859146927704
5.6,2.8,0.20900000000000002,0.15052799999999997,0.07111614858334912,30.829549840701645
5.6,2.8,0.40800000000000003,0.15052799999999997,0.1268480730332745,32.29537708394548
5.6,2.8,0.607,0.15052799999999997,0.17507275925377572,33.563753504759916
5.6,2.8,0.806,0.15052799999999997,0.22552291604698524,34.890662901542974
5.6,2.8,1.0050000000000001,0.15052799999999997,0.27470548096096836,36.18423286624606
5.6,2.8,1.2040000000000002,0.15052799999999997,0.33458373413778253,37.75911433051863
5.6,2.8,1.4030000000000002,0.15052799999999997,0.3929943830700669,39.295395758902146
5.6,2.8,1.6020000000000003,0.15052799999999997,0.45140503200235116,40.83167718728568
5.6,2.8,1.8010000000000004,0.15052799999999997,0.5098156809346356,42.3679586156692
5.6,2.8,2.0,0.15052799999999997,0.5682263298669198,43.90424004405273
5.6,4.199999999999999,0.01,0.15052799999999997,0.007655434038344398,29.160444652357246
5.6,4.199999999999999,0.20900000000000002,0.15052799999999997,0.15999857140139795,33.16728136707796
5.6,4.199999999999999,0.40800000000000003,0.15052799999999997,0.293568499752282,36.68035653516712
5.6,4.199999999999999,0.607,0.15052799999999997,0.4170176044531488,39.927239943745235
5.6,4.199999999999999,0.806,0.15052799999999997,0.5453653626673907,43.30296476316623
5.6,4.199999999999999,1.0050000000000001,0.15052799999999997,0.6704883028360483,46.5938723760691
5.6,4.199999999999999,1.2040000000000002,0.15052799999999997,0.8322525588224904,50.84849763346617
5.6,4.199999999999999,1.4030000000000002,0.15052799999999997,0.9900520046131862,54.99884286004466
5.6,4.199999999999999,1.6020000000000003,0.15052799999999997,1.1478514504038821,59.14918808662317
5.6,4.199999999999999,1.8010000000000004,0.15052799999999997,1.305650896194578,63.29953331320167
5.6,4.199999999999999,2.0,0.15052799999999997,1.4634503419852736,67.44987853978016
5.6,5.6,0.01,0.15052799999999997,0.01360889029998652,29.317028844737262
5.6,5.6,0.20900000000000002,0.15052799999999997,0.2844258072697182,36.439890987820306
5.6,5.6,0.40800000000000003,0.15052799999999997,0.5325911181106973,42.96698433780186
5.6,5.6,0.607,0.15052799999999997,0.7721036417937869,49.266497332875346
5.6,5.6,0.806,0.15052799999999997,1.020586847294453,55.801951755209075
5.6,5.6,1.0050000000000001,0.15052799999999997,1.2628267561744992,62.17319877999672
5.6,5.6,1.2040000000000002,0.15052799999999997,1.5893482612398535,70.76116918212803
5.6,5.6,1.4030000000000002,0.15052799999999997,1.9078667882398803,79.13865011361887
5.6,5.6,1.6020000000000003,0.15052799999999997,2.226385315239907,87.51613104510969
5.6,5.6,1.8010000000000004,0.15052799999999997,2.544903842239934,95.89361197660054
5.6,5.6,2.0,0.15052799999999997,2.86342236923996,104.27109290809136
5.6,7.0,0.01,0.15052799999999997,0.02126295766668458,29.518341477998476
5.6,7.0,0.20900000000000002,0.15052799999999997,0.4443958152337078,40.64732502297973
5.6,7.0,0.40800000000000003,0.15052799999999997,0.8454994918712943,51.196910424591124
5.6,7.0,0.607,0.15052799999999997,1.2451677739418,61.70874294969595
5.6,7.0,0.806,0.15052799999999997,1.6595614165903345,72.60787296927825
5.6,7.0,1.0050000000000001,0.15052799999999997,2.0635431586698103,83.23315550093133
5.6,7.0,1.2040000000000002,0.15052799999999997,2.625745116305124,98.01985009008553
5.6,7.0,1.4030000000000002,0.15052799999999997,3.174167614194474,112.44412569421142
5.6,7.0,1.6020000000000003,0.15052799999999997,3.722590112083824,126.86840129833732
5.6,7.0,1.8010000000000004,0.15052799999999997,4.271012609973173,141.2926769024632
5.6,7.0,2.0,0.15052799999999997,4.819435107862522,155.71695250658908
5.6,8.399999999999999,0.01,0.15052799999999997,0.030617560845610722,29.764380571834646
5.6,8.399999999999999,0.20900000000000002,0.15052799999999997,0.6399070216732641,45.78954208415563
5.6,8.399999999999999,0.40800000000000003,0.15052799999999997,1.233550531791976,61.4031932992461
5.6,8.399999999999999,0.607,0.15052799999999997,1.8400977778620853,77.35623074375303
5.6,8.399999999999999,0.806,0.15052799999999997,2.4690748829981315,93.89920472473308
5.6,8.399999999999999,1.0050000000000001,0.15052799999999997,3.0822485432815134,110.02652609312568
5.6,8.399999999999999,1.2040000000000002,0.15052799999999997,3.9579006454884524,133.05739609604353
5.6,8.399999999999999,1.4030000000000002,0.15052799999999997,4.81209068636679,155.52378399104674
5.6,8.399999999999999,1.6020000000000003,0.15052799999999997,5.666280727245127,177.99017188604992
5.6,8.399999999999999,1.8010000000000004,0.15052799999999997,6.520470768123464,200.4565597810531
5.6,8.399999999999999,2.0,0.15052799999999997,7.3746608090018,222.92294767605625
5.6,9.799999999999999,0.01,0.15052799999999997,0.041672638498429025,30.055144512962087
5.6,9.799999999999999,0.20900000000000002,0.15052799999999997,0.8709581446171667,51.86650845371919
5.6,9.799999999999999,0.40800000000000003,0.15052799999999997,1.6977917458136071,73.61338387970814
5.6,9.799999999999999,0.607,0.15052799999999997,2.5601662024396714,96.2950333091274
5.6,9.799999999999999,0.806,0.15052799999999997,3.454875488808992,119.82713380068257
5.6,9.799999999999999,1.0050000000000001,0.15052799999999997,4.327104642354962,142.76797548591725
5.6,9.799999999999999,1.2040000000000002,0.15052799999999997,5.599997563984011,176.24683236502153
5.6,9.799999999999999,1.4030000000000002,0.15052799999999997,6.8416921296907764,208.90512902650067
5.6,9.799999999999999,1.6020000000000003,0.15052799999999997,8.083386695397541,241.56342568797976
5.6,9.799999999999999,1.8010000000000004,0.15052799999999997,9.325081261104307,274.2217223494589
5.6,9.799999999999999,2.0,0.15052799999999997,10.566775826811073,306.88001901093804
5.6,11.2,0.01,0.15052799999999997,0.05442813885066012,30.39063193963988
5.6,11.2,0.20900000000000002,0.15052799999999997,1.1375481019787967,58.878195671285106
5.6,11.2,0.40800000000000003,0.15052799999999997,2.239124044704864,87.85117737409165
5.6,11.2,0.607,0.15052799999999997,3.4082110541215975,118.59979416849717
5.6,11.2,0.806,0.15052799999999997,4.621974115818396,150.5234533681142
5.6,11.2,1.0050000000000001,0.15052799999999997,5.805240618176076,181.645010577791
5.6,11.2,1.2040000000000002,0.15052799999999997,7.564577267450305,227.91801507202123
5.6,11.2,1.4030000000000002,0.15052799999999997,9.280792920418794,273.056877299236
5.6,11.2,1.6020000000000003,0.15052799999999997,10.99700857338728,318.1957395264508
5.6,11.2,1.8010000000000004,0.15052799999999997,12.713224226355766,363.33460175366554
5.6,11.2,2.0,0.15052799999999997,14.429439879324251,408.47346398088024
5.6,12.6,0.01,0.15052799999999997,0.06888401709988091,30.770841673501895
5.6,12.6,0.20900000000000002,0.15052799999999997,1.4396759573875113,66.82457910900115
5.6,12.6,0.40800000000000003,0.15052799999999997,2.8583395672963463,104.13740813702883
5.6,12.6,0.607,0.15052799999999997,4.3867455119279555,144.33661343075255
5.6,12.6,0.806,0.15052799999999997,5.974827652734438,186.10538580814816
5.6,12.6,1.0050000000000001,0.15052799999999997,7.523008232214124,226.82469154289558
5.6,12.6,1.2040000000000002,0.15052799999999997,9.862932219079925,288.36795172852555
5.6,12.6,1.4030000000000002,0.15052799999999997,12.14550512783627,348.40279867431167
5.6,12.6,1.6020000000000003,0.15052799999999997,14.428078036592614,408.43764562009784
5.6,12.6,1.8010000000000004,0.15052799999999997,16.710650945348956,468.4724925658838
5.6,12.6,2.0,0.15052799999999997,18.9932238541053,528.5073395116699
7.0,0.0,0.01,0.2352,0.0,31.1860876152001
7.0,0.0,0.20900000000000002,0.2352,0.0,31.1860876152001
7.0,0.0,0.40800000000000003,0.2352,0.0,31.1860876152001
7.0,0.0,0.607,0.2352,0.0,31.1860876152001
7.0,0.0,0.806,0.2352,0.0,31.1860876152001
7.0,0.0,1.0050000000000001,0.2352,0.0,31.1860876152001
7.0,0.0,1.2040000000000002,0.2352,0.0,31.1860876152001
7.0,0.0,1.4030000000000002,0.2352,0.0,31.1860876152001
7.0,0.0,1.6020000000000003,0.2352,0.0,31.1860876152001
7.0,0.0,1.8010000000000004,0.2352,0.0,31.1860876152001
7.0,0.0,2.0,0.2352,0.0,31.1860876152001
7.0,1.4,0.01,0.2352,0.0008507876396126058,31.208464515202536
7.0,1.4,0.20900000000000002,0.2352,0.017781461667903464,31.653764825251006
7.0,1.4,0.40800000000000003,0.2352,0.03025242929185935,31.98176864484333
7.0,1.4,0.607,0.2352,0.039732662954905296,32.231111995405286
7.0,1.4,0.806,0.2352,0.04987235823042512,32.49780010495374
7.0,1.4,1.0050000000000001,0.2352,0.05975728729299218,32.75778750823213
7.0,1.4,1.2040000000000002,0.2352,0.0705699586357219,33.042175825751215
7.0,1.4,1.4030000000000002,0.2352,0.08111761352397293,33.31959384137033
7.0,1.4,1.6020000000000003,0.2352,0.09166526841222394,33.59701185698944
7.0,1.4,1.8010000000000004,0.2352,0.10221292330047498,33.874429872608545
7.0,1.4,2.0,0.2352,0.11276057818872597,34.15184788822765
7.0,2.8,0.01,0.2352,0.0034026865350884755,31.275583010749074
7.0,2.8,0.20900000000000002,0.2352,0.07111614858334912,33.05654138217368
7.0,2.8,0.40800000000000003,0.2352,0.1268480730332745,34.52236862541752
7.0,2.8,0.607,0.2352,0.17507275925377572,35.79074504623195
7.0,2.8,0.806,0.2352,0.22552291604698524,37.11765444301501
7.0,2.8,1.0050000000000001,0.2352,0.27470548096096836,38.4112244077181
7.0,2.8,1.2040000000000002,0.2352,0.33458373413778253,39.98610587199066
7.0,2.8,1.4030000000000002,0.2352,0.3929943830700669,41.522387300374184
7.0,2.8,1.6020000000000003,0.2352,0.45140503200235116,43.05866872875771
7.0,2.8,1.8010000000000004,0.2352,0.5098156809346356,44.59495015714124
7.0,2.8,2.0,0.2352,0.5682263298669198,46.13123158552476
7.0,4.199999999999999,0.01,0.2352,0.007655434038344398,31.38743619382928
7.0,4.199999999999999,0.20900000000000002,0.2352,0.15999857140139795,35.39427290855
7.0,4.199999999999999,0.40800000000000003,0.2352,0.293568499752282,38.90734807663915
7.0,4.199999999999999,0.607,0.2352,0.4170176044531488,42.15423148521727
7.0,4.199999999999999,0.806,0.2352,0.5453653626673907,45.52995630463827
7.0,4.199999999999999,1.0050000000000001,0.2352,0.6704883028360483,48.820863917541146
7.0,4.199999999999999,1.2040000000000002,0.2352,0.8322525588224904,53.0754891749382
7.0,4.199999999999999,1.4030000000000002,0.2352,0.9900520046131862,57.2258344015167
7.0,4.199999999999999,1.6020000000000003,0.2352,1.1478514504038821,61.37617962809521
7.0,4.199999999999999,1.8010000000000004,0.2352,1.305650896194578,65.52652485467371
7.0,4.199999999999999,2.0,0.2352,1.4634503419852736,69.67687008125219
7.0,5.6,0.01,0.2352,0.01360889029998652,31.544020386209297
7.0,5.6,0.20900000000000002,0.2352,0.2844258072697182,38.666882529292344
7.0,5.6,0.40800000000000003,0.2352,0.5325911181106973,45.19397587927391
7.0,5.6,0.607,0.2352,0.7721036417937869,51.49348887434738
7.0,5.6,0.806,0.2352,1.020586847294453,58.028943296681106
7.0,5.6,1.0050000000000001,0.2352,1.2628267561744992,64.40019032146876
7.0,5.6,1.2040000000000002,0.2352,1.5893482612398535,72.98816072360006
7.0,5.6,1.4030000000000002,0.2352,1.9078667882398803,81.36564165509091
7.0,5.6,1.6020000000000003,0.2352,2.226385315239907,89.74312258658173
7.0,5.6,1.8010000000000004,0.2352,2.544903842239934,98.12060351807257
7.0,5.6,2.0,0.2352,2.86342236923996,106.4980844495634
7.0,7.0,0.01,0.2352,0.02126295766668458,31.745333019470515
7.0,7.0,0.20900000000000002,0.2352,0.4443958152337078,42.87431656445177
7.0,7.0,0.40800000000000003,0.2352,0.8454994918712943,53.423901966063156
7.0,7.0,0.607,0.2352,1.2451677739418,63.93573449116799
7.0,7.0,0.806,0.2352,1.6595614165903345,74.8348645107503
7.0,7.0,1.0050000000000001,0.2352,2.0635431586698103,85.46014704240338
7.0,7.0,1.2040000000000002,0.2352,2.625745116305124,100.24684163155757
7.0,7.0,1.4030000000000002,0.2352,3.174167614194474,114.67111723568347
7.0,7.0,1.6020000000000003,0.2352,3.722590112083824,129.09539283980936
7.0,7.0,1.8010000000000004,0.2352,4.271012609973173,143.51966844393525
7.0,7.0,2.0,0.2352,4.819435107862522,157.94394404806113
7.0,8.399999999999999,0.01,0.2352,0.030617560845610722,31.99137211330668
7.0,8.399999999999999,0.20900000000000002,0.2352,0.6399070216732641,48.01653362562766
7.0,8.399999999999999,0.40800000000000003,0.2352,1.233550531791976,63.63018484071814
7.0,8.399999999999999,0.607,0.2352,1.8400977778620853,79.58322228522508
7.0,8.399999999999999,0.806,0.2352,2.4690748829981315,96.12619626620511
7.0,8.399999999999999,1.0050000000000001,0.2352,3.0822485432815134,112.25351763459773
7.0,8.399999999999999,1.2040000000000002,0.2352,3.9579006454884524,135.28438763751558
7.0,8.399999999999999,1.4030000000000002,0.2352,4.81209068636679,157.75077553251876
7.0,8.399999999999999,1.6020000000000003,0.2352,5.666280727245127,180.21716342752194
7.0,8.399999999999999,1.8010000000000004,0.2352,6.520470768123464,202.68355132252515
7.0,8.399999999999999,2.0,0.2352,7.3746608090018,225.1499392175283
7.0,9.799999999999999,0.01,0.2352,0.041672638498429025,32.282136054434126
7.0,9.799999999999999,0.20900000000000002,0.2352,0.8709581446171667,54.09349999519123
7.0,9.799999999999999,0.40800000000000003,0.2352,1.6977917458136071,75.84037542118017
7.0,9.799999999999999,0.607,0.2352,2.5601662024396714,98.52202485059944
7.0,9.799999999999999,0.806,0.2352,3.454875488808992,122.0541253421546
7.0,9.799999999999999,1.0050000000000001,0.2352,4.327104642354962,144.9949670273893
7.0,9.799999999999999,1.2040000000000002,0.2352,5.599997563984011,178.47382390649355
7.0,9.799999999999999,1.4030000000000002,0.2352,6.8416921296907764,211.1321205679727
7.0,9.799999999999999,1.6020000000000003,0.2352,8.083386695397541,243.79041722945183
7.0,9.799999999999999,1.8010000000000004,0.2352,9.325081261104307,276.448713890931
7.0,9.799999999999999,2.0,0.2352,10.566775826811073,309.1070105524101
7.0,11.2,0.01,0.2352,0.05442813885066012,32.61762348111192
7.0,11.2,0.20900000000000002,0.2352,1.1375481019787967,61.105187212757144
7.0,11.2,0.40800000000000003,0.2352,2.239124044704864,90.07816891556368
7.0,11.2,0.607,0.2352,3.4082110541215975,120.82678570996922
7.0,11.2,0.806,0.2352,4.621974115818396,152.75044490958618
7.0,11.2,1.0050000000000001,0.2352,5.805240618176076,183.87200211926304
7.0,11.2,1.2040000000000002,0.2352,7.564577267450305,230.14500661349328
7.0,11.2,1.4030000000000002,0.2352,9.280792920418794,275.28386884070807
7.0,11.2,1.6020000000000003,0.2352,10.99700857338728,320.4227310679228
7.0,11.2,1.8010000000000004,0.2352,12.713224226355766,365.5615932951376
7.0,11.2,2.0,0.2352,14.429439879324251,410.7004555223523
7.0,12.6,0.01,0.2352,0.06888401709988091,32.99783321497393
7.0,12.6,0.20900000000000002,0.2352,1.4396759573875113,69.0515706504732
7.0,12.6,0.40800000000000003,0.2352,2.8583395672963463,106.36439967850087
7.0,12.6,0.607,0.2352,4.3867455119279555,146.56360497222454
7.0,12.6,0.806,0.2352,5.974827652734438,188.33237734962017
7.0,12.6,1.0050000000000001,0.2352,7.523008232214124,229.0516830843676
7.0,12.6,1.2040000000000002,0.2352,9.862932219079925,290.5949432699976
7.0,12.6,1.4030000000000002,0.2352,12.14550512783627,350.6297902157837
7.0,12.6,1.6020000000000003,0.2352,14.428078036592614,410.6646371615699
7.0,12.6,1.8010000000000004,0.2352,16.710650945348956,470.6994841073559
7.0,12.6,2.0,0.2352,18.9932238541053,530.7343310531419
8.399999999999999,0.0,0.01,0.3386879999999999,0.0,33.90796616588814
8.399999999999999,0.0,0.20900000000000002,0.3386879999999999,0.0,33.90796616588814
8.399999999999999,0.0,0.40800000000000003,0.3386879999999999,0.0,33.90796616588814
8.399999999999999,0.0,0.607,0.3386879999999999,0.0,33.90796616588814
8.399999999999999,0.0,0.806,0.3386879999999999,0.0,33.90796616588814
8.399999999999999,0.0,1.0050000000000001,0.3386879999999999,0.0,33.90796616588814
8.399999999999999,0.0,1.2040000000000002,0.3386879999999999,0.0,33.90796616588814
8.399999999999999,0.0,1.4030000000000002,0.3386879999999999,0.0,33.90796616588814
8.399999999999999,0.0,1.6020000000000003,0.3386879999999999,0.0,33.90796616588814
8.399999999999999,0.0,1.8010000000000004,0.3386879999999999,0.0,33.90796616588814
8.399999999999999,0.0,2.0,0.3386879999999999,0.0,33.90796616588814
8.399999999999999,1.4,0.01,0.3386879999999999,0.0008507876396126058,33.93034306589058
8.399999999999999,1.4,0.20900000000000002,0.3386879999999999,0.017781461667903464,34.37564337593905
8.399999999999999,1.4,0.40800000000000003,0.3386879999999999,0.03025242929185935,34.703647195531374
8.399999999999999,1.4,0.607,0.3386879999999999,0.039732662954905296,34.952990546093325
8.399999999999999,1.4,0.806,0.3386879999999999,0.04987235823042512,35.21967865564178
8.399999999999999,1.4,1.0050000000000001,0.3386879999999999,0.05975728729299218,35.479666058920174
8.399999999999999,1.4,1.2040000000000002,0.3386879999999999,0.0705699586357219,35.76405437643926
8.399999999999999,1.4,1.4030000000000002,0.3386879999999999,0.08111761352397293,36.04147239205837
8.399999999999999,1.4,1.6020000000000003,0.3386879999999999,0.09166526841222394,36.31889040767748
8.399999999999999,1.4,1.8010000000000004,0.3386879999999999,0.10221292330047498,36.596308423296584
8.399999999999999,1.4,2.0,0.3386879999999999,0.11276057818872597,36.873726438915696
8.399999999999999,2.8,0.01,0.3386879999999999,0.0034026865350884755,33.99746156143712
8.399999999999999,2.8,0.20900000000000002,0.3386879999999999,0.07111614858334912,35.77841993286172
8.399999999999999,2.8,0.40800000000000003,0.3386879999999999,0.1268480730332745,37.24424717610556
8.399999999999999,2.8,0.607,0.3386879999999999,0.17507275925377572,38.512623596919994
8.399999999999999,2.8,0.806,0.3386879999999999,0.22552291604698524,39.83953299370306
8.399999999999999,2.8,1.0050000000000001,0.3386879999999999,0.27470548096096836,41.13310295840614
8.399999999999999,2.8,1.2040000000000002,0.3386879999999999,0.33458373413778253,42.707984422678706
8.399999999999999,2.8,1.4030000000000002,0.3386879999999999,0.3929943830700669,44.244265851062224
8.399999999999999,2.8,1.6020000000000003,0.3386879999999999,0.45140503200235116,45.780547279445756
8.399999999999999,2.8,1.8010000000000004,0.3386879999999999,0.5098156809346356,47.31682870782927
8.399999999999999,2.8,2.0,0.3386879999999999,0.5682263298669198,48.8531101362128
8.399999999999999,4.199999999999999,0.01,0.3386879999999999,0.007655434038344398,34.10931474451732
8.399999999999999,4.199999999999999,0.20900000000000002,0.3386879999999999,0.15999857140139795,38.11615145923804
8.399999999999999,4.199999999999999,0.40800000000000003,0.3386879999999999,0.293568499752282,41.6292266273272
8.399999999999999,4.199999999999999,0.607,0.3386879999999999,0.4170176044531488,44.87611003590531
8.399999999999999,4.199999999999999,0.806,0.3386879999999999,0.5453653626673907,48.25183485532631
8.399999999999999,4.199999999999999,1.0050000000000001,0.3386879999999999,0.6704883028360483,51.542742468229186
8.399999999999999,4.199999999999999,1.2040000000000002,0.3386879999999999,0.8322525588224904,55.797367725626245
8.399999999999999,4.199999999999999,1.4030000000000002,0.3386879999999999,0.9900520046131862,59.947712952204746
8.399999999999999,4.199999999999999,1.6020000000000003,0.3386879999999999,1.1478514504038821,64.09805817878325
8.399999999999999,4.199999999999999,1.8010000000000004,0.3386879999999999,1.305650896194578,68.24840340536176
8.399999999999999,4.199999999999999,2.0,0.3386879999999999,1.4634503419852736,72.39874863194024
8.399999999999999,5.6,0.01,0.3386879999999999,0.01360889029998652,34.265898936897344
8.399999999999999,5.6,0.20900000000000002,0.3386879999999999,0.2844258072697182,41.388761079980384
8.399999999999999,5.6,0.40800000000000003,0.3386879999999999,0.5325911181106973,47.915854429961946
8.399999999999999,5.6,0.607,0.3386879999999999,0.7721036417937869,54.215367425035424
8.399999999999999,5.6,0.806,0.3386879999999999,1.020586847294453,60.750821847369146
8.399999999999999,5.6,1.0050000000000001,0.3386879999999999,1.2628267561744992,67.1220688721568
8.399999999999999,5.6,1.2040000000000002,0.3386879999999999,1.5893482612398535,75.7100392742881
8.399999999999999,5.6,1.4030000000000002,0.3386879999999999,1.9078667882398803,84.08752020577896
8.399999999999999,5.6,1.6020000000000003,0.3386879999999999,2.226385315239907,92.46500113726978
8.399999999999999,5.6,1.8010000000000004,0.3386879999999999,2.544903842239934,100.84248206876062
8.399999999999999,5.6,2.0,0.3386879999999999,2.86342236923996,109.21996300025144
8.399999999999999,7.0,0.01,0.3386879999999999,0.02126295766668458,34.467211570158554
8.399999999999999,7.0,0.20900000000000002,0.3386879999999999,0.4443958152337078,45.59619511513981
8.399999999999999,7.0,0.40800000000000003,0.3386879999999999,0.8454994918712943,56.1457805167512
8.399999999999999,7.0,0.607,0.3386879999999999,1.2451677739418,66.65761304185602
8.399999999999999,7.0,0.806,0.3386879999999999,1.6595614165903345,77.55674306143834
8.399999999999999,7.0,1.0050000000000001,0.3386879999999999,2.0635431586698103,88.18202559309142
8.399999999999999,7.0,1.2040000000000002,0.3386879999999999,2.625745116305124,102.9687201822456
8.399999999999999,7.0,1.4030000000000002,0.3386879999999999,3.174167614194474,117.3929957863715
8.399999999999999,7.0,1.6020000000000003,0.3386879999999999,3.722590112083824,131.8172713904974
8.399999999999999,7.0,1.8010000000000004,0.3386879999999999,4.271012609973173,146.2415469946233
8.399999999999999,7.0,2.0,0.3386879999999999,4.819435107862522,160.66582259874917
8.399999999999999,8.399999999999999,0.01,0.3386879999999999,0.030617560845610722,34.71325066399473
8.399999999999999,8.399999999999999,0.20900000000000002,0.3386879999999999,0.6399070216732641,50.738412176315705
8.399999999999999,8.399999999999999,0.40800000000000003,0.3386879999999999,1.233550531791976,66.35206339140618
8.399999999999999,8.399999999999999,0.607,0.3386879999999999,1.8400977778620853,82.30510083591311
8.399999999999999,8.399999999999999,0.806,0.3386879999999999,2.4690748829981315,98.84807481689316
8.399999999999999,8.399999999999999,1.0050000000000001,0.3386879999999999,3.0822485432815134,114.97539618528576
8.399999999999999,8.399999999999999,1.2040000000000002,0.3386879999999999,3.9579006454884524,138.0062661882036
8.399999999999999,8.399999999999999,1.4030000000000002,0.3386879999999999,4.81209068636679,160.4726540832068
8.399999999999999,8.399999999999999,1.6020000000000003,0.3386879999999999,5.666280727245127,182.93904197820999
8.399999999999999,8.399999999999999,1.8010000000000004,0.3386879999999999,6.520470768123464,205.4054298732132
8.399999999999999,8.399999999999999,2.0,0.3386879999999999,7.3746608090018,227.87181776821635
8.399999999999999,9.799999999999999,0.01,0.3386879999999999,0.041672638498429025,35.004014605122165
8.399999999999999,9.799999999999999,0.20900000000000002,0.3386879999999999,0.8709581446171667,56.81537854587927
8.399999999999999,9.799999999999999,0.40800000000000003,0.3386879999999999,1.6977917458136071,78.56225397186822
8.399999999999999,9.799999999999999,0.607,0.3386879999999999,2.5601662024396714,101.24390340128748
8.399999999999999,9.799999999999999,0.806,0.3386879999999999,3.454875488808992,124.77600389284264
8.399999999999999,9.799999999999999,1.0050000000000001,0.3386879999999999,4.327104642354962,147.7168455780773
8.399999999999999,9.799999999999999,1.2040000000000002,0.3386879999999999,5.599997563984011,181.1957024571816
8.399999999999999,9.799999999999999,1.4030000000000002,0.3386879999999999,6.8416921296907764,213.85399911866074
8.399999999999999,9.799999999999999,1.6020000000000003,0.3386879999999999,8.083386695397541,246.51229578013985
8.399999999999999,9.799999999999999,1.8010000000000004,0.3386879999999999,9.325081261104307,279.17059244161896
8.399999999999999,9.799999999999999,2.0,0.3386879999999999,10.566775826811073,311.8288891030981
8.399999999999999,11.2,0.01,0.3386879999999999,0.05442813885066012,35.33950203179996
8.399999999999999,11.2,0.20900000000000002,0.3386879999999999,1.1375481019787967,63.827065763445184
8.399999999999999,11.2,0.40800000000000003,0.3386879999999999,2.239124044704864,92.80004746625174
8.399999999999999,11.2,0.607,0.3386879999999999,3.4082110541215975,123.54866426065725
8.399999999999999,11.2,0.806,0.3386879999999999,4.621974115818396,155.47232346027425
8.399999999999999,11.2,1.0050000000000001,0.3386879999999999,5.805240618176076,186.5938806699511
8.399999999999999,11.2,1.2040000000000002,0.3386879999999999,7.564577267450305,232.86688516418133
8.399999999999999,11.2,1.4030000000000002,0.3386879999999999,9.280792920418794,278.0057473913961
8.399999999999999,11.2,1.6020000000000003,0.3386879999999999,10.99700857338728,323.14460961861084
8.399999999999999,11.2,1.8010000000000004,0.3386879999999999,12.713224226355766,368.28347184582566
8.399999999999999,11.2,2.0,0.3386879999999999,14.429439879324251,413.4223340730403
8.399999999999999,12.6,0.01,0.3386879999999999,0.06888401709988091,35.71971176566197
8.399999999999999,12.6,0.20900000000000002,0.3386879999999999,1.4396759573875113,71.77344920116124
8.399999999999999,12.6,0.40800000000000003,0.3386879999999999,2.8583395672963463,109.08627822918892
8.399999999999999,12.6,0.607,0.3386879999999999,4.3867455119279555,149.2854835229126
8.399999999999999,12.6,0.806,0.3386879999999999,5.974827652734438,191.05425590030822
8.399999999999999,12.6,1.0050000000000001,0.3386879999999999,7.523008232214124,231.77356163505567
8.399999999999999,12.6,1.2040000000000002,0.3386879999999999,9.862932219079925,293.3168218206856
8.399999999999999,12.6,1.4030000000000002,0.3386879999999999,12.14550512783627,353.3516687664718
8.399999999999999,12.6,1.6020000000000003,0.3386879999999999,14.428078036592614,413.3865157122579
8.399999999999999,12.6,1.8010000000000004,0.3386879999999999,16.710650945348956,473.42136265804385
8.399999999999999,12.6,2.0,0.3386879999999999,18.9932238541053,533.4562096038298
9.799999999999999,0.0,0.01,0.46099199999999985,0.0,37.124731725792195
9.799999999999999,0.0,0.20900000000000002,0.46099199999999985,0.0,37.124731725792195
9.799999999999999,0.0,0.40800000000000003,0.46099199999999985,0.0,37.124731725792195
9.799999999999999,0.0,0.607,0.46099199999999985,0.0,37.124731725792195
9.799999999999999,0.0,0.806,0.46099199999999985,0.0,37.124731725792195
9.799999999999999,0.0,1.0050000000000001,0.46099199999999985,0.0,37.124731725792195
9.799999999999999,0.0,1.2040000000000002,0.46099199999999985,0.0,37.124731725792195
9.799999999999999,0.0,1.4030000000000002,0.46099199999999985,0.0,37.124731725792195
9.799999999999999,0.0,1.6020000000000003,0.46099199999999985,0.0,37.124731725792195
9.799999999999999,0.0,1.8010000000000004,0.46099199999999985,0.0,37.124731725792195
9.799999999999999,0.0,2.0,0.46099199999999985,0.0,37.124731725792195
9.799999999999999,1.4,0.01,0.46099199999999985,0.0008507876396126058,37.14710862579463
9.799999999999999,1.4,0.20900000000000002,0.46099199999999985,0.017781461667903464,37.592408935843096
9.799999999999999,1.4,0.40800000000000003,0.46099199999999985,0.03025242929185935,37.92041275543542
9.799999999999999,1.4,0.607,0.46099199999999985,0.039732662954905296,38.16975610599738
9.799999999999999,1.4,0.806,0.46099199999999985,0.04987235823042512,38.43644421554583
9.799999999999999,1.4,1.0050000000000001,0.46099199999999985,0.05975728729299218,38.69643161882422
9.799999999999999,1.4,1.2040000000000002,0.46099199999999985,0.0705699586357219,38.98081993634331
9.799999999999999,1.4,1.4030000000000002,0.46099199999999985,0.08111761352397293,39.258237951962414
9.799999999999999,1.4,1.6020000000000003,0.46099199999999985,0.09166526841222394,39.535655967581526
9.799999999999999,1.4,1.8010000000000004,0.46099199999999985,0.10221292330047498,39.81307398320064
9.799999999999999,1.4,2.0,0.46099199999999985,0.11276057818872597,40.09049199881974
9.799999999999999,2.8,0.01,0.46099199999999985,0.0034026865350884755,37.21422712134117
9.799999999999999,2.8,0.20900000000000002,0.46099199999999985,0.07111614858334912,38.99518549276578
9.799999999999999,2.8,0.40800000000000003,0.46099199999999985,0.1268480730332745,40.461012736009614
9.799999999999999,2.8,0.607,0.46099199999999985,0.17507275925377572,41.72938915682404
9.799999999999999,2.8,0.806,0.46099199999999985,0.22552291604698524,43.05629855360711
9.799999999999999,2.8,1.0050000000000001,0.46099199999999985,0.27470548096096836,44.349868518310195
9.799999999999999,2.8,1.2040000000000002,0.46099199999999985,0.33458373413778253,45.92474998258275
9.799999999999999,2.8,1.4030000000000002,0.46099199999999985,0.3929943830700669,47.46103141096628
9.799999999999999,2.8,1.6020000000000003,0.46099199999999985,0.45140503200235116,48.9973128393498
9.799999999999999,2.8,1.8010000000000004,0.46099199999999985,0.5098156809346356,50.533594267733335
9.799999999999999,2.8,2.0,0.46099199999999985,0.5682263298669198,52.06987569611685
9.799999999999999,4.199999999999999,0.01,0.46099199999999985,0.007655434038344398,37.326080304421374
9.799999999999999,4.199999999999999,0.20900000000000002,0.46099199999999985,0.15999857140139795,41.332917019142094
9.799999999999999,4.199999999999999,0.40800000000000003,0.46099199999999985,0.293568499752282,44.845992187231246
9.799999999999999,4.199999999999999,0.607,0.46099199999999985,0.4170176044531488,48.09287559580936
9.799999999999999,4.199999999999999,0.806,0.46099199999999985,0.5453653626673907,51.468600415230355
9.799999999999999,4.199999999999999,1.0050000000000001,0.46099199999999985,0.6704883028360483,54.75950802813324
9.799999999999999,4.199999999999999,1.2040000000000002,0.46099199999999985,0.8322525588224904,59.01413328553029
9.799999999999999,4.199999999999999,1.4030000000000002,0.46099199999999985,0.9900520046131862,63.1644785121088
9.799999999999999,4.199999999999999,1.6020000000000003,0.46099199999999985,1.1478514504038821,67.3148237386873
9.799999999999999,4.199999999999999,1.8010000000000004,0.46099199999999985,1.305650896194578,71.4651689652658
9.799999999999999,4.199999999999999,2.0,0.46099199999999985,1.4634503419852736,75.61551419184428
9.799999999999999,5.6,0.01,0.46099199999999985,0.01360889029998652,37.48266449680139
9.799999999999999,5.6,0.20900000000000002,0.46099199999999985,0.2844258072697182,44.60552663988443
9.799999999999999,5.6,0.40800000000000003,0.46099199999999985,0.5325911181106973,51.132619989866
9.799999999999999,5.6,0.607,0.46099199999999985,0.7721036417937869,57.43213298493948
9.799999999999999,5.6,0.806,0.46099199999999985,1.020586847294453,63.9675874072732
9.799999999999999,5.6,1.0050000000000001,0.46099199999999985,1.2628267561744992,70.33883443206085
9.799999999999999,5.6,1.2040000000000002,0.46099199999999985,1.5893482612398535,78.92680483419215
9.799999999999999,5.6,1.4030000000000002,0.46099199999999985,1.9078667882398803,87.304285765683
9.799999999999999,5.6,1.6020000000000003,0.46099199999999985,2.226385315239907,95.68176669717383
9.799999999999999,5.6,1.8010000000000004,0.46099199999999985,2.544903842239934,104.05924762866466
9.799999999999999,5.6,2.0,0.46099199999999985,2.86342236923996,112.43672856015549
9.799999999999999,7.0,0.01,0.46099199999999985,0.02126295766668458,37.68397713006261
9.799999999999999,7.0,0.20900000000000002,0.46099199999999985,0.4443958152337078,48.81296067504386
9.799999999999999,7.0,0.40800000000000003,0.46099199999999985,0.8454994918712943,59.362546076655256
9.799999999999999,7.0,0.607,0.46099199999999985,1.2451677739418,69.87437860176009
9.799999999999999,7.0,0.806,0.46099199999999985,1.6595614165903345,80.77350862134239
9.799999999999999,7.0,1.0050000000000001,0.46099199999999985,2.0635431586698103,91.39879115299547
9.799999999999999,7.0,1.2040000000000002,0.46099199999999985,2.625745116305124,106.18548574214967
9.799999999999999,7.0,1.4030000000000002,0.46099199999999985,3.174167614194474,120.60976134627556
9.799999999999999,7.0,1.6020000000000003,0.46099199999999985,3.722590112083824,135.03403695040146
9.799999999999999,7.0,1.8010000000000004,0.46099199999999985,4.271012609973173,149.45831255452737
9.799999999999999,7.0,2.0,0.46099199999999985,4.819435107862522,163.88258815865322
9.799999999999999,8.399999999999999,0.01,0.46099199999999985,0.030617560845610722,37.930016223898775
9.799999999999999,8.399999999999999,0.20900000000000002,0.46099199999999985,0.6399070216732641,53.95517773621975
9.799999999999999,8.399999999999999,0.40800000000000003,0.46099199999999985,1.233550531791976,69.56882895131022
9.799999999999999,8.399999999999999,0.607,0.46099199999999985,1.8400977778620853,85.52186639581717
9.799999999999999,8.399999999999999,0.806,0.46099199999999985,2.4690748829981315,102.0648403767972
9.799999999999999,8.399999999999999,1.0050000000000001,0.46099199999999985,3.0822485432815134,118.19216174518982
9.799999999999999,8.399999999999999,1.2040000000000002,0.46099199999999985,3.9579006454884524,141.22303174810767
9.799999999999999,8.399999999999999,1.4030000000000002,0.46099199999999985,4.81209068636679,163.68941964311088
9.799999999999999,8.399999999999999,1.6020000000000003,0.46099199999999985,5.666280727245127,186.15580753811403
9.799999999999999,8.399999999999999,1.8010000000000004,0.46099199999999985,6.520470768123464,208.62219543311724
9.799999999999999,8.399999999999999,2.0,0.46099199999999985,7.3746608090018,231.0885833281204
9.799999999999999,9.799999999999999,0.01,0.46099199999999985,0.041672638498429025,38.22078016502622
9.799999999999999,9.799999999999999,0.20900000000000002,0.46099199999999985,0.8709581446171667,60.032144105783324
9.799999999999999,9.799999999999999,0.40800000000000003,0.46099199999999985,1.6977917458136071,81.77901953177226
9.799999999999999,9.799999999999999,0.607,0.46099199999999985,2.5601662024396714,104.46066896119153
9.799999999999999,9.799999999999999,0.806,0.46099199999999985,3.454875488808992,127.9927694527467
9.799999999999999,9.799999999999999,1.0050000000000001,0.46099199999999985,4.327104642354962,150.9336111379814
9.799999999999999,9.799999999999999,1.2040000000000002,0.46099199999999985,5.599997563984011,184.41246801708567
9.799999999999999,9.799999999999999,1.4030000000000002,0.46099199999999985,6.8416921296907764,217.0707646785648
9.799999999999999,9.799999999999999,1.6020000000000003,0.46099199999999985,8.083386695397541,249.7290613400439
9.799999999999999,9.799999999999999,1.8010000000000004,0.46099199999999985,9.325081261104307,282.38735800152307
9.799999999999999,9.799999999999999,2.0,0.46099199999999985,10.566775826811073,315.04565466300215
9.799999999999999,11.2,0.01,0.46099199999999985,0.05442813885066012,38.556267591704014
9.799999999999999,11.2,0.20900000000000002,0.46099199999999985,1.1375481019787967,67.04383132334922
9.799999999999999,11.2,0.40800000000000003,0.46099199999999985,2.239124044704864,96.01681302615577
9.799999999999999,11.2,0.607,0.46099199999999985,3.4082110541215975,126.76542982056131
9.799999999999999,11.2,0.806,0.46099199999999985,4.621974115818396,158.6890890201783
9.799999999999999,11.2,1.0050000000000001,0.46099199999999985,5.805240618176076,189.81064622985514
9.799999999999999,11.2,1.2040000000000002,0.46099199999999985,7.564577267450305,236.08365072408537
9.799999999999999,11.2,1.4030000000000002,0.46099199999999985,9.280792920418794,281.22251295130013
9.799999999999999,11.2,1.6020000000000003,0.46099199999999985,10.99700857338728,326.36137517851495
9.799999999999999,11.2,1.8010000000000004,0.46099199999999985,12.713224226355766,371.5002374057297
9.799999999999999,11.2,2.0,0.46099199999999985,14.429439879324251,416.63909963294435
9.799999999999999,12.6,0.01,0.46099199999999985,0.06888401709988091,38.936477325566024
9.799999999999999,12.6,0.20900000000000002,0.46099199999999985,1.4396759573875113,74.99021476106529
9.799999999999999,12.6,0.40800000000000003,0.46099199999999985,2.8583395672963463,112.30304378909297
9.799999999999999,12.6,0.607,0.46099199999999985,4.3867455119279555,152.50224908281666
9.799999999999999,12.6,0.806,0.46099199999999985,5.974827652734438,194.27102146021227
9.799999999999999,12.6,1.0050000000000001,0.46099199999999985,7.523008232214124,234.99032719495972
9.799999999999999,12.6,1.2040000000000002,0.46099199999999985,9.862932219079925,296.5335873805897
9.799999999999999,12.6,1.4030000000000002,0.46099199999999985,12.14550512783627,356.56843432637584
9.799999999999999,12.6,1.6020000000000003,0.46099199999999985,14.428078036592614,416.60328127216195
9.799999999999999,12.6,1.8010000000000004,0.46099199999999985,16.710650945348956,476.6381282179479
9.799999999999999,12.6,2.0,0.46099199999999985,18.9932238541053,536.672975163734
11.2,0.0,0.01,0.6021119999999999,0.0,40.83638429491226
11.2,0.0,0.20900000000000002,0.6021119999999999,0.0,40.83638429491226
11.2,0.0,0.40800000000000003,0.6021119999999999,0.0,40.83638429491226
11.2,0.0,0.607,0.6021119999999999,0.0,40.83638429491226
11.2,0.0,0.806,0.6021119999999999,0.0,40.83638429491226
11.2,0.0,1.0050000000000001,0.6021119999999999,0.0,40.83638429491226
11.2,0.0,1.2040000000000002,0.6021119999999999,0.0,40.83638429491226
11.2,0.0,1.4030000000000002,0.6021119999999999,0.0,40.83638429491226
11.2,0.0,1.6020000000000003,0.6021119999999999,0.0,40.83638429491226
11.2,0.0,1.8010000000000004,0.6021119999999999,0.0,40.83638429491226
11.2,0.0,2.0,0.6021119999999999,0.0,40.83638429491226
11.2,1.4,0.01,0.6021119999999999,0.0008507876396126058,40.85876119491469
11.2,1.4,0.20900000000000002,0.6021119999999999,0.017781461667903464,41.30406150496316
11.2,1.4,0.40800000000000003,0.6021119999999999,0.03025242929185935,41.632065324555484
11.2,1.4,0.607,0.6021119999999999,0.039732662954905296,41.88140867511744
11.2,1.4,0.806,0.6021119999999999,0.04987235823042512,42.148096784665896
11.2,1.4,1.0050000000000001,0.6021119999999999,0.05975728729299218,42.40808418794428
11.2,1.4,1.2040000000000002,0.6021119999999999,0.0705699586357219,42.69247250546337
11.2,1.4,1.4030000000000002,0.6021119999999999,0.08111761352397293,42.96989052108248
11.2,1.4,1.6020000000000003,0.6021119999999999,0.09166526841222394,43.24730853670159
11.2,1.4,1.8010000000000004,0.6021119999999999,0.10221292330047498,43.5247265523207
11.2,1.4,2.0,0.6021119999999999,0.11276057818872597,43.802144567939806
11.2,2.8,0.01,0.6021119999999999,0.0034026865350884755,40.92587969046123
11.2,2.8,0.20900000000000002,0.6021119999999999,0.07111614858334912,42.70683806188583
11.2,2.8,0.40800000000000003,0.6021119999999999,0.1268480730332745,44.17266530512968
11.2,2.8,0.607,0.6021119999999999,0.17507275925377572,45.4410417259441
11.2,2.8,0.806,0.6021119999999999,0.22552291604698524,46.76795112272717
11.2,2.8,1.0050000000000001,0.6021119999999999,0.27470548096096836,48.06152108743025
11.2,2.8,1.2040000000000002,0.6021119999999999,0.33458373413778253,49.636402551702815
11.2,2.8,1.4030000000000002,0.6021119999999999,0.3929943830700669,51.17268398008634
11.2,2.8,1.6020000000000003,0.6021119999999999,0.45140503200235116,52.708965408469865
11.2,2.8,1.8010000000000004,0.6021119999999999,0.5098156809346356,54.24524683685339
11.2,2.8,2.0,0.6021119999999999,0.5682263298669198,55.781528265236915
11.2,4.199999999999999,0.01,0.6021119999999999,0.007655434038344398,41.03773287354144
11.2,4.199999999999999,0.20900000000000002,0.6021119999999999,0.15999857140139795,45.044569588262156
11.2,4.199999999999999,0.40800000000000003,0.6021119999999999,0.293568499752282,48.55764475635131
11.2,4.199999999999999,0.607,0.6021119999999999,0.4170176044531488,51.80452816492942
11.2,4.199999999999999,0.806,0.6021119999999999,0.5453653626673907,55.18025298435042
11.2,4.199999999999999,1.0050000000000001,0.6021119999999999,0.6704883028360483,58.4711605972533
11.2,4.199999999999999,1.2040000000000002,0.6021119999999999,0.8322525588224904,62.72578585465036
11.2,4.199999999999999,1.4030000000000002,0.6021119999999999,0.9900520046131862,66.87613108122886
11.2,4.199999999999999,1.6020000000000003,0.6021119999999999,1.1478514504038821,71.02647630780736
11.2,4.199999999999999,1.8010000000000004,0.6021119999999999,1.305650896194578,75.17682153438585
11.2,4.199999999999999,2.0,0.6021119999999999,1.4634503419852736,79.32716676096436
11.2,5.6,0.01,0.6021119999999999,0.01360889029998652,41.19431706592145
11.2,5.6,0.20900000000000002,0.6021119999999999,0.2844258072697182,48.31717920900449
11.2,5.6,0.40800000000000003,0.6021119999999999,0.5325911181106973,54.84427255898606
11.2,5.6,0.607,0.6021119999999999,0.7721036417937869,61.143785554059534
11.2,5.6,0.806,0.6021119999999999,1.020586847294453,67.67923997639326
11.2,5.6,1.0050000000000001,0.6021119999999999,1.2628267561744992,74.0504870011809
11.2,5.6,1.2040000000000002,0.6021119999999999,1.5893482612398535,82.63845740331222
11.2,5.6,1.4030000000000002,0.6021119999999999,1.9078667882398803,91.01593833480307
11.2,5.6,1.6020000000000003,0.6021119999999999,2.226385315239907,99.3934192662939
11.2,5.6,1.8010000000000004,0.6021119999999999,2.544903842239934,107.77090019778473
11.2,5.6,2.0,0.6021119999999999,2.86342236923996,116.14838112927556
11.2,7.0,0.01,0.6021119999999999,0.02126295766668458,41.39562969918266
11.2,7.0,0.20900000000000002,0.6021119999999999,0.4443958152337078,52.52461324416393
11.2,7.0,0.40800000000000003,0.6021119999999999,0.8454994918712943,63.07419864577532
11.2,7.0,0.607,0.6021119999999999,1.2451677739418,73.58603117088015
11.2,7.0,0.806,0.6021119999999999,1.6595614165903345,84.48516119046243
11.2,7.0,1.0050000000000001,0.6021119999999999,2.0635431586698103,95.11044372211555
11.2,7.0,1.2040000000000002,0.6021119999999999,2.625745116305124,109.89713831126971
11.2,7.0,1.4030000000000002,0.6021119999999999,3.174167614194474,124.32141391539561
11.2,7.0,1.6020000000000003,0.6021119999999999,3.722590112083824,138.7456895195215
11.2,7.0,1.8010000000000004,0.6021119999999999,4.271012609973173,153.16996512364742
11.2,7.0,2.0,0.6021119999999999,4.819435107862522,167.59424072777327
11.2,8.399999999999999,0.01,0.6021119999999999,0.030617560845610722,41.64166879301884
11.2,8.399999999999999,0.20900000000000002,0.6021119999999999,0.6399070216732641,57.666830305339815
11.2,8.399999999999999,0.40800000000000003,0.6021119999999999,1.233550531791976,73.28048152043029
11.2,8.399999999999999,0.607,0.6021119999999999,1.8400977778620853,89.23351896493722
11.2,8.399999999999999,0.806,0.6021119999999999,2.4690748829981315,105.77649294591727
11.2,8.399999999999999,1.0050000000000001,0.6021119999999999,3.0822485432815134,121.90381431430987
11.2,8.399999999999999,1.2040000000000002,0.6021119999999999,3.9579006454884524,144.93468431722772
11.2,8.399999999999999,1.4030000000000002,0.6021119999999999,4.81209068636679,167.40107221223093
11.2,8.399999999999999,1.6020000000000003,0.6021119999999999,5.666280727245127,189.8674601072341
11.2,8.399999999999999,1.8010000000000004,0.6021119999999999,6.520470768123464,212.3338480022373
11.2,8.399999999999999,2.0,0.6021119999999999,7.3746608090018,234.80023589724044
11.2,9.799999999999999,0.01,0.6021119999999999,0.041672638498429025,41.932432734146275
11.2,9.799999999999999,0.20900000000000002,0.6021119999999999,0.8709581446171667,63.74379667490338
11.2,9.799999999999999,0.40800000000000003,0.6021119999999999,1.6977917458136071,85.49067210089234
11.2,9.799999999999999,0.607,0.6021119999999999,2.5601662024396714,108.17232153031159
11.2,9.799999999999999,0.806,0.6021119999999999,3.454875488808992,131.70442202186678
11.2,9.799999999999999,1.0050000000000001,0.6021119999999999,4.327104642354962,154.64526370710144
11.2,9.799999999999999,1.2040000000000002,0.6021119999999999,5.599997563984011,188.12412058620572
11.2,9.799999999999999,1.4030000000000002,0.6021119999999999,6.8416921296907764,220.78241724768486
11.2,9.799999999999999,1.6020000000000003,0.6021119999999999,8.083386695397541,253.44071390916397
11.2,9.799999999999999,1.8010000000000004,0.6021119999999999,9.325081261104307,286.0990105706431
11.2,9.799999999999999,2.0,0.6021119999999999,10.566775826811073,318.7573072321222
11.2,11.2,0.01,0.6021119999999999,0.05442813885066012,42.267920160824076
11.2,11.2,0.20900000000000002,0.6021119999999999,1.1375481019787967,70.7554838924693
11.2,11.2,0.40800000000000003,0.6021119999999999,2.239124044704864,99.72846559527585
11.2,11.2,0.607,0.6021119999999999,3.4082110541215975,130.47708238968136
11.2,11.2,0.806,0.6021119999999999,4.621974115818396,162.40074158929835
11.2,11.2,1.0050000000000001,0.6021119999999999,5.805240618176076,193.52229879897519
11.2,11.2,1.2040000000000002,0.6021119999999999,7.564577267450305,239.79530329320542
11.2,11.2,1.4030000000000002,0.6021119999999999,9.280792920418794,284.9341655204202
11.2,11.2,1.6020000000000003,0.6021119999999999,10.99700857338728,330.07302774763497
11.2,11.2,1.8010000000000004,0.6021119999999999,12.713224226355766,375.2118899748497
11.2,11.2,2.0,0.6021119999999999,14.429439879324251,420.35075220206437
11.2,12.6,0.01,0.6021119999999999,0.06888401709988091,42.648129894686086
11.2,12.6,0.20900000000000002,0.6021119999999999,1.4396759573875113,78.70186733018535
11.2,12.6,0.40800000000000003,0.6021119999999999,2.8583395672963463,116.01469635821303
11.2,12.6,0.607,0.6021119999999999,4.3867455119279555,156.2139016519367
11.2,12.6,0.806,0.6021119999999999,5.974827652734438,197.98267402933234
11.2,12.6,1.0050000000000001,0.6021119999999999,7.523008232214124,238.70197976407977
11.2,12.6,1.2040000000000002,0.6021119999999999,9.862932219079925,300.24523994970974
11.2,12.6,1.4030000000000002,0.6021119999999999,12.14550512783627,360.28008689549586
11.2,12.6,1.6020000000000003,0.6021119999999999,14.428078036592614,420.31493384128197
11.2,12.6,1.8010000000000004,0.6021119999999999,16.710650945348956,480.349780787068
11.2,12.6,2.0,0.6021119999999999,18.9932238541053,540.384627732854
12.6,0.0,0.01,0.7620479999999998,0.0,45.04292387324833
12.6,0.0,0.20900000000000002,0.7620479999999998,0.0,45.04292387324833
12.6,0.0,0.40800000000000003,0.7620479999999998,0.0,45.04292387324833
12.6,0.0,0.607,0.7620479999999998,0.0,45.04292387324833
12.6,0.0,0.806,0.7620479999999998,0.0,45.04292387324833
12.6,0.0,1.0050000000000001,0.7620479999999998,0.0,45.04292387324833
12.6,0.0,1.2040000000000002,0.7620479999999998,0.0,45.04292387324833
12.6,0.0,1.4030000000000002,0.7620479999999998,0.0,45.04292387324833
12.6,0.0,1.6020000000000003,0.7620479999999998,0.0,45.04292387324833
12.6,0.0,1.8010000000000004,0.7620479999999998,0.0,45.04292387324833
12.6,0.0,2.0,0.7620479999999998,0.0,45.04292387324833
12.6,1.4,0.01,0.7620479999999998,0.0008507876396126058,45.065300773250755
12.6,1.4,0.20900000000000002,0.7620479999999998,0.017781461667903464,45.510601083299235
12.6,1.4,0.40800000000000003,0.7620479999999998,0.03025242929185935,45.838604902891554
12.6,1.4,0.607,0.7620479999999998,0.039732662954905296,46.087948253453504
12.6,1.4,0.806,0.7620479999999998,0.04987235823042512,46.35463636300196
12.6,1.4,1.0050000000000001,0.7620479999999998,0.05975728729299218,46.61462376628035
12.6,1.4,1.2040000000000002,0.7620479999999998,0.0705699586357219,46.89901208379944
12.6,1.4,1.4030000000000002,0.7620479999999998,0.08111761352397293,47.17643009941855
12.6,1.4,1.6020000000000003,0.7620479999999998,0.09166526841222394,47.45384811503766
12.6,1.4,1.8010000000000004,0.7620479999999998,0.10221292330047498,47.73126613065676
12.6,1.4,2.0,0.7620479999999998,0.11276057818872597,48.008684146275876
12.6,2.8,0.01,0.7620479999999998,0.0034026865350884755,45.1324192687973
12.6,2.8,0.20900000000000002,0.7620479999999998,0.07111614858334912,46.91337764022191
12.6,2.8,0.40800000000000003,0.7620479999999998,0.1268480730332745,48.379204883465746
12.6,2.8,0.607,0.7620479999999998,0.17507275925377572,49.64758130428017
12.6,2.8,0.806,0.7620479999999998,0.22552291604698524,50.97449070106323
12.6,2.8,1.0050000000000001,0.7620479999999998,0.27470548096096836,52.26806066576633
12.6,2.8,1.2040000000000002,0.7620479999999998,0.33458373413778253,53.84294213003888
12.6,2.8,1.4030000000000002,0.7620479999999998,0.3929943830700669,55.37922355842241
12.6,2.8,1.6020000000000003,0.7620479999999998,0.45140503200235116,56.91550498680593
12.6,2.8,1.8010000000000004,0.7620479999999998,0.5098156809346356,58.45178641518946
12.6,2.8,2.0,0.7620479999999998,0.5682263298669198,59.988067843572985
12.6,4.199999999999999,0.01,0.7620479999999998,0.007655434038344398,45.24427245187751
12.6,4.199999999999999,0.20900000000000002,0.7620479999999998,0.15999857140139795,49.251109166598226
12.6,4.199999999999999,0.40800000000000003,0.7620479999999998,0.293568499752282,52.76418433468738
12.6,4.199999999999999,0.607,0.7620479999999998,0.4170176044531488,56.0110677432655
12.6,4.199999999999999,0.806,0.7620479999999998,0.5453653626673907,59.386792562686495
12.6,4.199999999999999,1.0050000000000001,0.7620479999999998,0.6704883028360483,62.677700175589365
12.6,4.199999999999999,1.2040000000000002,0.7620479999999998,0.8322525588224904,66.93232543298643
12.6,4.199999999999999,1.4030000000000002,0.7620479999999998,0.9900520046131862,71.08267065956493
12.6,4.199999999999999,1.6020000000000003,0.7620479999999998,1.1478514504038821,75.23301588614342
12.6,4.199999999999999,1.8010000000000004,0.7620479999999998,1.305650896194578,79.38336111272193
12.6,4.199999999999999,2.0,0.7620479999999998,1.4634503419852736,83.53370633930041
12.6,5.6,0.01,0.7620479999999998,0.01360889029998652,45.40085664425752
12.6,5.6,0.20900000000000002,0.7620479999999998,0.2844258072697182,52.52371878734057
12.6,5.6,0.40800000000000003,0.7620479999999998,0.5325911181106973,59.050812137322126
12.6,5.6,0.607,0.7620479999999998,0.7721036417937869,65.3503251323956
12.6,5.6,0.806,0.7620479999999998,1.020586847294453,71.88577955472933
12.6,5.6,1.0050000000000001,0.7620479999999998,1.2628267561744992,78.25702657951697
12.6,5.6,1.2040000000000002,0.7620479999999998,1.5893482612398535,86.84499698164828
12.6,5.6,1.4030000000000002,0.7620479999999998,1.9078667882398803,95.22247791313913
12.6,5.6,1.6020000000000003,0.7620479999999998,2.226385315239907,103.59995884462995
12.6,5.6,1.8010000000000004,0.7620479999999998,2.544903842239934,111.9774397761208
12.6,5.6,2.0,0.7620479999999998,2.86342236923996,120.35492070761161
12.6,7.0,0.01,0.7620479999999998,0.02126295766668458,45.60216927751874
12.6,7.0,0.20900000000000002,0.7620479999999998,0.4443958152337078,56.73115282249999
12.6,7.0,0.40800000000000003,0.7620479999999998,0.8454994918712943,67.28073822411139
12.6,7.0,0.607,0.7620479999999998,1.2451677739418,77.79257074921621
12.6,7.0,0.806,0.7620479999999998,1.6595614165903345,88.69170076879851
12.6,7.0,1.0050000000000001,0.7620479999999998,2.0635431586698103,99.3169833004516
12.6,7.0,1.2040000000000002,0.7620479999999998,2.625745116305124,114.10367788960579
12.6,7.0,1.4030000000000002,0.7620479999999998,3.174167614194474,128.52795349373167
12.6,7.0,1.6020000000000003,0.7620479999999998,3.722590112083824,142.95222909785758
12.6,7.0,1.8010000000000004,0.7620479999999998,4.271012609973173,157.37650470198346
12.6,7.0,2.0,0.7620479999999998,4.819435107862522,171.80078030610935
12.6,8.399999999999999,0.01,0.7620479999999998,0.030617560845610722,45.8482083713549
12.6,8.399999999999999,0.20900000000000002,0.7620479999999998,0.6399070216732641,61.873369883675885
12.6,8.399999999999999,0.40800000000000003,0.7620479999999998,1.233550531791976,77.48702109876635
12.6,8.399999999999999,0.607,0.7620479999999998,1.8400977778620853,93.4400585432733
12.6,8.399999999999999,0.806,0.7620479999999998,2.4690748829981315,109.98303252425335
12.6,8.399999999999999,1.0050000000000001,0.7620479999999998,3.0822485432815134,126.11035389264595
12.6,8.399999999999999,1.2040000000000002,0.7620479999999998,3.9579006454884524,149.14122389556383
12.6,8.399999999999999,1.4030000000000002,0.7620479999999998,4.81209068636679,171.60761179056698
12.6,8.399999999999999,1.6020000000000003,0.7620479999999998,5.666280727245127,194.07399968557016
12.6,8.399999999999999,1.8010000000000004,0.7620479999999998,6.520470768123464,216.54038758057337
12.6,8.399999999999999,2.0,0.7620479999999998,7.3746608090018,239.00677547557652
12.6,9.799999999999999,0.01,0.7620479999999998,0.041672638498429025,46.13897231248235
12.6,9.799999999999999,0.20900000000000002,0.7620479999999998,0.8709581446171667,67.95033625323946
12.6,9.799999999999999,0.40800000000000003,0.7620479999999998,1.6977917458136071,89.69721167922839
12.6,9.799999999999999,0.607,0.7620479999999998,2.5601662024396714,112.37886110864767
12.6,9.799999999999999,0.806,0.7620479999999998,3.454875488808992,135.91096160020282
12.6,9.799999999999999,1.0050000000000001,0.7620479999999998,4.327104642354962,158.8518032854375
12.6,9.799999999999999,1.2040000000000002,0.7620479999999998,5.599997563984011,192.33066016454177
12.6,9.799999999999999,1.4030000000000002,0.7620479999999998,6.8416921296907764,224.98895682602094
12.6,9.799999999999999,1.6020000000000003,0.7620479999999998,8.083386695397541,257.64725348750005
12.6,9.799999999999999,1.8010000000000004,0.7620479999999998,9.325081261104307,290.3055501489792
12.6,9.799999999999999,2.0,0.7620479999999998,10.566775826811073,322.9638468104583
12.6,11.2,0.01,0.7620479999999998,0.05442813885066012,46.474459739160146
12.6,11.2,0.20900000000000002,0.7620479999999998,1.1375481019787967,74.96202347080536
12.6,11.2,0.40800000000000003,0.7620479999999998,2.239124044704864,103.93500517361191
12.6,11.2,0.607,0.7620479999999998,3.4082110541215975,134.68362196801746
12.6,11.2,0.806,0.7620479999999998,4.621974115818396,166.60728116763443
12.6,11.2,1.0050000000000001,0.7620479999999998,5.805240618176076,197.72883837731126
12.6,11.2,1.2040000000000002,0.7620479999999998,7.564577267450305,244.0018428715415
12.6,11.2,1.4030000000000002,0.7620479999999998,9.280792920418794,289.1407050987563
12.6,11.2,1.6020000000000003,0.7620479999999998,10.99700857338728,334.2795673259711
12.6,11.2,1.8010000000000004,0.7620479999999998,12.713224226355766,379.41842955318583
12.6,11.2,2.0,0.7620479999999998,14.429439879324251,424.5572917804005
12.6,12.6,0.01,0.7620479999999998,0.06888401709988091,46.854669473022156
12.6,12.6,0.20900000000000002,0.7620479999999998,1.4396759573875113,82.90840690852141
12.6,12.6,0.40800000000000003,0.7620479999999998,2.8583395672963463,120.22123593654909
12.6,12.6,0.607,0.7620479999999998,4.3867455119279555,160.4204412302728
12.6,12.6,0.806,0.7620479999999998,5.974827652734438,202.1892136076684
12.6,12.6,1.0050000000000001,0.7620479999999998,7.523008232214124,242.90851934241587
12.6,12.6,1.2040000000000002,0.7620479999999998,9.862932219079925,304.45177952804585
12.6,12.6,1.4030000000000002,0.7620479999999998,12.14550512783627,364.48662647383196
12.6,12.6,1.6020000000000003,0.7620479999999998,14.428078036592614,424.5214734196181
12.6,12.6,1.8010000000000004,0.7620479999999998,16.710650945348956,484.5563203654041
12.6,12.6,2.0,0.7620479999999998,18.9932238541053,544.5911673111901
