0.0,1.51,0.01,0.0,0.0008152798955633128,25.02124178519717
0.0,1.51,0.20900000000000002,0.0,0.017039349817273237,25.44395331062085
0.0,1.51,0.40800000000000003,0.0,0.03326341973898317,25.866664836044528
0.0,1.51,0.607,0.0,0.04663730116674404,26.215115862602257
0.0,1.51,0.806,0.0,0.057560553235221634,26.499716740602345
0.0,1.51,1.0050000000000001,0.0,0.06820935173413947,26.77716684277329
0.0,1.51,1.2040000000000002,0.0,0.08085661062787362,27.10668601553306
0.0,1.51,1.4030000000000002,0.0,0.09319388768597701,27.428128737980092
0.0,1.51,1.6020000000000003,0.0,0.10553116474408043,27.749571460427124
0.0,1.51,1.8010000000000004,0.0,0.11786844180218381,28.071014182874155
0.0,1.51,2.0,0.0,0.1302057188602872,28.392456905321186
0.0,3.02,0.01,0.0,0.0034323252422490988,25.089427834439977
0.0,3.02,0.20900000000000002,0.0,0.07173559756300617,26.869041739795556
0.0,3.02,0.40800000000000003,0.0,0.14003886988376324,28.64865564515113
0.0,3.02,0.607,0.0,0.20197053925722683,30.262260034137427
0.0,3.02,0.806,0.0,0.25842382104984,31.733127268862287
0.0,3.02,1.0050000000000001,0.0,0.3134586786768096,33.167038040403106
0.0,3.02,1.2040000000000002,0.0,0.3838517146615692,35.0010998857915
0.0,3.02,1.4030000000000002,0.0,0.4525194311368984,36.79020923496939
0.0,3.02,1.6020000000000003,0.0,0.5211871476122276,38.57931858414728
0.0,3.02,1.8010000000000004,0.0,0.5898548640875567,40.36842793332517
0.0,3.02,2.0,0.0,0.6585225805628858,42.15753728250306
0.0,4.53,0.01,0.0,0.007957374894760718,25.20732615776214
0.0,4.53,0.20900000000000002,0.0,0.166309135300499,29.333116697228675
0.0,4.53,0.40800000000000003,0.0,0.32466089570623735,33.45890723669522
0.0,4.53,0.607,0.0,0.4764200598327382,37.41293036865263
0.0,4.53,0.806,0.0,0.6225108234200818,41.21926563620968
0.0,4.53,1.0050000000000001,0.0,0.7649309648067383,44.929964339255235
0.0,4.53,1.2040000000000002,0.0,0.9556056910357059,49.89791657152066
0.0,4.53,1.4030000000000002,0.0,1.1416070171120027,54.74410526868154
0.0,4.53,1.6020000000000003,0.0,1.3276083431882995,59.59029396584241
0.0,4.53,1.8010000000000004,0.0,1.5136096692645966,64.43648266300329
0.0,4.53,2.0,0.0,1.6996109953408927,69.28267136016416
0.0,6.04,0.01,0.0,0.014450076142795622,25.376490840971773
0.0,6.04,0.20900000000000002,0.0,0.30200659138442854,32.86865857631008
0.0,6.04,0.40800000000000003,0.0,0.5895631066260614,40.360826311648395
0.0,6.04,0.607,0.0,0.8761574146876917,47.82792413131232
0.0,6.04,0.806,0.0,1.161924404426329,55.273466509461834
0.0,6.04,1.0050000000000001,0.0,1.4405113190459053,62.53193495851211
0.0,6.04,1.2040000000000002,0.0,1.8260718966170915,72.57755857051718
0.0,6.04,1.4030000000000002,0.0,2.2021824600321205,82.37696591752211
0.0,6.04,1.6020000000000003,0.0,2.5782930234471495,92.17637326452706
0.0,6.04,1.8010000000000004,0.0,2.954403586862179,101.975780611532
0.0,6.04,2.0,0.0,3.3305141502772075,111.77518795853692
0.0,7.55,0.01,0.0,0.022953237707435428,25.598037247838718
0.0,7.55,0.20900000000000002,0.0,0.4797226680854005,37.4989784798292
0.0,7.55,0.40800000000000003,0.0,0.9364920984633656,49.39991971181968
0.0,7.55,0.607,0.0,1.4057427406757348,61.626053828155236
0.0,7.55,0.806,0.0,1.8857248921289,74.13179304131086
0.0,7.55,1.0050000000000001,0.0,2.3536471905304786,86.32331770137212
0.0,7.55,1.2040000000000002,0.0,3.0183824833993755,103.64272466938351
0.0,7.55,1.4030000000000002,0.0,3.666825244580309,120.5376363685711
0.0,7.55,1.6020000000000003,0.0,4.315268005761243,137.43254806775866
0.0,7.55,1.8010000000000004,0.0,4.963710766942176,154.32745976694628
0.0,7.55,2.0,0.0,5.612153528123108,171.2223714661338
0.0,9.06,0.01,0.0,0.033500517873625735,25.87284233125094
0.0,9.06,0.20900000000000002,0.0,0.7001608235587778,43.24240472314463
0.0,9.06,0.40800000000000003,0.0,1.36682112924393,60.61196711503832
0.0,9.06,0.607,0.0,2.0688380120728893,78.90273070554244
0.0,9.06,0.806,0.0,2.8012549425395155,97.98555513971164
0.0,9.06,1.0050000000000001,0.0,3.515269437567281,116.58891162327355
0.0,9.06,1.2040000000000002,0.0,4.55171318380994,143.59303075640236
0.0,9.06,1.4030000000000002,0.0,5.562753897056456,169.93528422450345
0.0,9.06,1.6020000000000003,0.0,6.57379461030297,196.27753769260454
0.0,9.06,1.8010000000000004,0.0,7.584835323549485,222.61979116070563
0.0,9.06,2.0,0.0,8.595876036795998,248.9620446288067
0.0,10.57,0.01,0.0,0.046119760130297345,26.201631541957596
0.0,10.57,0.20900000000000002,0.0,0.9639029867232145,50.11409922691373
0.0,10.57,0.40800000000000003,0.0,1.8816862133161318,74.02656691186988
0.0,10.57,0.607,0.0,2.8685237496260108,99.73821647525688
0.0,10.57,0.806,0.0,3.914735084944866,126.99682615841625
0.0,10.57,1.0050000000000001,0.0,4.93465970329591,153.57054615104397
0.0,10.57,1.2040000000000002,0.0,6.442603350890383,192.8594029301094
0.0,10.57,1.4030000000000002,0.0,7.913587595357538,231.18529753321732
0.0,10.57,1.6020000000000003,0.0,9.384571839824694,269.51119213632523
0.0,10.57,1.8010000000000004,0.0,10.85555608429185,307.83708673943323
0.0,10.57,2.0,0.0,12.326540328759002,346.16298134254106
0.0,12.08,0.01,0.0,0.0608347652962421,26.585025000586022
0.0,12.08,0.20900000000000002,0.0,1.27144659469146,58.12702251224787
0.0,12.08,0.40800000000000003,0.0,2.482058424086677,89.66902002390971
0.0,12.08,0.607,0.0,3.807470169382029,124.20208252745253
0.0,12.08,0.806,0.0,5.231588384423292,161.30690184644445
0.0,12.08,1.0050000000000001,0.0,6.619924734765024,197.47943927299934
0.0,12.08,1.2040000000000002,0.0,8.705688801221633,251.82317142284475
0.0,12.08,1.4030000000000002,0.0,10.740331199382734,304.8349493533311
0.0,12.08,1.6020000000000003,0.0,12.774973597543838,357.8467272838176
0.0,12.08,1.8010000000000004,0.0,14.809615995704938,410.85850521430393
0.0,12.08,2.0,0.0,16.844258393866035,463.8702831447902
0.0,13.59,0.01,0.0,0.07766635183861328,27.02356512380786
0.0,13.59,0.20900000000000002,0.0,1.6232267534270177,67.29251108758427
0.0,13.59,0.40800000000000003,0.0,3.1687871550154223,107.56145705136069
0.0,13.59,0.607,0.0,4.8880410002696095,152.35591485540638
0.0,13.59,0.806,0.0,6.756638741012137,201.04146695202013
0.0,13.59,1.0050000000000001,0.0,8.578286789776206,248.50376397082943
0.0,13.59,1.2040000000000002,0.0,11.354156028083457,320.8279049393894
0.0,13.59,1.4030000000000002,0.0,14.06198925564788,391.37939539401395
0.0,13.59,1.6020000000000003,0.0,16.76982248321231,461.9308858486387
0.0,13.59,1.8010000000000004,0.0,19.47765571077673,532.4823763032632
0.0,13.59,2.0,0.0,22.18548893834115,603.0338667578877
1.51,0.0,0.01,0.00866438,0.0,25.22574688745328
1.51,0.0,0.20900000000000002,0.00866438,0.0,25.22574688745328
1.51,0.0,0.40800000000000003,0.00866438,0.0,25.22574688745328
1.51,0.0,0.607,0.00866438,0.0,25.22574688745328
1.51,0.0,0.806,0.00866438,0.0,25.22574688745328
1.51,0.0,1.0050000000000001,0.00866438,0.0,25.22574688745328
1.51,0.0,1.2040000000000002,0.00866438,0.0,25.22574688745328
1.51,0.0,1.4030000000000002,0.00866438,0.0,25.22574688745328
1.51,0.0,1.6020000000000003,0.00866438,0.0,25.22574688745328
1.51,0.0,1.8010000000000004,0.00866438,0.0,25.22574688745328
1.51,0.0,2.0,0.00866438,0.0,25.22574688745328
1.51,1.51,0.01,0.00866438,0.0008152798955633128,25.24698867265045
1.51,1.51,0.20900000000000002,0.00866438,0.017039349817273237,25.66970019807413
1.51,1.51,0.40800000000000003,0.00866438,0.03326341973898317,26.092411723497808
1.51,1.51,0.607,0.00866438,0.04663730116674404,26.440862750055537
1.51,1.51,0.806,0.00866438,0.057560553235221634,26.72546362805563
1.51,1.51,1.0050000000000001,0.00866438,0.06820935173413947,27.00291373022657
1.51,1.51,1.2040000000000002,0.00866438,0.08085661062787362,27.33243290298634
1.51,1.51,1.4030000000000002,0.00866438,0.09319388768597701,27.653875625433372
1.51,1.51,1.6020000000000003,0.00866438,0.10553116474408043,27.975318347880403
1.51,1.51,1.8010000000000004,0.00866438,0.11786844180218381,28.296761070327435
1.51,1.51,2.0,0.00866438,0.1302057188602872,28.618203792774466
1.51,3.02,0.01,0.00866438,0.0034323252422490988,25.31517472189326
1.51,3.02,0.20900000000000002,0.00866438,0.07173559756300617,27.094788627248835
1.51,3.02,0.40800000000000003,0.00866438,0.14003886988376324,28.87440253260441
1.51,3.02,0.607,0.00866438,0.20197053925722683,30.488006921590706
1.51,3.02,0.806,0.00866438,0.25842382104984,31.958874156315566
1.51,3.02,1.0050000000000001,0.00866438,0.3134586786768096,33.39278492785638
1.51,3.02,1.2040000000000002,0.00866438,0.3838517146615692,35.22684677324478
1.51,3.02,1.4030000000000002,0.00866438,0.4525194311368984,37.01595612242267
1.51,3.02,1.6020000000000003,0.00866438,0.5211871476122276,38.805065471600564
1.51,3.02,1.8010000000000004,0.00866438,0.5898548640875567,40.594174820778456
1.51,3.02,2.0,0.00866438,0.6585225805628858,42.38328416995634
1.51,4.53,0.01,0.00866438,0.007957374894760718,25.43307304521542
1.51,4.53,0.20900000000000002,0.00866438,0.166309135300499,29.55886358468196
1.51,4.53,0.40800000000000003,0.00866438,0.32466089570623735,33.6846541241485
1.51,4.53,0.607,0.00866438,0.4764200598327382,37.638677256105915
1.51,4.53,0.806,0.00866438,0.6225108234200818,41.44501252366296
1.51,4.53,1.0050000000000001,0.00866438,0.7649309648067383,45.15571122670852
1.51,4.53,1.2040000000000002,0.00866438,0.9556056910357059,50.123663458973944
1.51,4.53,1.4030000000000002,0.00866438,1.1416070171120027,54.96985215613482
1.51,4.53,1.6020000000000003,0.00866438,1.3276083431882995,59.81604085329569
1.51,4.53,1.8010000000000004,0.00866438,1.5136096692645966,64.66222955045657
1.51,4.53,2.0,0.00866438,1.6996109953408927,69.50841824761744
1.51,6.04,0.01,0.00866438,0.014450076142795622,25.602237728425056
1.51,6.04,0.20900000000000002,0.00866438,0.30200659138442854,33.094405463763366
1.51,6.04,0.40800000000000003,0.00866438,0.5895631066260614,40.58657319910168
1.51,6.04,0.607,0.00866438,0.8761574146876917,48.053671018765606
1.51,6.04,0.806,0.00866438,1.161924404426329,55.49921339691511
1.51,6.04,1.0050000000000001,0.00866438,1.4405113190459053,62.75768184596539
1.51,6.04,1.2040000000000002,0.00866438,1.8260718966170915,72.80330545797045
1.51,6.04,1.4030000000000002,0.00866438,2.2021824600321205,82.6027128049754
1.51,6.04,1.6020000000000003,0.00866438,2.5782930234471495,92.40212015198034
1.51,6.04,1.8010000000000004,0.00866438,2.954403586862179,102.20152749898529
1.51,6.04,2.0,0.00866438,3.3305141502772075,112.0009348459902
1.51,7.55,0.01,0.00866438,0.022953237707435428,25.823784135291998
1.51,7.55,0.20900000000000002,0.00866438,0.4797226680854005,37.72472536728248
1.51,7.55,0.40800000000000003,0.00866438,0.9364920984633656,49.62566659927296
1.51,7.55,0.607,0.00866438,1.4057427406757348,61.85180071560851
1.51,7.55,0.806,0.00866438,1.8857248921289,74.35753992876414
1.51,7.55,1.0050000000000001,0.00866438,2.3536471905304786,86.54906458882542
1.51,7.55,1.2040000000000002,0.00866438,3.0183824833993755,103.86847155683681
1.51,7.55,1.4030000000000002,0.00866438,3.666825244580309,120.76338325602438
1.51,7.55,1.6020000000000003,0.00866438,4.315268005761243,137.65829495521194
1.51,7.55,1.8010000000000004,0.00866438,4.963710766942176,154.55320665439956
1.51,7.55,2.0,0.00866438,5.612153528123108,171.4481183535871
1.51,9.06,0.01,0.00866438,0.033500517873625735,26.09858921870422
1.51,9.06,0.20900000000000002,0.00866438,0.7001608235587778,43.468151610597914
1.51,9.06,0.40800000000000003,0.00866438,1.36682112924393,60.8377140024916
1.51,9.06,0.607,0.00866438,2.0688380120728893,79.12847759299572
1.51,9.06,0.806,0.00866438,2.8012549425395155,98.21130202716492
1.51,9.06,1.0050000000000001,0.00866438,3.515269437567281,116.81465851072683
1.51,9.06,1.2040000000000002,0.00866438,4.55171318380994,143.81877764385564
1.51,9.06,1.4030000000000002,0.00866438,5.562753897056456,170.16103111195673
1.51,9.06,1.6020000000000003,0.00866438,6.57379461030297,196.50328458005782
1.51,9.06,1.8010000000000004,0.00866438,7.584835323549485,222.84553804815891
1.51,9.06,2.0,0.00866438,8.595876036795998,249.18779151625998
1.51,10.57,0.01,0.00866438,0.046119760130297345,26.427378429410876
1.51,10.57,0.20900000000000002,0.00866438,0.9639029867232145,50.33984611436701
1.51,10.57,0.40800000000000003,0.00866438,1.8816862133161318,74.25231379932315
1.51,10.57,0.607,0.00866438,2.8685237496260108,99.96396336271016
1.51,10.57,0.806,0.00866438,3.914735084944866,127.22257304586954
1.51,10.57,1.0050000000000001,0.00866438,4.93465970329591,153.79629303849725
1.51,10.57,1.2040000000000002,0.00866438,6.442603350890383,193.0851498175627
1.51,10.57,1.4030000000000002,0.00866438,7.913587595357538,231.4110444206706
1.51,10.57,1.6020000000000003,0.00866438,9.384571839824694,269.7369390237785
1.51,10.57,1.8010000000000004,0.00866438,10.85555608429185,308.0628336268865
1.51,10.57,2.0,0.00866438,12.326540328759002,346.38872822999434
1.51,12.08,0.01,0.00866438,0.0608347652962421,26.8107718880393
1.51,12.08,0.20900000000000002,0.00866438,1.27144659469146,58.35276939970115
1.51,12.08,0.40800000000000003,0.00866438,2.482058424086677,89.89476691136299
1.51,12.08,0.607,0.00866438,3.807470169382029,124.42782941490582
1.51,12.08,0.806,0.00866438,5.231588384423292,161.53264873389773
1.51,12.08,1.0050000000000001,0.00866438,6.619924734765024,197.70518616045263
1.51,12.08,1.2040000000000002,0.00866438,8.705688801221633,252.04891831029803
1.51,12.08,1.4030000000000002,0.00866438,10.740331199382734,305.0606962407844
1.51,12.08,1.6020000000000003,0.00866438,12.774973597543838,358.07247417127087
1.51,12.08,1.8010000000000004,0.00866438,14.809615995704938,411.0842521017572
1.51,12.08,2.0,0.00866438,16.844258393866035,464.09603003224345
1.51,13.59,0.01,0.00866438,0.07766635183861328,27.24931201126114
1.51,13.59,0.20900000000000002,0.00866438,1.6232267534270177,67.51825797503756
1.51,13.59,0.40800000000000003,0.00866438,3.1687871550154223,107.78720393881397
1.51,13.59,0.607,0.00866438,4.8880410002696095,152.5816617428597
1.51,13.59,0.806,0.00866438,6.756638741012137,201.2672138394734
1.51,13.59,1.0050000000000001,0.00866438,8.578286789776206,248.72951085828274
1.51,13.59,1.2040000000000002,0.00866438,11.354156028083457,321.05365182684267
1.51,13.59,1.4030000000000002,0.00866438,14.06198925564788,391.60514228146724
1.51,13.59,1.6020000000000003,0.00866438,16.76982248321231,462.1566327360919
1.51,13.59,1.8010000000000004,0.00866438,19.47765571077673,532.7081231907164
1.51,13.59,2.0,0.00866438,22.18548893834115,603.2596136453409
3.02,0.0,0.01,0.03465752,0.0,25.902987549813123
3.02,0.0,0.20900000000000002,0.03465752,0.0,25.902987549813123
3.02,0.0,0.40800000000000003,0.03465752,0.0,25.902987549813123
3.02,0.0,0.607,0.03465752,0.0,25.902987549813123
3.02,0.0,0.806,0.03465752,0.0,25.902987549813123
3.02,0.0,1.0050000000000001,0.03465752,0.0,25.902987549813123
3.02,0.0,1.2040000000000002,0.03465752,0.0,25.902987549813123
3.02,0.0,1.4030000000000002,0.03465752,0.0,25.902987549813123
3.02,0.0,1.6020000000000003,0.03465752,0.0,25.902987549813123
3.02,0.0,1.8010000000000004,0.03465752,0.0,25.902987549813123
3.02,0.0,2.0,0.03465752,0.0,25.902987549813123
3.02,1.51,0.01,0.03465752,0.0008152798955633128,25.924229335010292
3.02,1.51,0.20900000000000002,0.03465752,0.017039349817273237,26.34694086043397
3.02,1.51,0.40800000000000003,0.03465752,0.03326341973898317,26.76965238585765
3.02,1.51,0.607,0.03465752,0.04663730116674404,27.11810341241538
3.02,1.51,0.806,0.03465752,0.057560553235221634,27.40270429041547
3.02,1.51,1.0050000000000001,0.03465752,0.06820935173413947,27.680154392586413
3.02,1.51,1.2040000000000002,0.03465752,0.08085661062787362,28.009673565346183
3.02,1.51,1.4030000000000002,0.03465752,0.09319388768597701,28.331116287793215
3.02,1.51,1.6020000000000003,0.03465752,0.10553116474408043,28.652559010240246
3.02,1.51,1.8010000000000004,0.03465752,0.11786844180218381,28.974001732687277
3.02,1.51,2.0,0.03465752,0.1302057188602872,29.29544445513431
3.02,3.02,0.01,0.03465752,0.0034323252422490988,25.992415384253103
3.02,3.02,0.20900000000000002,0.03465752,0.07173559756300617,27.77202928960868
3.02,3.02,0.40800000000000003,0.03465752,0.14003886988376324,29.551643194964253
3.02,3.02,0.607,0.03465752,0.20197053925722683,31.16524758395055
3.02,3.02,0.806,0.03465752,0.25842382104984,32.63611481867541
3.02,3.02,1.0050000000000001,0.03465752,0.3134586786768096,34.07002559021623
3.02,3.02,1.2040000000000002,0.03465752,0.3838517146615692,35.90408743560462
3.02,3.02,1.4030000000000002,0.03465752,0.4525194311368984,37.693196784782515
3.02,3.02,1.6020000000000003,0.03465752,0.5211871476122276,39.48230613396041
3.02,3.02,1.8010000000000004,0.03465752,0.5898548640875567,41.2714154831383
3.02,3.02,2.0,0.03465752,0.6585225805628858,43.060524832316176
3.02,4.53,0.01,0.03465752,0.007957374894760718,26.110313707575262
3.02,4.53,0.20900000000000002,0.03465752,0.166309135300499,30.2361042470418
3.02,4.53,0.40800000000000003,0.03465752,0.32466089570623735,34.361894786508344
3.02,4.53,0.607,0.03465752,0.4764200598327382,38.31591791846576
3.02,4.53,0.806,0.03465752,0.6225108234200818,42.1222531860228
3.02,4.53,1.0050000000000001,0.03465752,0.7649309648067383,45.83295188906836
3.02,4.53,1.2040000000000002,0.03465752,0.9556056910357059,50.80090412133379
3.02,4.53,1.4030000000000002,0.03465752,1.1416070171120027,55.64709281849466
3.02,4.53,1.6020000000000003,0.03465752,1.3276083431882995,60.49328151565554
3.02,4.53,1.8010000000000004,0.03465752,1.5136096692645966,65.33947021281642
3.02,4.53,2.0,0.03465752,1.6996109953408927,70.18565890997729
3.02,6.04,0.01,0.03465752,0.014450076142795622,26.2794783907849
3.02,6.04,0.20900000000000002,0.03465752,0.30200659138442854,33.77164612612321
3.02,6.04,0.40800000000000003,0.03465752,0.5895631066260614,41.263813861461514
3.02,6.04,0.607,0.03465752,0.8761574146876917,48.73091168112545
3.02,6.04,0.806,0.03465752,1.161924404426329,56.17645405927496
3.02,6.04,1.0050000000000001,0.03465752,1.4405113190459053,63.43492250832523
3.02,6.04,1.2040000000000002,0.03465752,1.8260718966170915,73.4805461203303
3.02,6.04,1.4030000000000002,0.03465752,2.2021824600321205,83.27995346733525
3.02,6.04,1.6020000000000003,0.03465752,2.5782930234471495,93.07936081434018
3.02,6.04,1.8010000000000004,0.03465752,2.954403586862179,102.87876816134512
3.02,6.04,2.0,0.03465752,3.3305141502772075,112.67817550835005
3.02,7.55,0.01,0.03465752,0.022953237707435428,26.50102479765184
3.02,7.55,0.20900000000000002,0.03465752,0.4797226680854005,38.401966029642324
3.02,7.55,0.40800000000000003,0.03465752,0.9364920984633656,50.302907261632804
3.02,7.55,0.607,0.03465752,1.4057427406757348,62.529041377968355
3.02,7.55,0.806,0.03465752,1.8857248921289,75.03478059112399
3.02,7.55,1.0050000000000001,0.03465752,2.3536471905304786,87.22630525118525
3.02,7.55,1.2040000000000002,0.03465752,3.0183824833993755,104.54571221919664
3.02,7.55,1.4030000000000002,0.03465752,3.666825244580309,121.44062391838423
3.02,7.55,1.6020000000000003,0.03465752,4.315268005761243,138.3355356175718
3.02,7.55,1.8010000000000004,0.03465752,4.963710766942176,155.23044731675938
3.02,7.55,2.0,0.03465752,5.612153528123108,172.1253590159469
3.02,9.06,0.01,0.03465752,0.033500517873625735,26.775829881064062
3.02,9.06,0.20900000000000002,0.03465752,0.7001608235587778,44.14539227295775
3.02,9.06,0.40800000000000003,0.03465752,1.36682112924393,61.514954664851444
3.02,9.06,0.607,0.03465752,2.0688380120728893,79.80571825535557
3.02,9.06,0.806,0.03465752,2.8012549425395155,98.88854268952477
3.02,9.06,1.0050000000000001,0.03465752,3.515269437567281,117.49189917308668
3.02,9.06,1.2040000000000002,0.03465752,4.55171318380994,144.49601830621546
3.02,9.06,1.4030000000000002,0.03465752,5.562753897056456,170.83827177431655
3.02,9.06,1.6020000000000003,0.03465752,6.57379461030297,197.18052524241764
3.02,9.06,1.8010000000000004,0.03465752,7.584835323549485,223.52277871051876
3.02,9.06,2.0,0.03465752,8.595876036795998,249.86503217861983
3.02,10.57,0.01,0.03465752,0.046119760130297345,27.10461909177072
3.02,10.57,0.20900000000000002,0.03465752,0.9639029867232145,51.017086776726856
3.02,10.57,0.40800000000000003,0.03465752,1.8816862133161318,74.92955446168298
3.02,10.57,0.607,0.03465752,2.8685237496260108,100.64120402507001
3.02,10.57,0.806,0.03465752,3.914735084944866,127.89981370822937
3.02,10.57,1.0050000000000001,0.03465752,4.93465970329591,154.47353370085708
3.02,10.57,1.2040000000000002,0.03465752,6.442603350890383,193.76239047992252
3.02,10.57,1.4030000000000002,0.03465752,7.913587595357538,232.08828508303046
3.02,10.57,1.6020000000000003,0.03465752,9.384571839824694,270.4141796861384
3.02,10.57,1.8010000000000004,0.03465752,10.85555608429185,308.74007428924637
3.02,10.57,2.0,0.03465752,12.326540328759002,347.0659688923542
3.02,12.08,0.01,0.03465752,0.0608347652962421,27.488012550399148
3.02,12.08,0.20900000000000002,0.03465752,1.27144659469146,59.030010062060995
3.02,12.08,0.40800000000000003,0.03465752,2.482058424086677,90.57200757372284
3.02,12.08,0.607,0.03465752,3.807470169382029,125.10507007726567
3.02,12.08,0.806,0.03465752,5.231588384423292,162.20988939625758
3.02,12.08,1.0050000000000001,0.03465752,6.619924734765024,198.38242682281248
3.02,12.08,1.2040000000000002,0.03465752,8.705688801221633,252.72615897265788
3.02,12.08,1.4030000000000002,0.03465752,10.740331199382734,305.73793690314426
3.02,12.08,1.6020000000000003,0.03465752,12.774973597543838,358.7497148336307
3.02,12.08,1.8010000000000004,0.03465752,14.809615995704938,411.76149276411707
3.02,12.08,2.0,0.03465752,16.844258393866035,464.77327069460335
3.02,13.59,0.01,0.03465752,0.07766635183861328,27.926552673620982
3.02,13.59,0.20900000000000002,0.03465752,1.6232267534270177,68.1954986373974
3.02,13.59,0.40800000000000003,0.03465752,3.1687871550154223,108.46444460117382
3.02,13.59,0.607,0.03465752,4.8880410002696095,153.25890240521952
3.02,13.59,0.806,0.03465752,6.756638741012137,201.94445450183323
3.02,13.59,1.0050000000000001,0.03465752,8.578286789776206,249.4067515206426
3.02,13.59,1.2040000000000002,0.03465752,11.354156028083457,321.7308924892025
3.02,13.59,1.4030000000000002,0.03465752,14.06198925564788,392.2823829438271
3.02,13.59,1.6020000000000003,0.03465752,16.76982248321231,462.83387339845183
3.02,13.59,1.8010000000000004,0.03465752,19.47765571077673,533.3853638530763
3.02,13.59,2.0,0.03465752,22.18548893834115,603.9368543077009
4.53,0.0,0.01,0.07797942000000001,0.0,27.03172198707953
4.53,0.0,0.20900000000000002,0.07797942000000001,0.0,27.03172198707953
4.53,0.0,0.40800000000000003,0.07797942000000001,0.0,27.03172198707953
4.53,0.0,0.607,0.07797942000000001,0.0,27.03172198707953
4.53,0.0,0.806,0.07797942000000001,0.0,27.03172198707953
4.53,0.0,1.0050000000000001,0.07797942000000001,0.0,27.03172198707953
4.53,0.0,1.2040000000000002,0.07797942000000001,0.0,27.03172198707953
4.53,0.0,1.4030000000000002,0.07797942000000001,0.0,27.03172198707953
4.53,0.0,1.6020000000000003,0.07797942000000001,0.0,27.03172198707953
4.53,0.0,1.8010000000000004,0.07797942000000001,0.0,27.03172198707953
4.53,0.0,2.0,0.07797942000000001,0.0,27.03172198707953
4.53,1.51,0.01,0.07797942000000001,0.0008152798955633128,27.052963772276698
4.53,1.51,0.20900000000000002,0.07797942000000001,0.017039349817273237,27.475675297700377
4.53,1.51,0.40800000000000003,0.07797942000000001,0.03326341973898317,27.898386823124056
4.53,1.51,0.607,0.07797942000000001,0.04663730116674404,28.246837849681782
4.53,1.51,0.806,0.07797942000000001,0.057560553235221634,28.531438727681874
4.53,1.51,1.0050000000000001,0.07797942000000001,0.06820935173413947,28.80888882985282
4.53,1.51,1.2040000000000002,0.07797942000000001,0.08085661062787362,29.13840800261259
4.53,1.51,1.4030000000000002,0.07797942000000001,0.09319388768597701,29.45985072505962
4.53,1.51,1.6020000000000003,0.07797942000000001,0.10553116474408043,29.781293447506652
4.53,1.51,1.8010000000000004,0.07797942000000001,0.11786844180218381,30.102736169953683
4.53,1.51,2.0,0.07797942000000001,0.1302057188602872,30.424178892400715
4.53,3.02,0.01,0.07797942000000001,0.0034323252422490988,27.121149821519506
4.53,3.02,0.20900000000000002,0.07797942000000001,0.07173559756300617,28.90076372687508
4.53,3.02,0.40800000000000003,0.07797942000000001,0.14003886988376324,30.68037763223066
4.53,3.02,0.607,0.07797942000000001,0.20197053925722683,32.293982021216955
4.53,3.02,0.806,0.07797942000000001,0.25842382104984,33.76484925594181
4.53,3.02,1.0050000000000001,0.07797942000000001,0.3134586786768096,35.198760027482635
4.53,3.02,1.2040000000000002,0.07797942000000001,0.3838517146615692,37.032821872871025
4.53,3.02,1.4030000000000002,0.07797942000000001,0.4525194311368984,38.82193122204892
4.53,3.02,1.6020000000000003,0.07797942000000001,0.5211871476122276,40.61104057122681
4.53,3.02,1.8010000000000004,0.07797942000000001,0.5898548640875567,42.4001499204047
4.53,3.02,2.0,0.07797942000000001,0.6585225805628858,44.189259269582585
4.53,4.53,0.01,0.07797942000000001,0.007957374894760718,27.239048144841664
4.53,4.53,0.20900000000000002,0.07797942000000001,0.166309135300499,31.364838684308204
4.53,4.53,0.40800000000000003,0.07797942000000001,0.32466089570623735,35.49062922377475
4.53,4.53,0.607,0.07797942000000001,0.4764200598327382,39.44465235573216
4.53,4.53,0.806,0.07797942000000001,0.6225108234200818,43.250987623289205
4.53,4.53,1.0050000000000001,0.07797942000000001,0.7649309648067383,46.961686326334764
4.53,4.53,1.2040000000000002,0.07797942000000001,0.9556056910357059,51.92963855860019
4.53,4.53,1.4030000000000002,0.07797942000000001,1.1416070171120027,56.77582725576107
4.53,4.53,1.6020000000000003,0.07797942000000001,1.3276083431882995,61.62201595292194
4.53,4.53,1.8010000000000004,0.07797942000000001,1.5136096692645966,66.46820465008284
4.53,4.53,2.0,0.07797942000000001,1.6996109953408927,71.3143933472437
4.53,6.04,0.01,0.07797942000000001,0.014450076142795622,27.4082128280513
4.53,6.04,0.20900000000000002,0.07797942000000001,0.30200659138442854,34.90038056338961
4.53,6.04,0.40800000000000003,0.07797942000000001,0.5895631066260614,42.39254829872792
4.53,6.04,0.607,0.07797942000000001,0.8761574146876917,49.85964611839185
4.53,6.04,0.806,0.07797942000000001,1.161924404426329,57.30518849654136
4.53,6.04,1.0050000000000001,0.07797942000000001,1.4405113190459053,64.56365694559163
4.53,6.04,1.2040000000000002,0.07797942000000001,1.8260718966170915,74.6092805575967
4.53,6.04,1.4030000000000002,0.07797942000000001,2.2021824600321205,84.40868790460165
4.53,6.04,1.6020000000000003,0.07797942000000001,2.5782930234471495,94.20809525160658
4.53,6.04,1.8010000000000004,0.07797942000000001,2.954403586862179,104.00750259861152
4.53,6.04,2.0,0.07797942000000001,3.3305141502772075,113.80690994561645
4.53,7.55,0.01,0.07797942000000001,0.022953237707435428,27.629759234918247
4.53,7.55,0.20900000000000002,0.07797942000000001,0.4797226680854005,39.530700466908726
4.53,7.55,0.40800000000000003,0.07797942000000001,0.9364920984633656,51.431641698899206
4.53,7.55,0.607,0.07797942000000001,1.4057427406757348,63.657775815234764
4.53,7.55,0.806,0.07797942000000001,1.8857248921289,76.16351502839039
4.53,7.55,1.0050000000000001,0.07797942000000001,2.3536471905304786,88.35503968845165
4.53,7.55,1.2040000000000002,0.07797942000000001,3.0183824833993755,105.67444665646305
4.53,7.55,1.4030000000000002,0.07797942000000001,3.666825244580309,122.56935835565064
4.53,7.55,1.6020000000000003,0.07797942000000001,4.315268005761243,139.4642700548382
4.53,7.55,1.8010000000000004,0.07797942000000001,4.963710766942176,156.3591817540258
4.53,7.55,2.0,0.07797942000000001,5.612153528123108,173.25409345321333
4.53,9.06,0.01,0.07797942000000001,0.033500517873625735,27.90456431833047
4.53,9.06,0.20900000000000002,0.07797942000000001,0.7001608235587778,45.27412671022415
4.53,9.06,0.40800000000000003,0.07797942000000001,1.36682112924393,62.643689102117854
4.53,9.06,0.607,0.07797942000000001,2.0688380120728893,80.93445269262197
4.53,9.06,0.806,0.07797942000000001,2.8012549425395155,100.01727712679117
4.53,9.06,1.0050000000000001,0.07797942000000001,3.515269437567281,118.62063361035308
4.53,9.06,1.2040000000000002,0.07797942000000001,4.55171318380994,145.62475274348185
4.53,9.06,1.4030000000000002,0.07797942000000001,5.562753897056456,171.96700621158297
4.53,9.06,1.6020000000000003,0.07797942000000001,6.57379461030297,198.30925967968406
4.53,9.06,1.8010000000000004,0.07797942000000001,7.584835323549485,224.65151314778515
4.53,9.06,2.0,0.07797942000000001,8.595876036795998,250.99376661588622
4.53,10.57,0.01,0.07797942000000001,0.046119760130297345,28.233353529037124
4.53,10.57,0.20900000000000002,0.07797942000000001,0.9639029867232145,52.14582121399326
4.53,10.57,0.40800000000000003,0.07797942000000001,1.8816862133161318,76.0582888989494
4.53,10.57,0.607,0.07797942000000001,2.8685237496260108,101.76993846233641
4.53,10.57,0.806,0.07797942000000001,3.914735084944866,129.0285481454958
4.53,10.57,1.0050000000000001,0.07797942000000001,4.93465970329591,155.6022681381235
4.53,10.57,1.2040000000000002,0.07797942000000001,6.442603350890383,194.89112491718893
4.53,10.57,1.4030000000000002,0.07797942000000001,7.913587595357538,233.21701952029684
4.53,10.57,1.6020000000000003,0.07797942000000001,9.384571839824694,271.5429141234048
4.53,10.57,1.8010000000000004,0.07797942000000001,10.85555608429185,309.8688087265127
4.53,10.57,2.0,0.07797942000000001,12.326540328759002,348.1947033296206
4.53,12.08,0.01,0.07797942000000001,0.0608347652962421,28.61674698766555
4.53,12.08,0.20900000000000002,0.07797942000000001,1.27144659469146,60.1587444993274
4.53,12.08,0.40800000000000003,0.07797942000000001,2.482058424086677,91.70074201098925
4.53,12.08,0.607,0.07797942000000001,3.807470169382029,126.23380451453207
4.53,12.08,0.806,0.07797942000000001,5.231588384423292,163.33862383352397
4.53,12.08,1.0050000000000001,0.07797942000000001,6.619924734765024,199.51116126007886
4.53,12.08,1.2040000000000002,0.07797942000000001,8.705688801221633,253.85489340992427
4.53,12.08,1.4030000000000002,0.07797942000000001,10.740331199382734,306.8666713404106
4.53,12.08,1.6020000000000003,0.07797942000000001,12.774973597543838,359.8784492708971
4.53,12.08,1.8010000000000004,0.07797942000000001,14.809615995704938,412.8902272013834
4.53,12.08,2.0,0.07797942000000001,16.844258393866035,465.9020051318697
4.53,13.59,0.01,0.07797942000000001,0.07766635183861328,29.055287110887388
4.53,13.59,0.20900000000000002,0.07797942000000001,1.6232267534270177,69.32423307466381
4.53,13.59,0.40800000000000003,0.07797942000000001,3.1687871550154223,109.59317903844023
4.53,13.59,0.607,0.07797942000000001,4.8880410002696095,154.3876368424859
4.53,13.59,0.806,0.07797942000000001,6.756638741012137,203.07318893909965
4.53,13.59,1.0050000000000001,0.07797942000000001,8.578286789776206,250.53548595790895
4.53,13.59,1.2040000000000002,0.07797942000000001,11.354156028083457,322.8596269264689
4.53,13.59,1.4030000000000002,0.07797942000000001,14.06198925564788,393.4111173810935
4.53,13.59,1.6020000000000003,0.07797942000000001,16.76982248321231,463.9626078357182
4.53,13.59,1.8010000000000004,0.07797942000000001,19.47765571077673,534.5140982903426
4.53,13.59,2.0,0.07797942000000001,22.18548893834115,605.0655887449673
6.04,0.0,0.01,0.13863008,0.0,28.611950199252494
6.04,0.0,0.20900000000000002,0.13863008,0.0,28.611950199252494
6.04,0.0,0.40800000000000003,0.13863008,0.0,28.611950199252494
6.04,0.0,0.607,0.13863008,0.0,28.611950199252494
6.04,0.0,0.806,0.13863008,0.0,28.611950199252494
6.04,0.0,1.0050000000000001,0.13863008,0.0,28.611950199252494
6.04,0.0,1.2040000000000002,0.13863008,0.0,28.611950199252494
6.04,0.0,1.4030000000000002,0.13863008,0.0,28.611950199252494
6.04,0.0,1.6020000000000003,0.13863008,0.0,28.611950199252494
6.04,0.0,1.8010000000000004,0.13863008,0.0,28.611950199252494
6.04,0.0,2.0,0.13863008,0.0,28.611950199252494
6.04,1.51,0.01,0.13863008,0.0008152798955633128,28.633191984449663
6.04,1.51,0.20900000000000002,0.13863008,0.017039349817273237,29.055903509873342
6.04,1.51,0.40800000000000003,0.13863008,0.03326341973898317,29.478615035297018
6.04,1.51,0.607,0.13863008,0.04663730116674404,29.82706606185475
6.04,1.51,0.806,0.13863008,0.057560553235221634,30.111666939854842
6.04,1.51,1.0050000000000001,0.13863008,0.06820935173413947,30.38911704202578
6.04,1.51,1.2040000000000002,0.13863008,0.08085661062787362,30.718636214785555
6.04,1.51,1.4030000000000002,0.13863008,0.09319388768597701,31.040078937232586
6.04,1.51,1.6020000000000003,0.13863008,0.10553116474408043,31.361521659679617
6.04,1.51,1.8010000000000004,0.13863008,0.11786844180218381,31.68296438212665
6.04,1.51,2.0,0.13863008,0.1302057188602872,32.00440710457368
6.04,3.02,0.01,0.13863008,0.0034323252422490988,28.70137803369247
6.04,3.02,0.20900000000000002,0.13863008,0.07173559756300617,30.480991939048046
6.04,3.02,0.40800000000000003,0.13863008,0.14003886988376324,32.26060584440362
6.04,3.02,0.607,0.13863008,0.20197053925722683,33.87421023338992
6.04,3.02,0.806,0.13863008,0.25842382104984,35.34507746811478
6.04,3.02,1.0050000000000001,0.13863008,0.3134586786768096,36.7789882396556
6.04,3.02,1.2040000000000002,0.13863008,0.3838517146615692,38.613050085043994
6.04,3.02,1.4030000000000002,0.13863008,0.4525194311368984,40.402159434221886
6.04,3.02,1.6020000000000003,0.13863008,0.5211871476122276,42.19126878339978
6.04,3.02,1.8010000000000004,0.13863008,0.5898548640875567,43.98037813257767
6.04,3.02,2.0,0.13863008,0.6585225805628858,45.769487481755554
6.04,4.53,0.01,0.13863008,0.007957374894760718,28.81927635701463
6.04,4.53,0.20900000000000002,0.13863008,0.166309135300499,32.94506689648117
6.04,4.53,0.40800000000000003,0.13863008,0.32466089570623735,37.070857435947715
6.04,4.53,0.607,0.13863008,0.4764200598327382,41.02488056790513
6.04,4.53,0.806,0.13863008,0.6225108234200818,44.831215835462174
6.04,4.53,1.0050000000000001,0.13863008,0.7649309648067383,48.54191453850773
6.04,4.53,1.2040000000000002,0.13863008,0.9556056910357059,53.50986677077316
6.04,4.53,1.4030000000000002,0.13863008,1.1416070171120027,58.35605546793403
6.04,4.53,1.6020000000000003,0.13863008,1.3276083431882995,63.2022441650949
6.04,4.53,1.8010000000000004,0.13863008,1.5136096692645966,68.0484328622558
6.04,4.53,2.0,0.13863008,1.6996109953408927,72.89462155941666
6.04,6.04,0.01,0.13863008,0.014450076142795622,28.988441040224266
6.04,6.04,0.20900000000000002,0.13863008,0.30200659138442854,36.48060877556258
6.04,6.04,0.40800000000000003,0.13863008,0.5895631066260614,43.972776510900886
6.04,6.04,0.607,0.13863008,0.8761574146876917,51.43987433056482
6.04,6.04,0.806,0.13863008,1.161924404426329,58.885416708714324
6.04,6.04,1.0050000000000001,0.13863008,1.4405113190459053,66.1438851577646
6.04,6.04,1.2040000000000002,0.13863008,1.8260718966170915,76.18950876976967
6.04,6.04,1.4030000000000002,0.13863008,2.2021824600321205,85.98891611677462
6.04,6.04,1.6020000000000003,0.13863008,2.5782930234471495,95.78832346377955
6.04,6.04,1.8010000000000004,0.13863008,2.954403586862179,105.58773081078449
6.04,6.04,2.0,0.13863008,3.3305141502772075,115.38713815778941
6.04,7.55,0.01,0.13863008,0.022953237707435428,29.209987447091212
6.04,7.55,0.20900000000000002,0.13863008,0.4797226680854005,41.110928679081695
6.04,7.55,0.40800000000000003,0.13863008,0.9364920984633656,53.011869911072175
6.04,7.55,0.607,0.13863008,1.4057427406757348,65.23800402740773
6.04,7.55,0.806,0.13863008,1.8857248921289,77.74374324056336
6.04,7.55,1.0050000000000001,0.13863008,2.3536471905304786,89.93526790062461
6.04,7.55,1.2040000000000002,0.13863008,3.0183824833993755,107.25467486863602
6.04,7.55,1.4030000000000002,0.13863008,3.666825244580309,124.14958656782359
6.04,7.55,1.6020000000000003,0.13863008,4.315268005761243,141.04449826701116
6.04,7.55,1.8010000000000004,0.13863008,4.963710766942176,157.93940996619875
6.04,7.55,2.0,0.13863008,5.612153528123108,174.83432166538628
6.04,9.06,0.01,0.13863008,0.033500517873625735,29.484792530503434
6.04,9.06,0.20900000000000002,0.13863008,0.7001608235587778,46.85435492239712
6.04,9.06,0.40800000000000003,0.13863008,1.36682112924393,64.22391731429082
6.04,9.06,0.607,0.13863008,2.0688380120728893,82.51468090479494
6.04,9.06,0.806,0.13863008,2.8012549425395155,101.59750533896413
6.04,9.06,1.0050000000000001,0.13863008,3.515269437567281,120.20086182252604
6.04,9.06,1.2040000000000002,0.13863008,4.55171318380994,147.20498095565483
6.04,9.06,1.4030000000000002,0.13863008,5.562753897056456,173.54723442375592
6.04,9.06,1.6020000000000003,0.13863008,6.57379461030297,199.88948789185702
6.04,9.06,1.8010000000000004,0.13863008,7.584835323549485,226.23174135995814
6.04,9.06,2.0,0.13863008,8.595876036795998,252.5739948280592
6.04,10.57,0.01,0.13863008,0.046119760130297345,29.813581741210086
6.04,10.57,0.20900000000000002,0.13863008,0.9639029867232145,53.72604942616622
6.04,10.57,0.40800000000000003,0.13863008,1.8816862133161318,77.63851711112235
6.04,10.57,0.607,0.13863008,2.8685237496260108,103.35016667450937
6.04,10.57,0.806,0.13863008,3.914735084944866,130.60877635766875
6.04,10.57,1.0050000000000001,0.13863008,4.93465970329591,157.18249635029645
6.04,10.57,1.2040000000000002,0.13863008,6.442603350890383,196.47135312936192
6.04,10.57,1.4030000000000002,0.13863008,7.913587595357538,234.79724773246983
6.04,10.57,1.6020000000000003,0.13863008,9.384571839824694,273.12314233557777
6.04,10.57,1.8010000000000004,0.13863008,10.85555608429185,311.4490369386857
6.04,10.57,2.0,0.13863008,12.326540328759002,349.7749315417936
6.04,12.08,0.01,0.13863008,0.0608347652962421,30.196975199838516
6.04,12.08,0.20900000000000002,0.13863008,1.27144659469146,61.73897271150036
6.04,12.08,0.40800000000000003,0.13863008,2.482058424086677,93.2809702231622
6.04,12.08,0.607,0.13863008,3.807470169382029,127.81403272670502
6.04,12.08,0.806,0.13863008,5.231588384423292,164.91885204569695
6.04,12.08,1.0050000000000001,0.13863008,6.619924734765024,201.09138947225185
6.04,12.08,1.2040000000000002,0.13863008,8.705688801221633,255.43512162209726
6.04,12.08,1.4030000000000002,0.13863008,10.740331199382734,308.4468995525836
6.04,12.08,1.6020000000000003,0.13863008,12.774973597543838,361.45867748307006
6.04,12.08,1.8010000000000004,0.13863008,14.809615995704938,414.47045541355646
6.04,12.08,2.0,0.13863008,16.844258393866035,467.48223334404264
6.04,13.59,0.01,0.13863008,0.07766635183861328,30.635515323060353
6.04,13.59,0.20900000000000002,0.13863008,1.6232267534270177,70.90446128683676
6.04,13.59,0.40800000000000003,0.13863008,3.1687871550154223,111.17340725061318
6.04,13.59,0.607,0.13863008,4.8880410002696095,155.9678650546589
6.04,13.59,0.806,0.13863008,6.756638741012137,204.6534171512726
6.04,13.59,1.0050000000000001,0.13863008,8.578286789776206,252.11571417008196
6.04,13.59,1.2040000000000002,0.13863008,11.354156028083457,324.43985513864186
6.04,13.59,1.4030000000000002,0.13863008,14.06198925564788,394.9913455932665
6.04,13.59,1.6020000000000003,0.13863008,16.76982248321231,465.5428360478911
6.04,13.59,1.8010000000000004,0.13863008,19.47765571077673,536.0943265025156
6.04,13.59,2.0,0.13863008,22.18548893834115,606.6458169571401
7.55,0.0,0.01,0.21660949999999995,0.0,30.64367218633202
7.55,0.0,0.20900000000000002,0.21660949999999995,0.0,30.64367218633202
7.55,0.0,0.40800000000000003,0.21660949999999995,0.0,30.64367218633202
7.55,0.0,0.607,0.21660949999999995,0.0,30.64367218633202
7.55,0.0,0.806,0.21660949999999995,0.0,30.64367218633202
7.55,0.0,1.0050000000000001,0.21660949999999995,0.0,30.64367218633202
7.55,0.0,1.2040000000000002,0.21660949999999995,0.0,30.64367218633202
7.55,0.0,1.4030000000000002,0.21660949999999995,0.0,30.64367218633202
7.55,0.0,1.6020000000000003,0.21660949999999995,0.0,30.64367218633202
7.55,0.0,1.8010000000000004,0.21660949999999995,0.0,30.64367218633202
7.55,0.0,2.0,0.21660949999999995,0.0,30.64367218633202
7.55,1.51,0.01,0.21660949999999995,0.0008152798955633128,30.66491397152919
7.55,1.51,0.20900000000000002,0.21660949999999995,0.017039349817273237,31.087625496952867
7.55,1.51,0.40800000000000003,0.21660949999999995,0.03326341973898317,31.510337022376547
7.55,1.51,0.607,0.21660949999999995,0.04663730116674404,31.858788048934276
7.55,1.51,0.806,0.21660949999999995,0.057560553235221634,32.143388926934364
7.55,1.51,1.0050000000000001,0.21660949999999995,0.06820935173413947,32.42083902910531
7.55,1.51,1.2040000000000002,0.21660949999999995,0.08085661062787362,32.75035820186508
7.55,1.51,1.4030000000000002,0.21660949999999995,0.09319388768597701,33.071800924312114
7.55,1.51,1.6020000000000003,0.21660949999999995,0.10553116474408043,33.393243646759146
7.55,1.51,1.8010000000000004,0.21660949999999995,0.11786844180218381,33.71468636920618
7.55,1.51,2.0,0.21660949999999995,0.1302057188602872,34.03612909165321
7.55,3.02,0.01,0.21660949999999995,0.0034323252422490988,30.733100020772
7.55,3.02,0.20900000000000002,0.21660949999999995,0.07173559756300617,32.512713926127574
7.55,3.02,0.40800000000000003,0.21660949999999995,0.14003886988376324,34.29232783148315
7.55,3.02,0.607,0.21660949999999995,0.20197053925722683,35.905932220469445
7.55,3.02,0.806,0.21660949999999995,0.25842382104984,37.37679945519431
7.55,3.02,1.0050000000000001,0.21660949999999995,0.3134586786768096,38.810710226735125
7.55,3.02,1.2040000000000002,0.21660949999999995,0.3838517146615692,40.644772072123516
7.55,3.02,1.4030000000000002,0.21660949999999995,0.4525194311368984,42.43388142130141
7.55,3.02,1.6020000000000003,0.21660949999999995,0.5211871476122276,44.2229907704793
7.55,3.02,1.8010000000000004,0.21660949999999995,0.5898548640875567,46.01210011965719
7.55,3.02,2.0,0.21660949999999995,0.6585225805628858,47.801209468835076
7.55,4.53,0.01,0.21660949999999995,0.007957374894760718,30.850998344094158
7.55,4.53,0.20900000000000002,0.21660949999999995,0.166309135300499,34.9767888835607
7.55,4.53,0.40800000000000003,0.21660949999999995,0.32466089570623735,39.10257942302724
7.55,4.53,0.607,0.21660949999999995,0.4764200598327382,43.05660255498465
7.55,4.53,0.806,0.21660949999999995,0.6225108234200818,46.862937822541696
7.55,4.53,1.0050000000000001,0.21660949999999995,0.7649309648067383,50.57363652558726
7.55,4.53,1.2040000000000002,0.21660949999999995,0.9556056910357059,55.54158875785268
7.55,4.53,1.4030000000000002,0.21660949999999995,1.1416070171120027,60.38777745501356
7.55,4.53,1.6020000000000003,0.21660949999999995,1.3276083431882995,65.23396615217443
7.55,4.53,1.8010000000000004,0.21660949999999995,1.5136096692645966,70.08015484933532
7.55,4.53,2.0,0.21660949999999995,1.6996109953408927,74.92634354649618
7.55,6.04,0.01,0.21660949999999995,0.014450076142795622,31.020163027303795
7.55,6.04,0.20900000000000002,0.21660949999999995,0.30200659138442854,38.51233076264211
7.55,6.04,0.40800000000000003,0.21660949999999995,0.5895631066260614,46.004498497980414
7.55,6.04,0.607,0.21660949999999995,0.8761574146876917,53.47159631764434
7.55,6.04,0.806,0.21660949999999995,1.161924404426329,60.91713869579385
7.55,6.04,1.0050000000000001,0.21660949999999995,1.4405113190459053,68.17560714484412
7.55,6.04,1.2040000000000002,0.21660949999999995,1.8260718966170915,78.2212307568492
7.55,6.04,1.4030000000000002,0.21660949999999995,2.2021824600321205,88.02063810385414
7.55,6.04,1.6020000000000003,0.21660949999999995,2.5782930234471495,97.82004545085907
7.55,6.04,1.8010000000000004,0.21660949999999995,2.954403586862179,107.61945279786401
7.55,6.04,2.0,0.21660949999999995,3.3305141502772075,117.41886014486894
7.55,7.55,0.01,0.21660949999999995,0.022953237707435428,31.241709434170737
7.55,7.55,0.20900000000000002,0.21660949999999995,0.4797226680854005,43.14265066616122
7.55,7.55,0.40800000000000003,0.21660949999999995,0.9364920984633656,55.0435918981517
7.55,7.55,0.607,0.21660949999999995,1.4057427406757348,67.26972601448725
7.55,7.55,0.806,0.21660949999999995,1.8857248921289,79.77546522764288
7.55,7.55,1.0050000000000001,0.21660949999999995,2.3536471905304786,91.96698988770414
7.55,7.55,1.2040000000000002,0.21660949999999995,3.0183824833993755,109.28639685571554
7.55,7.55,1.4030000000000002,0.21660949999999995,3.666825244580309,126.18130855490313
7.55,7.55,1.6020000000000003,0.21660949999999995,4.315268005761243,143.07622025409069
7.55,7.55,1.8010000000000004,0.21660949999999995,4.963710766942176,159.97113195327827
7.55,7.55,2.0,0.21660949999999995,5.612153528123108,176.8660436524658
7.55,9.06,0.01,0.21660949999999995,0.033500517873625735,31.51651451758296
7.55,9.06,0.20900000000000002,0.21660949999999995,0.7001608235587778,48.88607690947665
7.55,9.06,0.40800000000000003,0.21660949999999995,1.36682112924393,66.25563930137034
7.55,9.06,0.607,0.21660949999999995,2.0688380120728893,84.54640289187446
7.55,9.06,0.806,0.21660949999999995,2.8012549425395155,103.62922732604366
7.55,9.06,1.0050000000000001,0.21660949999999995,3.515269437567281,122.23258380960557
7.55,9.06,1.2040000000000002,0.21660949999999995,4.55171318380994,149.23670294273435
7.55,9.06,1.4030000000000002,0.21660949999999995,5.562753897056456,175.57895641083545
7.55,9.06,1.6020000000000003,0.21660949999999995,6.57379461030297,201.92120987893654
7.55,9.06,1.8010000000000004,0.21660949999999995,7.584835323549485,228.26346334703766
7.55,9.06,2.0,0.21660949999999995,8.595876036795998,254.60571681513872
7.55,10.57,0.01,0.21660949999999995,0.046119760130297345,31.845303728289615
7.55,10.57,0.20900000000000002,0.21660949999999995,0.9639029867232145,55.75777141324575
7.55,10.57,0.40800000000000003,0.21660949999999995,1.8816862133161318,79.67023909820188
7.55,10.57,0.607,0.21660949999999995,2.8685237496260108,105.3818886615889
7.55,10.57,0.806,0.21660949999999995,3.914735084944866,132.64049834474827
7.55,10.57,1.0050000000000001,0.21660949999999995,4.93465970329591,159.21421833737597
7.55,10.57,1.2040000000000002,0.21660949999999995,6.442603350890383,198.5030751164414
7.55,10.57,1.4030000000000002,0.21660949999999995,7.913587595357538,236.82896971954935
7.55,10.57,1.6020000000000003,0.21660949999999995,9.384571839824694,275.1548643226573
7.55,10.57,1.8010000000000004,0.21660949999999995,10.85555608429185,313.48075892576526
7.55,10.57,2.0,0.21660949999999995,12.326540328759002,351.8066535288731
7.55,12.08,0.01,0.21660949999999995,0.0608347652962421,32.22869718691804
7.55,12.08,0.20900000000000002,0.21660949999999995,1.27144659469146,63.770694698579895
7.55,12.08,0.40800000000000003,0.21660949999999995,2.482058424086677,95.31269221024174
7.55,12.08,0.607,0.21660949999999995,3.807470169382029,129.84575471378457
7.55,12.08,0.806,0.21660949999999995,5.231588384423292,166.95057403277647
7.55,12.08,1.0050000000000001,0.21660949999999995,6.619924734765024,203.12311145933137
7.55,12.08,1.2040000000000002,0.21660949999999995,8.705688801221633,257.46684360917675
7.55,12.08,1.4030000000000002,0.21660949999999995,10.740331199382734,310.47862153966315
7.55,12.08,1.6020000000000003,0.21660949999999995,12.774973597543838,363.4903994701496
7.55,12.08,1.8010000000000004,0.21660949999999995,14.809615995704938,416.50217740063596
7.55,12.08,2.0,0.21660949999999995,16.844258393866035,469.5139553311222
7.55,13.59,0.01,0.21660949999999995,0.07766635183861328,32.66723731013988
7.55,13.59,0.20900000000000002,0.21660949999999995,1.6232267534270177,72.9361832739163
7.55,13.59,0.40800000000000003,0.21660949999999995,3.1687871550154223,113.20512923769272
7.55,13.59,0.607,0.21660949999999995,4.8880410002696095,157.9995870417384
7.55,13.59,0.806,0.21660949999999995,6.756638741012137,206.68513913835213
7.55,13.59,1.0050000000000001,0.21660949999999995,8.578286789776206,254.14743615716148
7.55,13.59,1.2040000000000002,0.21660949999999995,11.354156028083457,326.4715771257214
7.55,13.59,1.4030000000000002,0.21660949999999995,14.06198925564788,397.023067580346
7.55,13.59,1.6020000000000003,0.21660949999999995,16.76982248321231,467.57455803497066
7.55,13.59,1.8010000000000004,0.21660949999999995,19.47765571077673,538.1260484895952
7.55,13.59,2.0,0.21660949999999995,22.18548893834115,608.6775389442197
9.06,0.0,0.01,0.31191768000000003,0.0,33.126887948318114
9.06,0.0,0.20900000000000002,0.31191768000000003,0.0,33.126887948318114
9.06,0.0,0.40800000000000003,0.31191768000000003,0.0,33.126887948318114
9.06,0.0,0.607,0.31191768000000003,0.0,33.126887948318114
9.06,0.0,0.806,0.31191768000000003,0.0,33.126887948318114
9.06,0.0,1.0050000000000001,0.31191768000000003,0.0,33.126887948318114
9.06,0.0,1.2040000000000002,0.31191768000000003,0.0,33.126887948318114
9.06,0.0,1.4030000000000002,0.31191768000000003,0.0,33.126887948318114
9.06,0.0,1.6020000000000003,0.31191768000000003,0.0,33.126887948318114
9.06,0.0,1.8010000000000004,0.31191768000000003,0.0,33.126887948318114
9.06,0.0,2.0,0.31191768000000003,0.0,33.126887948318114
9.06,1.51,0.01,0.31191768000000003,0.0008152798955633128,33.14812973351528
9.06,1.51,0.20900000000000002,0.31191768000000003,0.017039349817273237,33.57084125893896
9.06,1.51,0.40800000000000003,0.31191768000000003,0.03326341973898317,33.993552784362635
9.06,1.51,0.607,0.31191768000000003,0.04663730116674404,34.34200381092037
9.06,1.51,0.806,0.31191768000000003,0.057560553235221634,34.62660468892046
9.06,1.51,1.0050000000000001,0.31191768000000003,0.06820935173413947,34.9040547910914
9.06,1.51,1.2040000000000002,0.31191768000000003,0.08085661062787362,35.23357396385117
9.06,1.51,1.4030000000000002,0.31191768000000003,0.09319388768597701,35.5550166862982
9.06,1.51,1.6020000000000003,0.31191768000000003,0.10553116474408043,35.876459408745234
9.06,1.51,1.8010000000000004,0.31191768000000003,0.11786844180218381,36.197902131192265
9.06,1.51,2.0,0.31191768000000003,0.1302057188602872,36.519344853639296
9.06,3.02,0.01,0.31191768000000003,0.0034323252422490988,33.21631578275809
9.06,3.02,0.20900000000000002,0.31191768000000003,0.07173559756300617,34.99592968811366
9.06,3.02,0.40800000000000003,0.31191768000000003,0.14003886988376324,36.77554359346924
9.06,3.02,0.607,0.31191768000000003,0.20197053925722683,38.38914798245554
9.06,3.02,0.806,0.31191768000000003,0.25842382104984,39.8600152171804
9.06,3.02,1.0050000000000001,0.31191768000000003,0.3134586786768096,41.29392598872121
9.06,3.02,1.2040000000000002,0.31191768000000003,0.3838517146615692,43.12798783410961
9.06,3.02,1.4030000000000002,0.31191768000000003,0.4525194311368984,44.9170971832875
9.06,3.02,1.6020000000000003,0.31191768000000003,0.5211871476122276,46.70620653246539
9.06,3.02,1.8010000000000004,0.31191768000000003,0.5898548640875567,48.49531588164328
9.06,3.02,2.0,0.31191768000000003,0.6585225805628858,50.28442523082117
9.06,4.53,0.01,0.31191768000000003,0.007957374894760718,33.33421410608025
9.06,4.53,0.20900000000000002,0.31191768000000003,0.166309135300499,37.46000464554679
9.06,4.53,0.40800000000000003,0.31191768000000003,0.32466089570623735,41.58579518501333
9.06,4.53,0.607,0.31191768000000003,0.4764200598327382,45.53981831697074
9.06,4.53,0.806,0.31191768000000003,0.6225108234200818,49.346153584527784
9.06,4.53,1.0050000000000001,0.31191768000000003,0.7649309648067383,53.05685228757335
9.06,4.53,1.2040000000000002,0.31191768000000003,0.9556056910357059,58.024804519838774
9.06,4.53,1.4030000000000002,0.31191768000000003,1.1416070171120027,62.87099321699965
9.06,4.53,1.6020000000000003,0.31191768000000003,1.3276083431882995,67.71718191416053
9.06,4.53,1.8010000000000004,0.31191768000000003,1.5136096692645966,72.5633706113214
9.06,4.53,2.0,0.31191768000000003,1.6996109953408927,77.40955930848227
9.06,6.04,0.01,0.31191768000000003,0.014450076142795622,33.50337878928988
9.06,6.04,0.20900000000000002,0.31191768000000003,0.30200659138442854,40.995546524628196
9.06,6.04,0.40800000000000003,0.31191768000000003,0.5895631066260614,48.48771425996651
9.06,6.04,0.607,0.31191768000000003,0.8761574146876917,55.95481207963043
9.06,6.04,0.806,0.31191768000000003,1.161924404426329,63.40035445777995
9.06,6.04,1.0050000000000001,0.31191768000000003,1.4405113190459053,70.65882290683021
9.06,6.04,1.2040000000000002,0.31191768000000003,1.8260718966170915,80.70444651883528
9.06,6.04,1.4030000000000002,0.31191768000000003,2.2021824600321205,90.50385386584023
9.06,6.04,1.6020000000000003,0.31191768000000003,2.5782930234471495,100.30326121284516
9.06,6.04,1.8010000000000004,0.31191768000000003,2.954403586862179,110.1026685598501
9.06,6.04,2.0,0.31191768000000003,3.3305141502772075,119.90207590685503
9.06,7.55,0.01,0.31191768000000003,0.022953237707435428,33.72492519615683
9.06,7.55,0.20900000000000002,0.31191768000000003,0.4797226680854005,45.62586642814731
9.06,7.55,0.40800000000000003,0.31191768000000003,0.9364920984633656,57.52680766013779
9.06,7.55,0.607,0.31191768000000003,1.4057427406757348,69.75294177647335
9.06,7.55,0.806,0.31191768000000003,1.8857248921289,82.25868098962897
9.06,7.55,1.0050000000000001,0.31191768000000003,2.3536471905304786,94.45020564969023
9.06,7.55,1.2040000000000002,0.31191768000000003,3.0183824833993755,111.76961261770163
9.06,7.55,1.4030000000000002,0.31191768000000003,3.666825244580309,128.6645243168892
9.06,7.55,1.6020000000000003,0.31191768000000003,4.315268005761243,145.55943601607677
9.06,7.55,1.8010000000000004,0.31191768000000003,4.963710766942176,162.4543477152644
9.06,7.55,2.0,0.31191768000000003,5.612153528123108,179.34925941445192
9.06,9.06,0.01,0.31191768000000003,0.033500517873625735,33.99973027956905
9.06,9.06,0.20900000000000002,0.31191768000000003,0.7001608235587778,51.36929267146274
9.06,9.06,0.40800000000000003,0.31191768000000003,1.36682112924393,68.73885506335643
9.06,9.06,0.607,0.31191768000000003,2.0688380120728893,87.02961865386055
9.06,9.06,0.806,0.31191768000000003,2.8012549425395155,106.11244308802975
9.06,9.06,1.0050000000000001,0.31191768000000003,3.515269437567281,124.71579957159166
9.06,9.06,1.2040000000000002,0.31191768000000003,4.55171318380994,151.71991870472044
9.06,9.06,1.4030000000000002,0.31191768000000003,5.562753897056456,178.06217217282153
9.06,9.06,1.6020000000000003,0.31191768000000003,6.57379461030297,204.40442564092265
9.06,9.06,1.8010000000000004,0.31191768000000003,7.584835323549485,230.74667910902377
9.06,9.06,2.0,0.31191768000000003,8.595876036795998,257.0889325771248
9.06,10.57,0.01,0.31191768000000003,0.046119760130297345,34.32851949027571
9.06,10.57,0.20900000000000002,0.31191768000000003,0.9639029867232145,58.240987175231844
9.06,10.57,0.40800000000000003,0.31191768000000003,1.8816862133161318,82.15345486018798
9.06,10.57,0.607,0.31191768000000003,2.8685237496260108,107.86510442357499
9.06,10.57,0.806,0.31191768000000003,3.914735084944866,135.12371410673438
9.06,10.57,1.0050000000000001,0.31191768000000003,4.93465970329591,161.69743409936208
9.06,10.57,1.2040000000000002,0.31191768000000003,6.442603350890383,200.98629087842752
9.06,10.57,1.4030000000000002,0.31191768000000003,7.913587595357538,239.31218548153547
9.06,10.57,1.6020000000000003,0.31191768000000003,9.384571839824694,277.63808008464343
9.06,10.57,1.8010000000000004,0.31191768000000003,10.85555608429185,315.9639746877513
9.06,10.57,2.0,0.31191768000000003,12.326540328759002,354.2898692908592
9.06,12.08,0.01,0.31191768000000003,0.0608347652962421,34.711912948904136
9.06,12.08,0.20900000000000002,0.31191768000000003,1.27144659469146,66.25391046056598
9.06,12.08,0.40800000000000003,0.31191768000000003,2.482058424086677,97.79590797222782
9.06,12.08,0.607,0.31191768000000003,3.807470169382029,132.32897047577063
9.06,12.08,0.806,0.31191768000000003,5.231588384423292,169.43378979476256
9.06,12.08,1.0050000000000001,0.31191768000000003,6.619924734765024,205.60632722131746
9.06,12.08,1.2040000000000002,0.31191768000000003,8.705688801221633,259.95005937116287
9.06,12.08,1.4030000000000002,0.31191768000000003,10.740331199382734,312.9618373016492
9.06,12.08,1.6020000000000003,0.31191768000000003,12.774973597543838,365.97361523213567
9.06,12.08,1.8010000000000004,0.31191768000000003,14.809615995704938,418.9853931626221
9.06,12.08,2.0,0.31191768000000003,16.844258393866035,471.99717109310825
9.06,13.59,0.01,0.31191768000000003,0.07766635183861328,35.15045307212597
9.06,13.59,0.20900000000000002,0.31191768000000003,1.6232267534270177,75.41939903590239
9.06,13.59,0.40800000000000003,0.31191768000000003,3.1687871550154223,115.6883449996788
9.06,13.59,0.607,0.31191768000000003,4.8880410002696095,160.48280280372452
9.06,13.59,0.806,0.31191768000000003,6.756638741012137,209.16835490033824
9.06,13.59,1.0050000000000001,0.31191768000000003,8.578286789776206,256.63065191914757
9.06,13.59,1.2040000000000002,0.31191768000000003,11.354156028083457,328.95479288770747
9.06,13.59,1.4030000000000002,0.31191768000000003,14.06198925564788,399.5062833423321
9.06,13.59,1.6020000000000003,0.31191768000000003,16.76982248321231,470.0577737969567
9.06,13.59,1.8010000000000004,0.31191768000000003,19.47765571077673,540.6092642515813
9.06,13.59,2.0,0.31191768000000003,22.18548893834115,611.1607547062058
10.57,0.0,0.01,0.42455462,0.0,36.06159748521076
10.57,0.0,0.20900000000000002,0.42455462,0.0,36.06159748521076
10.57,0.0,0.40800000000000003,0.42455462,0.0,36.06159748521076
10.57,0.0,0.607,0.42455462,0.0,36.06159748521076
10.57,0.0,0.806,0.42455462,0.0,36.06159748521076
10.57,0.0,1.0050000000000001,0.42455462,0.0,36.06159748521076
10.57,0.0,1.2040000000000002,0.42455462,0.0,36.06159748521076
10.57,0.0,1.4030000000000002,0.42455462,0.0,36.06159748521076
10.57,0.0,1.6020000000000003,0.42455462,0.0,36.06159748521076
10.57,0.0,1.8010000000000004,0.42455462,0.0,36.06159748521076
10.57,0.0,2.0,0.42455462,0.0,36.06159748521076
10.57,1.51,0.01,0.42455462,0.0008152798955633128,36.08283927040793
10.57,1.51,0.20900000000000002,0.42455462,0.017039349817273237,36.50555079583161
10.57,1.51,0.40800000000000003,0.42455462,0.03326341973898317,36.92826232125529
10.57,1.51,0.607,0.42455462,0.04663730116674404,37.276713347813015
10.57,1.51,0.806,0.42455462,0.057560553235221634,37.561314225813106
10.57,1.51,1.0050000000000001,0.42455462,0.06820935173413947,37.83876432798405
10.57,1.51,1.2040000000000002,0.42455462,0.08085661062787362,38.168283500743826
10.57,1.51,1.4030000000000002,0.42455462,0.09319388768597701,38.48972622319086
10.57,1.51,1.6020000000000003,0.42455462,0.10553116474408043,38.81116894563789
10.57,1.51,1.8010000000000004,0.42455462,0.11786844180218381,39.13261166808492
10.57,1.51,2.0,0.42455462,0.1302057188602872,39.45405439053195
10.57,3.02,0.01,0.42455462,0.0034323252422490988,36.15102531965074
10.57,3.02,0.20900000000000002,0.42455462,0.07173559756300617,37.93063922500632
10.57,3.02,0.40800000000000003,0.42455462,0.14003886988376324,39.71025313036189
10.57,3.02,0.607,0.42455462,0.20197053925722683,41.32385751934819
10.57,3.02,0.806,0.42455462,0.25842382104984,42.79472475407305
10.57,3.02,1.0050000000000001,0.42455462,0.3134586786768096,44.22863552561387
10.57,3.02,1.2040000000000002,0.42455462,0.3838517146615692,46.06269737100226
10.57,3.02,1.4030000000000002,0.42455462,0.4525194311368984,47.85180672018015
10.57,3.02,1.6020000000000003,0.42455462,0.5211871476122276,49.64091606935804
10.57,3.02,1.8010000000000004,0.42455462,0.5898548640875567,51.430025418535934
10.57,3.02,2.0,0.42455462,0.6585225805628858,53.219134767713825
10.57,4.53,0.01,0.42455462,0.007957374894760718,36.2689236429729
10.57,4.53,0.20900000000000002,0.42455462,0.166309135300499,40.39471418243944
10.57,4.53,0.40800000000000003,0.42455462,0.32466089570623735,44.52050472190598
10.57,4.53,0.607,0.42455462,0.4764200598327382,48.47452785386339
10.57,4.53,0.806,0.42455462,0.6225108234200818,52.28086312142044
10.57,4.53,1.0050000000000001,0.42455462,0.7649309648067383,55.991561824466
10.57,4.53,1.2040000000000002,0.42455462,0.9556056910357059,60.95951405673142
10.57,4.53,1.4030000000000002,0.42455462,1.1416070171120027,65.80570275389229
10.57,4.53,1.6020000000000003,0.42455462,1.3276083431882995,70.65189145105317
10.57,4.53,1.8010000000000004,0.42455462,1.5136096692645966,75.49808014821406
10.57,4.53,2.0,0.42455462,1.6996109953408927,80.34426884537493
10.57,6.04,0.01,0.42455462,0.014450076142795622,36.43808832618254
10.57,6.04,0.20900000000000002,0.42455462,0.30200659138442854,43.93025606152085
10.57,6.04,0.40800000000000003,0.42455462,0.5895631066260614,51.42242379685916
10.57,6.04,0.607,0.42455462,0.8761574146876917,58.88952161652309
10.57,6.04,0.806,0.42455462,1.161924404426329,66.3350639946726
10.57,6.04,1.0050000000000001,0.42455462,1.4405113190459053,73.59353244372286
10.57,6.04,1.2040000000000002,0.42455462,1.8260718966170915,83.63915605572794
10.57,6.04,1.4030000000000002,0.42455462,2.2021824600321205,93.43856340273288
10.57,6.04,1.6020000000000003,0.42455462,2.5782930234471495,103.23797074973781
10.57,6.04,1.8010000000000004,0.42455462,2.954403586862179,113.03737809674276
10.57,6.04,2.0,0.42455462,3.3305141502772075,122.83678544374767
10.57,7.55,0.01,0.42455462,0.022953237707435428,36.65963473304948
10.57,7.55,0.20900000000000002,0.42455462,0.4797226680854005,48.56057596503996
10.57,7.55,0.40800000000000003,0.42455462,0.9364920984633656,60.46151719703044
10.57,7.55,0.607,0.42455462,1.4057427406757348,72.68765131336599
10.57,7.55,0.806,0.42455462,1.8857248921289,85.19339052652163
10.57,7.55,1.0050000000000001,0.42455462,2.3536471905304786,97.38491518658289
10.57,7.55,1.2040000000000002,0.42455462,3.0183824833993755,114.70432215459428
10.57,7.55,1.4030000000000002,0.42455462,3.666825244580309,131.59923385378187
10.57,7.55,1.6020000000000003,0.42455462,4.315268005761243,148.49414555296943
10.57,7.55,1.8010000000000004,0.42455462,4.963710766942176,165.38905725215704
10.57,7.55,2.0,0.42455462,5.612153528123108,182.28396895134455
10.57,9.06,0.01,0.42455462,0.033500517873625735,36.934439816461705
10.57,9.06,0.20900000000000002,0.42455462,0.7001608235587778,54.304002208355385
10.57,9.06,0.40800000000000003,0.42455462,1.36682112924393,71.67356460024908
10.57,9.06,0.607,0.42455462,2.0688380120728893,89.9643281907532
10.57,9.06,0.806,0.42455462,2.8012549425395155,109.0471526249224
10.57,9.06,1.0050000000000001,0.42455462,3.515269437567281,127.6505091084843
10.57,9.06,1.2040000000000002,0.42455462,4.55171318380994,154.6546282416131
10.57,9.06,1.4030000000000002,0.42455462,5.562753897056456,180.99688170971422
10.57,9.06,1.6020000000000003,0.42455462,6.57379461030297,207.33913517781528
10.57,9.06,1.8010000000000004,0.42455462,7.584835323549485,233.6813886459164
10.57,9.06,2.0,0.42455462,8.595876036795998,260.0236421140175
10.57,10.57,0.01,0.42455462,0.046119760130297345,37.26322902716836
10.57,10.57,0.20900000000000002,0.42455462,0.9639029867232145,61.1756967121245
10.57,10.57,0.40800000000000003,0.42455462,1.8816862133161318,85.08816439708063
10.57,10.57,0.607,0.42455462,2.8685237496260108,110.79981396046765
10.57,10.57,0.806,0.42455462,3.914735084944866,138.058423643627
10.57,10.57,1.0050000000000001,0.42455462,4.93465970329591,164.6321436362547
10.57,10.57,1.2040000000000002,0.42455462,6.442603350890383,203.92100041532018
10.57,10.57,1.4030000000000002,0.42455462,7.913587595357538,242.24689501842812
10.57,10.57,1.6020000000000003,0.42455462,9.384571839824694,280.57278962153606
10.57,10.57,1.8010000000000004,0.42455462,10.85555608429185,318.898684224644
10.57,10.57,2.0,0.42455462,12.326540328759002,357.2245788277518
10.57,12.08,0.01,0.42455462,0.0608347652962421,37.64662248579678
10.57,12.08,0.20900000000000002,0.42455462,1.27144659469146,69.18861999745863
10.57,12.08,0.40800000000000003,0.42455462,2.482058424086677,100.73061750912046
10.57,12.08,0.607,0.42455462,3.807470169382029,135.26368001266331
10.57,12.08,0.806,0.42455462,5.231588384423292,172.36849933165522
10.57,12.08,1.0050000000000001,0.42455462,6.619924734765024,208.5410367582101
10.57,12.08,1.2040000000000002,0.42455462,8.705688801221633,262.88476890805555
10.57,12.08,1.4030000000000002,0.42455462,10.740331199382734,315.8965468385419
10.57,12.08,1.6020000000000003,0.42455462,12.774973597543838,368.90832476902835
10.57,12.08,1.8010000000000004,0.42455462,14.809615995704938,421.9201026995147
10.57,12.08,2.0,0.42455462,16.844258393866035,474.93188063000093
10.57,13.59,0.01,0.42455462,0.07766635183861328,38.085162609018624
10.57,13.59,0.20900000000000002,0.42455462,1.6232267534270177,78.35410857279504
10.57,13.59,0.40800000000000003,0.42455462,3.1687871550154223,118.62305453657146
10.57,13.59,0.607,0.42455462,4.8880410002696095,163.41751234061715
10.57,13.59,0.806,0.42455462,6.756638741012137,212.1030644372309
10.57,13.59,1.0050000000000001,0.42455462,8.578286789776206,259.56536145604025
10.57,13.59,1.2040000000000002,0.42455462,11.354156028083457,331.88950242460015
10.57,13.59,1.4030000000000002,0.42455462,14.06198925564788,402.4409928792248
10.57,13.59,1.6020000000000003,0.42455462,16.76982248321231,472.9924833338494
10.57,13.59,1.8010000000000004,0.42455462,19.47765571077673,543.543973788474
10.57,13.59,2.0,0.42455462,22.18548893834115,614.0954642430984
12.08,0.0,0.01,0.55452032,0.0,39.447800797009975
12.08,0.0,0.20900000000000002,0.55452032,0.0,39.447800797009975
12.08,0.0,0.40800000000000003,0.55452032,0.0,39.447800797009975
12.08,0.0,0.607,0.55452032,0.0,39.447800797009975
12.08,0.0,0.806,0.55452032,0.0,39.447800797009975
12.08,0.0,1.0050000000000001,0.55452032,0.0,39.447800797009975
12.08,0.0,1.2040000000000002,0.55452032,0.0,39.447800797009975
12.08,0.0,1.4030000000000002,0.55452032,0.0,39.447800797009975
12.08,0.0,1.6020000000000003,0.55452032,0.0,39.447800797009975
12.08,0.0,1.8010000000000004,0.55452032,0.0,39.447800797009975
12.08,0.0,2.0,0.55452032,0.0,39.447800797009975
12.08,1.51,0.01,0.55452032,0.0008152798955633128,39.469042582207145
12.08,1.51,0.20900000000000002,0.55452032,0.017039349817273237,39.89175410763082
12.08,1.51,0.40800000000000003,0.55452032,0.03326341973898317,40.3144656330545
12.08,1.51,0.607,0.55452032,0.04663730116674404,40.66291665961223
12.08,1.51,0.806,0.55452032,0.057560553235221634,40.94751753761232
12.08,1.51,1.0050000000000001,0.55452032,0.06820935173413947,41.22496763978326
12.08,1.51,1.2040000000000002,0.55452032,0.08085661062787362,41.55448681254303
12.08,1.51,1.4030000000000002,0.55452032,0.09319388768597701,41.875929534990064
12.08,1.51,1.6020000000000003,0.55452032,0.10553116474408043,42.197372257437095
12.08,1.51,1.8010000000000004,0.55452032,0.11786844180218381,42.51881497988413
12.08,1.51,2.0,0.55452032,0.1302057188602872,42.84025770233116
12.08,3.02,0.01,0.55452032,0.0034323252422490988,39.537228631449956
12.08,3.02,0.20900000000000002,0.55452032,0.07173559756300617,41.316842536805524
12.08,3.02,0.40800000000000003,0.55452032,0.14003886988376324,43.0964564421611
12.08,3.02,0.607,0.55452032,0.20197053925722683,44.7100608311474
12.08,3.02,0.806,0.55452032,0.25842382104984,46.180928065872266
12.08,3.02,1.0050000000000001,0.55452032,0.3134586786768096,47.61483883741308
12.08,3.02,1.2040000000000002,0.55452032,0.3838517146615692,49.44890068280147
12.08,3.02,1.4030000000000002,0.55452032,0.4525194311368984,51.23801003197936
12.08,3.02,1.6020000000000003,0.55452032,0.5211871476122276,53.02711938115725
12.08,3.02,1.8010000000000004,0.55452032,0.5898548640875567,54.81622873033514
12.08,3.02,2.0,0.55452032,0.6585225805628858,56.60533807951303
12.08,4.53,0.01,0.55452032,0.007957374894760718,39.655126954772115
12.08,4.53,0.20900000000000002,0.55452032,0.166309135300499,43.78091749423865
12.08,4.53,0.40800000000000003,0.55452032,0.32466089570623735,47.906708033705186
12.08,4.53,0.607,0.55452032,0.4764200598327382,51.86073116566261
12.08,4.53,0.806,0.55452032,0.6225108234200818,55.667066433219645
12.08,4.53,1.0050000000000001,0.55452032,0.7649309648067383,59.37776513626521
12.08,4.53,1.2040000000000002,0.55452032,0.9556056910357059,64.34571736853064
12.08,4.53,1.4030000000000002,0.55452032,1.1416070171120027,69.19190606569151
12.08,4.53,1.6020000000000003,0.55452032,1.3276083431882995,74.03809476285238
12.08,4.53,1.8010000000000004,0.55452032,1.5136096692645966,78.88428346001328
12.08,4.53,2.0,0.55452032,1.6996109953408927,83.73047215717415
12.08,6.04,0.01,0.55452032,0.014450076142795622,39.824291637981744
12.08,6.04,0.20900000000000002,0.55452032,0.30200659138442854,47.31645937332006
12.08,6.04,0.40800000000000003,0.55452032,0.5895631066260614,54.808627108658364
12.08,6.04,0.607,0.55452032,0.8761574146876917,62.27572492832229
12.08,6.04,0.806,0.55452032,1.161924404426329,69.72126730647182
12.08,6.04,1.0050000000000001,0.55452032,1.4405113190459053,76.97973575552209
12.08,6.04,1.2040000000000002,0.55452032,1.8260718966170915,87.02535936752716
12.08,6.04,1.4030000000000002,0.55452032,2.2021824600321205,96.8247667145321
12.08,6.04,1.6020000000000003,0.55452032,2.5782930234471495,106.62417406153703
12.08,6.04,1.8010000000000004,0.55452032,2.954403586862179,116.42358140854198
12.08,6.04,2.0,0.55452032,3.3305141502772075,126.2229887555469
12.08,7.55,0.01,0.55452032,0.022953237707435428,40.04583804484869
12.08,7.55,0.20900000000000002,0.55452032,0.4797226680854005,51.946779276839166
12.08,7.55,0.40800000000000003,0.55452032,0.9364920984633656,63.84772050882965
12.08,7.55,0.607,0.55452032,1.4057427406757348,76.07385462516521
12.08,7.55,0.806,0.55452032,1.8857248921289,88.57959383832085
12.08,7.55,1.0050000000000001,0.55452032,2.3536471905304786,100.7711184983821
12.08,7.55,1.2040000000000002,0.55452032,3.0183824833993755,118.0905254663935
12.08,7.55,1.4030000000000002,0.55452032,3.666825244580309,134.98543716558106
12.08,7.55,1.6020000000000003,0.55452032,4.315268005761243,151.88034886476862
12.08,7.55,1.8010000000000004,0.55452032,4.963710766942176,168.77526056395624
12.08,7.55,2.0,0.55452032,5.612153528123108,185.67017226314377
12.08,9.06,0.01,0.55452032,0.033500517873625735,40.32064312826091
12.08,9.06,0.20900000000000002,0.55452032,0.7001608235587778,57.690205520154606
12.08,9.06,0.40800000000000003,0.55452032,1.36682112924393,75.0597679120483
12.08,9.06,0.607,0.55452032,2.0688380120728893,93.35053150255243
12.08,9.06,0.806,0.55452032,2.8012549425395155,112.43335593672161
12.08,9.06,1.0050000000000001,0.55452032,3.515269437567281,131.03671242028352
12.08,9.06,1.2040000000000002,0.55452032,4.55171318380994,158.0408315534123
12.08,9.06,1.4030000000000002,0.55452032,5.562753897056456,184.3830850215134
12.08,9.06,1.6020000000000003,0.55452032,6.57379461030297,210.7253384896145
12.08,9.06,1.8010000000000004,0.55452032,7.584835323549485,237.0675919577156
12.08,9.06,2.0,0.55452032,8.595876036795998,263.4098454258167
12.08,10.57,0.01,0.55452032,0.046119760130297345,40.64943233896757
12.08,10.57,0.20900000000000002,0.55452032,0.9639029867232145,64.5619000239237
12.08,10.57,0.40800000000000003,0.55452032,1.8816862133161318,88.47436770887984
12.08,10.57,0.607,0.55452032,2.8685237496260108,114.18601727226685
12.08,10.57,0.806,0.55452032,3.914735084944866,141.44462695542623
12.08,10.57,1.0050000000000001,0.55452032,4.93465970329591,168.01834694805393
12.08,10.57,1.2040000000000002,0.55452032,6.442603350890383,207.30720372711937
12.08,10.57,1.4030000000000002,0.55452032,7.913587595357538,245.63309833022728
12.08,10.57,1.6020000000000003,0.55452032,9.384571839824694,283.95899293333525
12.08,10.57,1.8010000000000004,0.55452032,10.85555608429185,322.2848875364432
12.08,10.57,2.0,0.55452032,12.326540328759002,360.610782139551
12.08,12.08,0.01,0.55452032,0.0608347652962421,41.032825797596
12.08,12.08,0.20900000000000002,0.55452032,1.27144659469146,72.57482330925785
12.08,12.08,0.40800000000000003,0.55452032,2.482058424086677,104.11682082091968
12.08,12.08,0.607,0.55452032,3.807470169382029,138.6498833244625
12.08,12.08,0.806,0.55452032,5.231588384423292,175.7547026434544
12.08,12.08,1.0050000000000001,0.55452032,6.619924734765024,211.9272400700093
12.08,12.08,1.2040000000000002,0.55452032,8.705688801221633,266.2709722198547
12.08,12.08,1.4030000000000002,0.55452032,10.740331199382734,319.2827501503411
12.08,12.08,1.6020000000000003,0.55452032,12.774973597543838,372.29452808082755
12.08,12.08,1.8010000000000004,0.55452032,14.809615995704938,425.3063060113139
12.08,12.08,2.0,0.55452032,16.844258393866035,478.3180839418002
12.08,13.59,0.01,0.55452032,0.07766635183861328,41.47136592081783
12.08,13.59,0.20900000000000002,0.55452032,1.6232267534270177,81.74031188459425
12.08,13.59,0.40800000000000003,0.55452032,3.1687871550154223,122.00925784837067
12.08,13.59,0.607,0.55452032,4.8880410002696095,166.80371565241634
12.08,13.59,0.806,0.55452032,6.756638741012137,215.4892677490301
12.08,13.59,1.0050000000000001,0.55452032,8.578286789776206,262.9515647678394
12.08,13.59,1.2040000000000002,0.55452032,11.354156028083457,335.27570573639935
12.08,13.59,1.4030000000000002,0.55452032,14.06198925564788,405.8271961910239
12.08,13.59,1.6020000000000003,0.55452032,16.76982248321231,476.37868664564866
12.08,13.59,1.8010000000000004,0.55452032,19.47765571077673,546.9301771002731
12.08,13.59,2.0,0.55452032,22.18548893834115,617.4816675548976
13.59,0.0,0.01,0.70181478,0.0,43.28549788371575
13.59,0.0,0.20900000000000002,0.70181478,0.0,43.28549788371575
13.59,0.0,0.40800000000000003,0.70181478,0.0,43.28549788371575
13.59,0.0,0.607,0.70181478,0.0,43.28549788371575
13.59,0.0,0.806,0.70181478,0.0,43.28549788371575
13.59,0.0,1.0050000000000001,0.70181478,0.0,43.28549788371575
13.59,0.0,1.2040000000000002,0.70181478,0.0,43.28549788371575
13.59,0.0,1.4030000000000002,0.70181478,0.0,43.28549788371575
13.59,0.0,1.6020000000000003,0.70181478,0.0,43.28549788371575
13.59,0.0,1.8010000000000004,0.70181478,0.0,43.28549788371575
13.59,0.0,2.0,0.70181478,0.0,43.28549788371575
13.59,1.51,0.01,0.70181478,0.0008152798955633128,43.30673966891292
13.59,1.51,0.20900000000000002,0.70181478,0.017039349817273237,43.72945119433659
13.59,1.51,0.40800000000000003,0.70181478,0.03326341973898317,44.15216271976027
13.59,1.51,0.607,0.70181478,0.04663730116674404,44.500613746318
13.59,1.51,0.806,0.70181478,0.057560553235221634,44.785214624318094
13.59,1.51,1.0050000000000001,0.70181478,0.06820935173413947,45.06266472648903
13.59,1.51,1.2040000000000002,0.70181478,0.08085661062787362,45.392183899248806
13.59,1.51,1.4030000000000002,0.70181478,0.09319388768597701,45.71362662169584
13.59,1.51,1.6020000000000003,0.70181478,0.10553116474408043,46.03506934414287
13.59,1.51,1.8010000000000004,0.70181478,0.11786844180218381,46.3565120665899
13.59,1.51,2.0,0.70181478,0.1302057188602872,46.67795478903693
13.59,3.02,0.01,0.70181478,0.0034323252422490988,43.37492571815572
13.59,3.02,0.20900000000000002,0.70181478,0.07173559756300617,45.1545396235113
13.59,3.02,0.40800000000000003,0.70181478,0.14003886988376324,46.93415352886687
13.59,3.02,0.607,0.70181478,0.20197053925722683,48.547757917853176
13.59,3.02,0.806,0.70181478,0.25842382104984,50.01862515257803
13.59,3.02,1.0050000000000001,0.70181478,0.3134586786768096,51.45253592411885
13.59,3.02,1.2040000000000002,0.70181478,0.3838517146615692,53.28659776950725
13.59,3.02,1.4030000000000002,0.70181478,0.4525194311368984,55.07570711868514
13.59,3.02,1.6020000000000003,0.70181478,0.5211871476122276,56.86481646786303
13.59,3.02,1.8010000000000004,0.70181478,0.5898548640875567,58.65392581704092
13.59,3.02,2.0,0.70181478,0.6585225805628858,60.443035166218806
13.59,4.53,0.01,0.70181478,0.007957374894760718,43.49282404147789
13.59,4.53,0.20900000000000002,0.70181478,0.166309135300499,47.618614580944424
13.59,4.53,0.40800000000000003,0.70181478,0.32466089570623735,51.74440512041097
13.59,4.53,0.607,0.70181478,0.4764200598327382,55.69842825236837
13.59,4.53,0.806,0.70181478,0.6225108234200818,59.504763519925426
13.59,4.53,1.0050000000000001,0.70181478,0.7649309648067383,63.215462222970984
13.59,4.53,1.2040000000000002,0.70181478,0.9556056910357059,68.1834144552364
13.59,4.53,1.4030000000000002,0.70181478,1.1416070171120027,73.02960315239729
13.59,4.53,1.6020000000000003,0.70181478,1.3276083431882995,77.87579184955817
13.59,4.53,1.8010000000000004,0.70181478,1.5136096692645966,82.72198054671905
13.59,4.53,2.0,0.70181478,1.6996109953408927,87.56816924387991
13.59,6.04,0.01,0.70181478,0.014450076142795622,43.66198872468752
13.59,6.04,0.20900000000000002,0.70181478,0.30200659138442854,51.15415646002583
13.59,6.04,0.40800000000000003,0.70181478,0.5895631066260614,58.646324195364144
13.59,6.04,0.607,0.70181478,0.8761574146876917,66.11342201502808
13.59,6.04,0.806,0.70181478,1.161924404426329,73.55896439317758
13.59,6.04,1.0050000000000001,0.70181478,1.4405113190459053,80.81743284222786
13.59,6.04,1.2040000000000002,0.70181478,1.8260718966170915,90.86305645423293
13.59,6.04,1.4030000000000002,0.70181478,2.2021824600321205,100.66246380123786
13.59,6.04,1.6020000000000003,0.70181478,2.5782930234471495,110.46187114824279
13.59,6.04,1.8010000000000004,0.70181478,2.954403586862179,120.26127849524775
13.59,6.04,2.0,0.70181478,3.3305141502772075,130.06068584225267
13.59,7.55,0.01,0.70181478,0.022953237707435428,43.88353513155447
13.59,7.55,0.20900000000000002,0.70181478,0.4797226680854005,55.78447636354495
13.59,7.55,0.40800000000000003,0.70181478,0.9364920984633656,67.68541759553543
13.59,7.55,0.607,0.70181478,1.4057427406757348,79.911551711871
13.59,7.55,0.806,0.70181478,1.8857248921289,92.4172909250266
13.59,7.55,1.0050000000000001,0.70181478,2.3536471905304786,104.60881558508788
13.59,7.55,1.2040000000000002,0.70181478,3.0183824833993755,121.92822255309927
13.59,7.55,1.4030000000000002,0.70181478,3.666825244580309,138.82313425228685
13.59,7.55,1.6020000000000003,0.70181478,4.315268005761243,155.7180459514744
13.59,7.55,1.8010000000000004,0.70181478,4.963710766942176,172.61295765066203
13.59,7.55,2.0,0.70181478,5.612153528123108,189.50786934984953
13.59,9.06,0.01,0.70181478,0.033500517873625735,44.158340214966685
13.59,9.06,0.20900000000000002,0.70181478,0.7001608235587778,61.52790260686037
13.59,9.06,0.40800000000000003,0.70181478,1.36682112924393,78.89746499875406
13.59,9.06,0.607,0.70181478,2.0688380120728893,97.1882285892582
13.59,9.06,0.806,0.70181478,2.8012549425395155,116.27105302342738
13.59,9.06,1.0050000000000001,0.70181478,3.515269437567281,134.8744095069893
13.59,9.06,1.2040000000000002,0.70181478,4.55171318380994,161.87852864011808
13.59,9.06,1.4030000000000002,0.70181478,5.562753897056456,188.2207821082192
13.59,9.06,1.6020000000000003,0.70181478,6.57379461030297,214.56303557632026
13.59,9.06,1.8010000000000004,0.70181478,7.584835323549485,240.9052890444214
13.59,9.06,2.0,0.70181478,8.595876036795998,267.2475425125225
13.59,10.57,0.01,0.70181478,0.046119760130297345,44.487129425673345
13.59,10.57,0.20900000000000002,0.70181478,0.9639029867232145,68.39959711062949
13.59,10.57,0.40800000000000003,0.70181478,1.8816862133161318,92.31206479558561
13.59,10.57,0.607,0.70181478,2.8685237496260108,118.02371435897263
13.59,10.57,0.806,0.70181478,3.914735084944866,145.28232404213202
13.59,10.57,1.0050000000000001,0.70181478,4.93465970329591,171.8560440347597
13.59,10.57,1.2040000000000002,0.70181478,6.442603350890383,211.14490081382516
13.59,10.57,1.4030000000000002,0.70181478,7.913587595357538,249.4707954169331
13.59,10.57,1.6020000000000003,0.70181478,9.384571839824694,287.796690020041
13.59,10.57,1.8010000000000004,0.70181478,10.85555608429185,326.122584623149
13.59,10.57,2.0,0.70181478,12.326540328759002,364.44847922625684
13.59,12.08,0.01,0.70181478,0.0608347652962421,44.870522884301764
13.59,12.08,0.20900000000000002,0.70181478,1.27144659469146,76.41252039596361
13.59,12.08,0.40800000000000003,0.70181478,2.482058424086677,107.95451790762546
13.59,12.08,0.607,0.70181478,3.807470169382029,142.48758041116827
13.59,12.08,0.806,0.70181478,5.231588384423292,179.5923997301602
13.59,12.08,1.0050000000000001,0.70181478,6.619924734765024,215.7649371567151
13.59,12.08,1.2040000000000002,0.70181478,8.705688801221633,270.1086693065605
13.59,12.08,1.4030000000000002,0.70181478,10.740331199382734,323.12044723704685
13.59,12.08,1.6020000000000003,0.70181478,12.774973597543838,376.1322251675333
13.59,12.08,1.8010000000000004,0.70181478,14.809615995704938,429.1440030980197
13.59,12.08,2.0,0.70181478,16.844258393866035,482.15578102850594
13.59,13.59,0.01,0.70181478,0.07766635183861328,45.309063007523605
13.59,13.59,0.20900000000000002,0.70181478,1.6232267534270177,85.57800897130002
13.59,13.59,0.40800000000000003,0.70181478,3.1687871550154223,125.84695493507644
13.59,13.59,0.607,0.70181478,4.8880410002696095,170.64141273912213
13.59,13.59,0.806,0.70181478,6.756638741012137,219.32696483573588
13.59,13.59,1.0050000000000001,0.70181478,8.578286789776206,266.7892618545452
13.59,13.59,1.2040000000000002,0.70181478,11.354156028083457,339.1134028231051
13.59,13.59,1.4030000000000002,0.70181478,14.06198925564788,409.66489327772973
13.59,13.59,1.6020000000000003,0.70181478,16.76982248321231,480.2163837323544
13.59,13.59,1.8010000000000004,0.70181478,19.47765571077673,550.7678741869789
13.59,13.59,2.0,0.70181478,22.18548893834115,621.3193646416034
