0.0,0.3,0.01,0.0,0.0008032968891700912,25.023389730059694
0.0,0.3,0.20900000000000002,0.0,0.014317244698344379,25.416877611761716
0.0,0.3,0.40800000000000003,0.0,0.024392678234923942,25.710245697499534
0.0,0.3,0.607,0.0,0.0398433394367672,26.160125187420427
0.0,0.3,0.806,0.0,0.06092828284665305,26.77405901603346
0.0,0.3,1.0050000000000001,0.0,0.08148345380905432,27.372567371565758
0.0,0.3,1.2040000000000002,0.0,0.1409787705460529,29.10490247338845
0.0,0.3,1.4030000000000002,0.0,0.19901586873557603,30.794778381539018
0.0,0.3,1.6020000000000003,0.0,0.25705296692509916,32.48465428968959
0.0,0.3,1.8010000000000004,0.0,0.31509006511462223,34.174530197840156
0.0,0.3,2.0,0.0,0.3731271633041452,35.86440610599072
0.0,0.6,0.01,0.0,0.0032354876318418553,25.09420823526211
0.0,0.6,0.20900000000000002,0.0,0.060990438887948015,26.77586882389786
0.0,0.6,0.40800000000000003,0.0,0.11280108803854867,28.28444817256431
0.0,0.6,0.607,0.0,0.19302214499203618,30.620258123457845
0.0,0.6,0.806,0.0,0.2980105908503891,33.67722428518487
0.0,0.6,1.0050000000000001,0.0,0.4003611360590346,36.65738225189362
0.0,0.6,1.2040000000000002,0.0,0.6346206986005273,43.47835716866199
0.0,0.6,1.4030000000000002,0.0,0.8631386051973755,50.13215132766642
0.0,0.6,1.6020000000000003,0.0,1.0916565117942236,56.785945486670855
0.0,0.6,1.8010000000000004,0.0,1.320174418391072,63.43973964567528
0.0,0.6,2.0,0.0,1.5486923249879194,70.0935338046797
0.0,0.8999999999999999,0.01,0.0,0.007309359036407283,25.212827831248756
0.0,0.8999999999999999,0.20900000000000002,0.0,0.14244410875264288,29.147568971367427
0.0,0.8999999999999999,0.40800000000000003,0.0,0.2765622356628597,33.052708934977275
0.0,0.8999999999999999,0.607,0.0,0.4858309411010224,39.14602087995057
0.0,0.8999999999999999,0.806,0.0,0.7542774236066392,46.962422071006266
0.0,0.8999999999999999,1.0050000000000001,0.0,1.0159790196171399,54.58243127233694
0.0,0.8999999999999999,1.2040000000000002,0.0,1.5351019766908505,69.69782135717594
0.0,0.8999999999999999,1.4030000000000002,0.0,2.0415013318754998,84.44273619483752
0.0,0.8999999999999999,1.6020000000000003,0.0,2.547900687060148,99.18765103249908
0.0,0.8999999999999999,1.8010000000000004,0.0,3.054300042244797,113.93256587016064
0.0,0.8999999999999999,2.0,0.0,3.5606993974294445,128.67748070782216
0.0,1.2,0.01,0.0,0.013031769893465906,25.379448226574247
0.0,1.2,0.20900000000000002,0.0,0.2600794562745184,32.57277708695896
0.0,1.2,0.40800000000000003,0.0,0.5227926792898152,40.22224200121754
0.0,1.2,0.607,0.0,0.93524815136908,52.23177706059516
0.0,1.2,0.806,0.0,1.4577562718259518,67.44573351461543
0.0,1.2,1.0050000000000001,0.0,1.9671360475477264,82.27742975622311
0.0,1.2,1.2040000000000002,0.0,2.877144919414413,108.7743104884234
0.0,1.2,1.4030000000000002,0.0,3.7648496522647594,134.62175786934426
0.0,1.2,1.6020000000000003,0.0,4.652554385115105,160.4692052502651
0.0,1.2,1.8010000000000004,0.0,5.54025911796545,186.31665263118595
0.0,1.2,2.0,0.0,6.427963850815795,212.1641000121068
0.0,1.5,0.01,0.0,0.020407527662750467,25.59420940084878
0.0,1.5,0.20900000000000002,0.0,0.414917592004832,37.081225017611
0.0,1.5,0.40800000000000003,0.0,0.8569167109526024,49.9509873908864
0.0,1.5,0.607,0.0,1.5544082676572983,70.25996586470121
0.0,1.5,0.806,0.0,2.430232258079977,95.76147967854581
0.0,1.5,1.0050000000000001,0.0,3.2840506206025877,120.6222519392787
0.0,1.5,1.2040000000000002,0.0,4.687537330974489,161.4878095438647
0.0,1.5,1.4030000000000002,0.0,6.056624857268647,201.3517603444167
0.0,1.5,1.6020000000000003,0.0,7.425712383562805,241.2157111449687
0.0,1.5,1.8010000000000004,0.0,8.794799909856964,281.07966194552074
0.0,1.5,2.0,0.0,10.16388743615112,320.94361274607263
0.0,1.7999999999999998,0.01,0.0,0.029440348989051943,25.857219572241206
0.0,1.7999999999999998,0.20900000000000002,0.0,0.6077701827484984,42.69654620162178
0.0,1.7999999999999998,0.40800000000000003,0.0,1.2833879147178244,62.36862085714607
0.0,1.7999999999999998,0.607,0.0,2.354208584476861,93.54788564165096
0.0,1.7999999999999998,0.806,0.0,3.689841338641866,132.43772823904806
0.0,1.7999999999999998,1.0050000000000001,0.0,4.991915480893177,170.35043911289242
0.0,1.7999999999999998,1.2040000000000002,0.0,6.9884705983897435,228.48446885597903
0.0,1.7999999999999998,1.4030000000000002,0.0,8.936090541437865,285.19364492889196
0.0,1.7999999999999998,1.6020000000000003,0.0,10.883710484485986,341.90282100180485
0.0,1.7999999999999998,1.8010000000000004,0.0,12.831330427534107,398.61199707471775
0.0,1.7999999999999998,2.0,0.0,14.778950370582224,455.3211731476306
0.0,2.1,0.01,0.0,0.04013326807565954,26.16856708815687
0.0,2.1,0.20900000000000002,0.0,0.8393144564639378,49.43845959888009
0.0,2.1,0.40800000000000003,0.0,1.8060183068641804,77.58613751642733
0.0,2.1,0.607,0.0,3.344052412558391,122.3693341648728
0.0,2.1,0.806,0.0,5.252274797984824,177.93136495413532
0.0,2.1,1.0050000000000001,0.0,7.112551897345265,232.09736481904451
0.0,2.1,1.2040000000000002,0.0,9.799075574950397,310.3213246840903
0.0,2.1,1.4030000000000002,0.0,12.419753083986775,386.6280306308751
0.0,2.1,1.6020000000000003,0.0,15.040430593023153,462.9347365776599
0.0,2.1,1.8010000000000004,0.0,17.66110810205953,539.2414425244448
0.0,2.1,2.0,0.0,20.2817856110959,615.5481484712293
0.0,2.4,0.01,0.0,0.05248885048575123,26.528326650528513
0.0,2.4,0.20900000000000002,0.0,1.1101334266657616,57.323940911535104
0.0,2.4,0.40800000000000003,0.0,2.4281597060834144,95.70113283494683
0.0,2.4,0.607,0.0,4.5322627274565885,156.966652907541
0.0,2.4,0.806,0.0,7.131451651939513,232.64767213893293
0.0,2.4,1.0050000000000001,0.0,9.665334322038444,306.42715822380745
0.0,2.4,1.2040000000000002,0.0,13.136274489357898,407.49110439546644
0.0,2.4,1.4030000000000002,0.0,16.522142593752854,506.077993062918
0.0,2.4,1.6020000000000003,0.0,19.908010698147812,604.6648817303696
0.0,2.4,1.8010000000000004,0.0,23.29387880254277,703.2517703978212
0.0,2.4,2.0,0.0,26.67974690693772,801.8386590652725
0.0,2.6999999999999997,0.01,0.0,0.0665093195845754,26.936562997454445
0.0,2.6999999999999997,0.20900000000000002,0.0,1.4207401410592322,66.36792863554717
0.0,2.6999999999999997,0.40800000000000003,0.0,3.1528154718245887,116.80105613279143
0.0,2.6999999999999997,0.607,0.0,5.92633901955859,197.55820578728714
0.0,2.6999999999999997,0.806,0.0,9.339937169916588,296.9525148473267
0.0,2.6999999999999997,1.0050000000000001,0.0,12.667766522526893,393.84947945862143
0.0,2.6999999999999997,1.2040000000000002,0.0,17.015308624419603,520.4375909742489
0.0,2.6999999999999997,1.4030000000000002,0.0,21.25629332185416,643.9230526978266
0.0,2.6999999999999997,1.6020000000000003,0.0,25.497278019288707,767.4085144214042
0.0,2.6999999999999997,1.8010000000000004,0.0,29.738262716723263,890.893976144982
0.0,2.6999999999999997,2.0,0.0,33.979247414157804,1014.3794378685594
0.3,0.0,0.01,0.00954,0.0,25.27777777777778
0.3,0.0,0.20900000000000002,0.00954,0.0,25.27777777777778
0.3,0.0,0.40800000000000003,0.00954,0.0,25.27777777777778
0.3,0.0,0.607,0.00954,0.0,25.27777777777778
0.3,0.0,0.806,0.00954,0.0,25.27777777777778
0.3,0.0,1.0050000000000001,0.00954,0.0,25.27777777777778
0.3,0.0,1.2040000000000002,0.00954,0.0,25.27777777777778
0.3,0.0,1.4030000000000002,0.00954,0.0,25.27777777777778
0.3,0.0,1.6020000000000003,0.00954,0.0,25.27777777777778
0.3,0.0,1.8010000000000004,0.00954,0.0,25.27777777777778
0.3,0.0,2.0,0.00954,0.0,25.27777777777778
0.3,0.3,0.01,0.00954,0.0008032968891700912,25.30116750783747
0.3,0.3,0.20900000000000002,0.00954,0.014317244698344379,25.694655389539495
0.3,0.3,0.40800000000000003,0.00954,0.024392678234923942,25.98802347527731
0.3,0.3,0.607,0.00954,0.0398433394367672,26.437902965198205
0.3,0.3,0.806,0.00954,0.06092828284665305,27.051836793811233
0.3,0.3,1.0050000000000001,0.00954,0.08148345380905432,27.650345149343533
0.3,0.3,1.2040000000000002,0.00954,0.1409787705460529,29.382680251166228
0.3,0.3,1.4030000000000002,0.00954,0.19901586873557603,31.072556159316797
0.3,0.3,1.6020000000000003,0.00954,0.25705296692509916,32.762432067467365
0.3,0.3,1.8010000000000004,0.00954,0.31509006511462223,34.452307975617934
0.3,0.3,2.0,0.00954,0.3731271633041452,36.142183883768496
0.3,0.6,0.01,0.00954,0.0032354876318418553,25.371986013039887
0.3,0.6,0.20900000000000002,0.00954,0.060990438887948015,27.053646601675634
0.3,0.6,0.40800000000000003,0.00954,0.11280108803854867,28.56222595034209
0.3,0.6,0.607,0.00954,0.19302214499203618,30.898035901235623
0.3,0.6,0.806,0.00954,0.2980105908503891,33.95500206296265
0.3,0.6,1.0050000000000001,0.00954,0.4003611360590346,36.9351600296714
0.3,0.6,1.2040000000000002,0.00954,0.6346206986005273,43.75613494643976
0.3,0.6,1.4030000000000002,0.00954,0.8631386051973755,50.40992910544419
0.3,0.6,1.6020000000000003,0.00954,1.0916565117942236,57.063723264448626
0.3,0.6,1.8010000000000004,0.00954,1.320174418391072,63.71751742345306
0.3,0.6,2.0,0.00954,1.5486923249879194,70.37131158245748
0.3,0.8999999999999999,0.01,0.00954,0.007309359036407283,25.490605609026534
0.3,0.8999999999999999,0.20900000000000002,0.00954,0.14244410875264288,29.425346749145206
0.3,0.8999999999999999,0.40800000000000003,0.00954,0.2765622356628597,33.33048671275506
0.3,0.8999999999999999,0.607,0.00954,0.4858309411010224,39.42379865772835
0.3,0.8999999999999999,0.806,0.00954,0.7542774236066392,47.240199848784044
0.3,0.8999999999999999,1.0050000000000001,0.00954,1.0159790196171399,54.86020905011472
0.3,0.8999999999999999,1.2040000000000002,0.00954,1.5351019766908505,69.97559913495371
0.3,0.8999999999999999,1.4030000000000002,0.00954,2.0415013318754998,84.7205139726153
0.3,0.8999999999999999,1.6020000000000003,0.00954,2.547900687060148,99.46542881027686
0.3,0.8999999999999999,1.8010000000000004,0.00954,3.054300042244797,114.21034364793842
0.3,0.8999999999999999,2.0,0.00954,3.5606993974294445,128.95525848559993
0.3,1.2,0.01,0.00954,0.013031769893465906,25.657226004352022
0.3,1.2,0.20900000000000002,0.00954,0.2600794562745184,32.850554864736736
0.3,1.2,0.40800000000000003,0.00954,0.5227926792898152,40.500019778995316
0.3,1.2,0.607,0.00954,0.93524815136908,52.509554838372935
0.3,1.2,0.806,0.00954,1.4577562718259518,67.7235112923932
0.3,1.2,1.0050000000000001,0.00954,1.9671360475477264,82.55520753400089
0.3,1.2,1.2040000000000002,0.00954,2.877144919414413,109.05208826620117
0.3,1.2,1.4030000000000002,0.00954,3.7648496522647594,134.89953564712204
0.3,1.2,1.6020000000000003,0.00954,4.652554385115105,160.7469830280429
0.3,1.2,1.8010000000000004,0.00954,5.54025911796545,186.59443040896372
0.3,1.2,2.0,0.00954,6.427963850815795,212.44187778988456
0.3,1.5,0.01,0.00954,0.020407527662750467,25.871987178626558
0.3,1.5,0.20900000000000002,0.00954,0.414917592004832,37.359002795388776
0.3,1.5,0.40800000000000003,0.00954,0.8569167109526024,50.22876516866417
0.3,1.5,0.607,0.00954,1.5544082676572983,70.53774364247899
0.3,1.5,0.806,0.00954,2.430232258079977,96.03925745632358
0.3,1.5,1.0050000000000001,0.00954,3.2840506206025877,120.90002971705647
0.3,1.5,1.2040000000000002,0.00954,4.687537330974489,161.76558732164247
0.3,1.5,1.4030000000000002,0.00954,6.056624857268647,201.62953812219448
0.3,1.5,1.6020000000000003,0.00954,7.425712383562805,241.49348892274648
0.3,1.5,1.8010000000000004,0.00954,8.794799909856964,281.3574397232985
0.3,1.5,2.0,0.00954,10.16388743615112,321.22139052385046
0.3,1.7999999999999998,0.01,0.00954,0.029440348989051943,26.13499735001898
0.3,1.7999999999999998,0.20900000000000002,0.00954,0.6077701827484984,42.97432397939956
0.3,1.7999999999999998,0.40800000000000003,0.00954,1.2833879147178244,62.64639863492384
0.3,1.7999999999999998,0.607,0.00954,2.354208584476861,93.82566341942875
0.3,1.7999999999999998,0.806,0.00954,3.689841338641866,132.71550601682583
0.3,1.7999999999999998,1.0050000000000001,0.00954,4.991915480893177,170.6282168906702
0.3,1.7999999999999998,1.2040000000000002,0.00954,6.9884705983897435,228.7622466337568
0.3,1.7999999999999998,1.4030000000000002,0.00954,8.936090541437865,285.4714227066697
0.3,1.7999999999999998,1.6020000000000003,0.00954,10.883710484485986,342.1805987795827
0.3,1.7999999999999998,1.8010000000000004,0.00954,12.831330427534107,398.8897748524956
0.3,1.7999999999999998,2.0,0.00954,14.778950370582224,455.59895092540836
0.3,2.1,0.01,0.00954,0.04013326807565954,26.44634486593465
0.3,2.1,0.20900000000000002,0.00954,0.8393144564639378,49.716237376657865
0.3,2.1,0.40800000000000003,0.00954,1.8060183068641804,77.86391529420511
0.3,2.1,0.607,0.00954,3.344052412558391,122.64711194265057
0.3,2.1,0.806,0.00954,5.252274797984824,178.2091427319131
0.3,2.1,1.0050000000000001,0.00954,7.112551897345265,232.3751425968223
0.3,2.1,1.2040000000000002,0.00954,9.799075574950397,310.5991024618681
0.3,2.1,1.4030000000000002,0.00954,12.419753083986775,386.9058084086529
0.3,2.1,1.6020000000000003,0.00954,15.040430593023153,463.21251435543775
0.3,2.1,1.8010000000000004,0.00954,17.66110810205953,539.5192203022225
0.3,2.1,2.0,0.00954,20.2817856110959,615.8259262490071
0.3,2.4,0.01,0.00954,0.05248885048575123,26.80610442830629
0.3,2.4,0.20900000000000002,0.00954,1.1101334266657616,57.60171868931288
0.3,2.4,0.40800000000000003,0.00954,2.4281597060834144,95.97891061272462
0.3,2.4,0.607,0.00954,4.5322627274565885,157.24443068531878
0.3,2.4,0.806,0.00954,7.131451651939513,232.9254499167107
0.3,2.4,1.0050000000000001,0.00954,9.665334322038444,306.7049360015853
0.3,2.4,1.2040000000000002,0.00954,13.136274489357898,407.7688821732442
0.3,2.4,1.4030000000000002,0.00954,16.522142593752854,506.35577084069575
0.3,2.4,1.6020000000000003,0.00954,19.908010698147812,604.9426595081474
0.3,2.4,1.8010000000000004,0.00954,23.29387880254277,703.529548175599
0.3,2.4,2.0,0.00954,26.67974690693772,802.1164368430503
0.3,2.6999999999999997,0.01,0.00954,0.0665093195845754,27.21434077523222
0.3,2.6999999999999997,0.20900000000000002,0.00954,1.4207401410592322,66.64570641332494
0.3,2.6999999999999997,0.40800000000000003,0.00954,3.1528154718245887,117.0788339105692
0.3,2.6999999999999997,0.607,0.00954,5.92633901955859,197.83598356506494
0.3,2.6999999999999997,0.806,0.00954,9.339937169916588,297.2302926251045
0.3,2.6999999999999997,1.0050000000000001,0.00954,12.667766522526893,394.1272572363992
0.3,2.6999999999999997,1.2040000000000002,0.00954,17.015308624419603,520.7153687520266
0.3,2.6999999999999997,1.4030000000000002,0.00954,21.25629332185416,644.2008304756044
0.3,2.6999999999999997,1.6020000000000003,0.00954,25.497278019288707,767.686292199182
0.3,2.6999999999999997,1.8010000000000004,0.00954,29.738262716723263,891.1717539227599
0.3,2.6999999999999997,2.0,0.00954,33.979247414157804,1014.6572156463372
0.6,0.0,0.01,0.03816,0.0,26.11111111111111
0.6,0.0,0.20900000000000002,0.03816,0.0,26.11111111111111
0.6,0.0,0.40800000000000003,0.03816,0.0,26.11111111111111
0.6,0.0,0.607,0.03816,0.0,26.11111111111111
0.6,0.0,0.806,0.03816,0.0,26.11111111111111
0.6,0.0,1.0050000000000001,0.03816,0.0,26.11111111111111
0.6,0.0,1.2040000000000002,0.03816,0.0,26.11111111111111
0.6,0.0,1.4030000000000002,0.03816,0.0,26.11111111111111
0.6,0.0,1.6020000000000003,0.03816,0.0,26.11111111111111
0.6,0.0,1.8010000000000004,0.03816,0.0,26.11111111111111
0.6,0.0,2.0,0.03816,0.0,26.11111111111111
0.6,0.3,0.01,0.03816,0.0008032968891700912,26.134500841170805
0.6,0.3,0.20900000000000002,0.03816,0.014317244698344379,26.527988722872827
0.6,0.3,0.40800000000000003,0.03816,0.024392678234923942,26.821356808610645
0.6,0.3,0.607,0.03816,0.0398433394367672,27.27123629853154
0.6,0.3,0.806,0.03816,0.06092828284665305,27.88517012714457
0.6,0.3,1.0050000000000001,0.03816,0.08148345380905432,28.48367848267687
0.6,0.3,1.2040000000000002,0.03816,0.1409787705460529,30.21601358449956
0.6,0.3,1.4030000000000002,0.03816,0.19901586873557603,31.90588949265013
0.6,0.3,1.6020000000000003,0.03816,0.25705296692509916,33.5957654008007
0.6,0.3,1.8010000000000004,0.03816,0.31509006511462223,35.28564130895126
0.6,0.3,2.0,0.03816,0.3731271633041452,36.97551721710183
0.6,0.6,0.01,0.03816,0.0032354876318418553,26.20531934637322
0.6,0.6,0.20900000000000002,0.03816,0.060990438887948015,27.88697993500897
0.6,0.6,0.40800000000000003,0.03816,0.11280108803854867,29.39555928367542
0.6,0.6,0.607,0.03816,0.19302214499203618,31.731369234568955
0.6,0.6,0.806,0.03816,0.2980105908503891,34.78833539629598
0.6,0.6,1.0050000000000001,0.03816,0.4003611360590346,37.76849336300474
0.6,0.6,1.2040000000000002,0.03816,0.6346206986005273,44.5894682797731
0.6,0.6,1.4030000000000002,0.03816,0.8631386051973755,51.24326243877753
0.6,0.6,1.6020000000000003,0.03816,1.0916565117942236,57.89705659778196
0.6,0.6,1.8010000000000004,0.03816,1.320174418391072,64.55085075678639
0.6,0.6,2.0,0.03816,1.5486923249879194,71.20464491579081
0.6,0.8999999999999999,0.01,0.03816,0.007309359036407283,26.323938942359867
0.6,0.8999999999999999,0.20900000000000002,0.03816,0.14244410875264288,30.258680082478538
0.6,0.8999999999999999,0.40800000000000003,0.03816,0.2765622356628597,34.16382004608839
0.6,0.8999999999999999,0.607,0.03816,0.4858309411010224,40.257131991061684
0.6,0.8999999999999999,0.806,0.03816,0.7542774236066392,48.07353318211737
0.6,0.8999999999999999,1.0050000000000001,0.03816,1.0159790196171399,55.69354238344805
0.6,0.8999999999999999,1.2040000000000002,0.03816,1.5351019766908505,70.80893246828705
0.6,0.8999999999999999,1.4030000000000002,0.03816,2.0415013318754998,85.55384730594862
0.6,0.8999999999999999,1.6020000000000003,0.03816,2.547900687060148,100.29876214361019
0.6,0.8999999999999999,1.8010000000000004,0.03816,3.054300042244797,115.04367698127176
0.6,0.8999999999999999,2.0,0.03816,3.5606993974294445,129.7885918189333
0.6,1.2,0.01,0.03816,0.013031769893465906,26.490559337685358
0.6,1.2,0.20900000000000002,0.03816,0.2600794562745184,33.683888198070065
0.6,1.2,0.40800000000000003,0.03816,0.5227926792898152,41.33335311232865
0.6,1.2,0.607,0.03816,0.93524815136908,53.342888171706264
0.6,1.2,0.806,0.03816,1.4577562718259518,68.55684462572654
0.6,1.2,1.0050000000000001,0.03816,1.9671360475477264,83.38854086733423
0.6,1.2,1.2040000000000002,0.03816,2.877144919414413,109.8854215995345
0.6,1.2,1.4030000000000002,0.03816,3.7648496522647594,135.73286898045535
0.6,1.2,1.6020000000000003,0.03816,4.652554385115105,161.58031636137622
0.6,1.2,1.8010000000000004,0.03816,5.54025911796545,187.42776374229706
0.6,1.2,2.0,0.03816,6.427963850815795,213.27521112321787
0.6,1.5,0.01,0.03816,0.020407527662750467,26.70532051195989
0.6,1.5,0.20900000000000002,0.03816,0.414917592004832,38.192336128722104
0.6,1.5,0.40800000000000003,0.03816,0.8569167109526024,51.062098501997504
0.6,1.5,0.607,0.03816,1.5544082676572983,71.37107697581233
0.6,1.5,0.806,0.03816,2.430232258079977,96.87259078965691
0.6,1.5,1.0050000000000001,0.03816,3.2840506206025877,121.7333630503898
0.6,1.5,1.2040000000000002,0.03816,4.687537330974489,162.5989206549758
0.6,1.5,1.4030000000000002,0.03816,6.056624857268647,202.46287145552782
0.6,1.5,1.6020000000000003,0.03816,7.425712383562805,242.32682225607982
0.6,1.5,1.8010000000000004,0.03816,8.794799909856964,282.1907730566318
0.6,1.5,2.0,0.03816,10.16388743615112,322.0547238571838
0.6,1.7999999999999998,0.01,0.03816,0.029440348989051943,26.968330683352317
0.6,1.7999999999999998,0.20900000000000002,0.03816,0.6077701827484984,43.807657312732886
0.6,1.7999999999999998,0.40800000000000003,0.03816,1.2833879147178244,63.479731968257184
0.6,1.7999999999999998,0.607,0.03816,2.354208584476861,94.65899675276208
0.6,1.7999999999999998,0.806,0.03816,3.689841338641866,133.54883935015914
0.6,1.7999999999999998,1.0050000000000001,0.03816,4.991915480893177,171.46155022400353
0.6,1.7999999999999998,1.2040000000000002,0.03816,6.9884705983897435,229.59557996709015
0.6,1.7999999999999998,1.4030000000000002,0.03816,8.936090541437865,286.30475604000304
0.6,1.7999999999999998,1.6020000000000003,0.03816,10.883710484485986,343.01393211291594
0.6,1.7999999999999998,1.8010000000000004,0.03816,12.831330427534107,399.7231081858289
0.6,1.7999999999999998,2.0,0.03816,14.778950370582224,456.4322842587417
0.6,2.1,0.01,0.03816,0.04013326807565954,27.27967819926798
0.6,2.1,0.20900000000000002,0.03816,0.8393144564639378,50.5495707099912
0.6,2.1,0.40800000000000003,0.03816,1.8060183068641804,78.69724862753844
0.6,2.1,0.607,0.03816,3.344052412558391,123.4804452759839
0.6,2.1,0.806,0.03816,5.252274797984824,179.04247606524643
0.6,2.1,1.0050000000000001,0.03816,7.112551897345265,233.2084759301556
0.6,2.1,1.2040000000000002,0.03816,9.799075574950397,311.4324357952014
0.6,2.1,1.4030000000000002,0.03816,12.419753083986775,387.7391417419862
0.6,2.1,1.6020000000000003,0.03816,15.040430593023153,464.04584768877106
0.6,2.1,1.8010000000000004,0.03816,17.66110810205953,540.3525536355559
0.6,2.1,2.0,0.03816,20.2817856110959,616.6592595823405
0.6,2.4,0.01,0.03816,0.05248885048575123,27.639437761639623
0.6,2.4,0.20900000000000002,0.03816,1.1101334266657616,58.43505202264622
0.6,2.4,0.40800000000000003,0.03816,2.4281597060834144,96.81224394605795
0.6,2.4,0.607,0.03816,4.5322627274565885,158.07776401865212
0.6,2.4,0.806,0.03816,7.131451651939513,233.75878325004405
0.6,2.4,1.0050000000000001,0.03816,9.665334322038444,307.53826933491854
0.6,2.4,1.2040000000000002,0.03816,13.136274489357898,408.6022155065775
0.6,2.4,1.4030000000000002,0.03816,16.522142593752854,507.18910417402907
0.6,2.4,1.6020000000000003,0.03816,19.908010698147812,605.7759928414807
0.6,2.4,1.8010000000000004,0.03816,23.29387880254277,704.3628815089323
0.6,2.4,2.0,0.03816,26.67974690693772,802.9497701763836
0.6,2.6999999999999997,0.01,0.03816,0.0665093195845754,28.047674108565555
0.6,2.6999999999999997,0.20900000000000002,0.03816,1.4207401410592322,67.47903974665829
0.6,2.6999999999999997,0.40800000000000003,0.03816,3.1528154718245887,117.91216724390253
0.6,2.6999999999999997,0.607,0.03816,5.92633901955859,198.66931689839825
0.6,2.6999999999999997,0.806,0.03816,9.339937169916588,298.0636259584378
0.6,2.6999999999999997,1.0050000000000001,0.03816,12.667766522526893,394.9605905697325
0.6,2.6999999999999997,1.2040000000000002,0.03816,17.015308624419603,521.54870208536
0.6,2.6999999999999997,1.4030000000000002,0.03816,21.25629332185416,645.0341638089377
0.6,2.6999999999999997,1.6020000000000003,0.03816,25.497278019288707,768.5196255325154
0.6,2.6999999999999997,1.8010000000000004,0.03816,29.738262716723263,892.0050872560931
0.6,2.6999999999999997,2.0,0.03816,33.979247414157804,1015.4905489796706
0.8999999999999999,0.0,0.01,0.08585999999999999,0.0,27.5
0.8999999999999999,0.0,0.20900000000000002,0.08585999999999999,0.0,27.5
0.8999999999999999,0.0,0.40800000000000003,0.08585999999999999,0.0,27.5
0.8999999999999999,0.0,0.607,0.08585999999999999,0.0,27.5
0.8999999999999999,0.0,0.806,0.08585999999999999,0.0,27.5
0.8999999999999999,0.0,1.0050000000000001,0.08585999999999999,0.0,27.5
0.8999999999999999,0.0,1.2040000000000002,0.08585999999999999,0.0,27.5
0.8999999999999999,0.0,1.4030000000000002,0.08585999999999999,0.0,27.5
0.8999999999999999,0.0,1.6020000000000003,0.08585999999999999,0.0,27.5
0.8999999999999999,0.0,1.8010000000000004,0.08585999999999999,0.0,27.5
0.8999999999999999,0.0,2.0,0.08585999999999999,0.0,27.5
0.8999999999999999,0.3,0.01,0.08585999999999999,0.0008032968891700912,27.52338973005969
0.8999999999999999,0.3,0.20900000000000002,0.08585999999999999,0.014317244698344379,27.916877611761716
0.8999999999999999,0.3,0.40800000000000003,0.08585999999999999,0.024392678234923942,28.21024569749953
0.8999999999999999,0.3,0.607,0.08585999999999999,0.0398433394367672,28.660125187420427
0.8999999999999999,0.3,0.806,0.08585999999999999,0.06092828284665305,29.274059016033455
0.8999999999999999,0.3,1.0050000000000001,0.08585999999999999,0.08148345380905432,29.872567371565758
0.8999999999999999,0.3,1.2040000000000002,0.08585999999999999,0.1409787705460529,31.60490247338845
0.8999999999999999,0.3,1.4030000000000002,0.08585999999999999,0.19901586873557603,33.29477838153902
0.8999999999999999,0.3,1.6020000000000003,0.08585999999999999,0.25705296692509916,34.98465428968959
0.8999999999999999,0.3,1.8010000000000004,0.08585999999999999,0.31509006511462223,36.674530197840156
0.8999999999999999,0.3,2.0,0.08585999999999999,0.3731271633041452,38.36440610599072
0.8999999999999999,0.6,0.01,0.08585999999999999,0.0032354876318418553,27.59420823526211
0.8999999999999999,0.6,0.20900000000000002,0.08585999999999999,0.060990438887948015,29.27586882389786
0.8999999999999999,0.6,0.40800000000000003,0.08585999999999999,0.11280108803854867,30.78444817256431
0.8999999999999999,0.6,0.607,0.08585999999999999,0.19302214499203618,33.120258123457845
0.8999999999999999,0.6,0.806,0.08585999999999999,0.2980105908503891,36.17722428518487
0.8999999999999999,0.6,1.0050000000000001,0.08585999999999999,0.4003611360590346,39.15738225189362
0.8999999999999999,0.6,1.2040000000000002,0.08585999999999999,0.6346206986005273,45.97835716866199
0.8999999999999999,0.6,1.4030000000000002,0.08585999999999999,0.8631386051973755,52.63215132766642
0.8999999999999999,0.6,1.6020000000000003,0.08585999999999999,1.0916565117942236,59.28594548667085
0.8999999999999999,0.6,1.8010000000000004,0.08585999999999999,1.320174418391072,65.93973964567527
0.8999999999999999,0.6,2.0,0.08585999999999999,1.5486923249879194,72.5935338046797
0.8999999999999999,0.8999999999999999,0.01,0.08585999999999999,0.007309359036407283,27.712827831248756
0.8999999999999999,0.8999999999999999,0.20900000000000002,0.08585999999999999,0.14244410875264288,31.647568971367427
0.8999999999999999,0.8999999999999999,0.40800000000000003,0.08585999999999999,0.2765622356628597,35.552708934977275
0.8999999999999999,0.8999999999999999,0.607,0.08585999999999999,0.4858309411010224,41.64602087995057
0.8999999999999999,0.8999999999999999,0.806,0.08585999999999999,0.7542774236066392,49.462422071006266
0.8999999999999999,0.8999999999999999,1.0050000000000001,0.08585999999999999,1.0159790196171399,57.08243127233694
0.8999999999999999,0.8999999999999999,1.2040000000000002,0.08585999999999999,1.5351019766908505,72.19782135717594
0.8999999999999999,0.8999999999999999,1.4030000000000002,0.08585999999999999,2.0415013318754998,86.94273619483752
0.8999999999999999,0.8999999999999999,1.6020000000000003,0.08585999999999999,2.547900687060148,101.68765103249908
0.8999999999999999,0.8999999999999999,1.8010000000000004,0.08585999999999999,3.054300042244797,116.43256587016064
0.8999999999999999,0.8999999999999999,2.0,0.08585999999999999,3.5606993974294445,131.17748070782216
0.8999999999999999,1.2,0.01,0.08585999999999999,0.013031769893465906,27.879448226574247
0.8999999999999999,1.2,0.20900000000000002,0.08585999999999999,0.2600794562745184,35.07277708695896
0.8999999999999999,1.2,0.40800000000000003,0.08585999999999999,0.5227926792898152,42.72224200121754
0.8999999999999999,1.2,0.607,0.08585999999999999,0.93524815136908,54.73177706059516
0.8999999999999999,1.2,0.806,0.08585999999999999,1.4577562718259518,69.94573351461541
0.8999999999999999,1.2,1.0050000000000001,0.08585999999999999,1.9671360475477264,84.77742975622311
0.8999999999999999,1.2,1.2040000000000002,0.08585999999999999,2.877144919414413,111.2743104884234
0.8999999999999999,1.2,1.4030000000000002,0.08585999999999999,3.7648496522647594,137.12175786934426
0.8999999999999999,1.2,1.6020000000000003,0.08585999999999999,4.652554385115105,162.9692052502651
0.8999999999999999,1.2,1.8010000000000004,0.08585999999999999,5.54025911796545,188.81665263118595
0.8999999999999999,1.2,2.0,0.08585999999999999,6.427963850815795,214.66410001210676
0.8999999999999999,1.5,0.01,0.08585999999999999,0.020407527662750467,28.09420940084878
0.8999999999999999,1.5,0.20900000000000002,0.08585999999999999,0.414917592004832,39.581225017611
0.8999999999999999,1.5,0.40800000000000003,0.08585999999999999,0.8569167109526024,52.4509873908864
0.8999999999999999,1.5,0.607,0.08585999999999999,1.5544082676572983,72.7599658647012
0.8999999999999999,1.5,0.806,0.08585999999999999,2.430232258079977,98.26147967854581
0.8999999999999999,1.5,1.0050000000000001,0.08585999999999999,3.2840506206025877,123.1222519392787
0.8999999999999999,1.5,1.2040000000000002,0.08585999999999999,4.687537330974489,163.9878095438647
0.8999999999999999,1.5,1.4030000000000002,0.08585999999999999,6.056624857268647,203.8517603444167
0.8999999999999999,1.5,1.6020000000000003,0.08585999999999999,7.425712383562805,243.7157111449687
0.8999999999999999,1.5,1.8010000000000004,0.08585999999999999,8.794799909856964,283.57966194552074
0.8999999999999999,1.5,2.0,0.08585999999999999,10.16388743615112,323.4436127460727
0.8999999999999999,1.7999999999999998,0.01,0.08585999999999999,0.029440348989051943,28.357219572241206
0.8999999999999999,1.7999999999999998,0.20900000000000002,0.08585999999999999,0.6077701827484984,45.19654620162178
0.8999999999999999,1.7999999999999998,0.40800000000000003,0.08585999999999999,1.2833879147178244,64.86862085714606
0.8999999999999999,1.7999999999999998,0.607,0.08585999999999999,2.354208584476861,96.04788564165096
0.8999999999999999,1.7999999999999998,0.806,0.08585999999999999,3.689841338641866,134.93772823904806
0.8999999999999999,1.7999999999999998,1.0050000000000001,0.08585999999999999,4.991915480893177,172.85043911289242
0.8999999999999999,1.7999999999999998,1.2040000000000002,0.08585999999999999,6.9884705983897435,230.98446885597903
0.8999999999999999,1.7999999999999998,1.4030000000000002,0.08585999999999999,8.936090541437865,287.69364492889196
0.8999999999999999,1.7999999999999998,1.6020000000000003,0.08585999999999999,10.883710484485986,344.40282100180485
0.8999999999999999,1.7999999999999998,1.8010000000000004,0.08585999999999999,12.831330427534107,401.1119970747178
0.8999999999999999,1.7999999999999998,2.0,0.08585999999999999,14.778950370582224,457.8211731476306
0.8999999999999999,2.1,0.01,0.08585999999999999,0.04013326807565954,28.66856708815687
0.8999999999999999,2.1,0.20900000000000002,0.08585999999999999,0.8393144564639378,51.93845959888009
0.8999999999999999,2.1,0.40800000000000003,0.08585999999999999,1.8060183068641804,80.08613751642733
0.8999999999999999,2.1,0.607,0.08585999999999999,3.344052412558391,124.8693341648728
0.8999999999999999,2.1,0.806,0.08585999999999999,5.252274797984824,180.43136495413532
0.8999999999999999,2.1,1.0050000000000001,0.08585999999999999,7.112551897345265,234.5973648190445
0.8999999999999999,2.1,1.2040000000000002,0.08585999999999999,9.799075574950397,312.8213246840903
0.8999999999999999,2.1,1.4030000000000002,0.08585999999999999,12.419753083986775,389.1280306308751
0.8999999999999999,2.1,1.6020000000000003,0.08585999999999999,15.040430593023153,465.43473657766
0.8999999999999999,2.1,1.8010000000000004,0.08585999999999999,17.66110810205953,541.7414425244448
0.8999999999999999,2.1,2.0,0.08585999999999999,20.2817856110959,618.0481484712293
0.8999999999999999,2.4,0.01,0.08585999999999999,0.05248885048575123,29.028326650528513
0.8999999999999999,2.4,0.20900000000000002,0.08585999999999999,1.1101334266657616,59.823940911535104
0.8999999999999999,2.4,0.40800000000000003,0.08585999999999999,2.4281597060834144,98.20113283494685
0.8999999999999999,2.4,0.607,0.08585999999999999,4.5322627274565885,159.466652907541
0.8999999999999999,2.4,0.806,0.08585999999999999,7.131451651939513,235.14767213893293
0.8999999999999999,2.4,1.0050000000000001,0.08585999999999999,9.665334322038444,308.92715822380745
0.8999999999999999,2.4,1.2040000000000002,0.08585999999999999,13.136274489357898,409.99110439546644
0.8999999999999999,2.4,1.4030000000000002,0.08585999999999999,16.522142593752854,508.577993062918
0.8999999999999999,2.4,1.6020000000000003,0.08585999999999999,19.908010698147812,607.1648817303696
0.8999999999999999,2.4,1.8010000000000004,0.08585999999999999,23.29387880254277,705.7517703978212
0.8999999999999999,2.4,2.0,0.08585999999999999,26.67974690693772,804.3386590652725
0.8999999999999999,2.6999999999999997,0.01,0.08585999999999999,0.0665093195845754,29.436562997454445
0.8999999999999999,2.6999999999999997,0.20900000000000002,0.08585999999999999,1.4207401410592322,68.86792863554717
0.8999999999999999,2.6999999999999997,0.40800000000000003,0.08585999999999999,3.1528154718245887,119.30105613279143
0.8999999999999999,2.6999999999999997,0.607,0.08585999999999999,5.92633901955859,200.05820578728714
0.8999999999999999,2.6999999999999997,0.806,0.08585999999999999,9.339937169916588,299.4525148473267
0.8999999999999999,2.6999999999999997,1.0050000000000001,0.08585999999999999,12.667766522526893,396.34947945862143
0.8999999999999999,2.6999999999999997,1.2040000000000002,0.08585999999999999,17.015308624419603,522.9375909742489
0.8999999999999999,2.6999999999999997,1.4030000000000002,0.08585999999999999,21.25629332185416,646.4230526978266
0.8999999999999999,2.6999999999999997,1.6020000000000003,0.08585999999999999,25.497278019288707,769.9085144214042
0.8999999999999999,2.6999999999999997,1.8010000000000004,0.08585999999999999,29.738262716723263,893.393976144982
0.8999999999999999,2.6999999999999997,2.0,0.08585999999999999,33.979247414157804,1016.8794378685595
1.2,0.0,0.01,0.15264,0.0,29.444444444444443
1.2,0.0,0.20900000000000002,0.15264,0.0,29.444444444444443
1.2,0.0,0.40800000000000003,0.15264,0.0,29.444444444444443
1.2,0.0,0.607,0.15264,0.0,29.444444444444443
1.2,0.0,0.806,0.15264,0.0,29.444444444444443
1.2,0.0,1.0050000000000001,0.15264,0.0,29.444444444444443
1.2,0.0,1.2040000000000002,0.15264,0.0,29.444444444444443
1.2,0.0,1.4030000000000002,0.15264,0.0,29.444444444444443
1.2,0.0,1.6020000000000003,0.15264,0.0,29.444444444444443
1.2,0.0,1.8010000000000004,0.15264,0.0,29.444444444444443
1.2,0.0,2.0,0.15264,0.0,29.444444444444443
1.2,0.3,0.01,0.15264,0.0008032968891700912,29.467834174504137
1.2,0.3,0.20900000000000002,0.15264,0.014317244698344379,29.86132205620616
1.2,0.3,0.40800000000000003,0.15264,0.024392678234923942,30.154690141943977
1.2,0.3,0.607,0.15264,0.0398433394367672,30.604569631864873
1.2,0.3,0.806,0.15264,0.06092828284665305,31.2185034604779
1.2,0.3,1.0050000000000001,0.15264,0.08148345380905432,31.8170118160102
1.2,0.3,1.2040000000000002,0.15264,0.1409787705460529,33.54934691783289
1.2,0.3,1.4030000000000002,0.15264,0.19901586873557603,35.23922282598346
1.2,0.3,1.6020000000000003,0.15264,0.25705296692509916,36.92909873413403
1.2,0.3,1.8010000000000004,0.15264,0.31509006511462223,38.6189746422846
1.2,0.3,2.0,0.15264,0.3731271633041452,40.30885055043517
1.2,0.6,0.01,0.15264,0.0032354876318418553,29.53865267970655
1.2,0.6,0.20900000000000002,0.15264,0.060990438887948015,31.220313268342302
1.2,0.6,0.40800000000000003,0.15264,0.11280108803854867,32.72889261700875
1.2,0.6,0.607,0.15264,0.19302214499203618,35.06470256790229
1.2,0.6,0.806,0.15264,0.2980105908503891,38.12166872962931
1.2,0.6,1.0050000000000001,0.15264,0.4003611360590346,41.101826696338065
1.2,0.6,1.2040000000000002,0.15264,0.6346206986005273,47.92280161310643
1.2,0.6,1.4030000000000002,0.15264,0.8631386051973755,54.57659577211086
1.2,0.6,1.6020000000000003,0.15264,1.0916565117942236,61.23038993111529
1.2,0.6,1.8010000000000004,0.15264,1.320174418391072,67.88418409011973
1.2,0.6,2.0,0.15264,1.5486923249879194,74.53797824912414
1.2,0.8999999999999999,0.01,0.15264,0.007309359036407283,29.6572722756932
1.2,0.8999999999999999,0.20900000000000002,0.15264,0.14244410875264288,33.59201341581187
1.2,0.8999999999999999,0.40800000000000003,0.15264,0.2765622356628597,37.497153379421725
1.2,0.8999999999999999,0.607,0.15264,0.4858309411010224,43.59046532439501
1.2,0.8999999999999999,0.806,0.15264,0.7542774236066392,51.406866515450716
1.2,0.8999999999999999,1.0050000000000001,0.15264,1.0159790196171399,59.02687571678138
1.2,0.8999999999999999,1.2040000000000002,0.15264,1.5351019766908505,74.1422658016204
1.2,0.8999999999999999,1.4030000000000002,0.15264,2.0415013318754998,88.88718063928195
1.2,0.8999999999999999,1.6020000000000003,0.15264,2.547900687060148,103.63209547694352
1.2,0.8999999999999999,1.8010000000000004,0.15264,3.054300042244797,118.37701031460509
1.2,0.8999999999999999,2.0,0.15264,3.5606993974294445,133.1219251522666
1.2,1.2,0.01,0.15264,0.013031769893465906,29.82389267101869
1.2,1.2,0.20900000000000002,0.15264,0.2600794562745184,37.0172215314034
1.2,1.2,0.40800000000000003,0.15264,0.5227926792898152,44.66668644566198
1.2,1.2,0.607,0.15264,0.93524815136908,56.67622150503959
1.2,1.2,0.806,0.15264,1.4577562718259518,71.89017795905986
1.2,1.2,1.0050000000000001,0.15264,1.9671360475477264,86.72187420066754
1.2,1.2,1.2040000000000002,0.15264,2.877144919414413,113.21875493286784
1.2,1.2,1.4030000000000002,0.15264,3.7648496522647594,139.06620231378872
1.2,1.2,1.6020000000000003,0.15264,4.652554385115105,164.91364969470956
1.2,1.2,1.8010000000000004,0.15264,5.54025911796545,190.7610970756304
1.2,1.2,2.0,0.15264,6.427963850815795,216.60854445655121
1.2,1.5,0.01,0.15264,0.020407527662750467,30.038653845293222
1.2,1.5,0.20900000000000002,0.15264,0.414917592004832,41.52566946205544
1.2,1.5,0.40800000000000003,0.15264,0.8569167109526024,54.39543183533084
1.2,1.5,0.607,0.15264,1.5544082676572983,74.70441030914566
1.2,1.5,0.806,0.15264,2.430232258079977,100.20592412299025
1.2,1.5,1.0050000000000001,0.15264,3.2840506206025877,125.06669638372314
1.2,1.5,1.2040000000000002,0.15264,4.687537330974489,165.93225398830916
1.2,1.5,1.4030000000000002,0.15264,6.056624857268647,205.79620478886116
1.2,1.5,1.6020000000000003,0.15264,7.425712383562805,245.66015558941316
1.2,1.5,1.8010000000000004,0.15264,8.794799909856964,285.52410638996514
1.2,1.5,2.0,0.15264,10.16388743615112,325.3880571905171
1.2,1.7999999999999998,0.01,0.15264,0.029440348989051943,30.30166401668565
1.2,1.7999999999999998,0.20900000000000002,0.15264,0.6077701827484984,47.14099064606622
1.2,1.7999999999999998,0.40800000000000003,0.15264,1.2833879147178244,66.81306530159051
1.2,1.7999999999999998,0.607,0.15264,2.354208584476861,97.99233008609541
1.2,1.7999999999999998,0.806,0.15264,3.689841338641866,136.88217268349248
1.2,1.7999999999999998,1.0050000000000001,0.15264,4.991915480893177,174.79488355733687
1.2,1.7999999999999998,1.2040000000000002,0.15264,6.9884705983897435,232.9289133004235
1.2,1.7999999999999998,1.4030000000000002,0.15264,8.936090541437865,289.63808937333636
1.2,1.7999999999999998,1.6020000000000003,0.15264,10.883710484485986,346.3472654462493
1.2,1.7999999999999998,1.8010000000000004,0.15264,12.831330427534107,403.0564415191622
1.2,1.7999999999999998,2.0,0.15264,14.778950370582224,459.765617592075
1.2,2.1,0.01,0.15264,0.04013326807565954,30.613011532601313
1.2,2.1,0.20900000000000002,0.15264,0.8393144564639378,53.88290404332453
1.2,2.1,0.40800000000000003,0.15264,1.8060183068641804,82.03058196087179
1.2,2.1,0.607,0.15264,3.344052412558391,126.81377860931723
1.2,2.1,0.806,0.15264,5.252274797984824,182.37580939857978
1.2,2.1,1.0050000000000001,0.15264,7.112551897345265,236.54180926348897
1.2,2.1,1.2040000000000002,0.15264,9.799075574950397,314.7657691285347
1.2,2.1,1.4030000000000002,0.15264,12.419753083986775,391.0724750753195
1.2,2.1,1.6020000000000003,0.15264,15.040430593023153,467.3791810221044
1.2,2.1,1.8010000000000004,0.15264,17.66110810205953,543.6858869688891
1.2,2.1,2.0,0.15264,20.2817856110959,619.9925929156738
1.2,2.4,0.01,0.15264,0.05248885048575123,30.972771094972956
1.2,2.4,0.20900000000000002,0.15264,1.1101334266657616,61.768385355979554
1.2,2.4,0.40800000000000003,0.15264,2.4281597060834144,100.14557727939128
1.2,2.4,0.607,0.15264,4.5322627274565885,161.41109735198546
1.2,2.4,0.806,0.15264,7.131451651939513,237.0921165833774
1.2,2.4,1.0050000000000001,0.15264,9.665334322038444,310.8716026682519
1.2,2.4,1.2040000000000002,0.15264,13.136274489357898,411.93554883991084
1.2,2.4,1.4030000000000002,0.15264,16.522142593752854,510.5224375073624
1.2,2.4,1.6020000000000003,0.15264,19.908010698147812,609.109326174814
1.2,2.4,1.8010000000000004,0.15264,23.29387880254277,707.6962148422656
1.2,2.4,2.0,0.15264,26.67974690693772,806.283103509717
1.2,2.6999999999999997,0.01,0.15264,0.0665093195845754,31.381007441898888
1.2,2.6999999999999997,0.20900000000000002,0.15264,1.4207401410592322,70.81237307999163
1.2,2.6999999999999997,0.40800000000000003,0.15264,3.1528154718245887,121.24550057723587
1.2,2.6999999999999997,0.607,0.15264,5.92633901955859,202.0026502317316
1.2,2.6999999999999997,0.806,0.15264,9.339937169916588,301.3969592917711
1.2,2.6999999999999997,1.0050000000000001,0.15264,12.667766522526893,398.29392390306583
1.2,2.6999999999999997,1.2040000000000002,0.15264,17.015308624419603,524.8820354186932
1.2,2.6999999999999997,1.4030000000000002,0.15264,21.25629332185416,648.3674971422711
1.2,2.6999999999999997,1.6020000000000003,0.15264,25.497278019288707,771.8529588658487
1.2,2.6999999999999997,1.8010000000000004,0.15264,29.738262716723263,895.3384205894265
1.2,2.6999999999999997,2.0,0.15264,33.979247414157804,1018.8238823130039
1.5,0.0,0.01,0.2385,0.0,31.944444444444443
1.5,0.0,0.20900000000000002,0.2385,0.0,31.944444444444443
1.5,0.0,0.40800000000000003,0.2385,0.0,31.944444444444443
1.5,0.0,0.607,0.2385,0.0,31.944444444444443
1.5,0.0,0.806,0.2385,0.0,31.944444444444443
1.5,0.0,1.0050000000000001,0.2385,0.0,31.944444444444443
1.5,0.0,1.2040000000000002,0.2385,0.0,31.944444444444443
1.5,0.0,1.4030000000000002,0.2385,0.0,31.944444444444443
1.5,0.0,1.6020000000000003,0.2385,0.0,31.944444444444443
1.5,0.0,1.8010000000000004,0.2385,0.0,31.944444444444443
1.5,0.0,2.0,0.2385,0.0,31.944444444444443
1.5,0.3,0.01,0.2385,0.0008032968891700912,31.967834174504137
1.5,0.3,0.20900000000000002,0.2385,0.014317244698344379,32.36132205620616
1.5,0.3,0.40800000000000003,0.2385,0.024392678234923942,32.65469014194397
1.5,0.3,0.607,0.2385,0.0398433394367672,33.10456963186488
1.5,0.3,0.806,0.2385,0.06092828284665305,33.718503460477905
1.5,0.3,1.0050000000000001,0.2385,0.08148345380905432,34.3170118160102
1.5,0.3,1.2040000000000002,0.2385,0.1409787705460529,36.04934691783289
1.5,0.3,1.4030000000000002,0.2385,0.19901586873557603,37.73922282598346
1.5,0.3,1.6020000000000003,0.2385,0.25705296692509916,39.42909873413403
1.5,0.3,1.8010000000000004,0.2385,0.31509006511462223,41.1189746422846
1.5,0.3,2.0,0.2385,0.3731271633041452,42.80885055043516
1.5,0.6,0.01,0.2385,0.0032354876318418553,32.03865267970655
1.5,0.6,0.20900000000000002,0.2385,0.060990438887948015,33.7203132683423
1.5,0.6,0.40800000000000003,0.2385,0.11280108803854867,35.22889261700875
1.5,0.6,0.607,0.2385,0.19302214499203618,37.56470256790229
1.5,0.6,0.806,0.2385,0.2980105908503891,40.62166872962931
1.5,0.6,1.0050000000000001,0.2385,0.4003611360590346,43.601826696338065
1.5,0.6,1.2040000000000002,0.2385,0.6346206986005273,50.42280161310643
1.5,0.6,1.4030000000000002,0.2385,0.8631386051973755,57.07659577211086
1.5,0.6,1.6020000000000003,0.2385,1.0916565117942236,63.7303899311153
1.5,0.6,1.8010000000000004,0.2385,1.320174418391072,70.38418409011973
1.5,0.6,2.0,0.2385,1.5486923249879194,77.03797824912414
1.5,0.8999999999999999,0.01,0.2385,0.007309359036407283,32.1572722756932
1.5,0.8999999999999999,0.20900000000000002,0.2385,0.14244410875264288,36.09201341581187
1.5,0.8999999999999999,0.40800000000000003,0.2385,0.2765622356628597,39.99715337942172
1.5,0.8999999999999999,0.607,0.2385,0.4858309411010224,46.09046532439501
1.5,0.8999999999999999,0.806,0.2385,0.7542774236066392,53.906866515450716
1.5,0.8999999999999999,1.0050000000000001,0.2385,1.0159790196171399,61.52687571678138
1.5,0.8999999999999999,1.2040000000000002,0.2385,1.5351019766908505,76.64226580162038
1.5,0.8999999999999999,1.4030000000000002,0.2385,2.0415013318754998,91.38718063928197
1.5,0.8999999999999999,1.6020000000000003,0.2385,2.547900687060148,106.13209547694352
1.5,0.8999999999999999,1.8010000000000004,0.2385,3.054300042244797,120.87701031460509
1.5,0.8999999999999999,2.0,0.2385,3.5606993974294445,135.6219251522666
1.5,1.2,0.01,0.2385,0.013031769893465906,32.32389267101869
1.5,1.2,0.20900000000000002,0.2385,0.2600794562745184,39.5172215314034
1.5,1.2,0.40800000000000003,0.2385,0.5227926792898152,47.16668644566198
1.5,1.2,0.607,0.2385,0.93524815136908,59.1762215050396
1.5,1.2,0.806,0.2385,1.4577562718259518,74.39017795905986
1.5,1.2,1.0050000000000001,0.2385,1.9671360475477264,89.22187420066756
1.5,1.2,1.2040000000000002,0.2385,2.877144919414413,115.71875493286784
1.5,1.2,1.4030000000000002,0.2385,3.7648496522647594,141.56620231378872
1.5,1.2,1.6020000000000003,0.2385,4.652554385115105,167.41364969470956
1.5,1.2,1.8010000000000004,0.2385,5.54025911796545,193.2610970756304
1.5,1.2,2.0,0.2385,6.427963850815795,219.10854445655121
1.5,1.5,0.01,0.2385,0.020407527662750467,32.538653845293226
1.5,1.5,0.20900000000000002,0.2385,0.414917592004832,44.02566946205544
1.5,1.5,0.40800000000000003,0.2385,0.8569167109526024,56.89543183533084
1.5,1.5,0.607,0.2385,1.5544082676572983,77.20441030914566
1.5,1.5,0.806,0.2385,2.430232258079977,102.70592412299025
1.5,1.5,1.0050000000000001,0.2385,3.2840506206025877,127.56669638372314
1.5,1.5,1.2040000000000002,0.2385,4.687537330974489,168.43225398830913
1.5,1.5,1.4030000000000002,0.2385,6.056624857268647,208.29620478886116
1.5,1.5,1.6020000000000003,0.2385,7.425712383562805,248.16015558941316
1.5,1.5,1.8010000000000004,0.2385,8.794799909856964,288.02410638996514
1.5,1.5,2.0,0.2385,10.16388743615112,327.8880571905171
1.5,1.7999999999999998,0.01,0.2385,0.029440348989051943,32.80166401668565
1.5,1.7999999999999998,0.20900000000000002,0.2385,0.6077701827484984,49.64099064606622
1.5,1.7999999999999998,0.40800000000000003,0.2385,1.2833879147178244,69.31306530159051
1.5,1.7999999999999998,0.607,0.2385,2.354208584476861,100.49233008609541
1.5,1.7999999999999998,0.806,0.2385,3.689841338641866,139.38217268349248
1.5,1.7999999999999998,1.0050000000000001,0.2385,4.991915480893177,177.29488355733687
1.5,1.7999999999999998,1.2040000000000002,0.2385,6.9884705983897435,235.4289133004235
1.5,1.7999999999999998,1.4030000000000002,0.2385,8.936090541437865,292.1380893733364
1.5,1.7999999999999998,1.6020000000000003,0.2385,10.883710484485986,348.8472654462493
1.5,1.7999999999999998,1.8010000000000004,0.2385,12.831330427534107,405.5564415191622
1.5,1.7999999999999998,2.0,0.2385,14.778950370582224,462.26561759207505
1.5,2.1,0.01,0.2385,0.04013326807565954,33.11301153260131
1.5,2.1,0.20900000000000002,0.2385,0.8393144564639378,56.38290404332454
1.5,2.1,0.40800000000000003,0.2385,1.8060183068641804,84.53058196087179
1.5,2.1,0.607,0.2385,3.344052412558391,129.31377860931724
1.5,2.1,0.806,0.2385,5.252274797984824,184.87580939857978
1.5,2.1,1.0050000000000001,0.2385,7.112551897345265,239.04180926348894
1.5,2.1,1.2040000000000002,0.2385,9.799075574950397,317.2657691285347
1.5,2.1,1.4030000000000002,0.2385,12.419753083986775,393.5724750753195
1.5,2.1,1.6020000000000003,0.2385,15.040430593023153,469.8791810221044
1.5,2.1,1.8010000000000004,0.2385,17.66110810205953,546.1858869688892
1.5,2.1,2.0,0.2385,20.2817856110959,622.4925929156738
1.5,2.4,0.01,0.2385,0.05248885048575123,33.472771094972956
1.5,2.4,0.20900000000000002,0.2385,1.1101334266657616,64.26838535597955
1.5,2.4,0.40800000000000003,0.2385,2.4281597060834144,102.64557727939129
1.5,2.4,0.607,0.2385,4.5322627274565885,163.91109735198546
1.5,2.4,0.806,0.2385,7.131451651939513,239.5921165833774
1.5,2.4,1.0050000000000001,0.2385,9.665334322038444,313.3716026682519
1.5,2.4,1.2040000000000002,0.2385,13.136274489357898,414.43554883991084
1.5,2.4,1.4030000000000002,0.2385,16.522142593752854,513.0224375073624
1.5,2.4,1.6020000000000003,0.2385,19.908010698147812,611.609326174814
1.5,2.4,1.8010000000000004,0.2385,23.29387880254277,710.1962148422656
1.5,2.4,2.0,0.2385,26.67974690693772,808.783103509717
1.5,2.6999999999999997,0.01,0.2385,0.0665093195845754,33.88100744189889
1.5,2.6999999999999997,0.20900000000000002,0.2385,1.4207401410592322,73.31237307999163
1.5,2.6999999999999997,0.40800000000000003,0.2385,3.1528154718245887,123.74550057723587
1.5,2.6999999999999997,0.607,0.2385,5.92633901955859,204.5026502317316
1.5,2.6999999999999997,0.806,0.2385,9.339937169916588,303.8969592917711
1.5,2.6999999999999997,1.0050000000000001,0.2385,12.667766522526893,400.7939239030659
1.5,2.6999999999999997,1.2040000000000002,0.2385,17.015308624419603,527.3820354186932
1.5,2.6999999999999997,1.4030000000000002,0.2385,21.25629332185416,650.8674971422711
1.5,2.6999999999999997,1.6020000000000003,0.2385,25.497278019288707,774.3529588658487
1.5,2.6999999999999997,1.8010000000000004,0.2385,29.738262716723263,897.8384205894265
1.5,2.6999999999999997,2.0,0.2385,33.979247414157804,1021.3238823130039
1.7999999999999998,0.0,0.01,0.34343999999999997,0.0,35.0
1.7999999999999998,0.0,0.20900000000000002,0.34343999999999997,0.0,35.0
1.7999999999999998,0.0,0.40800000000000003,0.34343999999999997,0.0,35.0
1.7999999999999998,0.0,0.607,0.34343999999999997,0.0,35.0
1.7999999999999998,0.0,0.806,0.34343999999999997,0.0,35.0
1.7999999999999998,0.0,1.0050000000000001,0.34343999999999997,0.0,35.0
1.7999999999999998,0.0,1.2040000000000002,0.34343999999999997,0.0,35.0
1.7999999999999998,0.0,1.4030000000000002,0.34343999999999997,0.0,35.0
1.7999999999999998,0.0,1.6020000000000003,0.34343999999999997,0.0,35.0
1.7999999999999998,0.0,1.8010000000000004,0.34343999999999997,0.0,35.0
1.7999999999999998,0.0,2.0,0.34343999999999997,0.0,35.0
1.7999999999999998,0.3,0.01,0.34343999999999997,0.0008032968891700912,35.02338973005969
1.7999999999999998,0.3,0.20900000000000002,0.34343999999999997,0.014317244698344379,35.41687761176171
1.7999999999999998,0.3,0.40800000000000003,0.34343999999999997,0.024392678234923942,35.71024569749953
1.7999999999999998,0.3,0.607,0.34343999999999997,0.0398433394367672,36.16012518742043
1.7999999999999998,0.3,0.806,0.34343999999999997,0.06092828284665305,36.774059016033455
1.7999999999999998,0.3,1.0050000000000001,0.34343999999999997,0.08148345380905432,37.37256737156575
1.7999999999999998,0.3,1.2040000000000002,0.34343999999999997,0.1409787705460529,39.10490247338845
1.7999999999999998,0.3,1.4030000000000002,0.34343999999999997,0.19901586873557603,40.79477838153902
1.7999999999999998,0.3,1.6020000000000003,0.34343999999999997,0.25705296692509916,42.48465428968959
1.7999999999999998,0.3,1.8010000000000004,0.34343999999999997,0.31509006511462223,44.174530197840156
1.7999999999999998,0.3,2.0,0.34343999999999997,0.3731271633041452,45.86440610599072
1.7999999999999998,0.6,0.01,0.34343999999999997,0.0032354876318418553,35.09420823526211
1.7999999999999998,0.6,0.20900000000000002,0.34343999999999997,0.060990438887948015,36.77586882389785
1.7999999999999998,0.6,0.40800000000000003,0.34343999999999997,0.11280108803854867,38.28444817256431
1.7999999999999998,0.6,0.607,0.34343999999999997,0.19302214499203618,40.620258123457845
1.7999999999999998,0.6,0.806,0.34343999999999997,0.2980105908503891,43.67722428518486
1.7999999999999998,0.6,1.0050000000000001,0.34343999999999997,0.4003611360590346,46.65738225189362
1.7999999999999998,0.6,1.2040000000000002,0.34343999999999997,0.6346206986005273,53.47835716866199
1.7999999999999998,0.6,1.4030000000000002,0.34343999999999997,0.8631386051973755,60.13215132766642
1.7999999999999998,0.6,1.6020000000000003,0.34343999999999997,1.0916565117942236,66.78594548667085
1.7999999999999998,0.6,1.8010000000000004,0.34343999999999997,1.320174418391072,73.43973964567527
1.7999999999999998,0.6,2.0,0.34343999999999997,1.5486923249879194,80.09353380467968
1.7999999999999998,0.8999999999999999,0.01,0.34343999999999997,0.007309359036407283,35.21282783124875
1.7999999999999998,0.8999999999999999,0.20900000000000002,0.34343999999999997,0.14244410875264288,39.14756897136742
1.7999999999999998,0.8999999999999999,0.40800000000000003,0.34343999999999997,0.2765622356628597,43.052708934977275
1.7999999999999998,0.8999999999999999,0.607,0.34343999999999997,0.4858309411010224,49.14602087995057
1.7999999999999998,0.8999999999999999,0.806,0.34343999999999997,0.7542774236066392,56.962422071006266
1.7999999999999998,0.8999999999999999,1.0050000000000001,0.34343999999999997,1.0159790196171399,64.58243127233695
1.7999999999999998,0.8999999999999999,1.2040000000000002,0.34343999999999997,1.5351019766908505,79.69782135717594
1.7999999999999998,0.8999999999999999,1.4030000000000002,0.34343999999999997,2.0415013318754998,94.44273619483752
1.7999999999999998,0.8999999999999999,1.6020000000000003,0.34343999999999997,2.547900687060148,109.18765103249908
1.7999999999999998,0.8999999999999999,1.8010000000000004,0.34343999999999997,3.054300042244797,123.93256587016064
1.7999999999999998,0.8999999999999999,2.0,0.34343999999999997,3.5606993974294445,138.67748070782216
1.7999999999999998,1.2,0.01,0.34343999999999997,0.013031769893465906,35.37944822657425
1.7999999999999998,1.2,0.20900000000000002,0.34343999999999997,0.2600794562745184,42.57277708695895
1.7999999999999998,1.2,0.40800000000000003,0.34343999999999997,0.5227926792898152,50.22224200121754
1.7999999999999998,1.2,0.607,0.34343999999999997,0.93524815136908,62.23177706059516
1.7999999999999998,1.2,0.806,0.34343999999999997,1.4577562718259518,77.44573351461543
1.7999999999999998,1.2,1.0050000000000001,0.34343999999999997,1.9671360475477264,92.27742975622311
1.7999999999999998,1.2,1.2040000000000002,0.34343999999999997,2.877144919414413,118.7743104884234
1.7999999999999998,1.2,1.4030000000000002,0.34343999999999997,3.7648496522647594,144.62175786934426
1.7999999999999998,1.2,1.6020000000000003,0.34343999999999997,4.652554385115105,170.4692052502651
1.7999999999999998,1.2,1.8010000000000004,0.34343999999999997,5.54025911796545,196.31665263118595
1.7999999999999998,1.2,2.0,0.34343999999999997,6.427963850815795,222.16410001210676
1.7999999999999998,1.5,0.01,0.34343999999999997,0.020407527662750467,35.594209400848776
1.7999999999999998,1.5,0.20900000000000002,0.34343999999999997,0.414917592004832,47.08122501761099
1.7999999999999998,1.5,0.40800000000000003,0.34343999999999997,0.8569167109526024,59.95098739088639
1.7999999999999998,1.5,0.607,0.34343999999999997,1.5544082676572983,80.25996586470121
1.7999999999999998,1.5,0.806,0.34343999999999997,2.430232258079977,105.76147967854581
1.7999999999999998,1.5,1.0050000000000001,0.34343999999999997,3.2840506206025877,130.6222519392787
1.7999999999999998,1.5,1.2040000000000002,0.34343999999999997,4.687537330974489,171.4878095438647
1.7999999999999998,1.5,1.4030000000000002,0.34343999999999997,6.056624857268647,211.3517603444167
1.7999999999999998,1.5,1.6020000000000003,0.34343999999999997,7.425712383562805,251.2157111449687
1.7999999999999998,1.5,1.8010000000000004,0.34343999999999997,8.794799909856964,291.07966194552074
1.7999999999999998,1.5,2.0,0.34343999999999997,10.16388743615112,330.9436127460727
1.7999999999999998,1.7999999999999998,0.01,0.34343999999999997,0.029440348989051943,35.857219572241206
1.7999999999999998,1.7999999999999998,0.20900000000000002,0.34343999999999997,0.6077701827484984,52.69654620162177
1.7999999999999998,1.7999999999999998,0.40800000000000003,0.34343999999999997,1.2833879147178244,72.36862085714607
1.7999999999999998,1.7999999999999998,0.607,0.34343999999999997,2.354208584476861,103.54788564165096
1.7999999999999998,1.7999999999999998,0.806,0.34343999999999997,3.689841338641866,142.43772823904806
1.7999999999999998,1.7999999999999998,1.0050000000000001,0.34343999999999997,4.991915480893177,180.35043911289242
1.7999999999999998,1.7999999999999998,1.2040000000000002,0.34343999999999997,6.9884705983897435,238.48446885597903
1.7999999999999998,1.7999999999999998,1.4030000000000002,0.34343999999999997,8.936090541437865,295.19364492889196
1.7999999999999998,1.7999999999999998,1.6020000000000003,0.34343999999999997,10.883710484485986,351.90282100180485
1.7999999999999998,1.7999999999999998,1.8010000000000004,0.34343999999999997,12.831330427534107,408.6119970747178
1.7999999999999998,1.7999999999999998,2.0,0.34343999999999997,14.778950370582224,465.3211731476306
1.7999999999999998,2.1,0.01,0.34343999999999997,0.04013326807565954,36.16856708815687
1.7999999999999998,2.1,0.20900000000000002,0.34343999999999997,0.8393144564639378,59.43845959888009
1.7999999999999998,2.1,0.40800000000000003,0.34343999999999997,1.8060183068641804,87.58613751642733
1.7999999999999998,2.1,0.607,0.34343999999999997,3.344052412558391,132.36933416487278
1.7999999999999998,2.1,0.806,0.34343999999999997,5.252274797984824,187.93136495413532
1.7999999999999998,2.1,1.0050000000000001,0.34343999999999997,7.112551897345265,242.0973648190445
1.7999999999999998,2.1,1.2040000000000002,0.34343999999999997,9.799075574950397,320.3213246840903
1.7999999999999998,2.1,1.4030000000000002,0.34343999999999997,12.419753083986775,396.6280306308751
1.7999999999999998,2.1,1.6020000000000003,0.34343999999999997,15.040430593023153,472.93473657766
1.7999999999999998,2.1,1.8010000000000004,0.34343999999999997,17.66110810205953,549.2414425244447
1.7999999999999998,2.1,2.0,0.34343999999999997,20.2817856110959,625.5481484712293
1.7999999999999998,2.4,0.01,0.34343999999999997,0.05248885048575123,36.52832665052851
1.7999999999999998,2.4,0.20900000000000002,0.34343999999999997,1.1101334266657616,67.32394091153509
1.7999999999999998,2.4,0.40800000000000003,0.34343999999999997,2.4281597060834144,105.70113283494685
1.7999999999999998,2.4,0.607,0.34343999999999997,4.5322627274565885,166.966652907541
1.7999999999999998,2.4,0.806,0.34343999999999997,7.131451651939513,242.64767213893293
1.7999999999999998,2.4,1.0050000000000001,0.34343999999999997,9.665334322038444,316.42715822380745
1.7999999999999998,2.4,1.2040000000000002,0.34343999999999997,13.136274489357898,417.49110439546644
1.7999999999999998,2.4,1.4030000000000002,0.34343999999999997,16.522142593752854,516.0779930629179
1.7999999999999998,2.4,1.6020000000000003,0.34343999999999997,19.908010698147812,614.6648817303695
1.7999999999999998,2.4,1.8010000000000004,0.34343999999999997,23.29387880254277,713.2517703978211
1.7999999999999998,2.4,2.0,0.34343999999999997,26.67974690693772,811.8386590652725
1.7999999999999998,2.6999999999999997,0.01,0.34343999999999997,0.0665093195845754,36.936562997454445
1.7999999999999998,2.6999999999999997,0.20900000000000002,0.34343999999999997,1.4207401410592322,76.36792863554717
1.7999999999999998,2.6999999999999997,0.40800000000000003,0.34343999999999997,3.1528154718245887,126.80105613279143
1.7999999999999998,2.6999999999999997,0.607,0.34343999999999997,5.92633901955859,207.55820578728714
1.7999999999999998,2.6999999999999997,0.806,0.34343999999999997,9.339937169916588,306.9525148473267
1.7999999999999998,2.6999999999999997,1.0050000000000001,0.34343999999999997,12.667766522526893,403.84947945862143
1.7999999999999998,2.6999999999999997,1.2040000000000002,0.34343999999999997,17.015308624419603,530.4375909742488
1.7999999999999998,2.6999999999999997,1.4030000000000002,0.34343999999999997,21.25629332185416,653.9230526978266
1.7999999999999998,2.6999999999999997,1.6020000000000003,0.34343999999999997,25.497278019288707,777.4085144214042
1.7999999999999998,2.6999999999999997,1.8010000000000004,0.34343999999999997,29.738262716723263,900.893976144982
1.7999999999999998,2.6999999999999997,2.0,0.34343999999999997,33.979247414157804,1024.3794378685595
2.1,0.0,0.01,0.46746000000000004,0.0,38.611111111111114
2.1,0.0,0.20900000000000002,0.46746000000000004,0.0,38.611111111111114
2.1,0.0,0.40800000000000003,0.46746000000000004,0.0,38.611111111111114
2.1,0.0,0.607,0.46746000000000004,0.0,38.611111111111114
2.1,0.0,0.806,0.46746000000000004,0.0,38.611111111111114
2.1,0.0,1.0050000000000001,0.46746000000000004,0.0,38.611111111111114
2.1,0.0,1.2040000000000002,0.46746000000000004,0.0,38.611111111111114
2.1,0.0,1.4030000000000002,0.46746000000000004,0.0,38.611111111111114
2.1,0.0,1.6020000000000003,0.46746000000000004,0.0,38.611111111111114
2.1,0.0,1.8010000000000004,0.46746000000000004,0.0,38.611111111111114
2.1,0.0,2.0,0.46746000000000004,0.0,38.611111111111114
2.1,0.3,0.01,0.46746000000000004,0.0008032968891700912,38.634500841170805
2.1,0.3,0.20900000000000002,0.46746000000000004,0.014317244698344379,39.02798872287283
2.1,0.3,0.40800000000000003,0.46746000000000004,0.024392678234923942,39.321356808610645
2.1,0.3,0.607,0.46746000000000004,0.0398433394367672,39.77123629853154
2.1,0.3,0.806,0.46746000000000004,0.06092828284665305,40.38517012714457
2.1,0.3,1.0050000000000001,0.46746000000000004,0.08148345380905432,40.98367848267687
2.1,0.3,1.2040000000000002,0.46746000000000004,0.1409787705460529,42.716013584499564
2.1,0.3,1.4030000000000002,0.46746000000000004,0.19901586873557603,44.40588949265013
2.1,0.3,1.6020000000000003,0.46746000000000004,0.25705296692509916,46.0957654008007
2.1,0.3,1.8010000000000004,0.46746000000000004,0.31509006511462223,47.78564130895127
2.1,0.3,2.0,0.46746000000000004,0.3731271633041452,49.475517217101824
2.1,0.6,0.01,0.46746000000000004,0.0032354876318418553,38.70531934637322
2.1,0.6,0.20900000000000002,0.46746000000000004,0.060990438887948015,40.386979935008966
2.1,0.6,0.40800000000000003,0.46746000000000004,0.11280108803854867,41.895559283675425
2.1,0.6,0.607,0.46746000000000004,0.19302214499203618,44.23136923456896
2.1,0.6,0.806,0.46746000000000004,0.2980105908503891,47.28833539629598
2.1,0.6,1.0050000000000001,0.46746000000000004,0.4003611360590346,50.26849336300474
2.1,0.6,1.2040000000000002,0.46746000000000004,0.6346206986005273,57.0894682797731
2.1,0.6,1.4030000000000002,0.46746000000000004,0.8631386051973755,63.74326243877753
2.1,0.6,1.6020000000000003,0.46746000000000004,1.0916565117942236,70.39705659778195
2.1,0.6,1.8010000000000004,0.46746000000000004,1.320174418391072,77.05085075678639
2.1,0.6,2.0,0.46746000000000004,1.5486923249879194,83.70464491579081
2.1,0.8999999999999999,0.01,0.46746000000000004,0.007309359036407283,38.82393894235987
2.1,0.8999999999999999,0.20900000000000002,0.46746000000000004,0.14244410875264288,42.75868008247854
2.1,0.8999999999999999,0.40800000000000003,0.46746000000000004,0.2765622356628597,46.66382004608839
2.1,0.8999999999999999,0.607,0.46746000000000004,0.4858309411010224,52.757131991061684
2.1,0.8999999999999999,0.806,0.46746000000000004,0.7542774236066392,60.57353318211738
2.1,0.8999999999999999,1.0050000000000001,0.46746000000000004,1.0159790196171399,68.19354238344805
2.1,0.8999999999999999,1.2040000000000002,0.46746000000000004,1.5351019766908505,83.30893246828705
2.1,0.8999999999999999,1.4030000000000002,0.46746000000000004,2.0415013318754998,98.05384730594862
2.1,0.8999999999999999,1.6020000000000003,0.46746000000000004,2.547900687060148,112.79876214361019
2.1,0.8999999999999999,1.8010000000000004,0.46746000000000004,3.054300042244797,127.54367698127176
2.1,0.8999999999999999,2.0,0.46746000000000004,3.5606993974294445,142.2885918189333
2.1,1.2,0.01,0.46746000000000004,0.013031769893465906,38.99055933768536
2.1,1.2,0.20900000000000002,0.46746000000000004,0.2600794562745184,46.183888198070065
2.1,1.2,0.40800000000000003,0.46746000000000004,0.5227926792898152,53.83335311232865
2.1,1.2,0.607,0.46746000000000004,0.93524815136908,65.84288817170628
2.1,1.2,0.806,0.46746000000000004,1.4577562718259518,81.05684462572654
2.1,1.2,1.0050000000000001,0.46746000000000004,1.9671360475477264,95.88854086733421
2.1,1.2,1.2040000000000002,0.46746000000000004,2.877144919414413,122.38542159953451
2.1,1.2,1.4030000000000002,0.46746000000000004,3.7648496522647594,148.23286898045538
2.1,1.2,1.6020000000000003,0.46746000000000004,4.652554385115105,174.08031636137622
2.1,1.2,1.8010000000000004,0.46746000000000004,5.54025911796545,199.92776374229706
2.1,1.2,2.0,0.46746000000000004,6.427963850815795,225.7752111232179
2.1,1.5,0.01,0.46746000000000004,0.020407527662750467,39.20532051195989
2.1,1.5,0.20900000000000002,0.46746000000000004,0.414917592004832,50.692336128722104
2.1,1.5,0.40800000000000003,0.46746000000000004,0.8569167109526024,63.56209850199751
2.1,1.5,0.607,0.46746000000000004,1.5544082676572983,83.87107697581231
2.1,1.5,0.806,0.46746000000000004,2.430232258079977,109.37259078965693
2.1,1.5,1.0050000000000001,0.46746000000000004,3.2840506206025877,134.2333630503898
2.1,1.5,1.2040000000000002,0.46746000000000004,4.687537330974489,175.0989206549758
2.1,1.5,1.4030000000000002,0.46746000000000004,6.056624857268647,214.96287145552782
2.1,1.5,1.6020000000000003,0.46746000000000004,7.425712383562805,254.82682225607982
2.1,1.5,1.8010000000000004,0.46746000000000004,8.794799909856964,294.6907730566318
2.1,1.5,2.0,0.46746000000000004,10.16388743615112,334.5547238571837
2.1,1.7999999999999998,0.01,0.46746000000000004,0.029440348989051943,39.46833068335232
2.1,1.7999999999999998,0.20900000000000002,0.46746000000000004,0.6077701827484984,56.30765731273289
2.1,1.7999999999999998,0.40800000000000003,0.46746000000000004,1.2833879147178244,75.97973196825717
2.1,1.7999999999999998,0.607,0.46746000000000004,2.354208584476861,107.15899675276208
2.1,1.7999999999999998,0.806,0.46746000000000004,3.689841338641866,146.04883935015914
2.1,1.7999999999999998,1.0050000000000001,0.46746000000000004,4.991915480893177,183.96155022400353
2.1,1.7999999999999998,1.2040000000000002,0.46746000000000004,6.9884705983897435,242.09557996709015
2.1,1.7999999999999998,1.4030000000000002,0.46746000000000004,8.936090541437865,298.80475604000304
2.1,1.7999999999999998,1.6020000000000003,0.46746000000000004,10.883710484485986,355.51393211291594
2.1,1.7999999999999998,1.8010000000000004,0.46746000000000004,12.831330427534107,412.22310818582883
2.1,1.7999999999999998,2.0,0.46746000000000004,14.778950370582224,468.9322842587417
2.1,2.1,0.01,0.46746000000000004,0.04013326807565954,39.779678199267984
2.1,2.1,0.20900000000000002,0.46746000000000004,0.8393144564639378,63.0495707099912
2.1,2.1,0.40800000000000003,0.46746000000000004,1.8060183068641804,91.19724862753844
2.1,2.1,0.607,0.46746000000000004,3.344052412558391,135.9804452759839
2.1,2.1,0.806,0.46746000000000004,5.252274797984824,191.54247606524643
2.1,2.1,1.0050000000000001,0.46746000000000004,7.112551897345265,245.70847593015563
2.1,2.1,1.2040000000000002,0.46746000000000004,9.799075574950397,323.93243579520146
2.1,2.1,1.4030000000000002,0.46746000000000004,12.419753083986775,400.23914174198626
2.1,2.1,1.6020000000000003,0.46746000000000004,15.040430593023153,476.545847688771
2.1,2.1,1.8010000000000004,0.46746000000000004,17.66110810205953,552.8525536355559
2.1,2.1,2.0,0.46746000000000004,20.2817856110959,629.1592595823404
2.1,2.4,0.01,0.46746000000000004,0.05248885048575123,40.13943776163963
2.1,2.4,0.20900000000000002,0.46746000000000004,1.1101334266657616,70.93505202264622
2.1,2.4,0.40800000000000003,0.46746000000000004,2.4281597060834144,109.31224394605795
2.1,2.4,0.607,0.46746000000000004,4.5322627274565885,170.57776401865212
2.1,2.4,0.806,0.46746000000000004,7.131451651939513,246.25878325004405
2.1,2.4,1.0050000000000001,0.46746000000000004,9.665334322038444,320.0382693349186
2.1,2.4,1.2040000000000002,0.46746000000000004,13.136274489357898,421.1022155065775
2.1,2.4,1.4030000000000002,0.46746000000000004,16.522142593752854,519.6891041740291
2.1,2.4,1.6020000000000003,0.46746000000000004,19.908010698147812,618.2759928414807
2.1,2.4,1.8010000000000004,0.46746000000000004,23.29387880254277,716.8628815089323
2.1,2.4,2.0,0.46746000000000004,26.67974690693772,815.4497701763836
2.1,2.6999999999999997,0.01,0.46746000000000004,0.0665093195845754,40.54767410856556
2.1,2.6999999999999997,0.20900000000000002,0.46746000000000004,1.4207401410592322,79.97903974665829
2.1,2.6999999999999997,0.40800000000000003,0.46746000000000004,3.1528154718245887,130.41216724390256
2.1,2.6999999999999997,0.607,0.46746000000000004,5.92633901955859,211.16931689839825
2.1,2.6999999999999997,0.806,0.46746000000000004,9.339937169916588,310.56362595843785
2.1,2.6999999999999997,1.0050000000000001,0.46746000000000004,12.667766522526893,407.4605905697325
2.1,2.6999999999999997,1.2040000000000002,0.46746000000000004,17.015308624419603,534.04870208536
2.1,2.6999999999999997,1.4030000000000002,0.46746000000000004,21.25629332185416,657.5341638089377
2.1,2.6999999999999997,1.6020000000000003,0.46746000000000004,25.497278019288707,781.0196255325153
2.1,2.6999999999999997,1.8010000000000004,0.46746000000000004,29.738262716723263,904.5050872560931
2.1,2.6999999999999997,2.0,0.46746000000000004,33.979247414157804,1027.9905489796706
2.4,0.0,0.01,0.61056,0.0,42.77777777777777
2.4,0.0,0.20900000000000002,0.61056,0.0,42.77777777777777
2.4,0.0,0.40800000000000003,0.61056,0.0,42.77777777777777
2.4,0.0,0.607,0.61056,0.0,42.77777777777777
2.4,0.0,0.806,0.61056,0.0,42.77777777777777
2.4,0.0,1.0050000000000001,0.61056,0.0,42.77777777777777
2.4,0.0,1.2040000000000002,0.61056,0.0,42.77777777777777
2.4,0.0,1.4030000000000002,0.61056,0.0,42.77777777777777
2.4,0.0,1.6020000000000003,0.61056,0.0,42.77777777777777
2.4,0.0,1.8010000000000004,0.61056,0.0,42.77777777777777
2.4,0.0,2.0,0.61056,0.0,42.77777777777777
2.4,0.3,0.01,0.61056,0.0008032968891700912,42.80116750783747
2.4,0.3,0.20900000000000002,0.61056,0.014317244698344379,43.19465538953949
2.4,0.3,0.40800000000000003,0.61056,0.024392678234923942,43.4880234752773
2.4,0.3,0.607,0.61056,0.0398433394367672,43.937902965198205
2.4,0.3,0.806,0.61056,0.06092828284665305,44.55183679381123
2.4,0.3,1.0050000000000001,0.61056,0.08148345380905432,45.150345149343536
2.4,0.3,1.2040000000000002,0.61056,0.1409787705460529,46.88268025116623
2.4,0.3,1.4030000000000002,0.61056,0.19901586873557603,48.5725561593168
2.4,0.3,1.6020000000000003,0.61056,0.25705296692509916,50.26243206746736
2.4,0.3,1.8010000000000004,0.61056,0.31509006511462223,51.95230797561793
2.4,0.3,2.0,0.61056,0.3731271633041452,53.642183883768496
2.4,0.6,0.01,0.61056,0.0032354876318418553,42.87198601303989
2.4,0.6,0.20900000000000002,0.61056,0.060990438887948015,44.55364660167564
2.4,0.6,0.40800000000000003,0.61056,0.11280108803854867,46.06222595034208
2.4,0.6,0.607,0.61056,0.19302214499203618,48.398035901235616
2.4,0.6,0.806,0.61056,0.2980105908503891,51.45500206296265
2.4,0.6,1.0050000000000001,0.61056,0.4003611360590346,54.4351600296714
2.4,0.6,1.2040000000000002,0.61056,0.6346206986005273,61.256134946439765
2.4,0.6,1.4030000000000002,0.61056,0.8631386051973755,67.90992910544419
2.4,0.6,1.6020000000000003,0.61056,1.0916565117942236,74.56372326444863
2.4,0.6,1.8010000000000004,0.61056,1.320174418391072,81.21751742345306
2.4,0.6,2.0,0.61056,1.5486923249879194,87.87131158245748
2.4,0.8999999999999999,0.01,0.61056,0.007309359036407283,42.99060560902653
2.4,0.8999999999999999,0.20900000000000002,0.61056,0.14244410875264288,46.925346749145206
2.4,0.8999999999999999,0.40800000000000003,0.61056,0.2765622356628597,50.830486712755054
2.4,0.8999999999999999,0.607,0.61056,0.4858309411010224,56.92379865772834
2.4,0.8999999999999999,0.806,0.61056,0.7542774236066392,64.74019984878404
2.4,0.8999999999999999,1.0050000000000001,0.61056,1.0159790196171399,72.36020905011472
2.4,0.8999999999999999,1.2040000000000002,0.61056,1.5351019766908505,87.47559913495373
2.4,0.8999999999999999,1.4030000000000002,0.61056,2.0415013318754998,102.2205139726153
2.4,0.8999999999999999,1.6020000000000003,0.61056,2.547900687060148,116.96542881027686
2.4,0.8999999999999999,1.8010000000000004,0.61056,3.054300042244797,131.71034364793843
2.4,0.8999999999999999,2.0,0.61056,3.5606993974294445,146.45525848559996
2.4,1.2,0.01,0.61056,0.013031769893465906,43.157226004352026
2.4,1.2,0.20900000000000002,0.61056,0.2600794562745184,50.350554864736736
2.4,1.2,0.40800000000000003,0.61056,0.5227926792898152,58.000019778995316
2.4,1.2,0.607,0.61056,0.93524815136908,70.00955483837294
2.4,1.2,0.806,0.61056,1.4577562718259518,85.2235112923932
2.4,1.2,1.0050000000000001,0.61056,1.9671360475477264,100.05520753400089
2.4,1.2,1.2040000000000002,0.61056,2.877144919414413,126.55208826620117
2.4,1.2,1.4030000000000002,0.61056,3.7648496522647594,152.39953564712204
2.4,1.2,1.6020000000000003,0.61056,4.652554385115105,178.24698302804288
2.4,1.2,1.8010000000000004,0.61056,5.54025911796545,204.09443040896372
2.4,1.2,2.0,0.61056,6.427963850815795,229.94187778988453
2.4,1.5,0.01,0.61056,0.020407527662750467,43.371987178626554
2.4,1.5,0.20900000000000002,0.61056,0.414917592004832,54.85900279538877
2.4,1.5,0.40800000000000003,0.61056,0.8569167109526024,67.72876516866418
2.4,1.5,0.607,0.61056,1.5544082676572983,88.03774364247899
2.4,1.5,0.806,0.61056,2.430232258079977,113.53925745632358
2.4,1.5,1.0050000000000001,0.61056,3.2840506206025877,138.40002971705647
2.4,1.5,1.2040000000000002,0.61056,4.687537330974489,179.2655873216425
2.4,1.5,1.4030000000000002,0.61056,6.056624857268647,219.12953812219448
2.4,1.5,1.6020000000000003,0.61056,7.425712383562805,258.9934889227465
2.4,1.5,1.8010000000000004,0.61056,8.794799909856964,298.85743972329846
2.4,1.5,2.0,0.61056,10.16388743615112,338.7213905238504
2.4,1.7999999999999998,0.01,0.61056,0.029440348989051943,43.63499735001898
2.4,1.7999999999999998,0.20900000000000002,0.61056,0.6077701827484984,60.47432397939956
2.4,1.7999999999999998,0.40800000000000003,0.61056,1.2833879147178244,80.14639863492384
2.4,1.7999999999999998,0.607,0.61056,2.354208584476861,111.32566341942875
2.4,1.7999999999999998,0.806,0.61056,3.689841338641866,150.21550601682583
2.4,1.7999999999999998,1.0050000000000001,0.61056,4.991915480893177,188.12821689067022
2.4,1.7999999999999998,1.2040000000000002,0.61056,6.9884705983897435,246.2622466337568
2.4,1.7999999999999998,1.4030000000000002,0.61056,8.936090541437865,302.9714227066697
2.4,1.7999999999999998,1.6020000000000003,0.61056,10.883710484485986,359.6805987795826
2.4,1.7999999999999998,1.8010000000000004,0.61056,12.831330427534107,416.3897748524955
2.4,1.7999999999999998,2.0,0.61056,14.778950370582224,473.09895092540836
2.4,2.1,0.01,0.61056,0.04013326807565954,43.94634486593465
2.4,2.1,0.20900000000000002,0.61056,0.8393144564639378,67.21623737665786
2.4,2.1,0.40800000000000003,0.61056,1.8060183068641804,95.36391529420511
2.4,2.1,0.607,0.61056,3.344052412558391,140.14711194265055
2.4,2.1,0.806,0.61056,5.252274797984824,195.70914273191312
2.4,2.1,1.0050000000000001,0.61056,7.112551897345265,249.8751425968223
2.4,2.1,1.2040000000000002,0.61056,9.799075574950397,328.09910246186803
2.4,2.1,1.4030000000000002,0.61056,12.419753083986775,404.40580840865283
2.4,2.1,1.6020000000000003,0.61056,15.040430593023153,480.7125143554377
2.4,2.1,1.8010000000000004,0.61056,17.66110810205953,557.0192203022226
2.4,2.1,2.0,0.61056,20.2817856110959,633.3259262490071
2.4,2.4,0.01,0.61056,0.05248885048575123,44.306104428306284
2.4,2.4,0.20900000000000002,0.61056,1.1101334266657616,75.10171868931289
2.4,2.4,0.40800000000000003,0.61056,2.4281597060834144,113.47891061272462
2.4,2.4,0.607,0.61056,4.5322627274565885,174.7444306853188
2.4,2.4,0.806,0.61056,7.131451651939513,250.4254499167107
2.4,2.4,1.0050000000000001,0.61056,9.665334322038444,324.2049360015852
2.4,2.4,1.2040000000000002,0.61056,13.136274489357898,425.26888217324415
2.4,2.4,1.4030000000000002,0.61056,16.522142593752854,523.8557708406959
2.4,2.4,1.6020000000000003,0.61056,19.908010698147812,622.4426595081474
2.4,2.4,1.8010000000000004,0.61056,23.29387880254277,721.029548175599
2.4,2.4,2.0,0.61056,26.67974690693772,819.6164368430503
2.4,2.6999999999999997,0.01,0.61056,0.0665093195845754,44.714340775232216
2.4,2.6999999999999997,0.20900000000000002,0.61056,1.4207401410592322,84.14570641332494
2.4,2.6999999999999997,0.40800000000000003,0.61056,3.1528154718245887,134.5788339105692
2.4,2.6999999999999997,0.607,0.61056,5.92633901955859,215.33598356506494
2.4,2.6999999999999997,0.806,0.61056,9.339937169916588,314.7302926251044
2.4,2.6999999999999997,1.0050000000000001,0.61056,12.667766522526893,411.6272572363992
2.4,2.6999999999999997,1.2040000000000002,0.61056,17.015308624419603,538.2153687520266
2.4,2.6999999999999997,1.4030000000000002,0.61056,21.25629332185416,661.7008304756044
2.4,2.6999999999999997,1.6020000000000003,0.61056,25.497278019288707,785.186292199182
2.4,2.6999999999999997,1.8010000000000004,0.61056,29.738262716723263,908.6717539227599
2.4,2.6999999999999997,2.0,0.61056,33.979247414157804,1032.1572156463371
2.6999999999999997,0.0,0.01,0.7727399999999998,0.0,47.49999999999999
2.6999999999999997,0.0,0.20900000000000002,0.7727399999999998,0.0,47.49999999999999
2.6999999999999997,0.0,0.40800000000000003,0.7727399999999998,0.0,47.49999999999999
2.6999999999999997,0.0,0.607,0.7727399999999998,0.0,47.49999999999999
2.6999999999999997,0.0,0.806,0.7727399999999998,0.0,47.49999999999999
2.6999999999999997,0.0,1.0050000000000001,0.7727399999999998,0.0,47.49999999999999
2.6999999999999997,0.0,1.2040000000000002,0.7727399999999998,0.0,47.49999999999999
2.6999999999999997,0.0,1.4030000000000002,0.7727399999999998,0.0,47.49999999999999
2.6999999999999997,0.0,1.6020000000000003,0.7727399999999998,0.0,47.49999999999999
2.6999999999999997,0.0,1.8010000000000004,0.7727399999999998,0.0,47.49999999999999
2.6999999999999997,0.0,2.0,0.7727399999999998,0.0,47.49999999999999
2.6999999999999997,0.3,0.01,0.7727399999999998,0.0008032968891700912,47.523389730059684
2.6999999999999997,0.3,0.20900000000000002,0.7727399999999998,0.014317244698344379,47.916877611761706
2.6999999999999997,0.3,0.40800000000000003,0.7727399999999998,0.024392678234923942,48.21024569749952
2.6999999999999997,0.3,0.607,0.7727399999999998,0.0398433394367672,48.66012518742042
2.6999999999999997,0.3,0.806,0.7727399999999998,0.06092828284665305,49.27405901603345
2.6999999999999997,0.3,1.0050000000000001,0.7727399999999998,0.08148345380905432,49.87256737156575
2.6999999999999997,0.3,1.2040000000000002,0.7727399999999998,0.1409787705460529,51.60490247338845
2.6999999999999997,0.3,1.4030000000000002,0.7727399999999998,0.19901586873557603,53.29477838153902
2.6999999999999997,0.3,1.6020000000000003,0.7727399999999998,0.25705296692509916,54.98465428968958
2.6999999999999997,0.3,1.8010000000000004,0.7727399999999998,0.31509006511462223,56.67453019784014
2.6999999999999997,0.3,2.0,0.7727399999999998,0.3731271633041452,58.36440610599071
2.6999999999999997,0.6,0.01,0.7727399999999998,0.0032354876318418553,47.5942082352621
2.6999999999999997,0.6,0.20900000000000002,0.7727399999999998,0.060990438887948015,49.27586882389785
2.6999999999999997,0.6,0.40800000000000003,0.7727399999999998,0.11280108803854867,50.7844481725643
2.6999999999999997,0.6,0.607,0.7727399999999998,0.19302214499203618,53.12025812345784
2.6999999999999997,0.6,0.806,0.7727399999999998,0.2980105908503891,56.17722428518486
2.6999999999999997,0.6,1.0050000000000001,0.7727399999999998,0.4003611360590346,59.157382251893615
2.6999999999999997,0.6,1.2040000000000002,0.7727399999999998,0.6346206986005273,65.97835716866197
2.6999999999999997,0.6,1.4030000000000002,0.7727399999999998,0.8631386051973755,72.6321513276664
2.6999999999999997,0.6,1.6020000000000003,0.7727399999999998,1.0916565117942236,79.28594548667084
2.6999999999999997,0.6,1.8010000000000004,0.7727399999999998,1.320174418391072,85.93973964567527
2.6999999999999997,0.6,2.0,0.7727399999999998,1.5486923249879194,92.59353380467968
2.6999999999999997,0.8999999999999999,0.01,0.7727399999999998,0.007309359036407283,47.712827831248745
2.6999999999999997,0.8999999999999999,0.20900000000000002,0.7727399999999998,0.14244410875264288,51.64756897136742
2.6999999999999997,0.8999999999999999,0.40800000000000003,0.7727399999999998,0.2765622356628597,55.552708934977275
2.6999999999999997,0.8999999999999999,0.607,0.7727399999999998,0.4858309411010224,61.64602087995056
2.6999999999999997,0.8999999999999999,0.806,0.7727399999999998,0.7542774236066392,69.46242207100627
2.6999999999999997,0.8999999999999999,1.0050000000000001,0.7727399999999998,1.0159790196171399,77.08243127233693
2.6999999999999997,0.8999999999999999,1.2040000000000002,0.7727399999999998,1.5351019766908505,92.19782135717593
2.6999999999999997,0.8999999999999999,1.4030000000000002,0.7727399999999998,2.0415013318754998,106.94273619483751
2.6999999999999997,0.8999999999999999,1.6020000000000003,0.7727399999999998,2.547900687060148,121.68765103249908
2.6999999999999997,0.8999999999999999,1.8010000000000004,0.7727399999999998,3.054300042244797,136.43256587016066
2.6999999999999997,0.8999999999999999,2.0,0.7727399999999998,3.5606993974294445,151.17748070782216
2.6999999999999997,1.2,0.01,0.7727399999999998,0.013031769893465906,47.87944822657424
2.6999999999999997,1.2,0.20900000000000002,0.7727399999999998,0.2600794562745184,55.07277708695895
2.6999999999999997,1.2,0.40800000000000003,0.7727399999999998,0.5227926792898152,62.72224200121753
2.6999999999999997,1.2,0.607,0.7727399999999998,0.93524815136908,74.73177706059515
2.6999999999999997,1.2,0.806,0.7727399999999998,1.4577562718259518,89.94573351461541
2.6999999999999997,1.2,1.0050000000000001,0.7727399999999998,1.9671360475477264,104.7774297562231
2.6999999999999997,1.2,1.2040000000000002,0.7727399999999998,2.877144919414413,131.2743104884234
2.6999999999999997,1.2,1.4030000000000002,0.7727399999999998,3.7648496522647594,157.12175786934426
2.6999999999999997,1.2,1.6020000000000003,0.7727399999999998,4.652554385115105,182.9692052502651
2.6999999999999997,1.2,1.8010000000000004,0.7727399999999998,5.54025911796545,208.81665263118595
2.6999999999999997,1.2,2.0,0.7727399999999998,6.427963850815795,234.66410001210676
2.6999999999999997,1.5,0.01,0.7727399999999998,0.020407527662750467,48.09420940084877
2.6999999999999997,1.5,0.20900000000000002,0.7727399999999998,0.414917592004832,59.58122501761099
2.6999999999999997,1.5,0.40800000000000003,0.7727399999999998,0.8569167109526024,72.45098739088638
2.6999999999999997,1.5,0.607,0.7727399999999998,1.5544082676572983,92.7599658647012
2.6999999999999997,1.5,0.806,0.7727399999999998,2.430232258079977,118.26147967854581
2.6999999999999997,1.5,1.0050000000000001,0.7727399999999998,3.2840506206025877,143.12225193927867
2.6999999999999997,1.5,1.2040000000000002,0.7727399999999998,4.687537330974489,183.9878095438647
2.6999999999999997,1.5,1.4030000000000002,0.7727399999999998,6.056624857268647,223.8517603444167
2.6999999999999997,1.5,1.6020000000000003,0.7727399999999998,7.425712383562805,263.71571114496874
2.6999999999999997,1.5,1.8010000000000004,0.7727399999999998,8.794799909856964,303.57966194552074
2.6999999999999997,1.5,2.0,0.7727399999999998,10.16388743615112,343.44361274607263
2.6999999999999997,1.7999999999999998,0.01,0.7727399999999998,0.029440348989051943,48.3572195722412
2.6999999999999997,1.7999999999999998,0.20900000000000002,0.7727399999999998,0.6077701827484984,65.19654620162177
2.6999999999999997,1.7999999999999998,0.40800000000000003,0.7727399999999998,1.2833879147178244,84.86862085714606
2.6999999999999997,1.7999999999999998,0.607,0.7727399999999998,2.354208584476861,116.04788564165096
2.6999999999999997,1.7999999999999998,0.806,0.7727399999999998,3.689841338641866,154.93772823904803
2.6999999999999997,1.7999999999999998,1.0050000000000001,0.7727399999999998,4.991915480893177,192.85043911289242
2.6999999999999997,1.7999999999999998,1.2040000000000002,0.7727399999999998,6.9884705983897435,250.98446885597903
2.6999999999999997,1.7999999999999998,1.4030000000000002,0.7727399999999998,8.936090541437865,307.69364492889196
2.6999999999999997,1.7999999999999998,1.6020000000000003,0.7727399999999998,10.883710484485986,364.40282100180485
2.6999999999999997,1.7999999999999998,1.8010000000000004,0.7727399999999998,12.831330427534107,421.11199707471775
2.6999999999999997,1.7999999999999998,2.0,0.7727399999999998,14.778950370582224,477.8211731476306
2.6999999999999997,2.1,0.01,0.7727399999999998,0.04013326807565954,48.66856708815686
2.6999999999999997,2.1,0.20900000000000002,0.7727399999999998,0.8393144564639378,71.93845959888009
2.6999999999999997,2.1,0.40800000000000003,0.7727399999999998,1.8060183068641804,100.08613751642733
2.6999999999999997,2.1,0.607,0.7727399999999998,3.344052412558391,144.86933416487278
2.6999999999999997,2.1,0.806,0.7727399999999998,5.252274797984824,200.43136495413532
2.6999999999999997,2.1,1.0050000000000001,0.7727399999999998,7.112551897345265,254.5973648190445
2.6999999999999997,2.1,1.2040000000000002,0.7727399999999998,9.799075574950397,332.8213246840903
2.6999999999999997,2.1,1.4030000000000002,0.7727399999999998,12.419753083986775,409.12803063087506
2.6999999999999997,2.1,1.6020000000000003,0.7727399999999998,15.040430593023153,485.4347365776599
2.6999999999999997,2.1,1.8010000000000004,0.7727399999999998,17.66110810205953,561.7414425244447
2.6999999999999997,2.1,2.0,0.7727399999999998,20.2817856110959,638.0481484712294
2.6999999999999997,2.4,0.01,0.7727399999999998,0.05248885048575123,49.028326650528506
2.6999999999999997,2.4,0.20900000000000002,0.7727399999999998,1.1101334266657616,79.82394091153509
2.6999999999999997,2.4,0.40800000000000003,0.7727399999999998,2.4281597060834144,118.20113283494683
2.6999999999999997,2.4,0.607,0.7727399999999998,4.5322627274565885,179.466652907541
2.6999999999999997,2.4,0.806,0.7727399999999998,7.131451651939513,255.14767213893293
2.6999999999999997,2.4,1.0050000000000001,0.7727399999999998,9.665334322038444,328.92715822380745
2.6999999999999997,2.4,1.2040000000000002,0.7727399999999998,13.136274489357898,429.9911043954664
2.6999999999999997,2.4,1.4030000000000002,0.7727399999999998,16.522142593752854,528.5779930629179
2.6999999999999997,2.4,1.6020000000000003,0.7727399999999998,19.908010698147812,627.1648817303696
2.6999999999999997,2.4,1.8010000000000004,0.7727399999999998,23.29387880254277,725.7517703978211
2.6999999999999997,2.4,2.0,0.7727399999999998,26.67974690693772,824.3386590652724
2.6999999999999997,2.6999999999999997,0.01,0.7727399999999998,0.0665093195845754,49.43656299745444
2.6999999999999997,2.6999999999999997,0.20900000000000002,0.7727399999999998,1.4207401410592322,88.86792863554717
2.6999999999999997,2.6999999999999997,0.40800000000000003,0.7727399999999998,3.1528154718245887,139.30105613279142
2.6999999999999997,2.6999999999999997,0.607,0.7727399999999998,5.92633901955859,220.05820578728714
2.6999999999999997,2.6999999999999997,0.806,0.7727399999999998,9.339937169916588,319.45251484732665
2.6999999999999997,2.6999999999999997,1.0050000000000001,0.7727399999999998,12.667766522526893,416.34947945862143
2.6999999999999997,2.6999999999999997,1.2040000000000002,0.7727399999999998,17.015308624419603,542.9375909742488
2.6999999999999997,2.6999999999999997,1.4030000000000002,0.7727399999999998,21.25629332185416,666.4230526978266
2.6999999999999997,2.6999999999999997,1.6020000000000003,0.7727399999999998,25.497278019288707,789.9085144214042
2.6999999999999997,2.6999999999999997,1.8010000000000004,0.7727399999999998,29.738262716723263,913.393976144982
2.6999999999999997,2.6999999999999997,2.0,0.7727399999999998,33.979247414157804,1036.8794378685593
