0.0,0.25,0.01,0.0,0.0006761727790539991,25.024685045964297
0.0,0.25,0.20900000000000002,0.0,0.01144244361652888,25.417729396047346
0.0,0.25,0.40800000000000003,0.0,0.019056321428595716,25.695689304490205
0.0,0.25,0.607,0.0,0.030039628457446576,26.096656996840192
0.0,0.25,0.806,0.0,0.044594969353293254,26.62802896295609
0.0,0.25,1.0050000000000001,0.0,0.0587845981663297,27.146049874646966
0.0,0.25,1.2040000000000002,0.0,0.0737056511449866,27.690772895187887
0.0,0.25,1.4030000000000002,0.0,0.08826099204083328,28.222144861303786
0.0,0.25,1.6020000000000003,0.0,0.10281633293667995,28.75351682741968
0.0,0.25,1.8010000000000004,0.0,0.11737167383252663,29.28488879353558
0.0,0.25,2.0,0.0,0.13192701472837326,29.816260759651477
0.0,0.5,0.01,0.0,0.0027893514287619893,25.10183087867852
0.0,0.5,0.20900000000000002,0.0,0.050661864946009175,26.84951317705933
0.0,0.5,0.40800000000000003,0.0,0.09178016042633705,28.350619174442794
0.0,0.5,0.607,0.0,0.14767064077230618,30.391013462774026
0.0,0.5,0.806,0.0,0.21658817182587028,32.90698641303557
0.0,0.5,1.0050000000000001,0.0,0.28377410662180713,35.35974396253677
0.0,0.5,1.2040000000000002,0.0,0.3544232339329985,37.938932313558645
0.0,0.5,1.4030000000000002,0.0,0.42334076498656265,40.45490526382019
0.0,0.5,1.6020000000000003,0.0,0.4922582960401268,42.97087821408173
0.0,0.5,1.8010000000000004,0.0,0.561175827093691,45.48685116434327
0.0,0.5,2.0,0.0,0.6300933581472549,48.002824114604806
0.0,0.75,0.01,0.0,0.006390219891934388,25.23328781731653
0.0,0.75,0.20900000000000002,0.0,0.1210623659223622,29.419624924151655
0.0,0.75,0.40800000000000003,0.0,0.23041094327075357,33.4116144593587
0.0,0.75,0.607,0.0,0.37488757273494555,38.68602412145683
0.0,0.75,0.806,0.0,0.5459512431080884,44.931047134495046
0.0,0.75,1.0050000000000001,0.0,0.7127168313110518,51.019160021577534
0.0,0.75,1.2040000000000002,0.0,0.8880785838543743,57.42109316057149
0.0,0.75,1.4030000000000002,0.0,1.0591422542275173,63.66611617360971
0.0,0.75,1.6020000000000003,0.0,1.2302059246006602,69.91113918664792
0.0,0.75,1.8010000000000004,0.0,1.4012695949738032,76.15616219968615
0.0,0.75,2.0,0.0,1.5723332653469455,82.40118521272436
0.0,1.0,0.01,0.0,0.011506646872152781,25.420073264900438
0.0,1.0,0.20900000000000002,0.0,0.22469201788310011,33.202833596783734
0.0,1.0,0.40800000000000003,0.0,0.44290097455799204,41.16899001745006
0.0,1.0,0.607,0.0,0.7260979020067004,51.50766289452031
0.0,1.0,0.806,0.0,1.0520833805367547,63.40841780581025
0.0,1.0,1.0050000000000001,0.0,1.3698782691539932,75.01015877460546
0.0,1.0,1.2040000000000002,0.0,1.7040543375968633,87.20992762839015
0.0,1.0,1.4030000000000002,0.0,2.030039816126917,99.11068253968008
0.0,1.0,1.6020000000000003,0.0,2.356025294656971,111.01143745097002
0.0,1.0,1.8010000000000004,0.0,2.682010773187025,122.91219236225996
0.0,1.0,2.0,0.0,3.0079962517170786,134.81294727354987
0.0,1.25,0.01,0.0,0.018158417572994273,25.662909520042138
0.0,1.25,0.20900000000000002,0.0,0.3630759317440188,38.254816433411904
0.0,1.25,0.40800000000000003,0.0,0.7354269113168592,51.84823712459328
0.0,1.25,0.607,0.0,1.2125360521525645,69.26606498804631
0.0,1.25,0.806,0.0,1.750011644488266,88.88769146058213
0.0,1.25,1.0050000000000001,0.0,2.273982824956236,108.01631224285323
0.0,1.25,1.2040000000000002,0.0,2.8249628291596687,128.1309444056538
0.0,1.25,1.4030000000000002,0.0,3.36243842149537,147.7525708781896
0.0,1.25,1.6020000000000003,0.0,3.8999140138310717,167.37419735072544
0.0,1.25,1.8010000000000004,0.0,4.437389606166773,186.99582382326125
0.0,1.25,2.0,0.0,4.974865198502473,206.61745029579706
0.0,1.5,0.01,0.0,0.02636096799195019,25.96236010484631
0.0,1.5,0.20900000000000002,0.0,0.5374453748132153,44.62052332116002
0.0,1.5,0.40800000000000003,0.0,1.1131292784412143,65.63702097113077
0.0,1.5,0.607,0.0,1.8435763445979754,92.30345884192374
0.0,1.5,0.806,0.0,2.6522154297542158,121.82445348109722
0.0,1.5,1.0050000000000001,0.0,3.4405369499567806,150.60371458662308
0.0,1.5,1.2040000000000002,0.0,4.269493600066696,180.86644275944417
0.0,1.5,1.4030000000000002,0.0,5.078132685222936,210.38743739861766
0.0,1.5,1.6020000000000003,0.0,5.886771770379176,239.90843203779113
0.0,1.5,1.8010000000000004,0.0,6.695410855535416,269.4294266769646
0.0,1.5,2.0,0.0,7.5040499406916545,298.95042131613803
0.0,1.75,0.01,0.0,0.03612699010050282,26.31888836523448
0.0,1.75,0.20900000000000002,0.0,0.7488403125726861,52.33792028959864
0.0,1.75,0.40800000000000003,0.0,1.5804552288492857,82.69769381021048
0.0,1.75,0.607,0.0,2.6273444089924913,120.91648689370952
0.0,1.75,0.806,0.0,3.769471337491022,162.6121253464888
0.0,1.75,1.0050000000000001,0.0,4.882901609494614,203.26013469241434
0.0,1.75,1.2040000000000002,0.0,6.053725194488083,246.0034022520474
0.0,1.75,1.4030000000000002,0.0,7.195852122986615,287.6990407048267
0.0,1.75,1.6020000000000003,0.0,8.337979051485144,329.394679157606
0.0,1.75,1.8010000000000004,0.0,9.480105979983676,371.09031761038534
0.0,1.75,2.0,0.0,10.622232908482204,412.78595606316446
0.0,2.0,0.01,0.0,0.04746727890762347,26.73288839470004
0.0,2.0,0.20900000000000002,0.0,0.9981651305445075,61.44002374943441
0.0,2.0,0.40800000000000003,0.0,2.141349628734445,103.17427090882173
0.0,2.0,0.607,0.0,3.57105914644329,155.36868963358972
0.0,2.0,0.806,0.0,5.1113237864074605,211.59914523975831
0.0,2.0,1.0050000000000001,0.0,6.612888309789616,266.4167753281839
0.0,2.0,1.2040000000000002,0.0,8.191853066335801,324.0600564520955
0.0,2.0,1.4030000000000002,0.0,9.732117706299972,380.2905120582641
0.0,2.0,1.6020000000000003,0.0,11.272382346264141,436.52096766443265
0.0,2.0,1.8010000000000004,0.0,12.812646986228312,492.75142327060126
0.0,2.0,2.0,0.0,14.35291162619248,548.9818788767698
0.0,2.25,0.01,0.0,0.060391236577734056,27.204703438147416
0.0,2.25,0.20900000000000002,0.0,1.2862225811554147,71.9561397910125
0.0,2.25,0.40800000000000003,0.0,2.7993738794341696,127.19676837887593
0.0,2.25,0.607,0.0,4.681245900998296,195.89828785770644
0.0,2.25,0.806,0.0,6.686377423074915,269.0996430737045
0.0,2.25,1.0050000000000001,0.0,8.641128756154632,340.4617682591498
0.0,2.25,1.2040000000000002,0.0,10.696640467228153,415.5023535057006
0.0,2.25,1.4030000000000002,0.0,12.701771989304772,488.70370872169866
0.0,2.25,1.6020000000000003,0.0,14.706903511381391,561.9050639376967
0.0,2.25,1.8010000000000004,0.0,16.712035033458008,635.1064191536947
0.0,2.25,2.0,0.0,18.717166555534625,708.3077743696928
0.25,0.0,0.01,0.0066875,0.0,25.244140625
0.25,0.0,0.20900000000000002,0.0066875,0.0,25.244140625
0.25,0.0,0.40800000000000003,0.0066875,0.0,25.244140625
0.25,0.0,0.607,0.0066875,0.0,25.244140625
0.25,0.0,0.806,0.0066875,0.0,25.244140625
0.25,0.0,1.0050000000000001,0.0066875,0.0,25.244140625
0.25,0.0,1.2040000000000002,0.0066875,0.0,25.244140625
0.25,0.0,1.4030000000000002,0.0066875,0.0,25.244140625
0.25,0.0,1.6020000000000003,0.0066875,0.0,25.244140625
0.25,0.0,1.8010000000000004,0.0066875,0.0,25.244140625
0.25,0.0,2.0,0.0066875,0.0,25.244140625
0.25,0.25,0.01,0.0066875,0.0006761727790539991,25.268825670964297
0.25,0.25,0.20900000000000002,0.0066875,0.01144244361652888,25.661870021047346
0.25,0.25,0.40800000000000003,0.0066875,0.019056321428595716,25.939829929490205
0.25,0.25,0.607,0.0066875,0.030039628457446576,26.340797621840192
0.25,0.25,0.806,0.0066875,0.044594969353293254,26.87216958795609
0.25,0.25,1.0050000000000001,0.0066875,0.0587845981663297,27.390190499646966
0.25,0.25,1.2040000000000002,0.0066875,0.0737056511449866,27.934913520187887
0.25,0.25,1.4030000000000002,0.0066875,0.08826099204083328,28.466285486303782
0.25,0.25,1.6020000000000003,0.0066875,0.10281633293667995,28.99765745241968
0.25,0.25,1.8010000000000004,0.0066875,0.11737167383252663,29.52902941853558
0.25,0.25,2.0,0.0066875,0.13192701472837326,30.060401384651477
0.25,0.5,0.01,0.0066875,0.0027893514287619893,25.34597150367852
0.25,0.5,0.20900000000000002,0.0066875,0.050661864946009175,27.09365380205933
0.25,0.5,0.40800000000000003,0.0066875,0.09178016042633705,28.594759799442794
0.25,0.5,0.607,0.0066875,0.14767064077230618,30.635154087774026
0.25,0.5,0.806,0.0066875,0.21658817182587028,33.15112703803557
0.25,0.5,1.0050000000000001,0.0066875,0.28377410662180713,35.60388458753677
0.25,0.5,1.2040000000000002,0.0066875,0.3544232339329985,38.183072938558645
0.25,0.5,1.4030000000000002,0.0066875,0.42334076498656265,40.69904588882019
0.25,0.5,1.6020000000000003,0.0066875,0.4922582960401268,43.21501883908173
0.25,0.5,1.8010000000000004,0.0066875,0.561175827093691,45.73099178934327
0.25,0.5,2.0,0.0066875,0.6300933581472549,48.246964739604806
0.25,0.75,0.01,0.0066875,0.006390219891934388,25.47742844231653
0.25,0.75,0.20900000000000002,0.0066875,0.1210623659223622,29.663765549151655
0.25,0.75,0.40800000000000003,0.0066875,0.23041094327075357,33.6557550843587
0.25,0.75,0.607,0.0066875,0.37488757273494555,38.93016474645683
0.25,0.75,0.806,0.0066875,0.5459512431080884,45.175187759495046
0.25,0.75,1.0050000000000001,0.0066875,0.7127168313110518,51.263300646577534
0.25,0.75,1.2040000000000002,0.0066875,0.8880785838543743,57.66523378557149
0.25,0.75,1.4030000000000002,0.0066875,1.0591422542275173,63.91025679860971
0.25,0.75,1.6020000000000003,0.0066875,1.2302059246006602,70.15527981164792
0.25,0.75,1.8010000000000004,0.0066875,1.4012695949738032,76.40030282468615
0.25,0.75,2.0,0.0066875,1.5723332653469455,82.64532583772436
0.25,1.0,0.01,0.0066875,0.011506646872152781,25.664213889900438
0.25,1.0,0.20900000000000002,0.0066875,0.22469201788310011,33.446974221783734
0.25,1.0,0.40800000000000003,0.0066875,0.44290097455799204,41.41313064245006
0.25,1.0,0.607,0.0066875,0.7260979020067004,51.75180351952031
0.25,1.0,0.806,0.0066875,1.0520833805367547,63.65255843081025
0.25,1.0,1.0050000000000001,0.0066875,1.3698782691539932,75.25429939960546
0.25,1.0,1.2040000000000002,0.0066875,1.7040543375968633,87.45406825339015
0.25,1.0,1.4030000000000002,0.0066875,2.030039816126917,99.35482316468008
0.25,1.0,1.6020000000000003,0.0066875,2.356025294656971,111.25557807597002
0.25,1.0,1.8010000000000004,0.0066875,2.682010773187025,123.15633298725996
0.25,1.0,2.0,0.0066875,3.0079962517170786,135.05708789854987
0.25,1.25,0.01,0.0066875,0.018158417572994273,25.907050145042138
0.25,1.25,0.20900000000000002,0.0066875,0.3630759317440188,38.498957058411904
0.25,1.25,0.40800000000000003,0.0066875,0.7354269113168592,52.09237774959328
0.25,1.25,0.607,0.0066875,1.2125360521525645,69.51020561304631
0.25,1.25,0.806,0.0066875,1.750011644488266,89.13183208558213
0.25,1.25,1.0050000000000001,0.0066875,2.273982824956236,108.26045286785323
0.25,1.25,1.2040000000000002,0.0066875,2.8249628291596687,128.3750850306538
0.25,1.25,1.4030000000000002,0.0066875,3.36243842149537,147.9967115031896
0.25,1.25,1.6020000000000003,0.0066875,3.8999140138310717,167.61833797572544
0.25,1.25,1.8010000000000004,0.0066875,4.437389606166773,187.23996444826125
0.25,1.25,2.0,0.0066875,4.974865198502473,206.86159092079706
0.25,1.5,0.01,0.0066875,0.02636096799195019,26.20650072984631
0.25,1.5,0.20900000000000002,0.0066875,0.5374453748132153,44.86466394616002
0.25,1.5,0.40800000000000003,0.0066875,1.1131292784412143,65.88116159613077
0.25,1.5,0.607,0.0066875,1.8435763445979754,92.54759946692374
0.25,1.5,0.806,0.0066875,2.6522154297542158,122.06859410609722
0.25,1.5,1.0050000000000001,0.0066875,3.4405369499567806,150.84785521162308
0.25,1.5,1.2040000000000002,0.0066875,4.269493600066696,181.11058338444417
0.25,1.5,1.4030000000000002,0.0066875,5.078132685222936,210.63157802361766
0.25,1.5,1.6020000000000003,0.0066875,5.886771770379176,240.15257266279113
0.25,1.5,1.8010000000000004,0.0066875,6.695410855535416,269.6735673019646
0.25,1.5,2.0,0.0066875,7.5040499406916545,299.19456194113803
0.25,1.75,0.01,0.0066875,0.03612699010050282,26.56302899023448
0.25,1.75,0.20900000000000002,0.0066875,0.7488403125726861,52.58206091459864
0.25,1.75,0.40800000000000003,0.0066875,1.5804552288492857,82.94183443521048
0.25,1.75,0.607,0.0066875,2.6273444089924913,121.16062751870952
0.25,1.75,0.806,0.0066875,3.769471337491022,162.8562659714888
0.25,1.75,1.0050000000000001,0.0066875,4.882901609494614,203.50427531741434
0.25,1.75,1.2040000000000002,0.0066875,6.053725194488083,246.2475428770474
0.25,1.75,1.4030000000000002,0.0066875,7.195852122986615,287.9431813298267
0.25,1.75,1.6020000000000003,0.0066875,8.337979051485144,329.638819782606
0.25,1.75,1.8010000000000004,0.0066875,9.480105979983676,371.33445823538534
0.25,1.75,2.0,0.0066875,10.622232908482204,413.03009668816446
0.25,2.0,0.01,0.0066875,0.04746727890762347,26.97702901970004
0.25,2.0,0.20900000000000002,0.0066875,0.9981651305445075,61.68416437443441
0.25,2.0,0.40800000000000003,0.0066875,2.141349628734445,103.41841153382173
0.25,2.0,0.607,0.0066875,3.57105914644329,155.61283025858972
0.25,2.0,0.806,0.0066875,5.1113237864074605,211.84328586475831
0.25,2.0,1.0050000000000001,0.0066875,6.612888309789616,266.6609159531839
0.25,2.0,1.2040000000000002,0.0066875,8.191853066335801,324.3041970770955
0.25,2.0,1.4030000000000002,0.0066875,9.732117706299972,380.5346526832641
0.25,2.0,1.6020000000000003,0.0066875,11.272382346264141,436.76510828943265
0.25,2.0,1.8010000000000004,0.0066875,12.812646986228312,492.99556389560126
0.25,2.0,2.0,0.0066875,14.35291162619248,549.2260195017698
0.25,2.25,0.01,0.0066875,0.060391236577734056,27.448844063147416
0.25,2.25,0.20900000000000002,0.0066875,1.2862225811554147,72.2002804160125
0.25,2.25,0.40800000000000003,0.0066875,2.7993738794341696,127.44090900387593
0.25,2.25,0.607,0.0066875,4.681245900998296,196.14242848270644
0.25,2.25,0.806,0.0066875,6.686377423074915,269.3437836987045
0.25,2.25,1.0050000000000001,0.0066875,8.641128756154632,340.7059088841498
0.25,2.25,1.2040000000000002,0.0066875,10.696640467228153,415.7464941307006
0.25,2.25,1.4030000000000002,0.0066875,12.701771989304772,488.94784934669866
0.25,2.25,1.6020000000000003,0.0066875,14.706903511381391,562.1492045626967
0.25,2.25,1.8010000000000004,0.0066875,16.712035033458008,635.3505597786947
0.25,2.25,2.0,0.0066875,18.717166555534625,708.5519149946928
0.5,0.0,0.01,0.02675,0.0,25.9765625
0.5,0.0,0.20900000000000002,0.02675,0.0,25.9765625
0.5,0.0,0.40800000000000003,0.02675,0.0,25.9765625
0.5,0.0,0.607,0.02675,0.0,25.9765625
0.5,0.0,0.806,0.02675,0.0,25.9765625
0.5,0.0,1.0050000000000001,0.02675,0.0,25.9765625
0.5,0.0,1.2040000000000002,0.02675,0.0,25.9765625
0.5,0.0,1.4030000000000002,0.02675,0.0,25.9765625
0.5,0.0,1.6020000000000003,0.02675,0.0,25.9765625
0.5,0.0,1.8010000000000004,0.02675,0.0,25.9765625
0.5,0.0,2.0,0.02675,0.0,25.9765625
0.5,0.25,0.01,0.02675,0.0006761727790539991,26.001247545964297
0.5,0.25,0.20900000000000002,0.02675,0.01144244361652888,26.394291896047346
0.5,0.25,0.40800000000000003,0.02675,0.019056321428595716,26.672251804490205
0.5,0.25,0.607,0.02675,0.030039628457446576,27.073219496840192
0.5,0.25,0.806,0.02675,0.044594969353293254,27.60459146295609
0.5,0.25,1.0050000000000001,0.02675,0.0587845981663297,28.122612374646966
0.5,0.25,1.2040000000000002,0.02675,0.0737056511449866,28.667335395187887
0.5,0.25,1.4030000000000002,0.02675,0.08826099204083328,29.198707361303782
0.5,0.25,1.6020000000000003,0.02675,0.10281633293667995,29.73007932741968
0.5,0.25,1.8010000000000004,0.02675,0.11737167383252663,30.26145129353558
0.5,0.25,2.0,0.02675,0.13192701472837326,30.792823259651477
0.5,0.5,0.01,0.02675,0.0027893514287619893,26.07839337867852
0.5,0.5,0.20900000000000002,0.02675,0.050661864946009175,27.82607567705933
0.5,0.5,0.40800000000000003,0.02675,0.09178016042633705,29.327181674442794
0.5,0.5,0.607,0.02675,0.14767064077230618,31.367575962774026
0.5,0.5,0.806,0.02675,0.21658817182587028,33.88354891303557
0.5,0.5,1.0050000000000001,0.02675,0.28377410662180713,36.33630646253677
0.5,0.5,1.2040000000000002,0.02675,0.3544232339329985,38.915494813558645
0.5,0.5,1.4030000000000002,0.02675,0.42334076498656265,41.43146776382019
0.5,0.5,1.6020000000000003,0.02675,0.4922582960401268,43.94744071408172
0.5,0.5,1.8010000000000004,0.02675,0.561175827093691,46.46341366434327
0.5,0.5,2.0,0.02675,0.6300933581472549,48.979386614604806
0.5,0.75,0.01,0.02675,0.006390219891934388,26.20985031731653
0.5,0.75,0.20900000000000002,0.02675,0.1210623659223622,30.396187424151655
0.5,0.75,0.40800000000000003,0.02675,0.23041094327075357,34.3881769593587
0.5,0.75,0.607,0.02675,0.37488757273494555,39.662586621456825
0.5,0.75,0.806,0.02675,0.5459512431080884,45.907609634495046
0.5,0.75,1.0050000000000001,0.02675,0.7127168313110518,51.995722521577534
0.5,0.75,1.2040000000000002,0.02675,0.8880785838543743,58.39765566057149
0.5,0.75,1.4030000000000002,0.02675,1.0591422542275173,64.64267867360971
0.5,0.75,1.6020000000000003,0.02675,1.2302059246006602,70.88770168664792
0.5,0.75,1.8010000000000004,0.02675,1.4012695949738032,77.13272469968615
0.5,0.75,2.0,0.02675,1.5723332653469455,83.37774771272436
0.5,1.0,0.01,0.02675,0.011506646872152781,26.396635764900438
0.5,1.0,0.20900000000000002,0.02675,0.22469201788310011,34.179396096783734
0.5,1.0,0.40800000000000003,0.02675,0.44290097455799204,42.14555251745006
0.5,1.0,0.607,0.02675,0.7260979020067004,52.48422539452031
0.5,1.0,0.806,0.02675,1.0520833805367547,64.38498030581025
0.5,1.0,1.0050000000000001,0.02675,1.3698782691539932,75.98672127460546
0.5,1.0,1.2040000000000002,0.02675,1.7040543375968633,88.18649012839015
0.5,1.0,1.4030000000000002,0.02675,2.030039816126917,100.08724503968008
0.5,1.0,1.6020000000000003,0.02675,2.356025294656971,111.98799995097002
0.5,1.0,1.8010000000000004,0.02675,2.682010773187025,123.88875486225996
0.5,1.0,2.0,0.02675,3.0079962517170786,135.78950977354987
0.5,1.25,0.01,0.02675,0.018158417572994273,26.639472020042138
0.5,1.25,0.20900000000000002,0.02675,0.3630759317440188,39.231378933411904
0.5,1.25,0.40800000000000003,0.02675,0.7354269113168592,52.82479962459328
0.5,1.25,0.607,0.02675,1.2125360521525645,70.24262748804631
0.5,1.25,0.806,0.02675,1.750011644488266,89.86425396058213
0.5,1.25,1.0050000000000001,0.02675,2.273982824956236,108.99287474285323
0.5,1.25,1.2040000000000002,0.02675,2.8249628291596687,129.1075069056538
0.5,1.25,1.4030000000000002,0.02675,3.36243842149537,148.7291333781896
0.5,1.25,1.6020000000000003,0.02675,3.8999140138310717,168.35075985072544
0.5,1.25,1.8010000000000004,0.02675,4.437389606166773,187.97238632326125
0.5,1.25,2.0,0.02675,4.974865198502473,207.59401279579706
0.5,1.5,0.01,0.02675,0.02636096799195019,26.93892260484631
0.5,1.5,0.20900000000000002,0.02675,0.5374453748132153,45.59708582116002
0.5,1.5,0.40800000000000003,0.02675,1.1131292784412143,66.61358347113077
0.5,1.5,0.607,0.02675,1.8435763445979754,93.28002134192374
0.5,1.5,0.806,0.02675,2.6522154297542158,122.80101598109722
0.5,1.5,1.0050000000000001,0.02675,3.4405369499567806,151.58027708662308
0.5,1.5,1.2040000000000002,0.02675,4.269493600066696,181.84300525944417
0.5,1.5,1.4030000000000002,0.02675,5.078132685222936,211.36399989861766
0.5,1.5,1.6020000000000003,0.02675,5.886771770379176,240.88499453779113
0.5,1.5,1.8010000000000004,0.02675,6.695410855535416,270.4059891769646
0.5,1.5,2.0,0.02675,7.5040499406916545,299.92698381613803
0.5,1.75,0.01,0.02675,0.03612699010050282,27.29545086523448
0.5,1.75,0.20900000000000002,0.02675,0.7488403125726861,53.31448278959864
0.5,1.75,0.40800000000000003,0.02675,1.5804552288492857,83.67425631021048
0.5,1.75,0.607,0.02675,2.6273444089924913,121.89304939370952
0.5,1.75,0.806,0.02675,3.769471337491022,163.5886878464888
0.5,1.75,1.0050000000000001,0.02675,4.882901609494614,204.23669719241434
0.5,1.75,1.2040000000000002,0.02675,6.053725194488083,246.9799647520474
0.5,1.75,1.4030000000000002,0.02675,7.195852122986615,288.6756032048267
0.5,1.75,1.6020000000000003,0.02675,8.337979051485144,330.371241657606
0.5,1.75,1.8010000000000004,0.02675,9.480105979983676,372.06688011038534
0.5,1.75,2.0,0.02675,10.622232908482204,413.76251856316446
0.5,2.0,0.01,0.02675,0.04746727890762347,27.709450894700037
0.5,2.0,0.20900000000000002,0.02675,0.9981651305445075,62.41658624943441
0.5,2.0,0.40800000000000003,0.02675,2.141349628734445,104.15083340882173
0.5,2.0,0.607,0.02675,3.57105914644329,156.34525213358972
0.5,2.0,0.806,0.02675,5.1113237864074605,212.57570773975831
0.5,2.0,1.0050000000000001,0.02675,6.612888309789616,267.3933378281839
0.5,2.0,1.2040000000000002,0.02675,8.191853066335801,325.0366189520955
0.5,2.0,1.4030000000000002,0.02675,9.732117706299972,381.2670745582641
0.5,2.0,1.6020000000000003,0.02675,11.272382346264141,437.49753016443265
0.5,2.0,1.8010000000000004,0.02675,12.812646986228312,493.72798577060126
0.5,2.0,2.0,0.02675,14.35291162619248,549.9584413767698
0.5,2.25,0.01,0.02675,0.060391236577734056,28.181265938147416
0.5,2.25,0.20900000000000002,0.02675,1.2862225811554147,72.9327022910125
0.5,2.25,0.40800000000000003,0.02675,2.7993738794341696,128.17333087887593
0.5,2.25,0.607,0.02675,4.681245900998296,196.87485035770644
0.5,2.25,0.806,0.02675,6.686377423074915,270.0762055737045
0.5,2.25,1.0050000000000001,0.02675,8.641128756154632,341.4383307591498
0.5,2.25,1.2040000000000002,0.02675,10.696640467228153,416.4789160057006
0.5,2.25,1.4030000000000002,0.02675,12.701771989304772,489.68027122169866
0.5,2.25,1.6020000000000003,0.02675,14.706903511381391,562.8816264376967
0.5,2.25,1.8010000000000004,0.02675,16.712035033458008,636.0829816536947
0.5,2.25,2.0,0.02675,18.717166555534625,709.2843368696928
0.75,0.0,0.01,0.0601875,0.0,27.197265625
0.75,0.0,0.20900000000000002,0.0601875,0.0,27.197265625
0.75,0.0,0.40800000000000003,0.0601875,0.0,27.197265625
0.75,0.0,0.607,0.0601875,0.0,27.197265625
0.75,0.0,0.806,0.0601875,0.0,27.197265625
0.75,0.0,1.0050000000000001,0.0601875,0.0,27.197265625
0.75,0.0,1.2040000000000002,0.0601875,0.0,27.197265625
0.75,0.0,1.4030000000000002,0.0601875,0.0,27.197265625
0.75,0.0,1.6020000000000003,0.0601875,0.0,27.197265625
0.75,0.0,1.8010000000000004,0.0601875,0.0,27.197265625
0.75,0.0,2.0,0.0601875,0.0,27.197265625
0.75,0.25,0.01,0.0601875,0.0006761727790539991,27.221950670964297
0.75,0.25,0.20900000000000002,0.0601875,0.01144244361652888,27.614995021047346
0.75,0.25,0.40800000000000003,0.0601875,0.019056321428595716,27.892954929490205
0.75,0.25,0.607,0.0601875,0.030039628457446576,28.293922621840192
0.75,0.25,0.806,0.0601875,0.044594969353293254,28.82529458795609
0.75,0.25,1.0050000000000001,0.0601875,0.0587845981663297,29.343315499646966
0.75,0.25,1.2040000000000002,0.0601875,0.0737056511449866,29.888038520187887
0.75,0.25,1.4030000000000002,0.0601875,0.08826099204083328,30.419410486303782
0.75,0.25,1.6020000000000003,0.0601875,0.10281633293667995,30.95078245241968
0.75,0.25,1.8010000000000004,0.0601875,0.11737167383252663,31.48215441853558
0.75,0.25,2.0,0.0601875,0.13192701472837326,32.01352638465148
0.75,0.5,0.01,0.0601875,0.0027893514287619893,27.29909650367852
0.75,0.5,0.20900000000000002,0.0601875,0.050661864946009175,29.04677880205933
0.75,0.5,0.40800000000000003,0.0601875,0.09178016042633705,30.547884799442794
0.75,0.5,0.607,0.0601875,0.14767064077230618,32.588279087774026
0.75,0.5,0.806,0.0601875,0.21658817182587028,35.10425203803557
0.75,0.5,1.0050000000000001,0.0601875,0.28377410662180713,37.55700958753677
0.75,0.5,1.2040000000000002,0.0601875,0.3544232339329985,40.136197938558645
0.75,0.5,1.4030000000000002,0.0601875,0.42334076498656265,42.65217088882019
0.75,0.5,1.6020000000000003,0.0601875,0.4922582960401268,45.16814383908172
0.75,0.5,1.8010000000000004,0.0601875,0.561175827093691,47.684116789343264
0.75,0.5,2.0,0.0601875,0.6300933581472549,50.200089739604806
0.75,0.75,0.01,0.0601875,0.006390219891934388,27.43055344231653
0.75,0.75,0.20900000000000002,0.0601875,0.1210623659223622,31.616890549151655
0.75,0.75,0.40800000000000003,0.0601875,0.23041094327075357,35.6088800843587
0.75,0.75,0.607,0.0601875,0.37488757273494555,40.883289746456825
0.75,0.75,0.806,0.0601875,0.5459512431080884,47.128312759495046
0.75,0.75,1.0050000000000001,0.0601875,0.7127168313110518,53.216425646577534
0.75,0.75,1.2040000000000002,0.0601875,0.8880785838543743,59.61835878557149
0.75,0.75,1.4030000000000002,0.0601875,1.0591422542275173,65.86338179860971
0.75,0.75,1.6020000000000003,0.0601875,1.2302059246006602,72.10840481164792
0.75,0.75,1.8010000000000004,0.0601875,1.4012695949738032,78.35342782468615
0.75,0.75,2.0,0.0601875,1.5723332653469455,84.59845083772436
0.75,1.0,0.01,0.0601875,0.011506646872152781,27.617338889900438
0.75,1.0,0.20900000000000002,0.0601875,0.22469201788310011,35.400099221783734
0.75,1.0,0.40800000000000003,0.0601875,0.44290097455799204,43.36625564245006
0.75,1.0,0.607,0.0601875,0.7260979020067004,53.70492851952031
0.75,1.0,0.806,0.0601875,1.0520833805367547,65.60568343081025
0.75,1.0,1.0050000000000001,0.0601875,1.3698782691539932,77.20742439960546
0.75,1.0,1.2040000000000002,0.0601875,1.7040543375968633,89.40719325339015
0.75,1.0,1.4030000000000002,0.0601875,2.030039816126917,101.30794816468008
0.75,1.0,1.6020000000000003,0.0601875,2.356025294656971,113.20870307597002
0.75,1.0,1.8010000000000004,0.0601875,2.682010773187025,125.10945798725996
0.75,1.0,2.0,0.0601875,3.0079962517170786,137.01021289854987
0.75,1.25,0.01,0.0601875,0.018158417572994273,27.860175145042138
0.75,1.25,0.20900000000000002,0.0601875,0.3630759317440188,40.452082058411904
0.75,1.25,0.40800000000000003,0.0601875,0.7354269113168592,54.04550274959328
0.75,1.25,0.607,0.0601875,1.2125360521525645,71.46333061304631
0.75,1.25,0.806,0.0601875,1.750011644488266,91.08495708558213
0.75,1.25,1.0050000000000001,0.0601875,2.273982824956236,110.21357786785323
0.75,1.25,1.2040000000000002,0.0601875,2.8249628291596687,130.3282100306538
0.75,1.25,1.4030000000000002,0.0601875,3.36243842149537,149.9498365031896
0.75,1.25,1.6020000000000003,0.0601875,3.8999140138310717,169.57146297572544
0.75,1.25,1.8010000000000004,0.0601875,4.437389606166773,189.19308944826125
0.75,1.25,2.0,0.0601875,4.974865198502473,208.81471592079706
0.75,1.5,0.01,0.0601875,0.02636096799195019,28.15962572984631
0.75,1.5,0.20900000000000002,0.0601875,0.5374453748132153,46.817788946160015
0.75,1.5,0.40800000000000003,0.0601875,1.1131292784412143,67.83428659613077
0.75,1.5,0.607,0.0601875,1.8435763445979754,94.50072446692374
0.75,1.5,0.806,0.0601875,2.6522154297542158,124.02171910609722
0.75,1.5,1.0050000000000001,0.0601875,3.4405369499567806,152.80098021162308
0.75,1.5,1.2040000000000002,0.0601875,4.269493600066696,183.06370838444417
0.75,1.5,1.4030000000000002,0.0601875,5.078132685222936,212.58470302361766
0.75,1.5,1.6020000000000003,0.0601875,5.886771770379176,242.10569766279113
0.75,1.5,1.8010000000000004,0.0601875,6.695410855535416,271.6266923019646
0.75,1.5,2.0,0.0601875,7.5040499406916545,301.14768694113803
0.75,1.75,0.01,0.0601875,0.03612699010050282,28.51615399023448
0.75,1.75,0.20900000000000002,0.0601875,0.7488403125726861,54.53518591459864
0.75,1.75,0.40800000000000003,0.0601875,1.5804552288492857,84.89495943521048
0.75,1.75,0.607,0.0601875,2.6273444089924913,123.11375251870952
0.75,1.75,0.806,0.0601875,3.769471337491022,164.8093909714888
0.75,1.75,1.0050000000000001,0.0601875,4.882901609494614,205.45740031741434
0.75,1.75,1.2040000000000002,0.0601875,6.053725194488083,248.2006678770474
0.75,1.75,1.4030000000000002,0.0601875,7.195852122986615,289.8963063298267
0.75,1.75,1.6020000000000003,0.0601875,8.337979051485144,331.591944782606
0.75,1.75,1.8010000000000004,0.0601875,9.480105979983676,373.28758323538534
0.75,1.75,2.0,0.0601875,10.622232908482204,414.98322168816446
0.75,2.0,0.01,0.0601875,0.04746727890762347,28.930154019700037
0.75,2.0,0.20900000000000002,0.0601875,0.9981651305445075,63.63728937443441
0.75,2.0,0.40800000000000003,0.0601875,2.141349628734445,105.37153653382173
0.75,2.0,0.607,0.0601875,3.57105914644329,157.56595525858972
0.75,2.0,0.806,0.0601875,5.1113237864074605,213.79641086475831
0.75,2.0,1.0050000000000001,0.0601875,6.612888309789616,268.6140409531839
0.75,2.0,1.2040000000000002,0.0601875,8.191853066335801,326.2573220770955
0.75,2.0,1.4030000000000002,0.0601875,9.732117706299972,382.4877776832641
0.75,2.0,1.6020000000000003,0.0601875,11.272382346264141,438.71823328943265
0.75,2.0,1.8010000000000004,0.0601875,12.812646986228312,494.94868889560126
0.75,2.0,2.0,0.0601875,14.35291162619248,551.1791445017698
0.75,2.25,0.01,0.0601875,0.060391236577734056,29.401969063147416
0.75,2.25,0.20900000000000002,0.0601875,1.2862225811554147,74.1534054160125
0.75,2.25,0.40800000000000003,0.0601875,2.7993738794341696,129.39403400387593
0.75,2.25,0.607,0.0601875,4.681245900998296,198.09555348270644
0.75,2.25,0.806,0.0601875,6.686377423074915,271.2969086987045
0.75,2.25,1.0050000000000001,0.0601875,8.641128756154632,342.6590338841498
0.75,2.25,1.2040000000000002,0.0601875,10.696640467228153,417.6996191307006
0.75,2.25,1.4030000000000002,0.0601875,12.701771989304772,490.90097434669866
0.75,2.25,1.6020000000000003,0.0601875,14.706903511381391,564.1023295626967
0.75,2.25,1.8010000000000004,0.0601875,16.712035033458008,637.3036847786947
0.75,2.25,2.0,0.0601875,18.717166555534625,710.5050399946928
1.0,0.0,0.01,0.107,0.0,28.90625
1.0,0.0,0.20900000000000002,0.107,0.0,28.90625
1.0,0.0,0.40800000000000003,0.107,0.0,28.90625
1.0,0.0,0.607,0.107,0.0,28.90625
1.0,0.0,0.806,0.107,0.0,28.90625
1.0,0.0,1.0050000000000001,0.107,0.0,28.90625
1.0,0.0,1.2040000000000002,0.107,0.0,28.90625
1.0,0.0,1.4030000000000002,0.107,0.0,28.90625
1.0,0.0,1.6020000000000003,0.107,0.0,28.90625
1.0,0.0,1.8010000000000004,0.107,0.0,28.90625
1.0,0.0,2.0,0.107,0.0,28.90625
1.0,0.25,0.01,0.107,0.0006761727790539991,28.930935045964297
1.0,0.25,0.20900000000000002,0.107,0.01144244361652888,29.323979396047346
1.0,0.25,0.40800000000000003,0.107,0.019056321428595716,29.601939304490205
1.0,0.25,0.607,0.107,0.030039628457446576,30.002906996840192
1.0,0.25,0.806,0.107,0.044594969353293254,30.53427896295609
1.0,0.25,1.0050000000000001,0.107,0.0587845981663297,31.052299874646966
1.0,0.25,1.2040000000000002,0.107,0.0737056511449866,31.597022895187884
1.0,0.25,1.4030000000000002,0.107,0.08826099204083328,32.12839486130378
1.0,0.25,1.6020000000000003,0.107,0.10281633293667995,32.65976682741968
1.0,0.25,1.8010000000000004,0.107,0.11737167383252663,33.19113879353558
1.0,0.25,2.0,0.107,0.13192701472837326,33.72251075965148
1.0,0.5,0.01,0.107,0.0027893514287619893,29.00808087867852
1.0,0.5,0.20900000000000002,0.107,0.050661864946009175,30.75576317705933
1.0,0.5,0.40800000000000003,0.107,0.09178016042633705,32.25686917444279
1.0,0.5,0.607,0.107,0.14767064077230618,34.297263462774026
1.0,0.5,0.806,0.107,0.21658817182587028,36.81323641303557
1.0,0.5,1.0050000000000001,0.107,0.28377410662180713,39.26599396253676
1.0,0.5,1.2040000000000002,0.107,0.3544232339329985,41.845182313558645
1.0,0.5,1.4030000000000002,0.107,0.42334076498656265,44.36115526382018
1.0,0.5,1.6020000000000003,0.107,0.4922582960401268,46.87712821408172
1.0,0.5,1.8010000000000004,0.107,0.561175827093691,49.393101164343264
1.0,0.5,2.0,0.107,0.6300933581472549,51.909074114604806
1.0,0.75,0.01,0.107,0.006390219891934388,29.13953781731653
1.0,0.75,0.20900000000000002,0.107,0.1210623659223622,33.325874924151655
1.0,0.75,0.40800000000000003,0.107,0.23041094327075357,37.3178644593587
1.0,0.75,0.607,0.107,0.37488757273494555,42.592274121456825
1.0,0.75,0.806,0.107,0.5459512431080884,48.837297134495046
1.0,0.75,1.0050000000000001,0.107,0.7127168313110518,54.925410021577534
1.0,0.75,1.2040000000000002,0.107,0.8880785838543743,61.32734316057149
1.0,0.75,1.4030000000000002,0.107,1.0591422542275173,67.57236617360971
1.0,0.75,1.6020000000000003,0.107,1.2302059246006602,73.81738918664792
1.0,0.75,1.8010000000000004,0.107,1.4012695949738032,80.06241219968615
1.0,0.75,2.0,0.107,1.5723332653469455,86.30743521272436
1.0,1.0,0.01,0.107,0.011506646872152781,29.326323264900438
1.0,1.0,0.20900000000000002,0.107,0.22469201788310011,37.109083596783734
1.0,1.0,0.40800000000000003,0.107,0.44290097455799204,45.07524001745006
1.0,1.0,0.607,0.107,0.7260979020067004,55.41391289452031
1.0,1.0,0.806,0.107,1.0520833805367547,67.31466780581025
1.0,1.0,1.0050000000000001,0.107,1.3698782691539932,78.91640877460546
1.0,1.0,1.2040000000000002,0.107,1.7040543375968633,91.11617762839015
1.0,1.0,1.4030000000000002,0.107,2.030039816126917,103.01693253968008
1.0,1.0,1.6020000000000003,0.107,2.356025294656971,114.91768745097002
1.0,1.0,1.8010000000000004,0.107,2.682010773187025,126.81844236225996
1.0,1.0,2.0,0.107,3.0079962517170786,138.71919727354987
1.0,1.25,0.01,0.107,0.018158417572994273,29.569159520042138
1.0,1.25,0.20900000000000002,0.107,0.3630759317440188,42.161066433411904
1.0,1.25,0.40800000000000003,0.107,0.7354269113168592,55.75448712459328
1.0,1.25,0.607,0.107,1.2125360521525645,73.17231498804631
1.0,1.25,0.806,0.107,1.750011644488266,92.79394146058213
1.0,1.25,1.0050000000000001,0.107,2.273982824956236,111.92256224285323
1.0,1.25,1.2040000000000002,0.107,2.8249628291596687,132.0371944056538
1.0,1.25,1.4030000000000002,0.107,3.36243842149537,151.6588208781896
1.0,1.25,1.6020000000000003,0.107,3.8999140138310717,171.28044735072544
1.0,1.25,1.8010000000000004,0.107,4.437389606166773,190.90207382326125
1.0,1.25,2.0,0.107,4.974865198502473,210.52370029579706
1.0,1.5,0.01,0.107,0.02636096799195019,29.86861010484631
1.0,1.5,0.20900000000000002,0.107,0.5374453748132153,48.526773321160015
1.0,1.5,0.40800000000000003,0.107,1.1131292784412143,69.54327097113077
1.0,1.5,0.607,0.107,1.8435763445979754,96.20970884192374
1.0,1.5,0.806,0.107,2.6522154297542158,125.73070348109722
1.0,1.5,1.0050000000000001,0.107,3.4405369499567806,154.50996458662308
1.0,1.5,1.2040000000000002,0.107,4.269493600066696,184.77269275944417
1.0,1.5,1.4030000000000002,0.107,5.078132685222936,214.29368739861766
1.0,1.5,1.6020000000000003,0.107,5.886771770379176,243.81468203779113
1.0,1.5,1.8010000000000004,0.107,6.695410855535416,273.3356766769646
1.0,1.5,2.0,0.107,7.5040499406916545,302.85667131613803
1.0,1.75,0.01,0.107,0.03612699010050282,30.22513836523448
1.0,1.75,0.20900000000000002,0.107,0.7488403125726861,56.24417028959864
1.0,1.75,0.40800000000000003,0.107,1.5804552288492857,86.60394381021048
1.0,1.75,0.607,0.107,2.6273444089924913,124.82273689370952
1.0,1.75,0.806,0.107,3.769471337491022,166.5183753464888
1.0,1.75,1.0050000000000001,0.107,4.882901609494614,207.16638469241434
1.0,1.75,1.2040000000000002,0.107,6.053725194488083,249.9096522520474
1.0,1.75,1.4030000000000002,0.107,7.195852122986615,291.6052907048267
1.0,1.75,1.6020000000000003,0.107,8.337979051485144,333.300929157606
1.0,1.75,1.8010000000000004,0.107,9.480105979983676,374.99656761038534
1.0,1.75,2.0,0.107,10.622232908482204,416.69220606316446
1.0,2.0,0.01,0.107,0.04746727890762347,30.639138394700037
1.0,2.0,0.20900000000000002,0.107,0.9981651305445075,65.3462737494344
1.0,2.0,0.40800000000000003,0.107,2.141349628734445,107.08052090882173
1.0,2.0,0.607,0.107,3.57105914644329,159.27493963358972
1.0,2.0,0.806,0.107,5.1113237864074605,215.50539523975831
1.0,2.0,1.0050000000000001,0.107,6.612888309789616,270.3230253281839
1.0,2.0,1.2040000000000002,0.107,8.191853066335801,327.9663064520955
1.0,2.0,1.4030000000000002,0.107,9.732117706299972,384.1967620582641
1.0,2.0,1.6020000000000003,0.107,11.272382346264141,440.42721766443265
1.0,2.0,1.8010000000000004,0.107,12.812646986228312,496.65767327060126
1.0,2.0,2.0,0.107,14.35291162619248,552.8881288767698
1.0,2.25,0.01,0.107,0.060391236577734056,31.110953438147416
1.0,2.25,0.20900000000000002,0.107,1.2862225811554147,75.8623897910125
1.0,2.25,0.40800000000000003,0.107,2.7993738794341696,131.10301837887593
1.0,2.25,0.607,0.107,4.681245900998296,199.80453785770644
1.0,2.25,0.806,0.107,6.686377423074915,273.0058930737045
1.0,2.25,1.0050000000000001,0.107,8.641128756154632,344.3680182591498
1.0,2.25,1.2040000000000002,0.107,10.696640467228153,419.4086035057006
1.0,2.25,1.4030000000000002,0.107,12.701771989304772,492.60995872169866
1.0,2.25,1.6020000000000003,0.107,14.706903511381391,565.8113139376967
1.0,2.25,1.8010000000000004,0.107,16.712035033458008,639.0126691536947
1.0,2.25,2.0,0.107,18.717166555534625,712.2140243696928
1.25,0.0,0.01,0.1671875,0.0,31.103515625
1.25,0.0,0.20900000000000002,0.1671875,0.0,31.103515625
1.25,0.0,0.40800000000000003,0.1671875,0.0,31.103515625
1.25,0.0,0.607,0.1671875,0.0,31.103515625
1.25,0.0,0.806,0.1671875,0.0,31.103515625
1.25,0.0,1.0050000000000001,0.1671875,0.0,31.103515625
1.25,0.0,1.2040000000000002,0.1671875,0.0,31.103515625
1.25,0.0,1.4030000000000002,0.1671875,0.0,31.103515625
1.25,0.0,1.6020000000000003,0.1671875,0.0,31.103515625
1.25,0.0,1.8010000000000004,0.1671875,0.0,31.103515625
1.25,0.0,2.0,0.1671875,0.0,31.103515625
1.25,0.25,0.01,0.1671875,0.0006761727790539991,31.128200670964294
1.25,0.25,0.20900000000000002,0.1671875,0.01144244361652888,31.521245021047346
1.25,0.25,0.40800000000000003,0.1671875,0.019056321428595716,31.799204929490205
1.25,0.25,0.607,0.1671875,0.030039628457446576,32.200172621840196
1.25,0.25,0.806,0.1671875,0.044594969353293254,32.731544587956094
1.25,0.25,1.0050000000000001,0.1671875,0.0587845981663297,33.24956549964696
1.25,0.25,1.2040000000000002,0.1671875,0.0737056511449866,33.794288520187884
1.25,0.25,1.4030000000000002,0.1671875,0.08826099204083328,34.32566048630378
1.25,0.25,1.6020000000000003,0.1671875,0.10281633293667995,34.85703245241968
1.25,0.25,1.8010000000000004,0.1671875,0.11737167383252663,35.38840441853558
1.25,0.25,2.0,0.1671875,0.13192701472837326,35.91977638465148
1.25,0.5,0.01,0.1671875,0.0027893514287619893,31.20534650367852
1.25,0.5,0.20900000000000002,0.1671875,0.050661864946009175,32.95302880205933
1.25,0.5,0.40800000000000003,0.1671875,0.09178016042633705,34.45413479944279
1.25,0.5,0.607,0.1671875,0.14767064077230618,36.494529087774026
1.25,0.5,0.806,0.1671875,0.21658817182587028,39.01050203803557
1.25,0.5,1.0050000000000001,0.1671875,0.28377410662180713,41.46325958753677
1.25,0.5,1.2040000000000002,0.1671875,0.3544232339329985,44.042447938558645
1.25,0.5,1.4030000000000002,0.1671875,0.42334076498656265,46.55842088882018
1.25,0.5,1.6020000000000003,0.1671875,0.4922582960401268,49.07439383908172
1.25,0.5,1.8010000000000004,0.1671875,0.561175827093691,51.590366789343264
1.25,0.5,2.0,0.1671875,0.6300933581472549,54.106339739604806
1.25,0.75,0.01,0.1671875,0.006390219891934388,31.33680344231653
1.25,0.75,0.20900000000000002,0.1671875,0.1210623659223622,35.523140549151655
1.25,0.75,0.40800000000000003,0.1671875,0.23041094327075357,39.5151300843587
1.25,0.75,0.607,0.1671875,0.37488757273494555,44.789539746456825
1.25,0.75,0.806,0.1671875,0.5459512431080884,51.034562759495046
1.25,0.75,1.0050000000000001,0.1671875,0.7127168313110518,57.12267564657753
1.25,0.75,1.2040000000000002,0.1671875,0.8880785838543743,63.52460878557149
1.25,0.75,1.4030000000000002,0.1671875,1.0591422542275173,69.76963179860971
1.25,0.75,1.6020000000000003,0.1671875,1.2302059246006602,76.01465481164792
1.25,0.75,1.8010000000000004,0.1671875,1.4012695949738032,82.25967782468615
1.25,0.75,2.0,0.1671875,1.5723332653469455,88.50470083772436
1.25,1.0,0.01,0.1671875,0.011506646872152781,31.523588889900438
1.25,1.0,0.20900000000000002,0.1671875,0.22469201788310011,39.306349221783734
1.25,1.0,0.40800000000000003,0.1671875,0.44290097455799204,47.27250564245006
1.25,1.0,0.607,0.1671875,0.7260979020067004,57.61117851952031
1.25,1.0,0.806,0.1671875,1.0520833805367547,69.51193343081025
1.25,1.0,1.0050000000000001,0.1671875,1.3698782691539932,81.11367439960546
1.25,1.0,1.2040000000000002,0.1671875,1.7040543375968633,93.31344325339015
1.25,1.0,1.4030000000000002,0.1671875,2.030039816126917,105.21419816468008
1.25,1.0,1.6020000000000003,0.1671875,2.356025294656971,117.11495307597002
1.25,1.0,1.8010000000000004,0.1671875,2.682010773187025,129.01570798725996
1.25,1.0,2.0,0.1671875,3.0079962517170786,140.91646289854987
1.25,1.25,0.01,0.1671875,0.018158417572994273,31.766425145042138
1.25,1.25,0.20900000000000002,0.1671875,0.3630759317440188,44.358332058411904
1.25,1.25,0.40800000000000003,0.1671875,0.7354269113168592,57.951752749593275
1.25,1.25,0.607,0.1671875,1.2125360521525645,75.36958061304631
1.25,1.25,0.806,0.1671875,1.750011644488266,94.99120708558213
1.25,1.25,1.0050000000000001,0.1671875,2.273982824956236,114.11982786785323
1.25,1.25,1.2040000000000002,0.1671875,2.8249628291596687,134.2344600306538
1.25,1.25,1.4030000000000002,0.1671875,3.36243842149537,153.8560865031896
1.25,1.25,1.6020000000000003,0.1671875,3.8999140138310717,173.47771297572544
1.25,1.25,1.8010000000000004,0.1671875,4.437389606166773,193.09933944826125
1.25,1.25,2.0,0.1671875,4.974865198502473,212.72096592079706
1.25,1.5,0.01,0.1671875,0.02636096799195019,32.06587572984631
1.25,1.5,0.20900000000000002,0.1671875,0.5374453748132153,50.724038946160015
1.25,1.5,0.40800000000000003,0.1671875,1.1131292784412143,71.74053659613077
1.25,1.5,0.607,0.1671875,1.8435763445979754,98.40697446692374
1.25,1.5,0.806,0.1671875,2.6522154297542158,127.92796910609722
1.25,1.5,1.0050000000000001,0.1671875,3.4405369499567806,156.70723021162308
1.25,1.5,1.2040000000000002,0.1671875,4.269493600066696,186.96995838444417
1.25,1.5,1.4030000000000002,0.1671875,5.078132685222936,216.49095302361766
1.25,1.5,1.6020000000000003,0.1671875,5.886771770379176,246.01194766279113
1.25,1.5,1.8010000000000004,0.1671875,6.695410855535416,275.5329423019646
1.25,1.5,2.0,0.1671875,7.5040499406916545,305.05393694113803
1.25,1.75,0.01,0.1671875,0.03612699010050282,32.42240399023448
1.25,1.75,0.20900000000000002,0.1671875,0.7488403125726861,58.44143591459864
1.25,1.75,0.40800000000000003,0.1671875,1.5804552288492857,88.80120943521048
1.25,1.75,0.607,0.1671875,2.6273444089924913,127.02000251870952
1.25,1.75,0.806,0.1671875,3.769471337491022,168.7156409714888
1.25,1.75,1.0050000000000001,0.1671875,4.882901609494614,209.36365031741434
1.25,1.75,1.2040000000000002,0.1671875,6.053725194488083,252.1069178770474
1.25,1.75,1.4030000000000002,0.1671875,7.195852122986615,293.8025563298267
1.25,1.75,1.6020000000000003,0.1671875,8.337979051485144,335.498194782606
1.25,1.75,1.8010000000000004,0.1671875,9.480105979983676,377.19383323538534
1.25,1.75,2.0,0.1671875,10.622232908482204,418.88947168816446
1.25,2.0,0.01,0.1671875,0.04746727890762347,32.83640401970004
1.25,2.0,0.20900000000000002,0.1671875,0.9981651305445075,67.5435393744344
1.25,2.0,0.40800000000000003,0.1671875,2.141349628734445,109.27778653382173
1.25,2.0,0.607,0.1671875,3.57105914644329,161.47220525858972
1.25,2.0,0.806,0.1671875,5.1113237864074605,217.70266086475831
1.25,2.0,1.0050000000000001,0.1671875,6.612888309789616,272.5202909531839
1.25,2.0,1.2040000000000002,0.1671875,8.191853066335801,330.1635720770955
1.25,2.0,1.4030000000000002,0.1671875,9.732117706299972,386.3940276832641
1.25,2.0,1.6020000000000003,0.1671875,11.272382346264141,442.62448328943265
1.25,2.0,1.8010000000000004,0.1671875,12.812646986228312,498.85493889560126
1.25,2.0,2.0,0.1671875,14.35291162619248,555.0853945017698
1.25,2.25,0.01,0.1671875,0.060391236577734056,33.30821906314742
1.25,2.25,0.20900000000000002,0.1671875,1.2862225811554147,78.0596554160125
1.25,2.25,0.40800000000000003,0.1671875,2.7993738794341696,133.3002840038759
1.25,2.25,0.607,0.1671875,4.681245900998296,202.00180348270644
1.25,2.25,0.806,0.1671875,6.686377423074915,275.2031586987045
1.25,2.25,1.0050000000000001,0.1671875,8.641128756154632,346.5652838841498
1.25,2.25,1.2040000000000002,0.1671875,10.696640467228153,421.6058691307006
1.25,2.25,1.4030000000000002,0.1671875,12.701771989304772,494.80722434669866
1.25,2.25,1.6020000000000003,0.1671875,14.706903511381391,568.0085795626967
1.25,2.25,1.8010000000000004,0.1671875,16.712035033458008,641.2099347786947
1.25,2.25,2.0,0.1671875,18.717166555534625,714.4112899946928
1.5,0.0,0.01,0.24075,0.0,33.7890625
1.5,0.0,0.20900000000000002,0.24075,0.0,33.7890625
1.5,0.0,0.40800000000000003,0.24075,0.0,33.7890625
1.5,0.0,0.607,0.24075,0.0,33.7890625
1.5,0.0,0.806,0.24075,0.0,33.7890625
1.5,0.0,1.0050000000000001,0.24075,0.0,33.7890625
1.5,0.0,1.2040000000000002,0.24075,0.0,33.7890625
1.5,0.0,1.4030000000000002,0.24075,0.0,33.7890625
1.5,0.0,1.6020000000000003,0.24075,0.0,33.7890625
1.5,0.0,1.8010000000000004,0.24075,0.0,33.7890625
1.5,0.0,2.0,0.24075,0.0,33.7890625
1.5,0.25,0.01,0.24075,0.0006761727790539991,33.81374754596429
1.5,0.25,0.20900000000000002,0.24075,0.01144244361652888,34.20679189604734
1.5,0.25,0.40800000000000003,0.24075,0.019056321428595716,34.4847518044902
1.5,0.25,0.607,0.24075,0.030039628457446576,34.88571949684019
1.5,0.25,0.806,0.24075,0.044594969353293254,35.417091462956094
1.5,0.25,1.0050000000000001,0.24075,0.0587845981663297,35.93511237464696
1.5,0.25,1.2040000000000002,0.24075,0.0737056511449866,36.479835395187884
1.5,0.25,1.4030000000000002,0.24075,0.08826099204083328,37.01120736130378
1.5,0.25,1.6020000000000003,0.24075,0.10281633293667995,37.54257932741968
1.5,0.25,1.8010000000000004,0.24075,0.11737167383252663,38.07395129353558
1.5,0.25,2.0,0.24075,0.13192701472837326,38.60532325965147
1.5,0.5,0.01,0.24075,0.0027893514287619893,33.89089337867852
1.5,0.5,0.20900000000000002,0.24075,0.050661864946009175,35.63857567705933
1.5,0.5,0.40800000000000003,0.24075,0.09178016042633705,37.13968167444279
1.5,0.5,0.607,0.24075,0.14767064077230618,39.180075962774026
1.5,0.5,0.806,0.24075,0.21658817182587028,41.69604891303557
1.5,0.5,1.0050000000000001,0.24075,0.28377410662180713,44.14880646253676
1.5,0.5,1.2040000000000002,0.24075,0.3544232339329985,46.727994813558645
1.5,0.5,1.4030000000000002,0.24075,0.42334076498656265,49.24396776382018
1.5,0.5,1.6020000000000003,0.24075,0.4922582960401268,51.75994071408172
1.5,0.5,1.8010000000000004,0.24075,0.561175827093691,54.275913664343264
1.5,0.5,2.0,0.24075,0.6300933581472549,56.791886614604806
1.5,0.75,0.01,0.24075,0.006390219891934388,34.02235031731653
1.5,0.75,0.20900000000000002,0.24075,0.1210623659223622,38.208687424151655
1.5,0.75,0.40800000000000003,0.24075,0.23041094327075357,42.2006769593587
1.5,0.75,0.607,0.24075,0.37488757273494555,47.475086621456825
1.5,0.75,0.806,0.24075,0.5459512431080884,53.720109634495046
1.5,0.75,1.0050000000000001,0.24075,0.7127168313110518,59.80822252157753
1.5,0.75,1.2040000000000002,0.24075,0.8880785838543743,66.21015566057149
1.5,0.75,1.4030000000000002,0.24075,1.0591422542275173,72.45517867360971
1.5,0.75,1.6020000000000003,0.24075,1.2302059246006602,78.70020168664792
1.5,0.75,1.8010000000000004,0.24075,1.4012695949738032,84.94522469968615
1.5,0.75,2.0,0.24075,1.5723332653469455,91.19024771272434
1.5,1.0,0.01,0.24075,0.011506646872152781,34.20913576490044
1.5,1.0,0.20900000000000002,0.24075,0.22469201788310011,41.991896096783734
1.5,1.0,0.40800000000000003,0.24075,0.44290097455799204,49.95805251745006
1.5,1.0,0.607,0.24075,0.7260979020067004,60.29672539452031
1.5,1.0,0.806,0.24075,1.0520833805367547,72.19748030581025
1.5,1.0,1.0050000000000001,0.24075,1.3698782691539932,83.79922127460546
1.5,1.0,1.2040000000000002,0.24075,1.7040543375968633,95.99899012839015
1.5,1.0,1.4030000000000002,0.24075,2.030039816126917,107.89974503968008
1.5,1.0,1.6020000000000003,0.24075,2.356025294656971,119.80049995097002
1.5,1.0,1.8010000000000004,0.24075,2.682010773187025,131.70125486225996
1.5,1.0,2.0,0.24075,3.0079962517170786,143.60200977354987
1.5,1.25,0.01,0.24075,0.018158417572994273,34.451972020042135
1.5,1.25,0.20900000000000002,0.24075,0.3630759317440188,47.0438789334119
1.5,1.25,0.40800000000000003,0.24075,0.7354269113168592,60.637299624593275
1.5,1.25,0.607,0.24075,1.2125360521525645,78.05512748804631
1.5,1.25,0.806,0.24075,1.750011644488266,97.67675396058213
1.5,1.25,1.0050000000000001,0.24075,2.273982824956236,116.80537474285323
1.5,1.25,1.2040000000000002,0.24075,2.8249628291596687,136.9200069056538
1.5,1.25,1.4030000000000002,0.24075,3.36243842149537,156.5416333781896
1.5,1.25,1.6020000000000003,0.24075,3.8999140138310717,176.16325985072544
1.5,1.25,1.8010000000000004,0.24075,4.437389606166773,195.78488632326125
1.5,1.25,2.0,0.24075,4.974865198502473,215.40651279579706
1.5,1.5,0.01,0.24075,0.02636096799195019,34.75142260484631
1.5,1.5,0.20900000000000002,0.24075,0.5374453748132153,53.409585821160015
1.5,1.5,0.40800000000000003,0.24075,1.1131292784412143,74.42608347113077
1.5,1.5,0.607,0.24075,1.8435763445979754,101.09252134192374
1.5,1.5,0.806,0.24075,2.6522154297542158,130.61351598109724
1.5,1.5,1.0050000000000001,0.24075,3.4405369499567806,159.39277708662308
1.5,1.5,1.2040000000000002,0.24075,4.269493600066696,189.65550525944417
1.5,1.5,1.4030000000000002,0.24075,5.078132685222936,219.17649989861766
1.5,1.5,1.6020000000000003,0.24075,5.886771770379176,248.69749453779113
1.5,1.5,1.8010000000000004,0.24075,6.695410855535416,278.2184891769646
1.5,1.5,2.0,0.24075,7.5040499406916545,307.73948381613803
1.5,1.75,0.01,0.24075,0.03612699010050282,35.10795086523448
1.5,1.75,0.20900000000000002,0.24075,0.7488403125726861,61.12698278959864
1.5,1.75,0.40800000000000003,0.24075,1.5804552288492857,91.48675631021048
1.5,1.75,0.607,0.24075,2.6273444089924913,129.70554939370953
1.5,1.75,0.806,0.24075,3.769471337491022,171.4011878464888
1.5,1.75,1.0050000000000001,0.24075,4.882901609494614,212.04919719241434
1.5,1.75,1.2040000000000002,0.24075,6.053725194488083,254.7924647520474
1.5,1.75,1.4030000000000002,0.24075,7.195852122986615,296.4881032048267
1.5,1.75,1.6020000000000003,0.24075,8.337979051485144,338.183741657606
1.5,1.75,1.8010000000000004,0.24075,9.480105979983676,379.87938011038534
1.5,1.75,2.0,0.24075,10.622232908482204,421.57501856316446
1.5,2.0,0.01,0.24075,0.04746727890762347,35.52195089470004
1.5,2.0,0.20900000000000002,0.24075,0.9981651305445075,70.2290862494344
1.5,2.0,0.40800000000000003,0.24075,2.141349628734445,111.96333340882173
1.5,2.0,0.607,0.24075,3.57105914644329,164.15775213358972
1.5,2.0,0.806,0.24075,5.1113237864074605,220.38820773975831
1.5,2.0,1.0050000000000001,0.24075,6.612888309789616,275.2058378281839
1.5,2.0,1.2040000000000002,0.24075,8.191853066335801,332.8491189520955
1.5,2.0,1.4030000000000002,0.24075,9.732117706299972,389.0795745582641
1.5,2.0,1.6020000000000003,0.24075,11.272382346264141,445.31003016443265
1.5,2.0,1.8010000000000004,0.24075,12.812646986228312,501.54048577060126
1.5,2.0,2.0,0.24075,14.35291162619248,557.7709413767698
1.5,2.25,0.01,0.24075,0.060391236577734056,35.99376593814742
1.5,2.25,0.20900000000000002,0.24075,1.2862225811554147,80.7452022910125
1.5,2.25,0.40800000000000003,0.24075,2.7993738794341696,135.9858308788759
1.5,2.25,0.607,0.24075,4.681245900998296,204.68735035770644
1.5,2.25,0.806,0.24075,6.686377423074915,277.8887055737045
1.5,2.25,1.0050000000000001,0.24075,8.641128756154632,349.2508307591498
1.5,2.25,1.2040000000000002,0.24075,10.696640467228153,424.2914160057006
1.5,2.25,1.4030000000000002,0.24075,12.701771989304772,497.49277122169866
1.5,2.25,1.6020000000000003,0.24075,14.706903511381391,570.6941264376967
1.5,2.25,1.8010000000000004,0.24075,16.712035033458008,643.8954816536947
1.5,2.25,2.0,0.24075,18.717166555534625,717.0968368696928
1.75,0.0,0.01,0.3276875,0.0,36.962890625
1.75,0.0,0.20900000000000002,0.3276875,0.0,36.962890625
1.75,0.0,0.40800000000000003,0.3276875,0.0,36.962890625
1.75,0.0,0.607,0.3276875,0.0,36.962890625
1.75,0.0,0.806,0.3276875,0.0,36.962890625
1.75,0.0,1.0050000000000001,0.3276875,0.0,36.962890625
1.75,0.0,1.2040000000000002,0.3276875,0.0,36.962890625
1.75,0.0,1.4030000000000002,0.3276875,0.0,36.962890625
1.75,0.0,1.6020000000000003,0.3276875,0.0,36.962890625
1.75,0.0,1.8010000000000004,0.3276875,0.0,36.962890625
1.75,0.0,2.0,0.3276875,0.0,36.962890625
1.75,0.25,0.01,0.3276875,0.0006761727790539991,36.9875756709643
1.75,0.25,0.20900000000000002,0.3276875,0.01144244361652888,37.38062002104734
1.75,0.25,0.40800000000000003,0.3276875,0.019056321428595716,37.6585799294902
1.75,0.25,0.607,0.3276875,0.030039628457446576,38.05954762184019
1.75,0.25,0.806,0.3276875,0.044594969353293254,38.59091958795609
1.75,0.25,1.0050000000000001,0.3276875,0.0587845981663297,39.10894049964696
1.75,0.25,1.2040000000000002,0.3276875,0.0737056511449866,39.653663520187884
1.75,0.25,1.4030000000000002,0.3276875,0.08826099204083328,40.18503548630378
1.75,0.25,1.6020000000000003,0.3276875,0.10281633293667995,40.71640745241968
1.75,0.25,1.8010000000000004,0.3276875,0.11737167383252663,41.24777941853558
1.75,0.25,2.0,0.3276875,0.13192701472837326,41.77915138465147
1.75,0.5,0.01,0.3276875,0.0027893514287619893,37.06472150367851
1.75,0.5,0.20900000000000002,0.3276875,0.050661864946009175,38.81240380205933
1.75,0.5,0.40800000000000003,0.3276875,0.09178016042633705,40.31350979944279
1.75,0.5,0.607,0.3276875,0.14767064077230618,42.353904087774026
1.75,0.5,0.806,0.3276875,0.21658817182587028,44.86987703803557
1.75,0.5,1.0050000000000001,0.3276875,0.28377410662180713,47.32263458753676
1.75,0.5,1.2040000000000002,0.3276875,0.3544232339329985,49.901822938558645
1.75,0.5,1.4030000000000002,0.3276875,0.42334076498656265,52.41779588882018
1.75,0.5,1.6020000000000003,0.3276875,0.4922582960401268,54.93376883908172
1.75,0.5,1.8010000000000004,0.3276875,0.561175827093691,57.44974178934327
1.75,0.5,2.0,0.3276875,0.6300933581472549,59.9657147396048
1.75,0.75,0.01,0.3276875,0.006390219891934388,37.19617844231653
1.75,0.75,0.20900000000000002,0.3276875,0.1210623659223622,41.382515549151655
1.75,0.75,0.40800000000000003,0.3276875,0.23041094327075357,45.3745050843587
1.75,0.75,0.607,0.3276875,0.37488757273494555,50.648914746456825
1.75,0.75,0.806,0.3276875,0.5459512431080884,56.893937759495046
1.75,0.75,1.0050000000000001,0.3276875,0.7127168313110518,62.982050646577534
1.75,0.75,1.2040000000000002,0.3276875,0.8880785838543743,69.38398378557147
1.75,0.75,1.4030000000000002,0.3276875,1.0591422542275173,75.62900679860971
1.75,0.75,1.6020000000000003,0.3276875,1.2302059246006602,81.87402981164792
1.75,0.75,1.8010000000000004,0.3276875,1.4012695949738032,88.11905282468615
1.75,0.75,2.0,0.3276875,1.5723332653469455,94.36407583772434
1.75,1.0,0.01,0.3276875,0.011506646872152781,37.38296388990044
1.75,1.0,0.20900000000000002,0.3276875,0.22469201788310011,45.165724221783734
1.75,1.0,0.40800000000000003,0.3276875,0.44290097455799204,53.13188064245006
1.75,1.0,0.607,0.3276875,0.7260979020067004,63.47055351952031
1.75,1.0,0.806,0.3276875,1.0520833805367547,75.37130843081025
1.75,1.0,1.0050000000000001,0.3276875,1.3698782691539932,86.97304939960546
1.75,1.0,1.2040000000000002,0.3276875,1.7040543375968633,99.17281825339015
1.75,1.0,1.4030000000000002,0.3276875,2.030039816126917,111.07357316468008
1.75,1.0,1.6020000000000003,0.3276875,2.356025294656971,122.97432807597002
1.75,1.0,1.8010000000000004,0.3276875,2.682010773187025,134.87508298725996
1.75,1.0,2.0,0.3276875,3.0079962517170786,146.77583789854987
1.75,1.25,0.01,0.3276875,0.018158417572994273,37.625800145042135
1.75,1.25,0.20900000000000002,0.3276875,0.3630759317440188,50.2177070584119
1.75,1.25,0.40800000000000003,0.3276875,0.7354269113168592,63.81112774959328
1.75,1.25,0.607,0.3276875,1.2125360521525645,81.2289556130463
1.75,1.25,0.806,0.3276875,1.750011644488266,100.85058208558213
1.75,1.25,1.0050000000000001,0.3276875,2.273982824956236,119.97920286785323
1.75,1.25,1.2040000000000002,0.3276875,2.8249628291596687,140.0938350306538
1.75,1.25,1.4030000000000002,0.3276875,3.36243842149537,159.7154615031896
1.75,1.25,1.6020000000000003,0.3276875,3.8999140138310717,179.33708797572544
1.75,1.25,1.8010000000000004,0.3276875,4.437389606166773,198.95871444826125
1.75,1.25,2.0,0.3276875,4.974865198502473,218.58034092079706
1.75,1.5,0.01,0.3276875,0.02636096799195019,37.92525072984631
1.75,1.5,0.20900000000000002,0.3276875,0.5374453748132153,56.583413946160015
1.75,1.5,0.40800000000000003,0.3276875,1.1131292784412143,77.59991159613077
1.75,1.5,0.607,0.3276875,1.8435763445979754,104.26634946692374
1.75,1.5,0.806,0.3276875,2.6522154297542158,133.78734410609724
1.75,1.5,1.0050000000000001,0.3276875,3.4405369499567806,162.56660521162308
1.75,1.5,1.2040000000000002,0.3276875,4.269493600066696,192.82933338444417
1.75,1.5,1.4030000000000002,0.3276875,5.078132685222936,222.35032802361766
1.75,1.5,1.6020000000000003,0.3276875,5.886771770379176,251.87132266279113
1.75,1.5,1.8010000000000004,0.3276875,6.695410855535416,281.3923173019646
1.75,1.5,2.0,0.3276875,7.5040499406916545,310.91331194113803
1.75,1.75,0.01,0.3276875,0.03612699010050282,38.28177899023448
1.75,1.75,0.20900000000000002,0.3276875,0.7488403125726861,64.30081091459864
1.75,1.75,0.40800000000000003,0.3276875,1.5804552288492857,94.66058443521048
1.75,1.75,0.607,0.3276875,2.6273444089924913,132.87937751870953
1.75,1.75,0.806,0.3276875,3.769471337491022,174.57501597148882
1.75,1.75,1.0050000000000001,0.3276875,4.882901609494614,215.22302531741434
1.75,1.75,1.2040000000000002,0.3276875,6.053725194488083,257.9662928770474
1.75,1.75,1.4030000000000002,0.3276875,7.195852122986615,299.6619313298267
1.75,1.75,1.6020000000000003,0.3276875,8.337979051485144,341.357569782606
1.75,1.75,1.8010000000000004,0.3276875,9.480105979983676,383.05320823538534
1.75,1.75,2.0,0.3276875,10.622232908482204,424.74884668816446
1.75,2.0,0.01,0.3276875,0.04746727890762347,38.69577901970004
1.75,2.0,0.20900000000000002,0.3276875,0.9981651305445075,73.4029143744344
1.75,2.0,0.40800000000000003,0.3276875,2.141349628734445,115.13716153382173
1.75,2.0,0.607,0.3276875,3.57105914644329,167.33158025858972
1.75,2.0,0.806,0.3276875,5.1113237864074605,223.56203586475831
1.75,2.0,1.0050000000000001,0.3276875,6.612888309789616,278.3796659531839
1.75,2.0,1.2040000000000002,0.3276875,8.191853066335801,336.0229470770955
1.75,2.0,1.4030000000000002,0.3276875,9.732117706299972,392.2534026832641
1.75,2.0,1.6020000000000003,0.3276875,11.272382346264141,448.48385828943265
1.75,2.0,1.8010000000000004,0.3276875,12.812646986228312,504.71431389560126
1.75,2.0,2.0,0.3276875,14.35291162619248,560.9447695017698
1.75,2.25,0.01,0.3276875,0.060391236577734056,39.16759406314741
1.75,2.25,0.20900000000000002,0.3276875,1.2862225811554147,83.9190304160125
1.75,2.25,0.40800000000000003,0.3276875,2.7993738794341696,139.1596590038759
1.75,2.25,0.607,0.3276875,4.681245900998296,207.86117848270644
1.75,2.25,0.806,0.3276875,6.686377423074915,281.0625336987045
1.75,2.25,1.0050000000000001,0.3276875,8.641128756154632,352.4246588841498
1.75,2.25,1.2040000000000002,0.3276875,10.696640467228153,427.4652441307006
1.75,2.25,1.4030000000000002,0.3276875,12.701771989304772,500.66659934669866
1.75,2.25,1.6020000000000003,0.3276875,14.706903511381391,573.8679545626967
1.75,2.25,1.8010000000000004,0.3276875,16.712035033458008,647.0693097786947
1.75,2.25,2.0,0.3276875,18.717166555534625,720.2706649946928
2.0,0.0,0.01,0.428,0.0,40.625
2.0,0.0,0.20900000000000002,0.428,0.0,40.625
2.0,0.0,0.40800000000000003,0.428,0.0,40.625
2.0,0.0,0.607,0.428,0.0,40.625
2.0,0.0,0.806,0.428,0.0,40.625
2.0,0.0,1.0050000000000001,0.428,0.0,40.625
2.0,0.0,1.2040000000000002,0.428,0.0,40.625
2.0,0.0,1.4030000000000002,0.428,0.0,40.625
2.0,0.0,1.6020000000000003,0.428,0.0,40.625
2.0,0.0,1.8010000000000004,0.428,0.0,40.625
2.0,0.0,2.0,0.428,0.0,40.625
2.0,0.25,0.01,0.428,0.0006761727790539991,40.64968504596429
2.0,0.25,0.20900000000000002,0.428,0.01144244361652888,41.04272939604734
2.0,0.25,0.40800000000000003,0.428,0.019056321428595716,41.3206893044902
2.0,0.25,0.607,0.428,0.030039628457446576,41.72165699684019
2.0,0.25,0.806,0.428,0.044594969353293254,42.253028962956094
2.0,0.25,1.0050000000000001,0.428,0.0587845981663297,42.77104987464696
2.0,0.25,1.2040000000000002,0.428,0.0737056511449866,43.315772895187884
2.0,0.25,1.4030000000000002,0.428,0.08826099204083328,43.847144861303775
2.0,0.25,1.6020000000000003,0.428,0.10281633293667995,44.37851682741968
2.0,0.25,1.8010000000000004,0.428,0.11737167383252663,44.90988879353558
2.0,0.25,2.0,0.428,0.13192701472837326,45.44126075965147
2.0,0.5,0.01,0.428,0.0027893514287619893,40.72683087867851
2.0,0.5,0.20900000000000002,0.428,0.050661864946009175,42.47451317705933
2.0,0.5,0.40800000000000003,0.428,0.09178016042633705,43.97561917444279
2.0,0.5,0.607,0.428,0.14767064077230618,46.016013462774026
2.0,0.5,0.806,0.428,0.21658817182587028,48.53198641303557
2.0,0.5,1.0050000000000001,0.428,0.28377410662180713,50.98474396253676
2.0,0.5,1.2040000000000002,0.428,0.3544232339329985,53.563932313558645
2.0,0.5,1.4030000000000002,0.428,0.42334076498656265,56.07990526382018
2.0,0.5,1.6020000000000003,0.428,0.4922582960401268,58.59587821408172
2.0,0.5,1.8010000000000004,0.428,0.561175827093691,61.111851164343264
2.0,0.5,2.0,0.428,0.6300933581472549,63.627824114604806
2.0,0.75,0.01,0.428,0.006390219891934388,40.85828781731653
2.0,0.75,0.20900000000000002,0.428,0.1210623659223622,45.044624924151655
2.0,0.75,0.40800000000000003,0.428,0.23041094327075357,49.0366144593587
2.0,0.75,0.607,0.428,0.37488757273494555,54.311024121456825
2.0,0.75,0.806,0.428,0.5459512431080884,60.556047134495046
2.0,0.75,1.0050000000000001,0.428,0.7127168313110518,66.64416002157753
2.0,0.75,1.2040000000000002,0.428,0.8880785838543743,73.04609316057147
2.0,0.75,1.4030000000000002,0.428,1.0591422542275173,79.29111617360971
2.0,0.75,1.6020000000000003,0.428,1.2302059246006602,85.53613918664792
2.0,0.75,1.8010000000000004,0.428,1.4012695949738032,91.78116219968614
2.0,0.75,2.0,0.428,1.5723332653469455,98.02618521272434
2.0,1.0,0.01,0.428,0.011506646872152781,41.04507326490044
2.0,1.0,0.20900000000000002,0.428,0.22469201788310011,48.827833596783734
2.0,1.0,0.40800000000000003,0.428,0.44290097455799204,56.79399001745006
2.0,1.0,0.607,0.428,0.7260979020067004,67.13266289452031
2.0,1.0,0.806,0.428,1.0520833805367547,79.03341780581025
2.0,1.0,1.0050000000000001,0.428,1.3698782691539932,90.63515877460546
2.0,1.0,1.2040000000000002,0.428,1.7040543375968633,102.83492762839015
2.0,1.0,1.4030000000000002,0.428,2.030039816126917,114.73568253968008
2.0,1.0,1.6020000000000003,0.428,2.356025294656971,126.63643745097002
2.0,1.0,1.8010000000000004,0.428,2.682010773187025,138.53719236225996
2.0,1.0,2.0,0.428,3.0079962517170786,150.43794727354987
2.0,1.25,0.01,0.428,0.018158417572994273,41.287909520042135
2.0,1.25,0.20900000000000002,0.428,0.3630759317440188,53.8798164334119
2.0,1.25,0.40800000000000003,0.428,0.7354269113168592,67.47323712459328
2.0,1.25,0.607,0.428,1.2125360521525645,84.8910649880463
2.0,1.25,0.806,0.428,1.750011644488266,104.51269146058213
2.0,1.25,1.0050000000000001,0.428,2.273982824956236,123.64131224285323
2.0,1.25,1.2040000000000002,0.428,2.8249628291596687,143.75594440565376
2.0,1.25,1.4030000000000002,0.428,3.36243842149537,163.3775708781896
2.0,1.25,1.6020000000000003,0.428,3.8999140138310717,182.99919735072544
2.0,1.25,1.8010000000000004,0.428,4.437389606166773,202.62082382326125
2.0,1.25,2.0,0.428,4.974865198502473,222.24245029579703
2.0,1.5,0.01,0.428,0.02636096799195019,41.58736010484631
2.0,1.5,0.20900000000000002,0.428,0.5374453748132153,60.245523321160015
2.0,1.5,0.40800000000000003,0.428,1.1131292784412143,81.26202097113077
2.0,1.5,0.607,0.428,1.8435763445979754,107.92845884192374
2.0,1.5,0.806,0.428,2.6522154297542158,137.44945348109724
2.0,1.5,1.0050000000000001,0.428,3.4405369499567806,166.22871458662308
2.0,1.5,1.2040000000000002,0.428,4.269493600066696,196.49144275944417
2.0,1.5,1.4030000000000002,0.428,5.078132685222936,226.01243739861766
2.0,1.5,1.6020000000000003,0.428,5.886771770379176,255.53343203779113
2.0,1.5,1.8010000000000004,0.428,6.695410855535416,285.0544266769646
2.0,1.5,2.0,0.428,7.5040499406916545,314.57542131613803
2.0,1.75,0.01,0.428,0.03612699010050282,41.94388836523447
2.0,1.75,0.20900000000000002,0.428,0.7488403125726861,67.96292028959863
2.0,1.75,0.40800000000000003,0.428,1.5804552288492857,98.32269381021048
2.0,1.75,0.607,0.428,2.6273444089924913,136.54148689370953
2.0,1.75,0.806,0.428,3.769471337491022,178.23712534648882
2.0,1.75,1.0050000000000001,0.428,4.882901609494614,218.88513469241434
2.0,1.75,1.2040000000000002,0.428,6.053725194488083,261.6284022520474
2.0,1.75,1.4030000000000002,0.428,7.195852122986615,303.3240407048267
2.0,1.75,1.6020000000000003,0.428,8.337979051485144,345.019679157606
2.0,1.75,1.8010000000000004,0.428,9.480105979983676,386.71531761038534
2.0,1.75,2.0,0.428,10.622232908482204,428.41095606316446
2.0,2.0,0.01,0.428,0.04746727890762347,42.35788839470004
2.0,2.0,0.20900000000000002,0.428,0.9981651305445075,77.0650237494344
2.0,2.0,0.40800000000000003,0.428,2.141349628734445,118.79927090882173
2.0,2.0,0.607,0.428,3.57105914644329,170.99368963358972
2.0,2.0,0.806,0.428,5.1113237864074605,227.22414523975831
2.0,2.0,1.0050000000000001,0.428,6.612888309789616,282.041775328184
2.0,2.0,1.2040000000000002,0.428,8.191853066335801,339.6850564520955
2.0,2.0,1.4030000000000002,0.428,9.732117706299972,395.9155120582641
2.0,2.0,1.6020000000000003,0.428,11.272382346264141,452.14596766443265
2.0,2.0,1.8010000000000004,0.428,12.812646986228312,508.37642327060126
2.0,2.0,2.0,0.428,14.35291162619248,564.6068788767698
2.0,2.25,0.01,0.428,0.060391236577734056,42.82970343814742
2.0,2.25,0.20900000000000002,0.428,1.2862225811554147,87.5811397910125
2.0,2.25,0.40800000000000003,0.428,2.7993738794341696,142.8217683788759
2.0,2.25,0.607,0.428,4.681245900998296,211.52328785770644
2.0,2.25,0.806,0.428,6.686377423074915,284.7246430737045
2.0,2.25,1.0050000000000001,0.428,8.641128756154632,356.0867682591498
2.0,2.25,1.2040000000000002,0.428,10.696640467228153,431.1273535057006
2.0,2.25,1.4030000000000002,0.428,12.701771989304772,504.32870872169866
2.0,2.25,1.6020000000000003,0.428,14.706903511381391,577.5300639376967
2.0,2.25,1.8010000000000004,0.428,16.712035033458008,650.7314191536947
2.0,2.25,2.0,0.428,18.717166555534625,723.9327743696928
2.25,0.0,0.01,0.5416875,0.0,44.775390625
2.25,0.0,0.20900000000000002,0.5416875,0.0,44.775390625
2.25,0.0,0.40800000000000003,0.5416875,0.0,44.775390625
2.25,0.0,0.607,0.5416875,0.0,44.775390625
2.25,0.0,0.806,0.5416875,0.0,44.775390625
2.25,0.0,1.0050000000000001,0.5416875,0.0,44.775390625
2.25,0.0,1.2040000000000002,0.5416875,0.0,44.775390625
2.25,0.0,1.4030000000000002,0.5416875,0.0,44.775390625
2.25,0.0,1.6020000000000003,0.5416875,0.0,44.775390625
2.25,0.0,1.8010000000000004,0.5416875,0.0,44.775390625
2.25,0.0,2.0,0.5416875,0.0,44.775390625
2.25,0.25,0.01,0.5416875,0.0006761727790539991,44.80007567096429
2.25,0.25,0.20900000000000002,0.5416875,0.01144244361652888,45.19312002104734
2.25,0.25,0.40800000000000003,0.5416875,0.019056321428595716,45.4710799294902
2.25,0.25,0.607,0.5416875,0.030039628457446576,45.872047621840196
2.25,0.25,0.806,0.5416875,0.044594969353293254,46.40341958795609
2.25,0.25,1.0050000000000001,0.5416875,0.0587845981663297,46.92144049964696
2.25,0.25,1.2040000000000002,0.5416875,0.0737056511449866,47.466163520187884
2.25,0.25,1.4030000000000002,0.5416875,0.08826099204083328,47.997535486303775
2.25,0.25,1.6020000000000003,0.5416875,0.10281633293667995,48.52890745241967
2.25,0.25,1.8010000000000004,0.5416875,0.11737167383252663,49.06027941853558
2.25,0.25,2.0,0.5416875,0.13192701472837326,49.59165138465147
2.25,0.5,0.01,0.5416875,0.0027893514287619893,44.87722150367851
2.25,0.5,0.20900000000000002,0.5416875,0.050661864946009175,46.62490380205932
2.25,0.5,0.40800000000000003,0.5416875,0.09178016042633705,48.12600979944279
2.25,0.5,0.607,0.5416875,0.14767064077230618,50.166404087774026
2.25,0.5,0.806,0.5416875,0.21658817182587028,52.68237703803557
2.25,0.5,1.0050000000000001,0.5416875,0.28377410662180713,55.135134587536754
2.25,0.5,1.2040000000000002,0.5416875,0.3544232339329985,57.714322938558645
2.25,0.5,1.4030000000000002,0.5416875,0.42334076498656265,60.23029588882018
2.25,0.5,1.6020000000000003,0.5416875,0.4922582960401268,62.74626883908173
2.25,0.5,1.8010000000000004,0.5416875,0.561175827093691,65.26224178934326
2.25,0.5,2.0,0.5416875,0.6300933581472549,67.7782147396048
2.25,0.75,0.01,0.5416875,0.006390219891934388,45.00867844231652
2.25,0.75,0.20900000000000002,0.5416875,0.1210623659223622,49.195015549151655
2.25,0.75,0.40800000000000003,0.5416875,0.23041094327075357,53.1870050843587
2.25,0.75,0.607,0.5416875,0.37488757273494555,58.461414746456825
2.25,0.75,0.806,0.5416875,0.5459512431080884,64.70643775949505
2.25,0.75,1.0050000000000001,0.5416875,0.7127168313110518,70.79455064657753
2.25,0.75,1.2040000000000002,0.5416875,0.8880785838543743,77.19648378557147
2.25,0.75,1.4030000000000002,0.5416875,1.0591422542275173,83.44150679860971
2.25,0.75,1.6020000000000003,0.5416875,1.2302059246006602,89.68652981164792
2.25,0.75,1.8010000000000004,0.5416875,1.4012695949738032,95.93155282468614
2.25,0.75,2.0,0.5416875,1.5723332653469455,102.17657583772434
2.25,1.0,0.01,0.5416875,0.011506646872152781,45.19546388990044
2.25,1.0,0.20900000000000002,0.5416875,0.22469201788310011,52.978224221783734
2.25,1.0,0.40800000000000003,0.5416875,0.44290097455799204,60.94438064245006
2.25,1.0,0.607,0.5416875,0.7260979020067004,71.28305351952031
2.25,1.0,0.806,0.5416875,1.0520833805367547,83.18380843081025
2.25,1.0,1.0050000000000001,0.5416875,1.3698782691539932,94.78554939960546
2.25,1.0,1.2040000000000002,0.5416875,1.7040543375968633,106.98531825339015
2.25,1.0,1.4030000000000002,0.5416875,2.030039816126917,118.88607316468008
2.25,1.0,1.6020000000000003,0.5416875,2.356025294656971,130.78682807597002
2.25,1.0,1.8010000000000004,0.5416875,2.682010773187025,142.68758298725996
2.25,1.0,2.0,0.5416875,3.0079962517170786,154.58833789854987
2.25,1.25,0.01,0.5416875,0.018158417572994273,45.438300145042135
2.25,1.25,0.20900000000000002,0.5416875,0.3630759317440188,58.0302070584119
2.25,1.25,0.40800000000000003,0.5416875,0.7354269113168592,71.62362774959328
2.25,1.25,0.607,0.5416875,1.2125360521525645,89.0414556130463
2.25,1.25,0.806,0.5416875,1.750011644488266,108.66308208558213
2.25,1.25,1.0050000000000001,0.5416875,2.273982824956236,127.79170286785323
2.25,1.25,1.2040000000000002,0.5416875,2.8249628291596687,147.90633503065376
2.25,1.25,1.4030000000000002,0.5416875,3.36243842149537,167.5279615031896
2.25,1.25,1.6020000000000003,0.5416875,3.8999140138310717,187.14958797572544
2.25,1.25,1.8010000000000004,0.5416875,4.437389606166773,206.77121444826125
2.25,1.25,2.0,0.5416875,4.974865198502473,226.39284092079703
2.25,1.5,0.01,0.5416875,0.02636096799195019,45.73775072984631
2.25,1.5,0.20900000000000002,0.5416875,0.5374453748132153,64.39591394616002
2.25,1.5,0.40800000000000003,0.5416875,1.1131292784412143,85.41241159613077
2.25,1.5,0.607,0.5416875,1.8435763445979754,112.07884946692374
2.25,1.5,0.806,0.5416875,2.6522154297542158,141.59984410609724
2.25,1.5,1.0050000000000001,0.5416875,3.4405369499567806,170.37910521162308
2.25,1.5,1.2040000000000002,0.5416875,4.269493600066696,200.64183338444417
2.25,1.5,1.4030000000000002,0.5416875,5.078132685222936,230.16282802361766
2.25,1.5,1.6020000000000003,0.5416875,5.886771770379176,259.68382266279116
2.25,1.5,1.8010000000000004,0.5416875,6.695410855535416,289.2048173019646
2.25,1.5,2.0,0.5416875,7.5040499406916545,318.72581194113803
2.25,1.75,0.01,0.5416875,0.03612699010050282,46.09427899023447
2.25,1.75,0.20900000000000002,0.5416875,0.7488403125726861,72.11331091459863
2.25,1.75,0.40800000000000003,0.5416875,1.5804552288492857,102.47308443521048
2.25,1.75,0.607,0.5416875,2.6273444089924913,140.69187751870953
2.25,1.75,0.806,0.5416875,3.769471337491022,182.38751597148882
2.25,1.75,1.0050000000000001,0.5416875,4.882901609494614,223.03552531741434
2.25,1.75,1.2040000000000002,0.5416875,6.053725194488083,265.7787928770474
2.25,1.75,1.4030000000000002,0.5416875,7.195852122986615,307.4744313298267
2.25,1.75,1.6020000000000003,0.5416875,8.337979051485144,349.170069782606
2.25,1.75,1.8010000000000004,0.5416875,9.480105979983676,390.86570823538534
2.25,1.75,2.0,0.5416875,10.622232908482204,432.56134668816446
2.25,2.0,0.01,0.5416875,0.04746727890762347,46.50827901970004
2.25,2.0,0.20900000000000002,0.5416875,0.9981651305445075,81.2154143744344
2.25,2.0,0.40800000000000003,0.5416875,2.141349628734445,122.94966153382173
2.25,2.0,0.607,0.5416875,3.57105914644329,175.1440802585897
2.25,2.0,0.806,0.5416875,5.1113237864074605,231.37453586475831
2.25,2.0,1.0050000000000001,0.5416875,6.612888309789616,286.192165953184
2.25,2.0,1.2040000000000002,0.5416875,8.191853066335801,343.8354470770955
2.25,2.0,1.4030000000000002,0.5416875,9.732117706299972,400.0659026832641
2.25,2.0,1.6020000000000003,0.5416875,11.272382346264141,456.29635828943265
2.25,2.0,1.8010000000000004,0.5416875,12.812646986228312,512.5268138956012
2.25,2.0,2.0,0.5416875,14.35291162619248,568.7572695017698
2.25,2.25,0.01,0.5416875,0.060391236577734056,46.98009406314741
2.25,2.25,0.20900000000000002,0.5416875,1.2862225811554147,91.7315304160125
2.25,2.25,0.40800000000000003,0.5416875,2.7993738794341696,146.9721590038759
2.25,2.25,0.607,0.5416875,4.681245900998296,215.67367848270644
2.25,2.25,0.806,0.5416875,6.686377423074915,288.8750336987045
2.25,2.25,1.0050000000000001,0.5416875,8.641128756154632,360.2371588841498
2.25,2.25,1.2040000000000002,0.5416875,10.696640467228153,435.2777441307006
2.25,2.25,1.4030000000000002,0.5416875,12.701771989304772,508.47909934669866
2.25,2.25,1.6020000000000003,0.5416875,14.706903511381391,581.6804545626967
2.25,2.25,1.8010000000000004,0.5416875,16.712035033458008,654.8818097786947
2.25,2.25,2.0,0.5416875,18.717166555534625,728.0831649946928
