0.0,0.55,0.01,0.0,0.0008283539144668367,25.021740231625262
0.0,0.55,0.20900000000000002,0.0,0.017844873501668253,25.468340496102424
0.0,0.55,0.40800000000000003,0.0,0.033015549782655265,25.866496417744713
0.0,0.55,0.607,0.0,0.04350009475276973,26.141664352796344
0.0,0.55,0.806,0.0,0.05161110772406875,26.354538702312816
0.0,0.55,1.0050000000000001,0.0,0.05951832639960648,26.562064450082644
0.0,0.55,1.2040000000000002,0.0,0.0830051923486475,27.17847960424088
0.0,0.55,1.4030000000000002,0.0,0.10591639981854536,27.779786543836412
0.0,0.55,1.6020000000000003,0.0,0.12882760728844322,28.381093483431947
0.0,0.55,1.8010000000000004,0.0,0.15173881475834108,28.982400423027478
0.0,0.55,2.0,0.0,0.17465002222823886,29.58370736262301
0.0,1.1,0.01,0.0,0.003376368178108665,25.08861312171319
0.0,1.1,0.20900000000000002,0.0,0.0707664930184795,26.857273711948988
0.0,1.1,0.40800000000000003,0.0,0.1338713220605875,28.513466283853553
0.0,1.1,0.607,0.0,0.19056091065511932,30.001290226327754
0.0,1.1,0.806,0.0,0.24495904949981348,31.428974840129637
0.0,1.1,1.0050000000000001,0.0,0.2979904009363495,32.82078798122293
0.0,1.1,1.2040000000000002,0.0,0.4087205245655767,35.72691118961367
0.0,1.1,1.4030000000000002,0.0,0.5167366745764405,38.56180588799484
0.0,1.1,1.6020000000000003,0.0,0.6247528245873043,41.396700586376014
0.0,1.1,1.8010000000000004,0.0,0.7327689745981681,44.23159528475719
0.0,1.1,2.0,0.0,0.8407851246090317,47.066489983138354
0.0,1.6500000000000001,0.01,0.0,0.0076809286134846945,25.201586742379007
0.0,1.6500000000000001,0.20900000000000002,0.0,0.1584384798321485,29.158233805320368
0.0,1.6500000000000001,0.40800000000000003,0.0,0.30368529977854464,32.97025117292095
0.0,1.6500000000000001,0.607,0.0,0.4539344631349026,36.91355554539031
0.0,1.6500000000000001,0.806,0.0,0.6112251229918214,41.04166470025658
0.0,1.6500000000000001,1.0050000000000001,0.0,0.7645637562191694,45.06605251957345
0.0,1.6500000000000001,1.2040000000000002,0.0,1.0386850544061301,52.26039350344874
0.0,1.6500000000000001,1.4030000000000002,0.0,1.3060876933238024,59.27840260046433
0.0,1.6500000000000001,1.6020000000000003,0.0,1.5734903322414748,66.29641169747994
0.0,1.6500000000000001,1.8010000000000004,0.0,1.840892971159147,73.31442079449553
0.0,1.6500000000000001,2.0,0.0,2.108295610076819,80.33242989151111
0.0,2.2,0.01,0.0,0.013762067004273473,25.36118682979589
0.0,2.2,0.20900000000000002,0.0,0.2806932093727832,32.366821452555634
0.0,2.2,0.40800000000000003,0.0,0.543082381016618,39.25325159777856
0.0,2.2,0.607,0.0,0.8418482026594402,47.09439057327016
0.0,2.2,0.806,0.0,1.171033860088343,55.733901192140195
0.0,2.2,1.0050000000000001,0.0,1.491948521099434,64.15633867988285
0.0,2.2,1.2040000000000002,0.0,2.01330865979241,77.8394878476632
0.0,2.2,1.4030000000000002,0.0,2.521890363713498,91.18726571231166
0.0,2.2,1.6020000000000003,0.0,3.030472067634587,104.53504357696012
0.0,2.2,1.8010000000000004,0.0,3.539053771555676,117.8828214416086
0.0,2.2,2.0,0.0,4.047635475476763,131.23059930625703
0.0,2.75,0.01,0.0,0.021633913805932457,25.567784239185574
0.0,2.75,0.20900000000000002,0.0,0.437415824778166,36.48002222377795
0.0,2.75,0.40800000000000003,0.0,0.8525097716733914,47.3742045221198
0.0,2.75,0.607,0.0,1.360679116770879,60.7111599880553
0.0,2.75,0.806,0.0,1.940561251383596,75.9302248124747
0.0,2.75,1.0050000000000001,0.0,2.505873483116596,90.76690107346649
0.0,2.75,1.2040000000000002,0.0,3.36414603109161,113.2923502380197
0.0,2.75,1.4030000000000002,0.0,4.201382487204492,135.26570506030447
0.0,2.75,1.6020000000000003,0.0,5.038618943317372,157.23905988258917
0.0,2.75,1.8010000000000004,0.0,5.875855399430253,179.2124147048739
0.0,2.75,2.0,0.0,6.713091855543133,201.1857695271586
0.0,3.3000000000000003,0.01,0.0,0.03130744298538869,25.821666983411486
0.0,3.3000000000000003,0.20900000000000002,0.0,0.6285189683539568,41.49554340753147
0.0,3.3000000000000003,0.40800000000000003,0.0,1.2323183065829577,57.34231764137797
0.0,3.3000000000000003,0.607,0.0,2.0157295014179333,77.90302307909967
0.0,3.3000000000000003,0.806,0.0,2.933363470053813,101.98641868687399
0.0,3.3000000000000003,1.0050000000000001,0.0,3.8279413088244696,125.46470385224191
0.0,3.3000000000000003,1.2040000000000002,0.0,5.117554684465449,159.31073633162913
0.0,3.3000000000000003,1.4030000000000002,0.0,6.375559889134836,192.32720919142352
0.0,3.3000000000000003,1.6020000000000003,0.0,7.633565093804223,225.34368205121788
0.0,3.3000000000000003,1.8010000000000004,0.0,8.891570298473608,258.3601549110123
0.0,3.3000000000000003,2.0,0.0,10.149575503142993,291.3766277708066
0.0,3.8500000000000005,0.01,0.0,0.04279164541321997,26.12307102877434
0.0,3.8500000000000005,0.20900000000000002,0.0,0.8539322365573592,47.41153725576924
0.0,3.8500000000000005,0.40800000000000003,0.0,1.6827976774339757,69.16519394299763
0.0,3.8500000000000005,0.607,0.0,2.811584484031401,98.79031697602382
0.0,3.8500000000000005,0.806,0.0,4.161231818815128,134.2119467385903
0.0,3.8500000000000005,1.0050000000000001,0.0,5.476968416543986,168.74358580360493
0.0,3.8500000000000005,1.2040000000000002,0.0,7.296400209339648,216.494755817939
0.0,3.8500000000000005,1.4030000000000002,0.0,9.07123808564522,263.07555401819627
0.0,3.8500000000000005,1.6020000000000003,0.0,10.846075961950792,309.6563522184535
0.0,3.8500000000000005,1.8010000000000004,0.0,12.620913838256364,356.2371504187107
0.0,3.8500000000000005,2.0,0.0,14.395751714561932,402.8179486189679
0.0,4.4,0.01,0.0,0.05609414561423971,26.472196481693118
0.0,4.4,0.20900000000000002,0.0,1.1135967335321995,54.22645804083474
0.0,4.4,0.40800000000000003,0.0,2.20419512436599,82.84932226925609
0.0,4.4,0.607,0.0,3.752310636730865,123.47976927225919
0.0,4.4,0.806,0.0,5.634672360776011,172.8825416483763
0.0,4.4,1.0050000000000001,0.0,7.469738564116505,221.04403833665125
0.0,4.4,1.2040000000000002,0.0,9.921010768809822,285.37792337768724
0.0,4.4,1.4030000000000002,0.0,12.312202772407712,348.13499751085465
0.0,4.4,1.6020000000000003,0.0,14.703394776005604,410.892071644022
0.0,4.4,1.8010000000000004,0.0,17.094586779603496,473.6491457771894
0.0,4.4,2.0,0.0,19.485778783201383,536.4062199103566
0.0,4.95,0.01,0.0,0.07122156765978538,26.869217191584912
0.0,4.95,0.20900000000000002,0.0,1.4074618848150056,61.93897843085808
0.0,4.95,0.40800000000000003,0.0,2.7967266073645733,98.40037051165015
0.0,4.95,0.607,0.0,4.841579174286386,152.06773136791787
0.0,4.95,0.806,0.0,7.363205665297613,218.2480717146741
0.0,4.95,1.0050000000000001,0.0,9.821474706785944,282.7655894396525
0.0,4.95,1.2040000000000002,0.0,13.009772492455582,366.4427848270666
0.0,4.95,1.4030000000000002,0.0,16.119925724554882,448.06906856282836
0.0,4.95,1.6020000000000003,0.0,19.230078956654186,529.69535229859
0.0,4.95,1.8010000000000004,0.0,22.340232188753486,611.3216360343517
0.0,4.95,2.0,0.0,25.450385420852783,692.9479197701133
0.55,0.0,0.01,0.008651500000000003,0.0,25.22705948583224
0.55,0.0,0.20900000000000002,0.008651500000000003,0.0,25.22705948583224
0.55,0.0,0.40800000000000003,0.008651500000000003,0.0,25.22705948583224
0.55,0.0,0.607,0.008651500000000003,0.0,25.22705948583224
0.55,0.0,0.806,0.008651500000000003,0.0,25.22705948583224
0.55,0.0,1.0050000000000001,0.008651500000000003,0.0,25.22705948583224
0.55,0.0,1.2040000000000002,0.008651500000000003,0.0,25.22705948583224
0.55,0.0,1.4030000000000002,0.008651500000000003,0.0,25.22705948583224
0.55,0.0,1.6020000000000003,0.008651500000000003,0.0,25.22705948583224
0.55,0.0,1.8010000000000004,0.008651500000000003,0.0,25.22705948583224
0.55,0.0,2.0,0.008651500000000003,0.0,25.22705948583224
0.55,0.55,0.01,0.008651500000000003,0.0008283539144668367,25.2487997174575
0.55,0.55,0.20900000000000002,0.008651500000000003,0.017844873501668253,25.695399981934663
0.55,0.55,0.40800000000000003,0.008651500000000003,0.033015549782655265,26.093555903576952
0.55,0.55,0.607,0.008651500000000003,0.04350009475276973,26.368723838628583
0.55,0.55,0.806,0.008651500000000003,0.05161110772406875,26.581598188145055
0.55,0.55,1.0050000000000001,0.008651500000000003,0.05951832639960648,26.789123935914883
0.55,0.55,1.2040000000000002,0.008651500000000003,0.0830051923486475,27.40553909007312
0.55,0.55,1.4030000000000002,0.008651500000000003,0.10591639981854536,28.00684602966865
0.55,0.55,1.6020000000000003,0.008651500000000003,0.12882760728844322,28.608152969264186
0.55,0.55,1.8010000000000004,0.008651500000000003,0.15173881475834108,29.209459908859717
0.55,0.55,2.0,0.008651500000000003,0.17465002222823886,29.81076684845525
0.55,1.1,0.01,0.008651500000000003,0.003376368178108665,25.31567260754543
0.55,1.1,0.20900000000000002,0.008651500000000003,0.0707664930184795,27.084333197781227
0.55,1.1,0.40800000000000003,0.008651500000000003,0.1338713220605875,28.740525769685792
0.55,1.1,0.607,0.008651500000000003,0.19056091065511932,30.228349712159993
0.55,1.1,0.806,0.008651500000000003,0.24495904949981348,31.656034325961876
0.55,1.1,1.0050000000000001,0.008651500000000003,0.2979904009363495,33.04784746705516
0.55,1.1,1.2040000000000002,0.008651500000000003,0.4087205245655767,35.953970675445916
0.55,1.1,1.4030000000000002,0.008651500000000003,0.5167366745764405,38.788865373827086
0.55,1.1,1.6020000000000003,0.008651500000000003,0.6247528245873043,41.623760072208256
0.55,1.1,1.8010000000000004,0.008651500000000003,0.7327689745981681,44.45865477058943
0.55,1.1,2.0,0.008651500000000003,0.8407851246090317,47.293549468970596
0.55,1.6500000000000001,0.01,0.008651500000000003,0.0076809286134846945,25.428646228211242
0.55,1.6500000000000001,0.20900000000000002,0.008651500000000003,0.1584384798321485,29.385293291152607
0.55,1.6500000000000001,0.40800000000000003,0.008651500000000003,0.30368529977854464,33.19731065875319
0.55,1.6500000000000001,0.607,0.008651500000000003,0.4539344631349026,37.14061503122255
0.55,1.6500000000000001,0.806,0.008651500000000003,0.6112251229918214,41.26872418608882
0.55,1.6500000000000001,1.0050000000000001,0.008651500000000003,0.7645637562191694,45.29311200540569
0.55,1.6500000000000001,1.2040000000000002,0.008651500000000003,1.0386850544061301,52.487452989280975
0.55,1.6500000000000001,1.4030000000000002,0.008651500000000003,1.3060876933238024,59.505462086296575
0.55,1.6500000000000001,1.6020000000000003,0.008651500000000003,1.5734903322414748,66.52347118331218
0.55,1.6500000000000001,1.8010000000000004,0.008651500000000003,1.840892971159147,73.54148028032776
0.55,1.6500000000000001,2.0,0.008651500000000003,2.108295610076819,80.55948937734335
0.55,2.2,0.01,0.008651500000000003,0.013762067004273473,25.58824631562813
0.55,2.2,0.20900000000000002,0.008651500000000003,0.2806932093727832,32.593880938387876
0.55,2.2,0.40800000000000003,0.008651500000000003,0.543082381016618,39.4803110836108
0.55,2.2,0.607,0.008651500000000003,0.8418482026594402,47.321450059102396
0.55,2.2,0.806,0.008651500000000003,1.171033860088343,55.96096067797244
0.55,2.2,1.0050000000000001,0.008651500000000003,1.491948521099434,64.38339816571508
0.55,2.2,1.2040000000000002,0.008651500000000003,2.01330865979241,78.06654733349544
0.55,2.2,1.4030000000000002,0.008651500000000003,2.521890363713498,91.41432519814389
0.55,2.2,1.6020000000000003,0.008651500000000003,3.030472067634587,104.76210306279236
0.55,2.2,1.8010000000000004,0.008651500000000003,3.539053771555676,118.10988092744084
0.55,2.2,2.0,0.008651500000000003,4.047635475476763,131.45765879208926
0.55,2.75,0.01,0.008651500000000003,0.021633913805932457,25.794843725017813
0.55,2.75,0.20900000000000002,0.008651500000000003,0.437415824778166,36.70708170961019
0.55,2.75,0.40800000000000003,0.008651500000000003,0.8525097716733914,47.60126400795204
0.55,2.75,0.607,0.008651500000000003,1.360679116770879,60.938219473887536
0.55,2.75,0.806,0.008651500000000003,1.940561251383596,76.15728429830695
0.55,2.75,1.0050000000000001,0.008651500000000003,2.505873483116596,90.99396055929871
0.55,2.75,1.2040000000000002,0.008651500000000003,3.36414603109161,113.51940972385194
0.55,2.75,1.4030000000000002,0.008651500000000003,4.201382487204492,135.4927645461367
0.55,2.75,1.6020000000000003,0.008651500000000003,5.038618943317372,157.46611936842143
0.55,2.75,1.8010000000000004,0.008651500000000003,5.875855399430253,179.43947419070614
0.55,2.75,2.0,0.008651500000000003,6.713091855543133,201.41282901299084
0.55,3.3000000000000003,0.01,0.008651500000000003,0.03130744298538869,26.048726469243725
0.55,3.3000000000000003,0.20900000000000002,0.008651500000000003,0.6285189683539568,41.722602893363714
0.55,3.3000000000000003,0.40800000000000003,0.008651500000000003,1.2323183065829577,57.5693771272102
0.55,3.3000000000000003,0.607,0.008651500000000003,2.0157295014179333,78.13008256493191
0.55,3.3000000000000003,0.806,0.008651500000000003,2.933363470053813,102.21347817270622
0.55,3.3000000000000003,1.0050000000000001,0.008651500000000003,3.8279413088244696,125.69176333807414
0.55,3.3000000000000003,1.2040000000000002,0.008651500000000003,5.117554684465449,159.53779581746136
0.55,3.3000000000000003,1.4030000000000002,0.008651500000000003,6.375559889134836,192.55426867725575
0.55,3.3000000000000003,1.6020000000000003,0.008651500000000003,7.633565093804223,225.57074153705014
0.55,3.3000000000000003,1.8010000000000004,0.008651500000000003,8.891570298473608,258.5872143968445
0.55,3.3000000000000003,2.0,0.008651500000000003,10.149575503142993,291.6036872566388
0.55,3.8500000000000005,0.01,0.008651500000000003,0.04279164541321997,26.35013051460658
0.55,3.8500000000000005,0.20900000000000002,0.008651500000000003,0.8539322365573592,47.638596741601475
0.55,3.8500000000000005,0.40800000000000003,0.008651500000000003,1.6827976774339757,69.39225342882986
0.55,3.8500000000000005,0.607,0.008651500000000003,2.811584484031401,99.01737646185605
0.55,3.8500000000000005,0.806,0.008651500000000003,4.161231818815128,134.43900622442257
0.55,3.8500000000000005,1.0050000000000001,0.008651500000000003,5.476968416543986,168.97064528943716
0.55,3.8500000000000005,1.2040000000000002,0.008651500000000003,7.296400209339648,216.72181530377122
0.55,3.8500000000000005,1.4030000000000002,0.008651500000000003,9.07123808564522,263.3026135040285
0.55,3.8500000000000005,1.6020000000000003,0.008651500000000003,10.846075961950792,309.8834117042857
0.55,3.8500000000000005,1.8010000000000004,0.008651500000000003,12.620913838256364,356.46420990454294
0.55,3.8500000000000005,2.0,0.008651500000000003,14.395751714561932,403.0450081048001
0.55,4.4,0.01,0.008651500000000003,0.05609414561423971,26.699255967525357
0.55,4.4,0.20900000000000002,0.008651500000000003,1.1135967335321995,54.45351752666697
0.55,4.4,0.40800000000000003,0.008651500000000003,2.20419512436599,83.07638175508833
0.55,4.4,0.607,0.008651500000000003,3.752310636730865,123.70682875809142
0.55,4.4,0.806,0.008651500000000003,5.634672360776011,173.10960113420853
0.55,4.4,1.0050000000000001,0.008651500000000003,7.469738564116505,221.27109782248348
0.55,4.4,1.2040000000000002,0.008651500000000003,9.921010768809822,285.60498286351947
0.55,4.4,1.4030000000000002,0.008651500000000003,12.312202772407712,348.3620569966869
0.55,4.4,1.6020000000000003,0.008651500000000003,14.703394776005604,411.1191311298543
0.55,4.4,1.8010000000000004,0.008651500000000003,17.094586779603496,473.87620526302163
0.55,4.4,2.0,0.008651500000000003,19.485778783201383,536.633279396189
0.55,4.95,0.01,0.008651500000000003,0.07122156765978538,27.09627667741715
0.55,4.95,0.20900000000000002,0.008651500000000003,1.4074618848150056,62.16603791669032
0.55,4.95,0.40800000000000003,0.008651500000000003,2.7967266073645733,98.62742999748238
0.55,4.95,0.607,0.008651500000000003,4.841579174286386,152.2947908537501
0.55,4.95,0.806,0.008651500000000003,7.363205665297613,218.47513120050635
0.55,4.95,1.0050000000000001,0.008651500000000003,9.821474706785944,282.99264892548473
0.55,4.95,1.2040000000000002,0.008651500000000003,13.009772492455582,366.6698443128989
0.55,4.95,1.4030000000000002,0.008651500000000003,16.119925724554882,448.2961280486606
0.55,4.95,1.6020000000000003,0.008651500000000003,19.230078956654186,529.9224117844224
0.55,4.95,1.8010000000000004,0.008651500000000003,22.340232188753486,611.548695520184
0.55,4.95,2.0,0.008651500000000003,25.450385420852783,693.1749792559456
1.1,0.0,0.01,0.03460600000000001,0.0,25.908237943328956
1.1,0.0,0.20900000000000002,0.03460600000000001,0.0,25.908237943328956
1.1,0.0,0.40800000000000003,0.03460600000000001,0.0,25.908237943328956
1.1,0.0,0.607,0.03460600000000001,0.0,25.908237943328956
1.1,0.0,0.806,0.03460600000000001,0.0,25.908237943328956
1.1,0.0,1.0050000000000001,0.03460600000000001,0.0,25.908237943328956
1.1,0.0,1.2040000000000002,0.03460600000000001,0.0,25.908237943328956
1.1,0.0,1.4030000000000002,0.03460600000000001,0.0,25.908237943328956
1.1,0.0,1.6020000000000003,0.03460600000000001,0.0,25.908237943328956
1.1,0.0,1.8010000000000004,0.03460600000000001,0.0,25.908237943328956
1.1,0.0,2.0,0.03460600000000001,0.0,25.908237943328956
1.1,0.55,0.01,0.03460600000000001,0.0008283539144668367,25.92997817495422
1.1,0.55,0.20900000000000002,0.03460600000000001,0.017844873501668253,26.37657843943138
1.1,0.55,0.40800000000000003,0.03460600000000001,0.033015549782655265,26.77473436107367
1.1,0.55,0.607,0.03460600000000001,0.04350009475276973,27.049902296125296
1.1,0.55,0.806,0.03460600000000001,0.05161110772406875,27.26277664564177
1.1,0.55,1.0050000000000001,0.03460600000000001,0.05951832639960648,27.4703023934116
1.1,0.55,1.2040000000000002,0.03460600000000001,0.0830051923486475,28.086717547569837
1.1,0.55,1.4030000000000002,0.03460600000000001,0.10591639981854536,28.688024487165368
1.1,0.55,1.6020000000000003,0.03460600000000001,0.12882760728844322,29.289331426760903
1.1,0.55,1.8010000000000004,0.03460600000000001,0.15173881475834108,29.890638366356434
1.1,0.55,2.0,0.03460600000000001,0.17465002222823886,30.491945305951965
1.1,1.1,0.01,0.03460600000000001,0.003376368178108665,25.996851065042147
1.1,1.1,0.20900000000000002,0.03460600000000001,0.0707664930184795,27.76551165527794
1.1,1.1,0.40800000000000003,0.03460600000000001,0.1338713220605875,29.42170422718251
1.1,1.1,0.607,0.03460600000000001,0.19056091065511932,30.90952816965671
1.1,1.1,0.806,0.03460600000000001,0.24495904949981348,32.33721278345859
1.1,1.1,1.0050000000000001,0.03460600000000001,0.2979904009363495,33.729025924551884
1.1,1.1,1.2040000000000002,0.03460600000000001,0.4087205245655767,36.63514913294263
1.1,1.1,1.4030000000000002,0.03460600000000001,0.5167366745764405,39.4700438313238
1.1,1.1,1.6020000000000003,0.03460600000000001,0.6247528245873043,42.30493852970497
1.1,1.1,1.8010000000000004,0.03460600000000001,0.7327689745981681,45.13983322808615
1.1,1.1,2.0,0.03460600000000001,0.8407851246090317,47.97472792646731
1.1,1.6500000000000001,0.01,0.03460600000000001,0.0076809286134846945,26.10982468570796
1.1,1.6500000000000001,0.20900000000000002,0.03460600000000001,0.1584384798321485,30.06647174864932
1.1,1.6500000000000001,0.40800000000000003,0.03460600000000001,0.30368529977854464,33.87848911624991
1.1,1.6500000000000001,0.607,0.03460600000000001,0.4539344631349026,37.821793488719265
1.1,1.6500000000000001,0.806,0.03460600000000001,0.6112251229918214,41.94990264358553
1.1,1.6500000000000001,1.0050000000000001,0.03460600000000001,0.7645637562191694,45.9742904629024
1.1,1.6500000000000001,1.2040000000000002,0.03460600000000001,1.0386850544061301,53.168631446777695
1.1,1.6500000000000001,1.4030000000000002,0.03460600000000001,1.3060876933238024,60.18664054379329
1.1,1.6500000000000001,1.6020000000000003,0.03460600000000001,1.5734903322414748,67.2046496408089
1.1,1.6500000000000001,1.8010000000000004,0.03460600000000001,1.840892971159147,74.22265873782449
1.1,1.6500000000000001,2.0,0.03460600000000001,2.108295610076819,81.24066783484008
1.1,2.2,0.01,0.03460600000000001,0.013762067004273473,26.269424773124847
1.1,2.2,0.20900000000000002,0.03460600000000001,0.2806932093727832,33.27505939588459
1.1,2.2,0.40800000000000003,0.03460600000000001,0.543082381016618,40.161489541107514
1.1,2.2,0.607,0.03460600000000001,0.8418482026594402,48.00262851659911
1.1,2.2,0.806,0.03460600000000001,1.171033860088343,56.64213913546915
1.1,2.2,1.0050000000000001,0.03460600000000001,1.491948521099434,65.06457662321179
1.1,2.2,1.2040000000000002,0.03460600000000001,2.01330865979241,78.74772579099215
1.1,2.2,1.4030000000000002,0.03460600000000001,2.521890363713498,92.09550365564061
1.1,2.2,1.6020000000000003,0.03460600000000001,3.030472067634587,105.44328152028909
1.1,2.2,1.8010000000000004,0.03460600000000001,3.539053771555676,118.79105938493755
1.1,2.2,2.0,0.03460600000000001,4.047635475476763,132.138837249586
1.1,2.75,0.01,0.03460600000000001,0.021633913805932457,26.47602218251453
1.1,2.75,0.20900000000000002,0.03460600000000001,0.437415824778166,37.38826016710691
1.1,2.75,0.40800000000000003,0.03460600000000001,0.8525097716733914,48.28244246544875
1.1,2.75,0.607,0.03460600000000001,1.360679116770879,61.61939793138425
1.1,2.75,0.806,0.03460600000000001,1.940561251383596,76.83846275580366
1.1,2.75,1.0050000000000001,0.03460600000000001,2.505873483116596,91.67513901679544
1.1,2.75,1.2040000000000002,0.03460600000000001,3.36414603109161,114.20058818134865
1.1,2.75,1.4030000000000002,0.03460600000000001,4.201382487204492,136.17394300363338
1.1,2.75,1.6020000000000003,0.03460600000000001,5.038618943317372,158.14729782591812
1.1,2.75,1.8010000000000004,0.03460600000000001,5.875855399430253,180.12065264820285
1.1,2.75,2.0,0.03460600000000001,6.713091855543133,202.09400747048755
1.1,3.3000000000000003,0.01,0.03460600000000001,0.03130744298538869,26.729904926740442
1.1,3.3000000000000003,0.20900000000000002,0.03460600000000001,0.6285189683539568,42.40378135086043
1.1,3.3000000000000003,0.40800000000000003,0.03460600000000001,1.2323183065829577,58.25055558470692
1.1,3.3000000000000003,0.607,0.03460600000000001,2.0157295014179333,78.81126102242862
1.1,3.3000000000000003,0.806,0.03460600000000001,2.933363470053813,102.89465663020295
1.1,3.3000000000000003,1.0050000000000001,0.03460600000000001,3.8279413088244696,126.37294179557087
1.1,3.3000000000000003,1.2040000000000002,0.03460600000000001,5.117554684465449,160.21897427495807
1.1,3.3000000000000003,1.4030000000000002,0.03460600000000001,6.375559889134836,193.23544713475246
1.1,3.3000000000000003,1.6020000000000003,0.03460600000000001,7.633565093804223,226.25191999454685
1.1,3.3000000000000003,1.8010000000000004,0.03460600000000001,8.891570298473608,259.2683928543412
1.1,3.3000000000000003,2.0,0.03460600000000001,10.149575503142993,292.28486571413555
1.1,3.8500000000000005,0.01,0.03460600000000001,0.04279164541321997,27.031308972103297
1.1,3.8500000000000005,0.20900000000000002,0.03460600000000001,0.8539322365573592,48.319775199098196
1.1,3.8500000000000005,0.40800000000000003,0.03460600000000001,1.6827976774339757,70.07343188632657
1.1,3.8500000000000005,0.607,0.03460600000000001,2.811584484031401,99.69855491935277
1.1,3.8500000000000005,0.806,0.03460600000000001,4.161231818815128,135.12018468191928
1.1,3.8500000000000005,1.0050000000000001,0.03460600000000001,5.476968416543986,169.65182374693387
1.1,3.8500000000000005,1.2040000000000002,0.03460600000000001,7.296400209339648,217.40299376126794
1.1,3.8500000000000005,1.4030000000000002,0.03460600000000001,9.07123808564522,263.9837919615252
1.1,3.8500000000000005,1.6020000000000003,0.03460600000000001,10.846075961950792,310.5645901617824
1.1,3.8500000000000005,1.8010000000000004,0.03460600000000001,12.620913838256364,357.1453883620397
1.1,3.8500000000000005,2.0,0.03460600000000001,14.395751714561932,403.7261865622968
1.1,4.4,0.01,0.03460600000000001,0.05609414561423971,27.38043442502207
1.1,4.4,0.20900000000000002,0.03460600000000001,1.1135967335321995,55.13469598416369
1.1,4.4,0.40800000000000003,0.03460600000000001,2.20419512436599,83.75756021258505
1.1,4.4,0.607,0.03460600000000001,3.752310636730865,124.38800721558815
1.1,4.4,0.806,0.03460600000000001,5.634672360776011,173.79077959170525
1.1,4.4,1.0050000000000001,0.03460600000000001,7.469738564116505,221.9522762799802
1.1,4.4,1.2040000000000002,0.03460600000000001,9.921010768809822,286.28616132101615
1.1,4.4,1.4030000000000002,0.03460600000000001,12.312202772407712,349.04323545418356
1.1,4.4,1.6020000000000003,0.03460600000000001,14.703394776005604,411.80030958735097
1.1,4.4,1.8010000000000004,0.03460600000000001,17.094586779603496,474.5573837205184
1.1,4.4,2.0,0.03460600000000001,19.485778783201383,537.3144578536857
1.1,4.95,0.01,0.03460600000000001,0.07122156765978538,27.77745513491387
1.1,4.95,0.20900000000000002,0.03460600000000001,1.4074618848150056,62.847216374187035
1.1,4.95,0.40800000000000003,0.03460600000000001,2.7967266073645733,99.30860845497911
1.1,4.95,0.607,0.03460600000000001,4.841579174286386,152.9759693112468
1.1,4.95,0.806,0.03460600000000001,7.363205665297613,219.15630965800307
1.1,4.95,1.0050000000000001,0.03460600000000001,9.821474706785944,283.6738273829815
1.1,4.95,1.2040000000000002,0.03460600000000001,13.009772492455582,367.35102277039556
1.1,4.95,1.4030000000000002,0.03460600000000001,16.119925724554882,448.9773065061573
1.1,4.95,1.6020000000000003,0.03460600000000001,19.230078956654186,530.603590241919
1.1,4.95,1.8010000000000004,0.03460600000000001,22.340232188753486,612.2298739776808
1.1,4.95,2.0,0.03460600000000001,25.450385420852783,693.8561577134424
1.6500000000000001,0.0,0.01,0.07786350000000002,0.0,27.043535372490147
1.6500000000000001,0.0,0.20900000000000002,0.07786350000000002,0.0,27.043535372490147
1.6500000000000001,0.0,0.40800000000000003,0.07786350000000002,0.0,27.043535372490147
1.6500000000000001,0.0,0.607,0.07786350000000002,0.0,27.043535372490147
1.6500000000000001,0.0,0.806,0.07786350000000002,0.0,27.043535372490147
1.6500000000000001,0.0,1.0050000000000001,0.07786350000000002,0.0,27.043535372490147
1.6500000000000001,0.0,1.2040000000000002,0.07786350000000002,0.0,27.043535372490147
1.6500000000000001,0.0,1.4030000000000002,0.07786350000000002,0.0,27.043535372490147
1.6500000000000001,0.0,1.6020000000000003,0.07786350000000002,0.0,27.043535372490147
1.6500000000000001,0.0,1.8010000000000004,0.07786350000000002,0.0,27.043535372490147
1.6500000000000001,0.0,2.0,0.07786350000000002,0.0,27.043535372490147
1.6500000000000001,0.55,0.01,0.07786350000000002,0.0008283539144668367,27.06527560411541
1.6500000000000001,0.55,0.20900000000000002,0.07786350000000002,0.017844873501668253,27.511875868592576
1.6500000000000001,0.55,0.40800000000000003,0.07786350000000002,0.033015549782655265,27.91003179023486
1.6500000000000001,0.55,0.607,0.07786350000000002,0.04350009475276973,28.18519972528649
1.6500000000000001,0.55,0.806,0.07786350000000002,0.05161110772406875,28.398074074802963
1.6500000000000001,0.55,1.0050000000000001,0.07786350000000002,0.05951832639960648,28.605599822572792
1.6500000000000001,0.55,1.2040000000000002,0.07786350000000002,0.0830051923486475,29.222014976731028
1.6500000000000001,0.55,1.4030000000000002,0.07786350000000002,0.10591639981854536,29.823321916326563
1.6500000000000001,0.55,1.6020000000000003,0.07786350000000002,0.12882760728844322,30.424628855922094
1.6500000000000001,0.55,1.8010000000000004,0.07786350000000002,0.15173881475834108,31.025935795517626
1.6500000000000001,0.55,2.0,0.07786350000000002,0.17465002222823886,31.627242735113157
1.6500000000000001,1.1,0.01,0.07786350000000002,0.003376368178108665,27.132148494203342
1.6500000000000001,1.1,0.20900000000000002,0.07786350000000002,0.0707664930184795,28.900809084439135
1.6500000000000001,1.1,0.40800000000000003,0.07786350000000002,0.1338713220605875,30.5570016563437
1.6500000000000001,1.1,0.607,0.07786350000000002,0.19056091065511932,32.0448255988179
1.6500000000000001,1.1,0.806,0.07786350000000002,0.24495904949981348,33.47251021261978
1.6500000000000001,1.1,1.0050000000000001,0.07786350000000002,0.2979904009363495,34.864323353713075
1.6500000000000001,1.1,1.2040000000000002,0.07786350000000002,0.4087205245655767,37.77044656210383
1.6500000000000001,1.1,1.4030000000000002,0.07786350000000002,0.5167366745764405,40.60534126048499
1.6500000000000001,1.1,1.6020000000000003,0.07786350000000002,0.6247528245873043,43.44023595886617
1.6500000000000001,1.1,1.8010000000000004,0.07786350000000002,0.7327689745981681,46.27513065724734
1.6500000000000001,1.1,2.0,0.07786350000000002,0.8407851246090317,49.1100253556285
1.6500000000000001,1.6500000000000001,0.01,0.07786350000000002,0.0076809286134846945,27.245122114869154
1.6500000000000001,1.6500000000000001,0.20900000000000002,0.07786350000000002,0.1584384798321485,31.201769177810515
1.6500000000000001,1.6500000000000001,0.40800000000000003,0.07786350000000002,0.30368529977854464,35.0137865454111
1.6500000000000001,1.6500000000000001,0.607,0.07786350000000002,0.4539344631349026,38.957090917880464
1.6500000000000001,1.6500000000000001,0.806,0.07786350000000002,0.6112251229918214,43.08520007274673
1.6500000000000001,1.6500000000000001,1.0050000000000001,0.07786350000000002,0.7645637562191694,47.1095878920636
1.6500000000000001,1.6500000000000001,1.2040000000000002,0.07786350000000002,1.0386850544061301,54.30392887593888
1.6500000000000001,1.6500000000000001,1.4030000000000002,0.07786350000000002,1.3060876933238024,61.32193797295448
1.6500000000000001,1.6500000000000001,1.6020000000000003,0.07786350000000002,1.5734903322414748,68.33994706997008
1.6500000000000001,1.6500000000000001,1.8010000000000004,0.07786350000000002,1.840892971159147,75.35795616698567
1.6500000000000001,1.6500000000000001,2.0,0.07786350000000002,2.108295610076819,82.37596526400127
1.6500000000000001,2.2,0.01,0.07786350000000002,0.013762067004273473,27.404722202286038
1.6500000000000001,2.2,0.20900000000000002,0.07786350000000002,0.2806932093727832,34.41035682504578
1.6500000000000001,2.2,0.40800000000000003,0.07786350000000002,0.543082381016618,41.29678697026871
1.6500000000000001,2.2,0.607,0.07786350000000002,0.8418482026594402,49.1379259457603
1.6500000000000001,2.2,0.806,0.07786350000000002,1.171033860088343,57.77743656463034
1.6500000000000001,2.2,1.0050000000000001,0.07786350000000002,1.491948521099434,66.19987405237299
1.6500000000000001,2.2,1.2040000000000002,0.07786350000000002,2.01330865979241,79.88302322015335
1.6500000000000001,2.2,1.4030000000000002,0.07786350000000002,2.521890363713498,93.2308010848018
1.6500000000000001,2.2,1.6020000000000003,0.07786350000000002,3.030472067634587,106.57857894945028
1.6500000000000001,2.2,1.8010000000000004,0.07786350000000002,3.539053771555676,119.92635681409874
1.6500000000000001,2.2,2.0,0.07786350000000002,4.047635475476763,133.2741346787472
1.6500000000000001,2.75,0.01,0.07786350000000002,0.021633913805932457,27.61131961167572
1.6500000000000001,2.75,0.20900000000000002,0.07786350000000002,0.437415824778166,38.523557596268105
1.6500000000000001,2.75,0.40800000000000003,0.07786350000000002,0.8525097716733914,49.41773989460995
1.6500000000000001,2.75,0.607,0.07786350000000002,1.360679116770879,62.75469536054544
1.6500000000000001,2.75,0.806,0.07786350000000002,1.940561251383596,77.97376018496485
1.6500000000000001,2.75,1.0050000000000001,0.07786350000000002,2.505873483116596,92.81043644595663
1.6500000000000001,2.75,1.2040000000000002,0.07786350000000002,3.36414603109161,115.33588561050985
1.6500000000000001,2.75,1.4030000000000002,0.07786350000000002,4.201382487204492,137.3092404327946
1.6500000000000001,2.75,1.6020000000000003,0.07786350000000002,5.038618943317372,159.28259525507934
1.6500000000000001,2.75,1.8010000000000004,0.07786350000000002,5.875855399430253,181.25595007736408
1.6500000000000001,2.75,2.0,0.07786350000000002,6.713091855543133,203.22930489964878
1.6500000000000001,3.3000000000000003,0.01,0.07786350000000002,0.03130744298538869,27.865202355901637
1.6500000000000001,3.3000000000000003,0.20900000000000002,0.07786350000000002,0.6285189683539568,43.53907878002162
1.6500000000000001,3.3000000000000003,0.40800000000000003,0.07786350000000002,1.2323183065829577,59.385853013868115
1.6500000000000001,3.3000000000000003,0.607,0.07786350000000002,2.0157295014179333,79.94655845158982
1.6500000000000001,3.3000000000000003,0.806,0.07786350000000002,2.933363470053813,104.02995405936413
1.6500000000000001,3.3000000000000003,1.0050000000000001,0.07786350000000002,3.8279413088244696,127.50823922473205
1.6500000000000001,3.3000000000000003,1.2040000000000002,0.07786350000000002,5.117554684465449,161.35427170411927
1.6500000000000001,3.3000000000000003,1.4030000000000002,0.07786350000000002,6.375559889134836,194.3707445639137
1.6500000000000001,3.3000000000000003,1.6020000000000003,0.07786350000000002,7.633565093804223,227.38721742370805
1.6500000000000001,3.3000000000000003,1.8010000000000004,0.07786350000000002,8.891570298473608,260.40369028350244
1.6500000000000001,3.3000000000000003,2.0,0.07786350000000002,10.149575503142993,293.4201631432967
1.6500000000000001,3.8500000000000005,0.01,0.07786350000000002,0.04279164541321997,28.166606401264488
1.6500000000000001,3.8500000000000005,0.20900000000000002,0.07786350000000002,0.8539322365573592,49.45507262825939
1.6500000000000001,3.8500000000000005,0.40800000000000003,0.07786350000000002,1.6827976774339757,71.20872931548777
1.6500000000000001,3.8500000000000005,0.607,0.07786350000000002,2.811584484031401,100.83385234851396
1.6500000000000001,3.8500000000000005,0.806,0.07786350000000002,4.161231818815128,136.25548211108048
1.6500000000000001,3.8500000000000005,1.0050000000000001,0.07786350000000002,5.476968416543986,170.7871211760951
1.6500000000000001,3.8500000000000005,1.2040000000000002,0.07786350000000002,7.296400209339648,218.53829119042916
1.6500000000000001,3.8500000000000005,1.4030000000000002,0.07786350000000002,9.07123808564522,265.1190893906864
1.6500000000000001,3.8500000000000005,1.6020000000000003,0.07786350000000002,10.846075961950792,311.6998875909436
1.6500000000000001,3.8500000000000005,1.8010000000000004,0.07786350000000002,12.620913838256364,358.2806857912009
1.6500000000000001,3.8500000000000005,2.0,0.07786350000000002,14.395751714561932,404.861483991458
1.6500000000000001,4.4,0.01,0.07786350000000002,0.05609414561423971,28.515731854183265
1.6500000000000001,4.4,0.20900000000000002,0.07786350000000002,1.1135967335321995,56.26999341332488
1.6500000000000001,4.4,0.40800000000000003,0.07786350000000002,2.20419512436599,84.89285764174625
1.6500000000000001,4.4,0.607,0.07786350000000002,3.752310636730865,125.52330464474933
1.6500000000000001,4.4,0.806,0.07786350000000002,5.634672360776011,174.92607702086647
1.6500000000000001,4.4,1.0050000000000001,0.07786350000000002,7.469738564116505,223.08757370914142
1.6500000000000001,4.4,1.2040000000000002,0.07786350000000002,9.921010768809822,287.42145875017735
1.6500000000000001,4.4,1.4030000000000002,0.07786350000000002,12.312202772407712,350.17853288334476
1.6500000000000001,4.4,1.6020000000000003,0.07786350000000002,14.703394776005604,412.93560701651217
1.6500000000000001,4.4,1.8010000000000004,0.07786350000000002,17.094586779603496,475.6926811496796
1.6500000000000001,4.4,2.0,0.07786350000000002,19.485778783201383,538.4497552828468
1.6500000000000001,4.95,0.01,0.07786350000000002,0.07122156765978538,28.91275256407506
1.6500000000000001,4.95,0.20900000000000002,0.07786350000000002,1.4074618848150056,63.982513803348226
1.6500000000000001,4.95,0.40800000000000003,0.07786350000000002,2.7967266073645733,100.44390588414029
1.6500000000000001,4.95,0.607,0.07786350000000002,4.841579174286386,154.11126674040804
1.6500000000000001,4.95,0.806,0.07786350000000002,7.363205665297613,220.29160708716427
1.6500000000000001,4.95,1.0050000000000001,0.07786350000000002,9.821474706785944,284.8091248121426
1.6500000000000001,4.95,1.2040000000000002,0.07786350000000002,13.009772492455582,368.48632019955676
1.6500000000000001,4.95,1.4030000000000002,0.07786350000000002,16.119925724554882,450.1126039353185
1.6500000000000001,4.95,1.6020000000000003,0.07786350000000002,19.230078956654186,531.7388876710802
1.6500000000000001,4.95,1.8010000000000004,0.07786350000000002,22.340232188753486,613.3651714068419
1.6500000000000001,4.95,2.0,0.07786350000000002,25.450385420852783,694.9914551426035
2.2,0.0,0.01,0.13842400000000005,0.0,28.63295177331582
2.2,0.0,0.20900000000000002,0.13842400000000005,0.0,28.63295177331582
2.2,0.0,0.40800000000000003,0.13842400000000005,0.0,28.63295177331582
2.2,0.0,0.607,0.13842400000000005,0.0,28.63295177331582
2.2,0.0,0.806,0.13842400000000005,0.0,28.63295177331582
2.2,0.0,1.0050000000000001,0.13842400000000005,0.0,28.63295177331582
2.2,0.0,1.2040000000000002,0.13842400000000005,0.0,28.63295177331582
2.2,0.0,1.4030000000000002,0.13842400000000005,0.0,28.63295177331582
2.2,0.0,1.6020000000000003,0.13842400000000005,0.0,28.63295177331582
2.2,0.0,1.8010000000000004,0.13842400000000005,0.0,28.63295177331582
2.2,0.0,2.0,0.13842400000000005,0.0,28.63295177331582
2.2,0.55,0.01,0.13842400000000005,0.0008283539144668367,28.654692004941083
2.2,0.55,0.20900000000000002,0.13842400000000005,0.017844873501668253,29.101292269418245
2.2,0.55,0.40800000000000003,0.13842400000000005,0.033015549782655265,29.499448191060534
2.2,0.55,0.607,0.13842400000000005,0.04350009475276973,29.774616126112164
2.2,0.55,0.806,0.13842400000000005,0.05161110772406875,29.987490475628636
2.2,0.55,1.0050000000000001,0.13842400000000005,0.05951832639960648,30.195016223398465
2.2,0.55,1.2040000000000002,0.13842400000000005,0.0830051923486475,30.8114313775567
2.2,0.55,1.4030000000000002,0.13842400000000005,0.10591639981854536,31.412738317152233
2.2,0.55,1.6020000000000003,0.13842400000000005,0.12882760728844322,32.014045256747764
2.2,0.55,1.8010000000000004,0.13842400000000005,0.15173881475834108,32.6153521963433
2.2,0.55,2.0,0.13842400000000005,0.17465002222823886,33.216659135938826
2.2,1.1,0.01,0.13842400000000005,0.003376368178108665,28.72156489502901
2.2,1.1,0.20900000000000002,0.13842400000000005,0.0707664930184795,30.49022548526481
2.2,1.1,0.40800000000000003,0.13842400000000005,0.1338713220605875,32.14641805716937
2.2,1.1,0.607,0.13842400000000005,0.19056091065511932,33.63424199964358
2.2,1.1,0.806,0.13842400000000005,0.24495904949981348,35.06192661344546
2.2,1.1,1.0050000000000001,0.13842400000000005,0.2979904009363495,36.453739754538745
2.2,1.1,1.2040000000000002,0.13842400000000005,0.4087205245655767,39.3598629629295
2.2,1.1,1.4030000000000002,0.13842400000000005,0.5167366745764405,42.19475766131066
2.2,1.1,1.6020000000000003,0.13842400000000005,0.6247528245873043,45.02965235969184
2.2,1.1,1.8010000000000004,0.13842400000000005,0.7327689745981681,47.86454705807301
2.2,1.1,2.0,0.13842400000000005,0.8407851246090317,50.69944175645418
2.2,1.6500000000000001,0.01,0.13842400000000005,0.0076809286134846945,28.834538515694824
2.2,1.6500000000000001,0.20900000000000002,0.13842400000000005,0.1584384798321485,32.79118557863619
2.2,1.6500000000000001,0.40800000000000003,0.13842400000000005,0.30368529977854464,36.60320294623677
2.2,1.6500000000000001,0.607,0.13842400000000005,0.4539344631349026,40.546507318706134
2.2,1.6500000000000001,0.806,0.13842400000000005,0.6112251229918214,44.6746164735724
2.2,1.6500000000000001,1.0050000000000001,0.13842400000000005,0.7645637562191694,48.69900429288926
2.2,1.6500000000000001,1.2040000000000002,0.13842400000000005,1.0386850544061301,55.893345276764556
2.2,1.6500000000000001,1.4030000000000002,0.13842400000000005,1.3060876933238024,62.911354373780156
2.2,1.6500000000000001,1.6020000000000003,0.13842400000000005,1.5734903322414748,69.92936347079575
2.2,1.6500000000000001,1.8010000000000004,0.13842400000000005,1.840892971159147,76.94737256781136
2.2,1.6500000000000001,2.0,0.13842400000000005,2.108295610076819,83.96538166482694
2.2,2.2,0.01,0.13842400000000005,0.013762067004273473,28.99413860311171
2.2,2.2,0.20900000000000002,0.13842400000000005,0.2806932093727832,35.99977322587145
2.2,2.2,0.40800000000000003,0.13842400000000005,0.543082381016618,42.88620337109438
2.2,2.2,0.607,0.13842400000000005,0.8418482026594402,50.72734234658597
2.2,2.2,0.806,0.13842400000000005,1.171033860088343,59.36685296545601
2.2,2.2,1.0050000000000001,0.13842400000000005,1.491948521099434,67.78929045319866
2.2,2.2,1.2040000000000002,0.13842400000000005,2.01330865979241,81.472439620979
2.2,2.2,1.4030000000000002,0.13842400000000005,2.521890363713498,94.82021748562747
2.2,2.2,1.6020000000000003,0.13842400000000005,3.030472067634587,108.16799535027594
2.2,2.2,1.8010000000000004,0.13842400000000005,3.539053771555676,121.51577321492442
2.2,2.2,2.0,0.13842400000000005,4.047635475476763,134.86355107957286
2.2,2.75,0.01,0.13842400000000005,0.021633913805932457,29.200736012501395
2.2,2.75,0.20900000000000002,0.13842400000000005,0.437415824778166,40.112973997093775
2.2,2.75,0.40800000000000003,0.13842400000000005,0.8525097716733914,51.00715629543562
2.2,2.75,0.607,0.13842400000000005,1.360679116770879,64.34411176137112
2.2,2.75,0.806,0.13842400000000005,1.940561251383596,79.56317658579053
2.2,2.75,1.0050000000000001,0.13842400000000005,2.505873483116596,94.3998528467823
2.2,2.75,1.2040000000000002,0.13842400000000005,3.36414603109161,116.92530201133552
2.2,2.75,1.4030000000000002,0.13842400000000005,4.201382487204492,138.89865683362027
2.2,2.75,1.6020000000000003,0.13842400000000005,5.038618943317372,160.872011655905
2.2,2.75,1.8010000000000004,0.13842400000000005,5.875855399430253,182.84536647818973
2.2,2.75,2.0,0.13842400000000005,6.713091855543133,204.81872130047444
2.2,3.3000000000000003,0.01,0.13842400000000005,0.03130744298538869,29.454618756727307
2.2,3.3000000000000003,0.20900000000000002,0.13842400000000005,0.6285189683539568,45.12849518084729
2.2,3.3000000000000003,0.40800000000000003,0.13842400000000005,1.2323183065829577,60.975269414693784
2.2,3.3000000000000003,0.607,0.13842400000000005,2.0157295014179333,81.53597485241549
2.2,3.3000000000000003,0.806,0.13842400000000005,2.933363470053813,105.6193704601898
2.2,3.3000000000000003,1.0050000000000001,0.13842400000000005,3.8279413088244696,129.0976556255577
2.2,3.3000000000000003,1.2040000000000002,0.13842400000000005,5.117554684465449,162.94368810494493
2.2,3.3000000000000003,1.4030000000000002,0.13842400000000005,6.375559889134836,195.96016096473934
2.2,3.3000000000000003,1.6020000000000003,0.13842400000000005,7.633565093804223,228.9766338245337
2.2,3.3000000000000003,1.8010000000000004,0.13842400000000005,8.891570298473608,261.99310668432815
2.2,3.3000000000000003,2.0,0.13842400000000005,10.149575503142993,295.0095795441224
2.2,3.8500000000000005,0.01,0.13842400000000005,0.04279164541321997,29.756022802090158
2.2,3.8500000000000005,0.20900000000000002,0.13842400000000005,0.8539322365573592,51.04448902908506
2.2,3.8500000000000005,0.40800000000000003,0.13842400000000005,1.6827976774339757,72.79814571631344
2.2,3.8500000000000005,0.607,0.13842400000000005,2.811584484031401,102.42326874933963
2.2,3.8500000000000005,0.806,0.13842400000000005,4.161231818815128,137.84489851190614
2.2,3.8500000000000005,1.0050000000000001,0.13842400000000005,5.476968416543986,172.37653757692075
2.2,3.8500000000000005,1.2040000000000002,0.13842400000000005,7.296400209339648,220.12770759125482
2.2,3.8500000000000005,1.4030000000000002,0.13842400000000005,9.07123808564522,266.70850579151204
2.2,3.8500000000000005,1.6020000000000003,0.13842400000000005,10.846075961950792,313.2893039917693
2.2,3.8500000000000005,1.8010000000000004,0.13842400000000005,12.620913838256364,359.87010219202654
2.2,3.8500000000000005,2.0,0.13842400000000005,14.395751714561932,406.4509003922837
2.2,4.4,0.01,0.13842400000000005,0.05609414561423971,30.105148255008935
2.2,4.4,0.20900000000000002,0.13842400000000005,1.1135967335321995,57.85940981415055
2.2,4.4,0.40800000000000003,0.13842400000000005,2.20419512436599,86.4822740425719
2.2,4.4,0.607,0.13842400000000005,3.752310636730865,127.112721045575
2.2,4.4,0.806,0.13842400000000005,5.634672360776011,176.51549342169213
2.2,4.4,1.0050000000000001,0.13842400000000005,7.469738564116505,224.67699010996708
2.2,4.4,1.2040000000000002,0.13842400000000005,9.921010768809822,289.01087515100306
2.2,4.4,1.4030000000000002,0.13842400000000005,12.312202772407712,351.76794928417047
2.2,4.4,1.6020000000000003,0.13842400000000005,14.703394776005604,414.5250234173379
2.2,4.4,1.8010000000000004,0.13842400000000005,17.094586779603496,477.2820975505052
2.2,4.4,2.0,0.13842400000000005,19.485778783201383,540.0391716836725
2.2,4.95,0.01,0.13842400000000005,0.07122156765978538,30.502168964900733
2.2,4.95,0.20900000000000002,0.13842400000000005,1.4074618848150056,65.5719302041739
2.2,4.95,0.40800000000000003,0.13842400000000005,2.7967266073645733,102.03332228496596
2.2,4.95,0.607,0.13842400000000005,4.841579174286386,155.7006831412337
2.2,4.95,0.806,0.13842400000000005,7.363205665297613,221.88102348798992
2.2,4.95,1.0050000000000001,0.13842400000000005,9.821474706785944,286.3985412129683
2.2,4.95,1.2040000000000002,0.13842400000000005,13.009772492455582,370.07573660038247
2.2,4.95,1.4030000000000002,0.13842400000000005,16.119925724554882,451.7020203361442
2.2,4.95,1.6020000000000003,0.13842400000000005,19.230078956654186,533.3283040719059
2.2,4.95,1.8010000000000004,0.13842400000000005,22.340232188753486,614.9545878076676
2.2,4.95,2.0,0.13842400000000005,25.450385420852783,696.5808715434291
2.75,0.0,0.01,0.21628750000000002,0.0,30.676487145805968
2.75,0.0,0.20900000000000002,0.21628750000000002,0.0,30.676487145805968
2.75,0.0,0.40800000000000003,0.21628750000000002,0.0,30.676487145805968
2.75,0.0,0.607,0.21628750000000002,0.0,30.676487145805968
2.75,0.0,0.806,0.21628750000000002,0.0,30.676487145805968
2.75,0.0,1.0050000000000001,0.21628750000000002,0.0,30.676487145805968
2.75,0.0,1.2040000000000002,0.21628750000000002,0.0,30.676487145805968
2.75,0.0,1.4030000000000002,0.21628750000000002,0.0,30.676487145805968
2.75,0.0,1.6020000000000003,0.21628750000000002,0.0,30.676487145805968
2.75,0.0,1.8010000000000004,0.21628750000000002,0.0,30.676487145805968
2.75,0.0,2.0,0.21628750000000002,0.0,30.676487145805968
2.75,0.55,0.01,0.21628750000000002,0.0008283539144668367,30.69822737743123
2.75,0.55,0.20900000000000002,0.21628750000000002,0.017844873501668253,31.144827641908392
2.75,0.55,0.40800000000000003,0.21628750000000002,0.033015549782655265,31.54298356355068
2.75,0.55,0.607,0.21628750000000002,0.04350009475276973,31.81815149860231
2.75,0.55,0.806,0.21628750000000002,0.05161110772406875,32.03102584811879
2.75,0.55,1.0050000000000001,0.21628750000000002,0.05951832639960648,32.238551595888616
2.75,0.55,1.2040000000000002,0.21628750000000002,0.0830051923486475,32.85496675004685
2.75,0.55,1.4030000000000002,0.21628750000000002,0.10591639981854536,33.45627368964238
2.75,0.55,1.6020000000000003,0.21628750000000002,0.12882760728844322,34.05758062923791
2.75,0.55,1.8010000000000004,0.21628750000000002,0.15173881475834108,34.65888756883345
2.75,0.55,2.0,0.21628750000000002,0.17465002222823886,35.26019450842898
2.75,1.1,0.01,0.21628750000000002,0.003376368178108665,30.76510026751916
2.75,1.1,0.20900000000000002,0.21628750000000002,0.0707664930184795,32.533760857754956
2.75,1.1,0.40800000000000003,0.21628750000000002,0.1338713220605875,34.189953429659525
2.75,1.1,0.607,0.21628750000000002,0.19056091065511932,35.67777737213372
2.75,1.1,0.806,0.21628750000000002,0.24495904949981348,37.105461985935605
2.75,1.1,1.0050000000000001,0.21628750000000002,0.2979904009363495,38.4972751270289
2.75,1.1,1.2040000000000002,0.21628750000000002,0.4087205245655767,41.403398335419645
2.75,1.1,1.4030000000000002,0.21628750000000002,0.5167366745764405,44.238293033800815
2.75,1.1,1.6020000000000003,0.21628750000000002,0.6247528245873043,47.073187732181985
2.75,1.1,1.8010000000000004,0.21628750000000002,0.7327689745981681,49.908082430563155
2.75,1.1,2.0,0.21628750000000002,0.8407851246090317,52.74297712894432
2.75,1.6500000000000001,0.01,0.21628750000000002,0.0076809286134846945,30.87807388818497
2.75,1.6500000000000001,0.20900000000000002,0.21628750000000002,0.1584384798321485,34.834720951126336
2.75,1.6500000000000001,0.40800000000000003,0.21628750000000002,0.30368529977854464,38.64673831872692
2.75,1.6500000000000001,0.607,0.21628750000000002,0.4539344631349026,42.590042691196274
2.75,1.6500000000000001,0.806,0.21628750000000002,0.6112251229918214,46.718151846062554
2.75,1.6500000000000001,1.0050000000000001,0.21628750000000002,0.7645637562191694,50.74253966537941
2.75,1.6500000000000001,1.2040000000000002,0.21628750000000002,1.0386850544061301,57.93688064925471
2.75,1.6500000000000001,1.4030000000000002,0.21628750000000002,1.3060876933238024,64.9548897462703
2.75,1.6500000000000001,1.6020000000000003,0.21628750000000002,1.5734903322414748,71.9728988432859
2.75,1.6500000000000001,1.8010000000000004,0.21628750000000002,1.840892971159147,78.9909079403015
2.75,1.6500000000000001,2.0,0.21628750000000002,2.108295610076819,86.00891703731708
2.75,2.2,0.01,0.21628750000000002,0.013762067004273473,31.03767397560186
2.75,2.2,0.20900000000000002,0.21628750000000002,0.2806932093727832,38.043308598361605
2.75,2.2,0.40800000000000003,0.21628750000000002,0.543082381016618,44.92973874358453
2.75,2.2,0.607,0.21628750000000002,0.8418482026594402,52.770877719076125
2.75,2.2,0.806,0.21628750000000002,1.171033860088343,61.410388337946166
2.75,2.2,1.0050000000000001,0.21628750000000002,1.491948521099434,69.83282582568881
2.75,2.2,1.2040000000000002,0.21628750000000002,2.01330865979241,83.51597499346916
2.75,2.2,1.4030000000000002,0.21628750000000002,2.521890363713498,96.86375285811762
2.75,2.2,1.6020000000000003,0.21628750000000002,3.030472067634587,110.21153072276608
2.75,2.2,1.8010000000000004,0.21628750000000002,3.539053771555676,123.55930858741456
2.75,2.2,2.0,0.21628750000000002,4.047635475476763,136.907086452063
2.75,2.75,0.01,0.21628750000000002,0.021633913805932457,31.244271384991542
2.75,2.75,0.20900000000000002,0.21628750000000002,0.437415824778166,42.15650936958392
2.75,2.75,0.40800000000000003,0.21628750000000002,0.8525097716733914,53.05069166792576
2.75,2.75,0.607,0.21628750000000002,1.360679116770879,66.38764713386126
2.75,2.75,0.806,0.21628750000000002,1.940561251383596,81.60671195828067
2.75,2.75,1.0050000000000001,0.21628750000000002,2.505873483116596,96.44338821927245
2.75,2.75,1.2040000000000002,0.21628750000000002,3.36414603109161,118.96883738382566
2.75,2.75,1.4030000000000002,0.21628750000000002,4.201382487204492,140.9421922061104
2.75,2.75,1.6020000000000003,0.21628750000000002,5.038618943317372,162.91554702839517
2.75,2.75,1.8010000000000004,0.21628750000000002,5.875855399430253,184.8889018506799
2.75,2.75,2.0,0.21628750000000002,6.713091855543133,206.8622566729646
2.75,3.3000000000000003,0.01,0.21628750000000002,0.03130744298538869,31.498154129217454
2.75,3.3000000000000003,0.20900000000000002,0.21628750000000002,0.6285189683539568,47.172030553337436
2.75,3.3000000000000003,0.40800000000000003,0.21628750000000002,1.2323183065829577,63.01880478718394
2.75,3.3000000000000003,0.607,0.21628750000000002,2.0157295014179333,83.57951022490565
2.75,3.3000000000000003,0.806,0.21628750000000002,2.933363470053813,107.66290583267995
2.75,3.3000000000000003,1.0050000000000001,0.21628750000000002,3.8279413088244696,131.14119099804788
2.75,3.3000000000000003,1.2040000000000002,0.21628750000000002,5.117554684465449,164.9872234774351
2.75,3.3000000000000003,1.4030000000000002,0.21628750000000002,6.375559889134836,198.00369633722948
2.75,3.3000000000000003,1.6020000000000003,0.21628750000000002,7.633565093804223,231.02016919702388
2.75,3.3000000000000003,1.8010000000000004,0.21628750000000002,8.891570298473608,264.0366420568182
2.75,3.3000000000000003,2.0,0.21628750000000002,10.149575503142993,297.05311491661257
2.75,3.8500000000000005,0.01,0.21628750000000002,0.04279164541321997,31.799558174580305
2.75,3.8500000000000005,0.20900000000000002,0.21628750000000002,0.8539322365573592,53.08802440157521
2.75,3.8500000000000005,0.40800000000000003,0.21628750000000002,1.6827976774339757,74.8416810888036
2.75,3.8500000000000005,0.607,0.21628750000000002,2.811584484031401,104.46680412182978
2.75,3.8500000000000005,0.806,0.21628750000000002,4.161231818815128,139.8884338843963
2.75,3.8500000000000005,1.0050000000000001,0.21628750000000002,5.476968416543986,174.4200729494109
2.75,3.8500000000000005,1.2040000000000002,0.21628750000000002,7.296400209339648,222.17124296374496
2.75,3.8500000000000005,1.4030000000000002,0.21628750000000002,9.07123808564522,268.7520411640022
2.75,3.8500000000000005,1.6020000000000003,0.21628750000000002,10.846075961950792,315.3328393642594
2.75,3.8500000000000005,1.8010000000000004,0.21628750000000002,12.620913838256364,361.9136375645167
2.75,3.8500000000000005,2.0,0.21628750000000002,14.395751714561932,408.49443576477387
2.75,4.4,0.01,0.21628750000000002,0.05609414561423971,32.14868362749908
2.75,4.4,0.20900000000000002,0.21628750000000002,1.1135967335321995,59.90294518664071
2.75,4.4,0.40800000000000003,0.21628750000000002,2.20419512436599,88.52580941506206
2.75,4.4,0.607,0.21628750000000002,3.752310636730865,129.15625641806514
2.75,4.4,0.806,0.21628750000000002,5.634672360776011,178.5590287941823
2.75,4.4,1.0050000000000001,0.21628750000000002,7.469738564116505,226.72052548245725
2.75,4.4,1.2040000000000002,0.21628750000000002,9.921010768809822,291.0544105234932
2.75,4.4,1.4030000000000002,0.21628750000000002,12.312202772407712,353.8114846566606
2.75,4.4,1.6020000000000003,0.21628750000000002,14.703394776005604,416.568558789828
2.75,4.4,1.8010000000000004,0.21628750000000002,17.094586779603496,479.32563292299534
2.75,4.4,2.0,0.21628750000000002,19.485778783201383,542.0827070561627
2.75,4.95,0.01,0.21628750000000002,0.07122156765978538,32.54570433739088
2.75,4.95,0.20900000000000002,0.21628750000000002,1.4074618848150056,67.61546557666405
2.75,4.95,0.40800000000000003,0.21628750000000002,2.7967266073645733,104.07685765745612
2.75,4.95,0.607,0.21628750000000002,4.841579174286386,157.74421851372384
2.75,4.95,0.806,0.21628750000000002,7.363205665297613,223.9245588604801
2.75,4.95,1.0050000000000001,0.21628750000000002,9.821474706785944,288.4420765854585
2.75,4.95,1.2040000000000002,0.21628750000000002,13.009772492455582,372.1192719728726
2.75,4.95,1.4030000000000002,0.21628750000000002,16.119925724554882,453.7455557086343
2.75,4.95,1.6020000000000003,0.21628750000000002,19.230078956654186,535.3718394443961
2.75,4.95,1.8010000000000004,0.21628750000000002,22.340232188753486,616.9981231801577
2.75,4.95,2.0,0.21628750000000002,25.450385420852783,698.6244069159193
3.3000000000000003,0.0,0.01,0.31145400000000006,0.0,33.17414148996059
3.3000000000000003,0.0,0.20900000000000002,0.31145400000000006,0.0,33.17414148996059
3.3000000000000003,0.0,0.40800000000000003,0.31145400000000006,0.0,33.17414148996059
3.3000000000000003,0.0,0.607,0.31145400000000006,0.0,33.17414148996059
3.3000000000000003,0.0,0.806,0.31145400000000006,0.0,33.17414148996059
3.3000000000000003,0.0,1.0050000000000001,0.31145400000000006,0.0,33.17414148996059
3.3000000000000003,0.0,1.2040000000000002,0.31145400000000006,0.0,33.17414148996059
3.3000000000000003,0.0,1.4030000000000002,0.31145400000000006,0.0,33.17414148996059
3.3000000000000003,0.0,1.6020000000000003,0.31145400000000006,0.0,33.17414148996059
3.3000000000000003,0.0,1.8010000000000004,0.31145400000000006,0.0,33.17414148996059
3.3000000000000003,0.0,2.0,0.31145400000000006,0.0,33.17414148996059
3.3000000000000003,0.55,0.01,0.31145400000000006,0.0008283539144668367,33.195881721585856
3.3000000000000003,0.55,0.20900000000000002,0.31145400000000006,0.017844873501668253,33.64248198606302
3.3000000000000003,0.55,0.40800000000000003,0.31145400000000006,0.033015549782655265,34.0406379077053
3.3000000000000003,0.55,0.607,0.31145400000000006,0.04350009475276973,34.31580584275694
3.3000000000000003,0.55,0.806,0.31145400000000006,0.05161110772406875,34.52868019227341
3.3000000000000003,0.55,1.0050000000000001,0.31145400000000006,0.05951832639960648,34.73620594004324
3.3000000000000003,0.55,1.2040000000000002,0.31145400000000006,0.0830051923486475,35.352621094201474
3.3000000000000003,0.55,1.4030000000000002,0.31145400000000006,0.10591639981854536,35.953928033797006
3.3000000000000003,0.55,1.6020000000000003,0.31145400000000006,0.12882760728844322,36.555234973392544
3.3000000000000003,0.55,1.8010000000000004,0.31145400000000006,0.15173881475834108,37.156541912988075
3.3000000000000003,0.55,2.0,0.31145400000000006,0.17465002222823886,37.75784885258361
3.3000000000000003,1.1,0.01,0.31145400000000006,0.003376368178108665,33.262754611673785
3.3000000000000003,1.1,0.20900000000000002,0.31145400000000006,0.0707664930184795,35.03141520190958
3.3000000000000003,1.1,0.40800000000000003,0.31145400000000006,0.1338713220605875,36.68760777381415
3.3000000000000003,1.1,0.607,0.31145400000000006,0.19056091065511932,38.175431716288344
3.3000000000000003,1.1,0.806,0.31145400000000006,0.24495904949981348,39.60311633009023
3.3000000000000003,1.1,1.0050000000000001,0.31145400000000006,0.2979904009363495,40.994929471183525
3.3000000000000003,1.1,1.2040000000000002,0.31145400000000006,0.4087205245655767,43.90105267957427
3.3000000000000003,1.1,1.4030000000000002,0.31145400000000006,0.5167366745764405,46.73594737795544
3.3000000000000003,1.1,1.6020000000000003,0.31145400000000006,0.6247528245873043,49.57084207633661
3.3000000000000003,1.1,1.8010000000000004,0.31145400000000006,0.7327689745981681,52.40573677471778
3.3000000000000003,1.1,2.0,0.31145400000000006,0.8407851246090317,55.240631473098944
3.3000000000000003,1.6500000000000001,0.01,0.31145400000000006,0.0076809286134846945,33.3757282323396
3.3000000000000003,1.6500000000000001,0.20900000000000002,0.31145400000000006,0.1584384798321485,37.33237529528096
3.3000000000000003,1.6500000000000001,0.40800000000000003,0.31145400000000006,0.30368529977854464,41.14439266288154
3.3000000000000003,1.6500000000000001,0.607,0.31145400000000006,0.4539344631349026,45.08769703535091
3.3000000000000003,1.6500000000000001,0.806,0.31145400000000006,0.6112251229918214,49.21580619021718
3.3000000000000003,1.6500000000000001,1.0050000000000001,0.31145400000000006,0.7645637562191694,53.24019400953404
3.3000000000000003,1.6500000000000001,1.2040000000000002,0.31145400000000006,1.0386850544061301,60.43453499340933
3.3000000000000003,1.6500000000000001,1.4030000000000002,0.31145400000000006,1.3060876933238024,67.45254409042494
3.3000000000000003,1.6500000000000001,1.6020000000000003,0.31145400000000006,1.5734903322414748,74.47055318744054
3.3000000000000003,1.6500000000000001,1.8010000000000004,0.31145400000000006,1.840892971159147,81.48856228445612
3.3000000000000003,1.6500000000000001,2.0,0.31145400000000006,2.108295610076819,88.50657138147172
3.3000000000000003,2.2,0.01,0.31145400000000006,0.013762067004273473,33.53532831975649
3.3000000000000003,2.2,0.20900000000000002,0.31145400000000006,0.2806932093727832,40.54096294251623
3.3000000000000003,2.2,0.40800000000000003,0.31145400000000006,0.543082381016618,47.427393087739155
3.3000000000000003,2.2,0.607,0.31145400000000006,0.8418482026594402,55.26853206323075
3.3000000000000003,2.2,0.806,0.31145400000000006,1.171033860088343,63.908042682100785
3.3000000000000003,2.2,1.0050000000000001,0.31145400000000006,1.491948521099434,72.33048016984344
3.3000000000000003,2.2,1.2040000000000002,0.31145400000000006,2.01330865979241,86.0136293376238
3.3000000000000003,2.2,1.4030000000000002,0.31145400000000006,2.521890363713498,99.36140720227225
3.3000000000000003,2.2,1.6020000000000003,0.31145400000000006,3.030472067634587,112.70918506692072
3.3000000000000003,2.2,1.8010000000000004,0.31145400000000006,3.539053771555676,126.0569629315692
3.3000000000000003,2.2,2.0,0.31145400000000006,4.047635475476763,139.40474079621765
3.3000000000000003,2.75,0.01,0.31145400000000006,0.021633913805932457,33.74192572914617
3.3000000000000003,2.75,0.20900000000000002,0.31145400000000006,0.437415824778166,44.65416371373855
3.3000000000000003,2.75,0.40800000000000003,0.31145400000000006,0.8525097716733914,55.548346012080394
3.3000000000000003,2.75,0.607,0.31145400000000006,1.360679116770879,68.88530147801589
3.3000000000000003,2.75,0.806,0.31145400000000006,1.940561251383596,84.1043663024353
3.3000000000000003,2.75,1.0050000000000001,0.31145400000000006,2.505873483116596,98.94104256342708
3.3000000000000003,2.75,1.2040000000000002,0.31145400000000006,3.36414603109161,121.4664917279803
3.3000000000000003,2.75,1.4030000000000002,0.31145400000000006,4.201382487204492,143.43984655026503
3.3000000000000003,2.75,1.6020000000000003,0.31145400000000006,5.038618943317372,165.41320137254976
3.3000000000000003,2.75,1.8010000000000004,0.31145400000000006,5.875855399430253,187.3865561948345
3.3000000000000003,2.75,2.0,0.31145400000000006,6.713091855543133,209.3599110171192
3.3000000000000003,3.3000000000000003,0.01,0.31145400000000006,0.03130744298538869,33.99580847337208
3.3000000000000003,3.3000000000000003,0.20900000000000002,0.31145400000000006,0.6285189683539568,49.66968489749206
3.3000000000000003,3.3000000000000003,0.40800000000000003,0.31145400000000006,1.2323183065829577,65.51645913133856
3.3000000000000003,3.3000000000000003,0.607,0.31145400000000006,2.0157295014179333,86.07716456906026
3.3000000000000003,3.3000000000000003,0.806,0.31145400000000006,2.933363470053813,110.16056017683458
3.3000000000000003,3.3000000000000003,1.0050000000000001,0.31145400000000006,3.8279413088244696,133.6388453422025
3.3000000000000003,3.3000000000000003,1.2040000000000002,0.31145400000000006,5.117554684465449,167.4848778215897
3.3000000000000003,3.3000000000000003,1.4030000000000002,0.31145400000000006,6.375559889134836,200.5013506813841
3.3000000000000003,3.3000000000000003,1.6020000000000003,0.31145400000000006,7.633565093804223,233.51782354117847
3.3000000000000003,3.3000000000000003,1.8010000000000004,0.31145400000000006,8.891570298473608,266.53429640097283
3.3000000000000003,3.3000000000000003,2.0,0.31145400000000006,10.149575503142993,299.55076926076714
3.3000000000000003,3.8500000000000005,0.01,0.31145400000000006,0.04279164541321997,34.29721251873494
3.3000000000000003,3.8500000000000005,0.20900000000000002,0.31145400000000006,0.8539322365573592,55.58567874572983
3.3000000000000003,3.8500000000000005,0.40800000000000003,0.31145400000000006,1.6827976774339757,77.33933543295822
3.3000000000000003,3.8500000000000005,0.607,0.31145400000000006,2.811584484031401,106.9644584659844
3.3000000000000003,3.8500000000000005,0.806,0.31145400000000006,4.161231818815128,142.38608822855093
3.3000000000000003,3.8500000000000005,1.0050000000000001,0.31145400000000006,5.476968416543986,176.91772729356552
3.3000000000000003,3.8500000000000005,1.2040000000000002,0.31145400000000006,7.296400209339648,224.66889730789958
3.3000000000000003,3.8500000000000005,1.4030000000000002,0.31145400000000006,9.07123808564522,271.24969550815683
3.3000000000000003,3.8500000000000005,1.6020000000000003,0.31145400000000006,10.846075961950792,317.83049370841405
3.3000000000000003,3.8500000000000005,1.8010000000000004,0.31145400000000006,12.620913838256364,364.41129190867133
3.3000000000000003,3.8500000000000005,2.0,0.31145400000000006,14.395751714561932,410.99209010892844
3.3000000000000003,4.4,0.01,0.31145400000000006,0.05609414561423971,34.64633797165371
3.3000000000000003,4.4,0.20900000000000002,0.31145400000000006,1.1135967335321995,62.400599530795326
3.3000000000000003,4.4,0.40800000000000003,0.31145400000000006,2.20419512436599,91.0234637592167
3.3000000000000003,4.4,0.607,0.31145400000000006,3.752310636730865,131.65391076221977
3.3000000000000003,4.4,0.806,0.31145400000000006,5.634672360776011,181.0566831383369
3.3000000000000003,4.4,1.0050000000000001,0.31145400000000006,7.469738564116505,229.21817982661184
3.3000000000000003,4.4,1.2040000000000002,0.31145400000000006,9.921010768809822,293.5520648676478
3.3000000000000003,4.4,1.4030000000000002,0.31145400000000006,12.312202772407712,356.3091390008152
3.3000000000000003,4.4,1.6020000000000003,0.31145400000000006,14.703394776005604,419.0662131339826
3.3000000000000003,4.4,1.8010000000000004,0.31145400000000006,17.094586779603496,481.8232872671501
3.3000000000000003,4.4,2.0,0.31145400000000006,19.485778783201383,544.5803614003173
3.3000000000000003,4.95,0.01,0.31145400000000006,0.07122156765978538,35.043358681545506
3.3000000000000003,4.95,0.20900000000000002,0.31145400000000006,1.4074618848150056,70.11311992081868
3.3000000000000003,4.95,0.40800000000000003,0.31145400000000006,2.7967266073645733,106.57451200161074
3.3000000000000003,4.95,0.607,0.31145400000000006,4.841579174286386,160.24187285787846
3.3000000000000003,4.95,0.806,0.31145400000000006,7.363205665297613,226.4222132046347
3.3000000000000003,4.95,1.0050000000000001,0.31145400000000006,9.821474706785944,290.93973092961306
3.3000000000000003,4.95,1.2040000000000002,0.31145400000000006,13.009772492455582,374.6169263170272
3.3000000000000003,4.95,1.4030000000000002,0.31145400000000006,16.119925724554882,456.243210052789
3.3000000000000003,4.95,1.6020000000000003,0.31145400000000006,19.230078956654186,537.8694937885507
3.3000000000000003,4.95,1.8010000000000004,0.31145400000000006,22.340232188753486,619.4957775243124
3.3000000000000003,4.95,2.0,0.31145400000000006,25.450385420852783,701.122061260074
3.8500000000000005,0.0,0.01,0.4239235000000001,0.0,36.1259148057797
3.8500000000000005,0.0,0.20900000000000002,0.4239235000000001,0.0,36.1259148057797
3.8500000000000005,0.0,0.40800000000000003,0.4239235000000001,0.0,36.1259148057797
3.8500000000000005,0.0,0.607,0.4239235000000001,0.0,36.1259148057797
3.8500000000000005,0.0,0.806,0.4239235000000001,0.0,36.1259148057797
3.8500000000000005,0.0,1.0050000000000001,0.4239235000000001,0.0,36.1259148057797
3.8500000000000005,0.0,1.2040000000000002,0.4239235000000001,0.0,36.1259148057797
3.8500000000000005,0.0,1.4030000000000002,0.4239235000000001,0.0,36.1259148057797
3.8500000000000005,0.0,1.6020000000000003,0.4239235000000001,0.0,36.1259148057797
3.8500000000000005,0.0,1.8010000000000004,0.4239235000000001,0.0,36.1259148057797
3.8500000000000005,0.0,2.0,0.4239235000000001,0.0,36.1259148057797
3.8500000000000005,0.55,0.01,0.4239235000000001,0.0008283539144668367,36.14765503740496
3.8500000000000005,0.55,0.20900000000000002,0.4239235000000001,0.017844873501668253,36.59425530188212
3.8500000000000005,0.55,0.40800000000000003,0.4239235000000001,0.033015549782655265,36.992411223524414
3.8500000000000005,0.55,0.607,0.4239235000000001,0.04350009475276973,37.26757915857604
3.8500000000000005,0.55,0.806,0.4239235000000001,0.05161110772406875,37.480453508092516
3.8500000000000005,0.55,1.0050000000000001,0.4239235000000001,0.05951832639960648,37.687979255862345
3.8500000000000005,0.55,1.2040000000000002,0.4239235000000001,0.0830051923486475,38.30439441002058
3.8500000000000005,0.55,1.4030000000000002,0.4239235000000001,0.10591639981854536,38.90570134961611
3.8500000000000005,0.55,1.6020000000000003,0.4239235000000001,0.12882760728844322,39.50700828921164
3.8500000000000005,0.55,1.8010000000000004,0.4239235000000001,0.15173881475834108,40.10831522880718
3.8500000000000005,0.55,2.0,0.4239235000000001,0.17465002222823886,40.70962216840271
3.8500000000000005,1.1,0.01,0.4239235000000001,0.003376368178108665,36.214527927492895
3.8500000000000005,1.1,0.20900000000000002,0.4239235000000001,0.0707664930184795,37.983188517728685
3.8500000000000005,1.1,0.40800000000000003,0.4239235000000001,0.1338713220605875,39.639381089633254
3.8500000000000005,1.1,0.607,0.4239235000000001,0.19056091065511932,41.127205032107454
3.8500000000000005,1.1,0.806,0.4239235000000001,0.24495904949981348,42.55488964590934
3.8500000000000005,1.1,1.0050000000000001,0.4239235000000001,0.2979904009363495,43.94670278700263
3.8500000000000005,1.1,1.2040000000000002,0.4239235000000001,0.4087205245655767,46.852825995393374
3.8500000000000005,1.1,1.4030000000000002,0.4239235000000001,0.5167366745764405,49.687720693774544
3.8500000000000005,1.1,1.6020000000000003,0.4239235000000001,0.6247528245873043,52.522615392155714
3.8500000000000005,1.1,1.8010000000000004,0.4239235000000001,0.7327689745981681,55.35751009053689
3.8500000000000005,1.1,2.0,0.4239235000000001,0.8407851246090317,58.19240478891805
3.8500000000000005,1.6500000000000001,0.01,0.4239235000000001,0.0076809286134846945,36.32750154815871
3.8500000000000005,1.6500000000000001,0.20900000000000002,0.4239235000000001,0.1584384798321485,40.284148611100065
3.8500000000000005,1.6500000000000001,0.40800000000000003,0.4239235000000001,0.30368529977854464,44.096165978700654
3.8500000000000005,1.6500000000000001,0.607,0.4239235000000001,0.4539344631349026,48.03947035117001
3.8500000000000005,1.6500000000000001,0.806,0.4239235000000001,0.6112251229918214,52.167579506036276
3.8500000000000005,1.6500000000000001,1.0050000000000001,0.4239235000000001,0.7645637562191694,56.19196732535315
3.8500000000000005,1.6500000000000001,1.2040000000000002,0.4239235000000001,1.0386850544061301,63.38630830922844
3.8500000000000005,1.6500000000000001,1.4030000000000002,0.4239235000000001,1.3060876933238024,70.40431740624403
3.8500000000000005,1.6500000000000001,1.6020000000000003,0.4239235000000001,1.5734903322414748,77.42232650325963
3.8500000000000005,1.6500000000000001,1.8010000000000004,0.4239235000000001,1.840892971159147,84.44033560027523
3.8500000000000005,1.6500000000000001,2.0,0.4239235000000001,2.108295610076819,91.45834469729081
3.8500000000000005,2.2,0.01,0.4239235000000001,0.013762067004273473,36.48710163557559
3.8500000000000005,2.2,0.20900000000000002,0.4239235000000001,0.2806932093727832,43.492736258335334
3.8500000000000005,2.2,0.40800000000000003,0.4239235000000001,0.543082381016618,50.37916640355826
3.8500000000000005,2.2,0.607,0.4239235000000001,0.8418482026594402,58.220305379049854
3.8500000000000005,2.2,0.806,0.4239235000000001,1.171033860088343,66.8598159979199
3.8500000000000005,2.2,1.0050000000000001,0.4239235000000001,1.491948521099434,75.28225348566255
3.8500000000000005,2.2,1.2040000000000002,0.4239235000000001,2.01330865979241,88.9654026534429
3.8500000000000005,2.2,1.4030000000000002,0.4239235000000001,2.521890363713498,102.31318051809134
3.8500000000000005,2.2,1.6020000000000003,0.4239235000000001,3.030472067634587,115.66095838273982
3.8500000000000005,2.2,1.8010000000000004,0.4239235000000001,3.539053771555676,129.0087362473883
3.8500000000000005,2.2,2.0,0.4239235000000001,4.047635475476763,142.35651411203673
3.8500000000000005,2.75,0.01,0.4239235000000001,0.021633913805932457,36.69369904496527
3.8500000000000005,2.75,0.20900000000000002,0.4239235000000001,0.437415824778166,47.60593702955765
3.8500000000000005,2.75,0.40800000000000003,0.4239235000000001,0.8525097716733914,58.5001193278995
3.8500000000000005,2.75,0.607,0.4239235000000001,1.360679116770879,71.837074793835
3.8500000000000005,2.75,0.806,0.4239235000000001,1.940561251383596,87.0561396182544
3.8500000000000005,2.75,1.0050000000000001,0.4239235000000001,2.505873483116596,101.89281587924617
3.8500000000000005,2.75,1.2040000000000002,0.4239235000000001,3.36414603109161,124.4182650437994
3.8500000000000005,2.75,1.4030000000000002,0.4239235000000001,4.201382487204492,146.39161986608414
3.8500000000000005,2.75,1.6020000000000003,0.4239235000000001,5.038618943317372,168.36497468836887
3.8500000000000005,2.75,1.8010000000000004,0.4239235000000001,5.875855399430253,190.3383295106536
3.8500000000000005,2.75,2.0,0.4239235000000001,6.713091855543133,212.3116843329383
3.8500000000000005,3.3000000000000003,0.01,0.4239235000000001,0.03130744298538869,36.94758178919118
3.8500000000000005,3.3000000000000003,0.20900000000000002,0.4239235000000001,0.6285189683539568,52.62145821331117
3.8500000000000005,3.3000000000000003,0.40800000000000003,0.4239235000000001,1.2323183065829577,68.46823244715766
3.8500000000000005,3.3000000000000003,0.607,0.4239235000000001,2.0157295014179333,89.02893788487937
3.8500000000000005,3.3000000000000003,0.806,0.4239235000000001,2.933363470053813,113.11233349265368
3.8500000000000005,3.3000000000000003,1.0050000000000001,0.4239235000000001,3.8279413088244696,136.5906186580216
3.8500000000000005,3.3000000000000003,1.2040000000000002,0.4239235000000001,5.117554684465449,170.4366511374088
3.8500000000000005,3.3000000000000003,1.4030000000000002,0.4239235000000001,6.375559889134836,203.45312399720322
3.8500000000000005,3.3000000000000003,1.6020000000000003,0.4239235000000001,7.633565093804223,236.46959685699758
3.8500000000000005,3.3000000000000003,1.8010000000000004,0.4239235000000001,8.891570298473608,269.486069716792
3.8500000000000005,3.3000000000000003,2.0,0.4239235000000001,10.149575503142993,302.5025425765863
3.8500000000000005,3.8500000000000005,0.01,0.4239235000000001,0.04279164541321997,37.248985834554034
3.8500000000000005,3.8500000000000005,0.20900000000000002,0.4239235000000001,0.8539322365573592,58.53745206154894
3.8500000000000005,3.8500000000000005,0.40800000000000003,0.4239235000000001,1.6827976774339757,80.29110874877732
3.8500000000000005,3.8500000000000005,0.607,0.4239235000000001,2.811584484031401,109.9162317818035
3.8500000000000005,3.8500000000000005,0.806,0.4239235000000001,4.161231818815128,145.33786154437
3.8500000000000005,3.8500000000000005,1.0050000000000001,0.4239235000000001,5.476968416543986,179.86950060938463
3.8500000000000005,3.8500000000000005,1.2040000000000002,0.4239235000000001,7.296400209339648,227.6206706237187
3.8500000000000005,3.8500000000000005,1.4030000000000002,0.4239235000000001,9.07123808564522,274.2014688239759
3.8500000000000005,3.8500000000000005,1.6020000000000003,0.4239235000000001,10.846075961950792,320.7822670242332
3.8500000000000005,3.8500000000000005,1.8010000000000004,0.4239235000000001,12.620913838256364,367.3630652244904
3.8500000000000005,3.8500000000000005,2.0,0.4239235000000001,14.395751714561932,413.9438634247476
3.8500000000000005,4.4,0.01,0.4239235000000001,0.05609414561423971,37.59811128747282
3.8500000000000005,4.4,0.20900000000000002,0.4239235000000001,1.1135967335321995,65.35237284661443
3.8500000000000005,4.4,0.40800000000000003,0.4239235000000001,2.20419512436599,93.97523707503579
3.8500000000000005,4.4,0.607,0.4239235000000001,3.752310636730865,134.6056840780389
3.8500000000000005,4.4,0.806,0.4239235000000001,5.634672360776011,184.008456454156
3.8500000000000005,4.4,1.0050000000000001,0.4239235000000001,7.469738564116505,232.16995314243096
3.8500000000000005,4.4,1.2040000000000002,0.4239235000000001,9.921010768809822,296.50383818346694
3.8500000000000005,4.4,1.4030000000000002,0.4239235000000001,12.312202772407712,359.26091231663435
3.8500000000000005,4.4,1.6020000000000003,0.4239235000000001,14.703394776005604,422.01798644980175
3.8500000000000005,4.4,1.8010000000000004,0.4239235000000001,17.094586779603496,484.77506058296916
3.8500000000000005,4.4,2.0,0.4239235000000001,19.485778783201383,547.5321347161364
3.8500000000000005,4.95,0.01,0.4239235000000001,0.07122156765978538,37.99513199736461
3.8500000000000005,4.95,0.20900000000000002,0.4239235000000001,1.4074618848150056,73.06489323663777
3.8500000000000005,4.95,0.40800000000000003,0.4239235000000001,2.7967266073645733,109.52628531742984
3.8500000000000005,4.95,0.607,0.4239235000000001,4.841579174286386,163.19364617369757
3.8500000000000005,4.95,0.806,0.4239235000000001,7.363205665297613,229.3739865204538
3.8500000000000005,4.95,1.0050000000000001,0.4239235000000001,9.821474706785944,293.8915042454322
3.8500000000000005,4.95,1.2040000000000002,0.4239235000000001,13.009772492455582,377.56869963284635
3.8500000000000005,4.95,1.4030000000000002,0.4239235000000001,16.119925724554882,459.19498336860806
3.8500000000000005,4.95,1.6020000000000003,0.4239235000000001,19.230078956654186,540.8212671043698
3.8500000000000005,4.95,1.8010000000000004,0.4239235000000001,22.340232188753486,622.4475508401315
3.8500000000000005,4.95,2.0,0.4239235000000001,25.450385420852783,704.0738345758931
4.4,0.0,0.01,0.5536960000000002,0.0,39.53180709326328
4.4,0.0,0.20900000000000002,0.5536960000000002,0.0,39.53180709326328
4.4,0.0,0.40800000000000003,0.5536960000000002,0.0,39.53180709326328
4.4,0.0,0.607,0.5536960000000002,0.0,39.53180709326328
4.4,0.0,0.806,0.5536960000000002,0.0,39.53180709326328
4.4,0.0,1.0050000000000001,0.5536960000000002,0.0,39.53180709326328
4.4,0.0,1.2040000000000002,0.5536960000000002,0.0,39.53180709326328
4.4,0.0,1.4030000000000002,0.5536960000000002,0.0,39.53180709326328
4.4,0.0,1.6020000000000003,0.5536960000000002,0.0,39.53180709326328
4.4,0.0,1.8010000000000004,0.5536960000000002,0.0,39.53180709326328
4.4,0.0,2.0,0.5536960000000002,0.0,39.53180709326328
4.4,0.55,0.01,0.5536960000000002,0.0008283539144668367,39.55354732488854
4.4,0.55,0.20900000000000002,0.5536960000000002,0.017844873501668253,40.00014758936571
4.4,0.55,0.40800000000000003,0.5536960000000002,0.033015549782655265,40.398303511007995
4.4,0.55,0.607,0.5536960000000002,0.04350009475276973,40.67347144605962
4.4,0.55,0.806,0.5536960000000002,0.05161110772406875,40.8863457955761
4.4,0.55,1.0050000000000001,0.5536960000000002,0.05951832639960648,41.09387154334593
4.4,0.55,1.2040000000000002,0.5536960000000002,0.0830051923486475,41.71028669750416
4.4,0.55,1.4030000000000002,0.5536960000000002,0.10591639981854536,42.31159363709969
4.4,0.55,1.6020000000000003,0.5536960000000002,0.12882760728844322,42.91290057669522
4.4,0.55,1.8010000000000004,0.5536960000000002,0.15173881475834108,43.51420751629075
4.4,0.55,2.0,0.5536960000000002,0.17465002222823886,44.115514455886284
4.4,1.1,0.01,0.5536960000000002,0.003376368178108665,39.62042021497648
4.4,1.1,0.20900000000000002,0.5536960000000002,0.0707664930184795,41.38908080521227
4.4,1.1,0.40800000000000003,0.5536960000000002,0.1338713220605875,43.045273377116835
4.4,1.1,0.607,0.5536960000000002,0.19056091065511932,44.533097319591036
4.4,1.1,0.806,0.5536960000000002,0.24495904949981348,45.960781933392916
4.4,1.1,1.0050000000000001,0.5536960000000002,0.2979904009363495,47.3525950744862
4.4,1.1,1.2040000000000002,0.5536960000000002,0.4087205245655767,50.258718282876956
4.4,1.1,1.4030000000000002,0.5536960000000002,0.5167366745764405,53.093612981258126
4.4,1.1,1.6020000000000003,0.5536960000000002,0.6247528245873043,55.928507679639296
4.4,1.1,1.8010000000000004,0.5536960000000002,0.7327689745981681,58.763402378020466
4.4,1.1,2.0,0.5536960000000002,0.8407851246090317,61.59829707640163
4.4,1.6500000000000001,0.01,0.5536960000000002,0.0076809286134846945,39.73339383564228
4.4,1.6500000000000001,0.20900000000000002,0.5536960000000002,0.1584384798321485,43.690040898583646
4.4,1.6500000000000001,0.40800000000000003,0.5536960000000002,0.30368529977854464,47.50205826618423
4.4,1.6500000000000001,0.607,0.5536960000000002,0.4539344631349026,51.44536263865359
4.4,1.6500000000000001,0.806,0.5536960000000002,0.6112251229918214,55.57347179351986
4.4,1.6500000000000001,1.0050000000000001,0.5536960000000002,0.7645637562191694,59.59785961283673
4.4,1.6500000000000001,1.2040000000000002,0.5536960000000002,1.0386850544061301,66.79220059671201
4.4,1.6500000000000001,1.4030000000000002,0.5536960000000002,1.3060876933238024,73.81020969372761
4.4,1.6500000000000001,1.6020000000000003,0.5536960000000002,1.5734903322414748,80.82821879074321
4.4,1.6500000000000001,1.8010000000000004,0.5536960000000002,1.840892971159147,87.84622788775881
4.4,1.6500000000000001,2.0,0.5536960000000002,2.108295610076819,94.8642369847744
4.4,2.2,0.01,0.5536960000000002,0.013762067004273473,39.89299392305917
4.4,2.2,0.20900000000000002,0.5536960000000002,0.2806932093727832,46.898628545818916
4.4,2.2,0.40800000000000003,0.5536960000000002,0.543082381016618,53.78505869104184
4.4,2.2,0.607,0.5536960000000002,0.8418482026594402,61.626197666533436
4.4,2.2,0.806,0.5536960000000002,1.171033860088343,70.26570828540348
4.4,2.2,1.0050000000000001,0.5536960000000002,1.491948521099434,78.68814577314612
4.4,2.2,1.2040000000000002,0.5536960000000002,2.01330865979241,92.37129494092648
4.4,2.2,1.4030000000000002,0.5536960000000002,2.521890363713498,105.71907280557492
4.4,2.2,1.6020000000000003,0.5536960000000002,3.030472067634587,119.0668506702234
4.4,2.2,1.8010000000000004,0.5536960000000002,3.539053771555676,132.41462853487187
4.4,2.2,2.0,0.5536960000000002,4.047635475476763,145.76240639952033
4.4,2.75,0.01,0.5536960000000002,0.021633913805932457,40.09959133244885
4.4,2.75,0.20900000000000002,0.5536960000000002,0.437415824778166,51.01182931704123
4.4,2.75,0.40800000000000003,0.5536960000000002,0.8525097716733914,61.90601161538308
4.4,2.75,0.607,0.5536960000000002,1.360679116770879,75.24296708131857
4.4,2.75,0.806,0.5536960000000002,1.940561251383596,90.46203190573799
4.4,2.75,1.0050000000000001,0.5536960000000002,2.505873483116596,105.29870816672975
4.4,2.75,1.2040000000000002,0.5536960000000002,3.36414603109161,127.82415733128296
4.4,2.75,1.4030000000000002,0.5536960000000002,4.201382487204492,149.7975121535677
4.4,2.75,1.6020000000000003,0.5536960000000002,5.038618943317372,171.77086697585244
4.4,2.75,1.8010000000000004,0.5536960000000002,5.875855399430253,193.74422179813718
4.4,2.75,2.0,0.5536960000000002,6.713091855543133,215.71757662042188
4.4,3.3000000000000003,0.01,0.5536960000000002,0.03130744298538869,40.353474076674765
4.4,3.3000000000000003,0.20900000000000002,0.5536960000000002,0.6285189683539568,56.02735050079475
4.4,3.3000000000000003,0.40800000000000003,0.5536960000000002,1.2323183065829577,71.87412473464124
4.4,3.3000000000000003,0.607,0.5536960000000002,2.0157295014179333,92.43483017236295
4.4,3.3000000000000003,0.806,0.5536960000000002,2.933363470053813,116.51822578013726
4.4,3.3000000000000003,1.0050000000000001,0.5536960000000002,3.8279413088244696,139.99651094550518
4.4,3.3000000000000003,1.2040000000000002,0.5536960000000002,5.117554684465449,173.8425434248924
4.4,3.3000000000000003,1.4030000000000002,0.5536960000000002,6.375559889134836,206.8590162846868
4.4,3.3000000000000003,1.6020000000000003,0.5536960000000002,7.633565093804223,239.87548914448118
4.4,3.3000000000000003,1.8010000000000004,0.5536960000000002,8.891570298473608,272.89196200427557
4.4,3.3000000000000003,2.0,0.5536960000000002,10.149575503142993,305.9084348640699
4.4,3.8500000000000005,0.01,0.5536960000000002,0.04279164541321997,40.654878122037616
4.4,3.8500000000000005,0.20900000000000002,0.5536960000000002,0.8539322365573592,61.94334434903252
4.4,3.8500000000000005,0.40800000000000003,0.5536960000000002,1.6827976774339757,83.6970010362609
4.4,3.8500000000000005,0.607,0.5536960000000002,2.811584484031401,113.32212406928709
4.4,3.8500000000000005,0.806,0.5536960000000002,4.161231818815128,148.7437538318536
4.4,3.8500000000000005,1.0050000000000001,0.5536960000000002,5.476968416543986,183.2753928968682
4.4,3.8500000000000005,1.2040000000000002,0.5536960000000002,7.296400209339648,231.02656291120226
4.4,3.8500000000000005,1.4030000000000002,0.5536960000000002,9.07123808564522,277.6073611114595
4.4,3.8500000000000005,1.6020000000000003,0.5536960000000002,10.846075961950792,324.18815931171673
4.4,3.8500000000000005,1.8010000000000004,0.5536960000000002,12.620913838256364,370.768957511974
4.4,3.8500000000000005,2.0,0.5536960000000002,14.395751714561932,417.3497557122311
4.4,4.4,0.01,0.5536960000000002,0.05609414561423971,41.00400357495639
4.4,4.4,0.20900000000000002,0.5536960000000002,1.1135967335321995,68.75826513409802
4.4,4.4,0.40800000000000003,0.5536960000000002,2.20419512436599,97.38112936251937
4.4,4.4,0.607,0.5536960000000002,3.752310636730865,138.01157636552247
4.4,4.4,0.806,0.5536960000000002,5.634672360776011,187.41434874163957
4.4,4.4,1.0050000000000001,0.5536960000000002,7.469738564116505,235.57584542991452
4.4,4.4,1.2040000000000002,0.5536960000000002,9.921010768809822,299.9097304709505
4.4,4.4,1.4030000000000002,0.5536960000000002,12.312202772407712,362.6668046041179
4.4,4.4,1.6020000000000003,0.5536960000000002,14.703394776005604,425.4238787372853
4.4,4.4,1.8010000000000004,0.5536960000000002,17.094586779603496,488.1809528704527
4.4,4.4,2.0,0.5536960000000002,19.485778783201383,550.93802700362
4.4,4.95,0.01,0.5536960000000002,0.07122156765978538,41.40102428484819
4.4,4.95,0.20900000000000002,0.5536960000000002,1.4074618848150056,76.47078552412137
4.4,4.95,0.40800000000000003,0.5536960000000002,2.7967266073645733,112.93217760491342
4.4,4.95,0.607,0.5536960000000002,4.841579174286386,166.59953846118114
4.4,4.95,0.806,0.5536960000000002,7.363205665297613,232.77987880793737
4.4,4.95,1.0050000000000001,0.5536960000000002,9.821474706785944,297.2973965329158
4.4,4.95,1.2040000000000002,0.5536960000000002,13.009772492455582,380.9745919203299
4.4,4.95,1.4030000000000002,0.5536960000000002,16.119925724554882,462.6008756560916
4.4,4.95,1.6020000000000003,0.5536960000000002,19.230078956654186,544.2271593918534
4.4,4.95,1.8010000000000004,0.5536960000000002,22.340232188753486,625.853443127615
4.4,4.95,2.0,0.5536960000000002,25.450385420852783,707.4797268633766
4.95,0.0,0.01,0.7007715000000001,0.0,43.391818352411335
4.95,0.0,0.20900000000000002,0.7007715000000001,0.0,43.391818352411335
4.95,0.0,0.40800000000000003,0.7007715000000001,0.0,43.391818352411335
4.95,0.0,0.607,0.7007715000000001,0.0,43.391818352411335
4.95,0.0,0.806,0.7007715000000001,0.0,43.391818352411335
4.95,0.0,1.0050000000000001,0.7007715000000001,0.0,43.391818352411335
4.95,0.0,1.2040000000000002,0.7007715000000001,0.0,43.391818352411335
4.95,0.0,1.4030000000000002,0.7007715000000001,0.0,43.391818352411335
4.95,0.0,1.6020000000000003,0.7007715000000001,0.0,43.391818352411335
4.95,0.0,1.8010000000000004,0.7007715000000001,0.0,43.391818352411335
4.95,0.0,2.0,0.7007715000000001,0.0,43.391818352411335
4.95,0.55,0.01,0.7007715000000001,0.0008283539144668367,43.41355858403659
4.95,0.55,0.20900000000000002,0.7007715000000001,0.017844873501668253,43.86015884851376
4.95,0.55,0.40800000000000003,0.7007715000000001,0.033015549782655265,44.25831477015605
4.95,0.55,0.607,0.7007715000000001,0.04350009475276973,44.533482705207675
4.95,0.55,0.806,0.7007715000000001,0.05161110772406875,44.74635705472416
4.95,0.55,1.0050000000000001,0.7007715000000001,0.05951832639960648,44.95388280249398
4.95,0.55,1.2040000000000002,0.7007715000000001,0.0830051923486475,45.57029795665221
4.95,0.55,1.4030000000000002,0.7007715000000001,0.10591639981854536,46.17160489624775
4.95,0.55,1.6020000000000003,0.7007715000000001,0.12882760728844322,46.77291183584328
4.95,0.55,1.8010000000000004,0.7007715000000001,0.15173881475834108,47.37421877543881
4.95,0.55,2.0,0.7007715000000001,0.17465002222823886,47.975525715034344
4.95,1.1,0.01,0.7007715000000001,0.003376368178108665,43.48043147412453
4.95,1.1,0.20900000000000002,0.7007715000000001,0.0707664930184795,45.249092064360326
4.95,1.1,0.40800000000000003,0.7007715000000001,0.1338713220605875,46.905284636264895
4.95,1.1,0.607,0.7007715000000001,0.19056091065511932,48.39310857873909
4.95,1.1,0.806,0.7007715000000001,0.24495904949981348,49.820793192540975
4.95,1.1,1.0050000000000001,0.7007715000000001,0.2979904009363495,51.21260633363426
4.95,1.1,1.2040000000000002,0.7007715000000001,0.4087205245655767,54.11872954202501
4.95,1.1,1.4030000000000002,0.7007715000000001,0.5167366745764405,56.953624240406185
4.95,1.1,1.6020000000000003,0.7007715000000001,0.6247528245873043,59.788518938787355
4.95,1.1,1.8010000000000004,0.7007715000000001,0.7327689745981681,62.623413637168525
4.95,1.1,2.0,0.7007715000000001,0.8407851246090317,65.45830833554967
4.95,1.6500000000000001,0.01,0.7007715000000001,0.0076809286134846945,43.59340509479034
4.95,1.6500000000000001,0.20900000000000002,0.7007715000000001,0.1584384798321485,47.5500521577317
4.95,1.6500000000000001,0.40800000000000003,0.7007715000000001,0.30368529977854464,51.36206952533229
4.95,1.6500000000000001,0.607,0.7007715000000001,0.4539344631349026,55.305373897801644
4.95,1.6500000000000001,0.806,0.7007715000000001,0.6112251229918214,59.43348305266792
4.95,1.6500000000000001,1.0050000000000001,0.7007715000000001,0.7645637562191694,63.45787087198478
4.95,1.6500000000000001,1.2040000000000002,0.7007715000000001,1.0386850544061301,70.65221185586007
4.95,1.6500000000000001,1.4030000000000002,0.7007715000000001,1.3060876933238024,77.67022095287567
4.95,1.6500000000000001,1.6020000000000003,0.7007715000000001,1.5734903322414748,84.68823004989127
4.95,1.6500000000000001,1.8010000000000004,0.7007715000000001,1.840892971159147,91.70623914690687
4.95,1.6500000000000001,2.0,0.7007715000000001,2.108295610076819,98.72424824392245
4.95,2.2,0.01,0.7007715000000001,0.013762067004273473,43.753005182207225
4.95,2.2,0.20900000000000002,0.7007715000000001,0.2806932093727832,50.758639804966975
4.95,2.2,0.40800000000000003,0.7007715000000001,0.543082381016618,57.64506995018989
4.95,2.2,0.607,0.7007715000000001,0.8418482026594402,65.4862089256815
4.95,2.2,0.806,0.7007715000000001,1.171033860088343,74.12571954455153
4.95,2.2,1.0050000000000001,0.7007715000000001,1.491948521099434,82.54815703229417
4.95,2.2,1.2040000000000002,0.7007715000000001,2.01330865979241,96.23130620007453
4.95,2.2,1.4030000000000002,0.7007715000000001,2.521890363713498,109.57908406472298
4.95,2.2,1.6020000000000003,0.7007715000000001,3.030472067634587,122.92686192937146
4.95,2.2,1.8010000000000004,0.7007715000000001,3.539053771555676,136.27463979401995
4.95,2.2,2.0,0.7007715000000001,4.047635475476763,149.62241765866838
4.95,2.75,0.01,0.7007715000000001,0.021633913805932457,43.959602591596905
4.95,2.75,0.20900000000000002,0.7007715000000001,0.437415824778166,54.871840576189285
4.95,2.75,0.40800000000000003,0.7007715000000001,0.8525097716733914,65.76602287453113
4.95,2.75,0.607,0.7007715000000001,1.360679116770879,79.10297834046662
4.95,2.75,0.806,0.7007715000000001,1.940561251383596,94.32204316488604
4.95,2.75,1.0050000000000001,0.7007715000000001,2.505873483116596,109.1587194258778
4.95,2.75,1.2040000000000002,0.7007715000000001,3.36414603109161,131.68416859043103
4.95,2.75,1.4030000000000002,0.7007715000000001,4.201382487204492,153.6575234127158
4.95,2.75,1.6020000000000003,0.7007715000000001,5.038618943317372,175.63087823500052
4.95,2.75,1.8010000000000004,0.7007715000000001,5.875855399430253,197.60423305728523
4.95,2.75,2.0,0.7007715000000001,6.713091855543133,219.57758787956993
4.95,3.3000000000000003,0.01,0.7007715000000001,0.03130744298538869,44.213485335822824
4.95,3.3000000000000003,0.20900000000000002,0.7007715000000001,0.6285189683539568,59.887361759942806
4.95,3.3000000000000003,0.40800000000000003,0.7007715000000001,1.2323183065829577,75.7341359937893
4.95,3.3000000000000003,0.607,0.7007715000000001,2.0157295014179333,96.294841431511
4.95,3.3000000000000003,0.806,0.7007715000000001,2.933363470053813,120.37823703928531
4.95,3.3000000000000003,1.0050000000000001,0.7007715000000001,3.8279413088244696,143.85652220465323
4.95,3.3000000000000003,1.2040000000000002,0.7007715000000001,5.117554684465449,177.70255468404045
4.95,3.3000000000000003,1.4030000000000002,0.7007715000000001,6.375559889134836,210.71902754383484
4.95,3.3000000000000003,1.6020000000000003,0.7007715000000001,7.633565093804223,243.73550040362923
4.95,3.3000000000000003,1.8010000000000004,0.7007715000000001,8.891570298473608,276.7519732634236
4.95,3.3000000000000003,2.0,0.7007715000000001,10.149575503142993,309.7684461232179
4.95,3.8500000000000005,0.01,0.7007715000000001,0.04279164541321997,44.514889381185675
4.95,3.8500000000000005,0.20900000000000002,0.7007715000000001,0.8539322365573592,65.80335560818057
4.95,3.8500000000000005,0.40800000000000003,0.7007715000000001,1.6827976774339757,87.55701229540895
4.95,3.8500000000000005,0.607,0.7007715000000001,2.811584484031401,117.18213532843514
4.95,3.8500000000000005,0.806,0.7007715000000001,4.161231818815128,152.60376509100166
4.95,3.8500000000000005,1.0050000000000001,0.7007715000000001,5.476968416543986,187.13540415601625
4.95,3.8500000000000005,1.2040000000000002,0.7007715000000001,7.296400209339648,234.88657417035031
4.95,3.8500000000000005,1.4030000000000002,0.7007715000000001,9.07123808564522,281.46737237060756
4.95,3.8500000000000005,1.6020000000000003,0.7007715000000001,10.846075961950792,328.04817057086484
4.95,3.8500000000000005,1.8010000000000004,0.7007715000000001,12.620913838256364,374.62896877112206
4.95,3.8500000000000005,2.0,0.7007715000000001,14.395751714561932,421.2097669713792
4.95,4.4,0.01,0.7007715000000001,0.05609414561423971,44.86401483410445
4.95,4.4,0.20900000000000002,0.7007715000000001,1.1135967335321995,72.61827639324608
4.95,4.4,0.40800000000000003,0.7007715000000001,2.20419512436599,101.24114062166744
4.95,4.4,0.607,0.7007715000000001,3.752310636730865,141.87158762467052
4.95,4.4,0.806,0.7007715000000001,5.634672360776011,191.27436000078762
4.95,4.4,1.0050000000000001,0.7007715000000001,7.469738564116505,239.43585668906258
4.95,4.4,1.2040000000000002,0.7007715000000001,9.921010768809822,303.7697417300986
4.95,4.4,1.4030000000000002,0.7007715000000001,12.312202772407712,366.526815863266
4.95,4.4,1.6020000000000003,0.7007715000000001,14.703394776005604,429.28388999643335
4.95,4.4,1.8010000000000004,0.7007715000000001,17.094586779603496,492.04096412960075
4.95,4.4,2.0,0.7007715000000001,19.485778783201383,554.798038262768
4.95,4.95,0.01,0.7007715000000001,0.07122156765978538,45.26103554399624
4.95,4.95,0.20900000000000002,0.7007715000000001,1.4074618848150056,80.33079678326942
4.95,4.95,0.40800000000000003,0.7007715000000001,2.7967266073645733,116.79218886406147
4.95,4.95,0.607,0.7007715000000001,4.841579174286386,170.4595497203292
4.95,4.95,0.806,0.7007715000000001,7.363205665297613,236.63989006708545
4.95,4.95,1.0050000000000001,0.7007715000000001,9.821474706785944,301.15740779206385
4.95,4.95,1.2040000000000002,0.7007715000000001,13.009772492455582,384.83460317947794
4.95,4.95,1.4030000000000002,0.7007715000000001,16.119925724554882,466.46088691523966
4.95,4.95,1.6020000000000003,0.7007715000000001,19.230078956654186,548.0871706510014
4.95,4.95,1.8010000000000004,0.7007715000000001,22.340232188753486,629.7134543867631
4.95,4.95,2.0,0.7007715000000001,25.450385420852783,711.3397381225246
