0.0,0.5,0.01,0.0,0.000872768185175972,25.02335103235167
0.0,0.5,0.20900000000000002,0.0,0.01962978405542369,25.525197561414377
0.0,0.5,0.40800000000000003,0.0,0.03088439014463397,25.826316089058057
0.0,0.5,0.607,0.0,0.0377128045221769,26.00901125112845
0.0,0.5,0.806,0.0,0.04700165156286631,26.257535626146893
0.0,0.5,1.0050000000000001,0.0,0.05605711048695547,26.499815670134723
0.0,0.5,1.2040000000000002,0.0,0.08334231317735283,27.229835005815303
0.0,0.5,1.4030000000000002,0.0,0.10995876089984824,27.941961710719397
0.0,0.5,1.6020000000000003,0.0,0.13657520862234368,28.65408841562349
0.0,0.5,1.8010000000000004,0.0,0.16319165634483912,29.36621512052759
0.0,0.5,2.0,0.0,0.18980810406733448,30.07834182543168
0.0,1.0,0.01,0.0,0.0035268664630036983,25.094361795350057
0.0,1.0,0.20900000000000002,0.0,0.07598134609195938,27.03289132309395
0.0,1.0,0.40800000000000003,0.0,0.12941130839991016,28.462417283816087
0.0,1.0,0.607,0.0,0.17799148890313002,29.762186667998982
0.0,1.0,0.806,0.0,0.23754229362286616,31.355476605920007
0.0,1.0,1.0050000000000001,0.0,0.2955968469677346,32.9087341333405
0.0,1.0,1.2040000000000002,0.0,0.41600116255513364,36.13016809062322
0.0,1.0,1.4030000000000002,0.0,0.5334543919761748,39.27264533326667
0.0,1.0,1.6020000000000003,0.0,0.6509076213972159,42.415122575910104
0.0,1.0,1.8010000000000004,0.0,0.7683608508182572,45.55759981855354
0.0,1.0,2.0,0.0,0.8858140802392982,48.70007706119698
0.0,1.5,0.01,0.0,0.007982942252221284,25.213584713511914
0.0,1.5,0.20900000000000002,0.0,0.16774180821701265,29.487955057176066
0.0,1.5,0.40800000000000003,0.0,0.29997544541466664,33.025884134596176
0.0,1.5,0.607,0.0,0.44247697540171876,36.83853209015729
0.0,1.5,0.806,0.0,0.614285611047174,41.435295672280986
0.0,1.5,1.0050000000000001,0.0,0.7817774468020399,45.916562681989504
0.0,1.5,1.2040000000000002,0.0,1.0672630098524993,53.55476802901593
0.0,1.5,1.4030000000000002,0.0,1.3457513777301533,61.00576246067405
0.0,1.5,1.6020000000000003,0.0,1.6242397456078073,68.45675689233218
0.0,1.5,1.8010000000000004,0.0,1.902728113485461,75.90775132399028
0.0,1.5,2.0,0.0,2.1812164813631143,83.35874575564839
0.0,2.0,0.01,0.0,0.01425210870324317,25.381317120698927
0.0,2.0,0.20900000000000002,0.0,0.2942466840467639,32.87261033943611
0.0,2.0,0.40800000000000003,0.0,0.5452958173132918,39.589464290274286
0.0,2.0,0.607,0.0,0.8454479255013653,47.620075061573345
0.0,2.0,0.806,0.0,1.2066227321887764,57.28335649049594
0.0,2.0,1.0050000000000001,0.0,1.5587227949895688,66.70384190361645
0.0,2.0,1.2040000000000002,0.0,2.084079218564769,80.75982498300431
0.0,2.0,1.4030000000000002,0.0,2.596559259209204,94.47129867319146
0.0,2.0,1.6020000000000003,0.0,3.109039299853639,108.1827723633786
0.0,2.0,1.8010000000000004,0.0,3.6215193404980743,121.89424605356577
0.0,2.0,2.0,0.0,4.133999381142508,135.6057197437529
0.0,2.5,0.01,0.0,0.022342168956898195,25.597767791012902
0.0,2.5,0.20900000000000002,0.0,0.4550438268327176,37.17475992168016
0.0,2.5,0.40800000000000003,0.0,0.8674201294647388,48.20794438850436
0.0,2.5,0.607,0.0,1.3981152377943837,62.40676470982405
0.0,2.5,0.806,0.0,2.0381446573389055,79.53083950500067
0.0,2.5,1.0050000000000001,0.0,2.662092935688841,96.2246611646201
0.0,2.5,1.2040000000000002,0.0,3.503801660441032,118.74469339793
0.0,2.5,1.4030000000000002,0.0,4.324880269390473,140.71276405689406
0.0,2.5,1.6020000000000003,0.0,5.145958878339914,162.68083471585814
0.0,2.5,1.8010000000000004,0.0,5.967037487289353,184.64890537482216
0.0,2.5,2.0,0.0,6.788116096238793,206.6169760337862
0.0,3.0,0.01,0.0,0.03225916318177633,25.863098329991875
0.0,3.0,0.20900000000000002,0.0,0.6497909898346645,42.385246945490806
0.0,3.0,0.40800000000000003,0.0,1.268013054510517,58.92586297384731
0.0,3.0,0.607,0.0,2.1098900209113056,81.45039653551225
0.0,3.0,0.806,0.0,3.1289573178676555,108.71568166383923
0.0,3.0,1.0050000000000001,0.0,4.122419908870327,135.2959093768816
0.0,3.0,1.2040000000000002,0.0,5.3580649738847645,168.35576235779013
0.0,3.0,1.4030000000000002,0.0,6.563424620639044,200.6053248244607
0.0,3.0,1.6020000000000003,0.0,7.768784267393321,232.85488729113123
0.0,3.0,1.8010000000000004,0.0,8.9741439141476,265.10444975780183
0.0,3.0,2.0,0.0,10.179503560901876,297.3540122244723
0.0,3.5,0.01,0.0,0.04400802730632449,26.1774407990776
0.0,3.5,0.20900000000000002,0.0,0.8782133582175999,48.49671870231164
0.0,3.5,0.40800000000000003,0.0,1.7484874471925949,71.78102116846625
0.0,3.5,0.607,0.0,2.9889732911288984,104.97038985254972
0.0,3.5,0.806,0.0,4.496783919098536,145.31206975327848
0.0,3.5,1.0050000000000001,0.0,5.966709857923208,184.64013960625022
0.0,3.5,1.2040000000000002,0.0,7.674619682418776,230.33550092087904
0.0,3.5,1.4030000000000002,0.0,9.340668972000236,274.9108778895611
0.0,3.5,1.6020000000000003,0.0,11.006718261581696,319.48625485824317
0.0,3.5,1.8010000000000004,0.0,12.672767551163156,364.06163182692524
0.0,3.5,2.0,0.0,14.338816840744611,408.63700879560713
0.0,4.0,0.01,0.0,0.05759293826964686,26.540906952848
0.0,4.0,0.20900000000000002,0.0,1.140081716447684,55.503042499135375
0.0,4.0,0.40800000000000003,0.0,2.310076430388395,86.8064113438676
0.0,4.0,0.607,0.0,4.042685773960158,133.1626116748758
0.0,4.0,0.806,0.0,6.157591807110403,189.74721230496584
0.0,4.0,1.0050000000000001,0.0,8.219359497719184,244.91008930113398
0.0,4.0,1.2040000000000002,0.0,10.478368303979904,305.35017936590066
0.0,4.0,1.4030000000000002,0.0,12.682009247342071,364.30889467417785
0.0,4.0,1.6020000000000003,0.0,14.885650190704242,423.2676099824551
0.0,4.0,1.8010000000000004,0.0,17.089291134066414,482.2263252907324
0.0,4.0,2.0,0.0,19.292932077428578,541.1850405990094
0.0,4.5,0.01,0.0,0.07301751837969529,26.953593706648526
0.0,4.5,0.20900000000000002,0.0,1.4351997222232704,63.398965170785274
0.0,4.5,0.40800000000000003,0.0,2.953877663641823,104.03140153151283
0.0,4.5,0.607,0.0,5.277673592650845,166.20487994035864
0.0,4.5,0.806,0.0,8.12598853725045,242.41193646325047
0.0,4.5,1.0050000000000001,0.0,10.902737779724434,316.70424282225054
0.0,4.5,1.2040000000000002,0.0,13.792016835495097,394.00729975104605
0.0,4.5,1.4030000000000002,0.0,16.610480228134122,469.41567391197884
0.0,4.5,1.6020000000000003,0.0,19.428943620773147,544.8240480729118
0.0,4.5,1.8010000000000004,0.0,22.24740701341217,620.2324222338444
0.0,4.5,2.0,0.0,25.065870406051193,695.6407963947771
0.5,0.0,0.01,0.009125,0.0,25.244140625
0.5,0.0,0.20900000000000002,0.009125,0.0,25.244140625
0.5,0.0,0.40800000000000003,0.009125,0.0,25.244140625
0.5,0.0,0.607,0.009125,0.0,25.244140625
0.5,0.0,0.806,0.009125,0.0,25.244140625
0.5,0.0,1.0050000000000001,0.009125,0.0,25.244140625
0.5,0.0,1.2040000000000002,0.009125,0.0,25.244140625
0.5,0.0,1.4030000000000002,0.009125,0.0,25.244140625
0.5,0.0,1.6020000000000003,0.009125,0.0,25.244140625
0.5,0.0,1.8010000000000004,0.009125,0.0,25.244140625
0.5,0.0,2.0,0.009125,0.0,25.244140625
0.5,0.5,0.01,0.009125,0.000872768185175972,25.26749165735167
0.5,0.5,0.20900000000000002,0.009125,0.01962978405542369,25.769338186414377
0.5,0.5,0.40800000000000003,0.009125,0.03088439014463397,26.070456714058057
0.5,0.5,0.607,0.009125,0.0377128045221769,26.25315187612845
0.5,0.5,0.806,0.009125,0.04700165156286631,26.501676251146893
0.5,0.5,1.0050000000000001,0.009125,0.05605711048695547,26.743956295134723
0.5,0.5,1.2040000000000002,0.009125,0.08334231317735283,27.473975630815303
0.5,0.5,1.4030000000000002,0.009125,0.10995876089984824,28.186102335719397
0.5,0.5,1.6020000000000003,0.009125,0.13657520862234368,28.89822904062349
0.5,0.5,1.8010000000000004,0.009125,0.16319165634483912,29.61035574552759
0.5,0.5,2.0,0.009125,0.18980810406733448,30.32248245043168
0.5,1.0,0.01,0.009125,0.0035268664630036983,25.338502420350057
0.5,1.0,0.20900000000000002,0.009125,0.07598134609195938,27.27703194809395
0.5,1.0,0.40800000000000003,0.009125,0.12941130839991016,28.706557908816087
0.5,1.0,0.607,0.009125,0.17799148890313002,30.006327292998982
0.5,1.0,0.806,0.009125,0.23754229362286616,31.599617230920007
0.5,1.0,1.0050000000000001,0.009125,0.2955968469677346,33.1528747583405
0.5,1.0,1.2040000000000002,0.009125,0.41600116255513364,36.37430871562322
0.5,1.0,1.4030000000000002,0.009125,0.5334543919761748,39.51678595826667
0.5,1.0,1.6020000000000003,0.009125,0.6509076213972159,42.659263200910104
0.5,1.0,1.8010000000000004,0.009125,0.7683608508182572,45.80174044355354
0.5,1.0,2.0,0.009125,0.8858140802392982,48.94421768619698
0.5,1.5,0.01,0.009125,0.007982942252221284,25.457725338511914
0.5,1.5,0.20900000000000002,0.009125,0.16774180821701265,29.732095682176066
0.5,1.5,0.40800000000000003,0.009125,0.29997544541466664,33.270024759596176
0.5,1.5,0.607,0.009125,0.44247697540171876,37.08267271515729
0.5,1.5,0.806,0.009125,0.614285611047174,41.679436297280986
0.5,1.5,1.0050000000000001,0.009125,0.7817774468020399,46.160703306989504
0.5,1.5,1.2040000000000002,0.009125,1.0672630098524993,53.79890865401593
0.5,1.5,1.4030000000000002,0.009125,1.3457513777301533,61.24990308567405
0.5,1.5,1.6020000000000003,0.009125,1.6242397456078073,68.70089751733218
0.5,1.5,1.8010000000000004,0.009125,1.902728113485461,76.15189194899028
0.5,1.5,2.0,0.009125,2.1812164813631143,83.60288638064839
0.5,2.0,0.01,0.009125,0.01425210870324317,25.625457745698927
0.5,2.0,0.20900000000000002,0.009125,0.2942466840467639,33.11675096443611
0.5,2.0,0.40800000000000003,0.009125,0.5452958173132918,39.833604915274286
0.5,2.0,0.607,0.009125,0.8454479255013653,47.864215686573345
0.5,2.0,0.806,0.009125,1.2066227321887764,57.52749711549594
0.5,2.0,1.0050000000000001,0.009125,1.5587227949895688,66.94798252861645
0.5,2.0,1.2040000000000002,0.009125,2.084079218564769,81.00396560800431
0.5,2.0,1.4030000000000002,0.009125,2.596559259209204,94.71543929819146
0.5,2.0,1.6020000000000003,0.009125,3.109039299853639,108.4269129883786
0.5,2.0,1.8010000000000004,0.009125,3.6215193404980743,122.13838667856577
0.5,2.0,2.0,0.009125,4.133999381142508,135.8498603687529
0.5,2.5,0.01,0.009125,0.022342168956898195,25.841908416012902
0.5,2.5,0.20900000000000002,0.009125,0.4550438268327176,37.41890054668016
0.5,2.5,0.40800000000000003,0.009125,0.8674201294647388,48.45208501350436
0.5,2.5,0.607,0.009125,1.3981152377943837,62.65090533482405
0.5,2.5,0.806,0.009125,2.0381446573389055,79.77498013000067
0.5,2.5,1.0050000000000001,0.009125,2.662092935688841,96.4688017896201
0.5,2.5,1.2040000000000002,0.009125,3.503801660441032,118.98883402293
0.5,2.5,1.4030000000000002,0.009125,4.324880269390473,140.95690468189406
0.5,2.5,1.6020000000000003,0.009125,5.145958878339914,162.92497534085814
0.5,2.5,1.8010000000000004,0.009125,5.967037487289353,184.89304599982216
0.5,2.5,2.0,0.009125,6.788116096238793,206.8611166587862
0.5,3.0,0.01,0.009125,0.03225916318177633,26.107238954991875
0.5,3.0,0.20900000000000002,0.009125,0.6497909898346645,42.629387570490806
0.5,3.0,0.40800000000000003,0.009125,1.268013054510517,59.17000359884731
0.5,3.0,0.607,0.009125,2.1098900209113056,81.69453716051225
0.5,3.0,0.806,0.009125,3.1289573178676555,108.95982228883923
0.5,3.0,1.0050000000000001,0.009125,4.122419908870327,135.5400500018816
0.5,3.0,1.2040000000000002,0.009125,5.3580649738847645,168.59990298279013
0.5,3.0,1.4030000000000002,0.009125,6.563424620639044,200.8494654494607
0.5,3.0,1.6020000000000003,0.009125,7.768784267393321,233.09902791613123
0.5,3.0,1.8010000000000004,0.009125,8.9741439141476,265.34859038280183
0.5,3.0,2.0,0.009125,10.179503560901876,297.5981528494723
0.5,3.5,0.01,0.009125,0.04400802730632449,26.4215814240776
0.5,3.5,0.20900000000000002,0.009125,0.8782133582175999,48.74085932731164
0.5,3.5,0.40800000000000003,0.009125,1.7484874471925949,72.02516179346625
0.5,3.5,0.607,0.009125,2.9889732911288984,105.21453047754972
0.5,3.5,0.806,0.009125,4.496783919098536,145.55621037827848
0.5,3.5,1.0050000000000001,0.009125,5.966709857923208,184.88428023125022
0.5,3.5,1.2040000000000002,0.009125,7.674619682418776,230.57964154587904
0.5,3.5,1.4030000000000002,0.009125,9.340668972000236,275.1550185145611
0.5,3.5,1.6020000000000003,0.009125,11.006718261581696,319.73039548324317
0.5,3.5,1.8010000000000004,0.009125,12.672767551163156,364.30577245192524
0.5,3.5,2.0,0.009125,14.338816840744611,408.88114942060713
0.5,4.0,0.01,0.009125,0.05759293826964686,26.785047577848
0.5,4.0,0.20900000000000002,0.009125,1.140081716447684,55.747183124135375
0.5,4.0,0.40800000000000003,0.009125,2.310076430388395,87.0505519688676
0.5,4.0,0.607,0.009125,4.042685773960158,133.4067522998758
0.5,4.0,0.806,0.009125,6.157591807110403,189.99135292996584
0.5,4.0,1.0050000000000001,0.009125,8.219359497719184,245.15422992613398
0.5,4.0,1.2040000000000002,0.009125,10.478368303979904,305.59431999090066
0.5,4.0,1.4030000000000002,0.009125,12.682009247342071,364.55303529917785
0.5,4.0,1.6020000000000003,0.009125,14.885650190704242,423.5117506074551
0.5,4.0,1.8010000000000004,0.009125,17.089291134066414,482.4704659157324
0.5,4.0,2.0,0.009125,19.292932077428578,541.4291812240094
0.5,4.5,0.01,0.009125,0.07301751837969529,27.197734331648526
0.5,4.5,0.20900000000000002,0.009125,1.4351997222232704,63.643105795785274
0.5,4.5,0.40800000000000003,0.009125,2.953877663641823,104.27554215651283
0.5,4.5,0.607,0.009125,5.277673592650845,166.44902056535864
0.5,4.5,0.806,0.009125,8.12598853725045,242.65607708825047
0.5,4.5,1.0050000000000001,0.009125,10.902737779724434,316.94838344725054
0.5,4.5,1.2040000000000002,0.009125,13.792016835495097,394.25144037604605
0.5,4.5,1.4030000000000002,0.009125,16.610480228134122,469.65981453697884
0.5,4.5,1.6020000000000003,0.009125,19.428943620773147,545.0681886979118
0.5,4.5,1.8010000000000004,0.009125,22.24740701341217,620.4765628588444
0.5,4.5,2.0,0.009125,25.065870406051193,695.8849370197771
1.0,0.0,0.01,0.0365,0.0,25.9765625
1.0,0.0,0.20900000000000002,0.0365,0.0,25.9765625
1.0,0.0,0.40800000000000003,0.0365,0.0,25.9765625
1.0,0.0,0.607,0.0365,0.0,25.9765625
1.0,0.0,0.806,0.0365,0.0,25.9765625
1.0,0.0,1.0050000000000001,0.0365,0.0,25.9765625
1.0,0.0,1.2040000000000002,0.0365,0.0,25.9765625
1.0,0.0,1.4030000000000002,0.0365,0.0,25.9765625
1.0,0.0,1.6020000000000003,0.0365,0.0,25.9765625
1.0,0.0,1.8010000000000004,0.0365,0.0,25.9765625
1.0,0.0,2.0,0.0365,0.0,25.9765625
1.0,0.5,0.01,0.0365,0.000872768185175972,25.99991353235167
1.0,0.5,0.20900000000000002,0.0365,0.01962978405542369,26.501760061414377
1.0,0.5,0.40800000000000003,0.0365,0.03088439014463397,26.802878589058057
1.0,0.5,0.607,0.0365,0.0377128045221769,26.98557375112845
1.0,0.5,0.806,0.0365,0.04700165156286631,27.234098126146893
1.0,0.5,1.0050000000000001,0.0365,0.05605711048695547,27.476378170134723
1.0,0.5,1.2040000000000002,0.0365,0.08334231317735283,28.206397505815303
1.0,0.5,1.4030000000000002,0.0365,0.10995876089984824,28.918524210719397
1.0,0.5,1.6020000000000003,0.0365,0.13657520862234368,29.63065091562349
1.0,0.5,1.8010000000000004,0.0365,0.16319165634483912,30.34277762052759
1.0,0.5,2.0,0.0365,0.18980810406733448,31.05490432543168
1.0,1.0,0.01,0.0365,0.0035268664630036983,26.070924295350057
1.0,1.0,0.20900000000000002,0.0365,0.07598134609195938,28.00945382309395
1.0,1.0,0.40800000000000003,0.0365,0.12941130839991016,29.438979783816087
1.0,1.0,0.607,0.0365,0.17799148890313002,30.738749167998982
1.0,1.0,0.806,0.0365,0.23754229362286616,32.33203910592
1.0,1.0,1.0050000000000001,0.0365,0.2955968469677346,33.8852966333405
1.0,1.0,1.2040000000000002,0.0365,0.41600116255513364,37.10673059062322
1.0,1.0,1.4030000000000002,0.0365,0.5334543919761748,40.24920783326667
1.0,1.0,1.6020000000000003,0.0365,0.6509076213972159,43.391685075910104
1.0,1.0,1.8010000000000004,0.0365,0.7683608508182572,46.53416231855354
1.0,1.0,2.0,0.0365,0.8858140802392982,49.67663956119698
1.0,1.5,0.01,0.0365,0.007982942252221284,26.190147213511914
1.0,1.5,0.20900000000000002,0.0365,0.16774180821701265,30.464517557176066
1.0,1.5,0.40800000000000003,0.0365,0.29997544541466664,34.002446634596176
1.0,1.5,0.607,0.0365,0.44247697540171876,37.81509459015729
1.0,1.5,0.806,0.0365,0.614285611047174,42.411858172280986
1.0,1.5,1.0050000000000001,0.0365,0.7817774468020399,46.893125181989504
1.0,1.5,1.2040000000000002,0.0365,1.0672630098524993,54.53133052901593
1.0,1.5,1.4030000000000002,0.0365,1.3457513777301533,61.98232496067405
1.0,1.5,1.6020000000000003,0.0365,1.6242397456078073,69.43331939233218
1.0,1.5,1.8010000000000004,0.0365,1.902728113485461,76.88431382399028
1.0,1.5,2.0,0.0365,2.1812164813631143,84.33530825564839
1.0,2.0,0.01,0.0365,0.01425210870324317,26.357879620698927
1.0,2.0,0.20900000000000002,0.0365,0.2942466840467639,33.84917283943611
1.0,2.0,0.40800000000000003,0.0365,0.5452958173132918,40.566026790274286
1.0,2.0,0.607,0.0365,0.8454479255013653,48.596637561573345
1.0,2.0,0.806,0.0365,1.2066227321887764,58.25991899049594
1.0,2.0,1.0050000000000001,0.0365,1.5587227949895688,67.68040440361645
1.0,2.0,1.2040000000000002,0.0365,2.084079218564769,81.73638748300431
1.0,2.0,1.4030000000000002,0.0365,2.596559259209204,95.44786117319146
1.0,2.0,1.6020000000000003,0.0365,3.109039299853639,109.1593348633786
1.0,2.0,1.8010000000000004,0.0365,3.6215193404980743,122.87080855356577
1.0,2.0,2.0,0.0365,4.133999381142508,136.5822822437529
1.0,2.5,0.01,0.0365,0.022342168956898195,26.574330291012902
1.0,2.5,0.20900000000000002,0.0365,0.4550438268327176,38.15132242168016
1.0,2.5,0.40800000000000003,0.0365,0.8674201294647388,49.18450688850436
1.0,2.5,0.607,0.0365,1.3981152377943837,63.38332720982405
1.0,2.5,0.806,0.0365,2.0381446573389055,80.50740200500069
1.0,2.5,1.0050000000000001,0.0365,2.662092935688841,97.2012236646201
1.0,2.5,1.2040000000000002,0.0365,3.503801660441032,119.72125589793
1.0,2.5,1.4030000000000002,0.0365,4.324880269390473,141.68932655689406
1.0,2.5,1.6020000000000003,0.0365,5.145958878339914,163.65739721585814
1.0,2.5,1.8010000000000004,0.0365,5.967037487289353,185.62546787482216
1.0,2.5,2.0,0.0365,6.788116096238793,207.5935385337862
1.0,3.0,0.01,0.0365,0.03225916318177633,26.839660829991875
1.0,3.0,0.20900000000000002,0.0365,0.6497909898346645,43.361809445490806
1.0,3.0,0.40800000000000003,0.0365,1.268013054510517,59.90242547384731
1.0,3.0,0.607,0.0365,2.1098900209113056,82.42695903551225
1.0,3.0,0.806,0.0365,3.1289573178676555,109.69224416383923
1.0,3.0,1.0050000000000001,0.0365,4.122419908870327,136.2724718768816
1.0,3.0,1.2040000000000002,0.0365,5.3580649738847645,169.33232485779013
1.0,3.0,1.4030000000000002,0.0365,6.563424620639044,201.5818873244607
1.0,3.0,1.6020000000000003,0.0365,7.768784267393321,233.83144979113123
1.0,3.0,1.8010000000000004,0.0365,8.9741439141476,266.08101225780183
1.0,3.0,2.0,0.0365,10.179503560901876,298.3305747244723
1.0,3.5,0.01,0.0365,0.04400802730632449,27.1540032990776
1.0,3.5,0.20900000000000002,0.0365,0.8782133582175999,49.47328120231164
1.0,3.5,0.40800000000000003,0.0365,1.7484874471925949,72.75758366846625
1.0,3.5,0.607,0.0365,2.9889732911288984,105.94695235254972
1.0,3.5,0.806,0.0365,4.496783919098536,146.28863225327848
1.0,3.5,1.0050000000000001,0.0365,5.966709857923208,185.61670210625022
1.0,3.5,1.2040000000000002,0.0365,7.674619682418776,231.31206342087904
1.0,3.5,1.4030000000000002,0.0365,9.340668972000236,275.8874403895611
1.0,3.5,1.6020000000000003,0.0365,11.006718261581696,320.46281735824317
1.0,3.5,1.8010000000000004,0.0365,12.672767551163156,365.03819432692524
1.0,3.5,2.0,0.0365,14.338816840744611,409.61357129560713
1.0,4.0,0.01,0.0365,0.05759293826964686,27.517469452848
1.0,4.0,0.20900000000000002,0.0365,1.140081716447684,56.479604999135375
1.0,4.0,0.40800000000000003,0.0365,2.310076430388395,87.7829738438676
1.0,4.0,0.607,0.0365,4.042685773960158,134.1391741748758
1.0,4.0,0.806,0.0365,6.157591807110403,190.72377480496584
1.0,4.0,1.0050000000000001,0.0365,8.219359497719184,245.88665180113398
1.0,4.0,1.2040000000000002,0.0365,10.478368303979904,306.32674186590066
1.0,4.0,1.4030000000000002,0.0365,12.682009247342071,365.28545717417785
1.0,4.0,1.6020000000000003,0.0365,14.885650190704242,424.2441724824551
1.0,4.0,1.8010000000000004,0.0365,17.089291134066414,483.2028877907324
1.0,4.0,2.0,0.0365,19.292932077428578,542.1616030990094
1.0,4.5,0.01,0.0365,0.07301751837969529,27.930156206648526
1.0,4.5,0.20900000000000002,0.0365,1.4351997222232704,64.37552767078527
1.0,4.5,0.40800000000000003,0.0365,2.953877663641823,105.00796403151283
1.0,4.5,0.607,0.0365,5.277673592650845,167.18144244035864
1.0,4.5,0.806,0.0365,8.12598853725045,243.38849896325047
1.0,4.5,1.0050000000000001,0.0365,10.902737779724434,317.68080532225054
1.0,4.5,1.2040000000000002,0.0365,13.792016835495097,394.98386225104605
1.0,4.5,1.4030000000000002,0.0365,16.610480228134122,470.39223641197884
1.0,4.5,1.6020000000000003,0.0365,19.428943620773147,545.8006105729118
1.0,4.5,1.8010000000000004,0.0365,22.24740701341217,621.2089847338444
1.0,4.5,2.0,0.0365,25.065870406051193,696.6173588947771
1.5,0.0,0.01,0.082125,0.0,27.197265625
1.5,0.0,0.20900000000000002,0.082125,0.0,27.197265625
1.5,0.0,0.40800000000000003,0.082125,0.0,27.197265625
1.5,0.0,0.607,0.082125,0.0,27.197265625
1.5,0.0,0.806,0.082125,0.0,27.197265625
1.5,0.0,1.0050000000000001,0.082125,0.0,27.197265625
1.5,0.0,1.2040000000000002,0.082125,0.0,27.197265625
1.5,0.0,1.4030000000000002,0.082125,0.0,27.197265625
1.5,0.0,1.6020000000000003,0.082125,0.0,27.197265625
1.5,0.0,1.8010000000000004,0.082125,0.0,27.197265625
1.5,0.0,2.0,0.082125,0.0,27.197265625
1.5,0.5,0.01,0.082125,0.000872768185175972,27.22061665735167
1.5,0.5,0.20900000000000002,0.082125,0.01962978405542369,27.722463186414377
1.5,0.5,0.40800000000000003,0.082125,0.03088439014463397,28.023581714058057
1.5,0.5,0.607,0.082125,0.0377128045221769,28.20627687612845
1.5,0.5,0.806,0.082125,0.04700165156286631,28.454801251146893
1.5,0.5,1.0050000000000001,0.082125,0.05605711048695547,28.697081295134726
1.5,0.5,1.2040000000000002,0.082125,0.08334231317735283,29.427100630815303
1.5,0.5,1.4030000000000002,0.082125,0.10995876089984824,30.139227335719397
1.5,0.5,1.6020000000000003,0.082125,0.13657520862234368,30.85135404062349
1.5,0.5,1.8010000000000004,0.082125,0.16319165634483912,31.56348074552759
1.5,0.5,2.0,0.082125,0.18980810406733448,32.27560745043168
1.5,1.0,0.01,0.082125,0.0035268664630036983,27.291627420350057
1.5,1.0,0.20900000000000002,0.082125,0.07598134609195938,29.23015694809395
1.5,1.0,0.40800000000000003,0.082125,0.12941130839991016,30.659682908816087
1.5,1.0,0.607,0.082125,0.17799148890313002,31.959452292998982
1.5,1.0,0.806,0.082125,0.23754229362286616,33.55274223092
1.5,1.0,1.0050000000000001,0.082125,0.2955968469677346,35.1059997583405
1.5,1.0,1.2040000000000002,0.082125,0.41600116255513364,38.32743371562322
1.5,1.0,1.4030000000000002,0.082125,0.5334543919761748,41.46991095826667
1.5,1.0,1.6020000000000003,0.082125,0.6509076213972159,44.612388200910104
1.5,1.0,1.8010000000000004,0.082125,0.7683608508182572,47.75486544355354
1.5,1.0,2.0,0.082125,0.8858140802392982,50.89734268619698
1.5,1.5,0.01,0.082125,0.007982942252221284,27.410850338511914
1.5,1.5,0.20900000000000002,0.082125,0.16774180821701265,31.685220682176066
1.5,1.5,0.40800000000000003,0.082125,0.29997544541466664,35.223149759596176
1.5,1.5,0.607,0.082125,0.44247697540171876,39.03579771515729
1.5,1.5,0.806,0.082125,0.614285611047174,43.632561297280986
1.5,1.5,1.0050000000000001,0.082125,0.7817774468020399,48.113828306989504
1.5,1.5,1.2040000000000002,0.082125,1.0672630098524993,55.75203365401593
1.5,1.5,1.4030000000000002,0.082125,1.3457513777301533,63.20302808567405
1.5,1.5,1.6020000000000003,0.082125,1.6242397456078073,70.65402251733218
1.5,1.5,1.8010000000000004,0.082125,1.902728113485461,78.10501694899028
1.5,1.5,2.0,0.082125,2.1812164813631143,85.55601138064839
1.5,2.0,0.01,0.082125,0.01425210870324317,27.578582745698927
1.5,2.0,0.20900000000000002,0.082125,0.2942466840467639,35.06987596443611
1.5,2.0,0.40800000000000003,0.082125,0.5452958173132918,41.786729915274286
1.5,2.0,0.607,0.082125,0.8454479255013653,49.817340686573345
1.5,2.0,0.806,0.082125,1.2066227321887764,59.48062211549594
1.5,2.0,1.0050000000000001,0.082125,1.5587227949895688,68.90110752861645
1.5,2.0,1.2040000000000002,0.082125,2.084079218564769,82.95709060800431
1.5,2.0,1.4030000000000002,0.082125,2.596559259209204,96.66856429819146
1.5,2.0,1.6020000000000003,0.082125,3.109039299853639,110.3800379883786
1.5,2.0,1.8010000000000004,0.082125,3.6215193404980743,124.09151167856577
1.5,2.0,2.0,0.082125,4.133999381142508,137.8029853687529
1.5,2.5,0.01,0.082125,0.022342168956898195,27.795033416012902
1.5,2.5,0.20900000000000002,0.082125,0.4550438268327176,39.37202554668016
1.5,2.5,0.40800000000000003,0.082125,0.8674201294647388,50.40521001350436
1.5,2.5,0.607,0.082125,1.3981152377943837,64.60403033482405
1.5,2.5,0.806,0.082125,2.0381446573389055,81.72810513000069
1.5,2.5,1.0050000000000001,0.082125,2.662092935688841,98.4219267896201
1.5,2.5,1.2040000000000002,0.082125,3.503801660441032,120.94195902293
1.5,2.5,1.4030000000000002,0.082125,4.324880269390473,142.91002968189406
1.5,2.5,1.6020000000000003,0.082125,5.145958878339914,164.87810034085814
1.5,2.5,1.8010000000000004,0.082125,5.967037487289353,186.84617099982216
1.5,2.5,2.0,0.082125,6.788116096238793,208.8142416587862
1.5,3.0,0.01,0.082125,0.03225916318177633,28.060363954991875
1.5,3.0,0.20900000000000002,0.082125,0.6497909898346645,44.582512570490806
1.5,3.0,0.40800000000000003,0.082125,1.268013054510517,61.12312859884731
1.5,3.0,0.607,0.082125,2.1098900209113056,83.64766216051225
1.5,3.0,0.806,0.082125,3.1289573178676555,110.91294728883923
1.5,3.0,1.0050000000000001,0.082125,4.122419908870327,137.4931750018816
1.5,3.0,1.2040000000000002,0.082125,5.3580649738847645,170.55302798279013
1.5,3.0,1.4030000000000002,0.082125,6.563424620639044,202.8025904494607
1.5,3.0,1.6020000000000003,0.082125,7.768784267393321,235.05215291613123
1.5,3.0,1.8010000000000004,0.082125,8.9741439141476,267.30171538280183
1.5,3.0,2.0,0.082125,10.179503560901876,299.5512778494723
1.5,3.5,0.01,0.082125,0.04400802730632449,28.3747064240776
1.5,3.5,0.20900000000000002,0.082125,0.8782133582175999,50.69398432731164
1.5,3.5,0.40800000000000003,0.082125,1.7484874471925949,73.97828679346625
1.5,3.5,0.607,0.082125,2.9889732911288984,107.16765547754972
1.5,3.5,0.806,0.082125,4.496783919098536,147.50933537827848
1.5,3.5,1.0050000000000001,0.082125,5.966709857923208,186.83740523125022
1.5,3.5,1.2040000000000002,0.082125,7.674619682418776,232.53276654587904
1.5,3.5,1.4030000000000002,0.082125,9.340668972000236,277.1081435145611
1.5,3.5,1.6020000000000003,0.082125,11.006718261581696,321.68352048324317
1.5,3.5,1.8010000000000004,0.082125,12.672767551163156,366.25889745192524
1.5,3.5,2.0,0.082125,14.338816840744611,410.83427442060713
1.5,4.0,0.01,0.082125,0.05759293826964686,28.738172577848
1.5,4.0,0.20900000000000002,0.082125,1.140081716447684,57.700308124135375
1.5,4.0,0.40800000000000003,0.082125,2.310076430388395,89.0036769688676
1.5,4.0,0.607,0.082125,4.042685773960158,135.3598772998758
1.5,4.0,0.806,0.082125,6.157591807110403,191.94447792996584
1.5,4.0,1.0050000000000001,0.082125,8.219359497719184,247.10735492613398
1.5,4.0,1.2040000000000002,0.082125,10.478368303979904,307.54744499090066
1.5,4.0,1.4030000000000002,0.082125,12.682009247342071,366.50616029917785
1.5,4.0,1.6020000000000003,0.082125,14.885650190704242,425.4648756074551
1.5,4.0,1.8010000000000004,0.082125,17.089291134066414,484.4235909157324
1.5,4.0,2.0,0.082125,19.292932077428578,543.3823062240094
1.5,4.5,0.01,0.082125,0.07301751837969529,29.150859331648526
1.5,4.5,0.20900000000000002,0.082125,1.4351997222232704,65.59623079578527
1.5,4.5,0.40800000000000003,0.082125,2.953877663641823,106.22866715651283
1.5,4.5,0.607,0.082125,5.277673592650845,168.40214556535864
1.5,4.5,0.806,0.082125,8.12598853725045,244.6092020882505
1.5,4.5,1.0050000000000001,0.082125,10.902737779724434,318.90150844725054
1.5,4.5,1.2040000000000002,0.082125,13.792016835495097,396.20456537604605
1.5,4.5,1.4030000000000002,0.082125,16.610480228134122,471.61293953697884
1.5,4.5,1.6020000000000003,0.082125,19.428943620773147,547.0213136979118
1.5,4.5,1.8010000000000004,0.082125,22.24740701341217,622.4296878588444
1.5,4.5,2.0,0.082125,25.065870406051193,697.8380620197771
2.0,0.0,0.01,0.146,0.0,28.90625
2.0,0.0,0.20900000000000002,0.146,0.0,28.90625
2.0,0.0,0.40800000000000003,0.146,0.0,28.90625
2.0,0.0,0.607,0.146,0.0,28.90625
2.0,0.0,0.806,0.146,0.0,28.90625
2.0,0.0,1.0050000000000001,0.146,0.0,28.90625
2.0,0.0,1.2040000000000002,0.146,0.0,28.90625
2.0,0.0,1.4030000000000002,0.146,0.0,28.90625
2.0,0.0,1.6020000000000003,0.146,0.0,28.90625
2.0,0.0,1.8010000000000004,0.146,0.0,28.90625
2.0,0.0,2.0,0.146,0.0,28.90625
2.0,0.5,0.01,0.146,0.000872768185175972,28.92960103235167
2.0,0.5,0.20900000000000002,0.146,0.01962978405542369,29.431447561414377
2.0,0.5,0.40800000000000003,0.146,0.03088439014463397,29.732566089058057
2.0,0.5,0.607,0.146,0.0377128045221769,29.91526125112845
2.0,0.5,0.806,0.146,0.04700165156286631,30.163785626146893
2.0,0.5,1.0050000000000001,0.146,0.05605711048695547,30.406065670134723
2.0,0.5,1.2040000000000002,0.146,0.08334231317735283,31.136085005815303
2.0,0.5,1.4030000000000002,0.146,0.10995876089984824,31.848211710719397
2.0,0.5,1.6020000000000003,0.146,0.13657520862234368,32.56033841562349
2.0,0.5,1.8010000000000004,0.146,0.16319165634483912,33.272465120527585
2.0,0.5,2.0,0.146,0.18980810406733448,33.98459182543168
2.0,1.0,0.01,0.146,0.0035268664630036983,29.000611795350057
2.0,1.0,0.20900000000000002,0.146,0.07598134609195938,30.93914132309395
2.0,1.0,0.40800000000000003,0.146,0.12941130839991016,32.36866728381609
2.0,1.0,0.607,0.146,0.17799148890313002,33.66843666799898
2.0,1.0,0.806,0.146,0.23754229362286616,35.26172660592
2.0,1.0,1.0050000000000001,0.146,0.2955968469677346,36.8149841333405
2.0,1.0,1.2040000000000002,0.146,0.41600116255513364,40.03641809062322
2.0,1.0,1.4030000000000002,0.146,0.5334543919761748,43.17889533326667
2.0,1.0,1.6020000000000003,0.146,0.6509076213972159,46.321372575910104
2.0,1.0,1.8010000000000004,0.146,0.7683608508182572,49.46384981855354
2.0,1.0,2.0,0.146,0.8858140802392982,52.60632706119698
2.0,1.5,0.01,0.146,0.007982942252221284,29.119834713511914
2.0,1.5,0.20900000000000002,0.146,0.16774180821701265,33.394205057176066
2.0,1.5,0.40800000000000003,0.146,0.29997544541466664,36.932134134596176
2.0,1.5,0.607,0.146,0.44247697540171876,40.74478209015729
2.0,1.5,0.806,0.146,0.614285611047174,45.341545672280986
2.0,1.5,1.0050000000000001,0.146,0.7817774468020399,49.822812681989504
2.0,1.5,1.2040000000000002,0.146,1.0672630098524993,57.46101802901593
2.0,1.5,1.4030000000000002,0.146,1.3457513777301533,64.91201246067405
2.0,1.5,1.6020000000000003,0.146,1.6242397456078073,72.36300689233218
2.0,1.5,1.8010000000000004,0.146,1.902728113485461,79.81400132399028
2.0,1.5,2.0,0.146,2.1812164813631143,87.26499575564839
2.0,2.0,0.01,0.146,0.01425210870324317,29.28756712069893
2.0,2.0,0.20900000000000002,0.146,0.2942466840467639,36.77886033943611
2.0,2.0,0.40800000000000003,0.146,0.5452958173132918,43.495714290274286
2.0,2.0,0.607,0.146,0.8454479255013653,51.526325061573345
2.0,2.0,0.806,0.146,1.2066227321887764,61.18960649049594
2.0,2.0,1.0050000000000001,0.146,1.5587227949895688,70.61009190361645
2.0,2.0,1.2040000000000002,0.146,2.084079218564769,84.66607498300431
2.0,2.0,1.4030000000000002,0.146,2.596559259209204,98.37754867319146
2.0,2.0,1.6020000000000003,0.146,3.109039299853639,112.0890223633786
2.0,2.0,1.8010000000000004,0.146,3.6215193404980743,125.80049605356577
2.0,2.0,2.0,0.146,4.133999381142508,139.5119697437529
2.0,2.5,0.01,0.146,0.022342168956898195,29.504017791012902
2.0,2.5,0.20900000000000002,0.146,0.4550438268327176,41.08100992168016
2.0,2.5,0.40800000000000003,0.146,0.8674201294647388,52.11419438850436
2.0,2.5,0.607,0.146,1.3981152377943837,66.31301470982405
2.0,2.5,0.806,0.146,2.0381446573389055,83.43708950500069
2.0,2.5,1.0050000000000001,0.146,2.662092935688841,100.1309111646201
2.0,2.5,1.2040000000000002,0.146,3.503801660441032,122.65094339793
2.0,2.5,1.4030000000000002,0.146,4.324880269390473,144.61901405689406
2.0,2.5,1.6020000000000003,0.146,5.145958878339914,166.58708471585814
2.0,2.5,1.8010000000000004,0.146,5.967037487289353,188.55515537482216
2.0,2.5,2.0,0.146,6.788116096238793,210.5232260337862
2.0,3.0,0.01,0.146,0.03225916318177633,29.769348329991875
2.0,3.0,0.20900000000000002,0.146,0.6497909898346645,46.291496945490806
2.0,3.0,0.40800000000000003,0.146,1.268013054510517,62.83211297384731
2.0,3.0,0.607,0.146,2.1098900209113056,85.35664653551225
2.0,3.0,0.806,0.146,3.1289573178676555,112.62193166383923
2.0,3.0,1.0050000000000001,0.146,4.122419908870327,139.2021593768816
2.0,3.0,1.2040000000000002,0.146,5.3580649738847645,172.26201235779013
2.0,3.0,1.4030000000000002,0.146,6.563424620639044,204.5115748244607
2.0,3.0,1.6020000000000003,0.146,7.768784267393321,236.76113729113123
2.0,3.0,1.8010000000000004,0.146,8.9741439141476,269.01069975780183
2.0,3.0,2.0,0.146,10.179503560901876,301.2602622244723
2.0,3.5,0.01,0.146,0.04400802730632449,30.0836907990776
2.0,3.5,0.20900000000000002,0.146,0.8782133582175999,52.40296870231164
2.0,3.5,0.40800000000000003,0.146,1.7484874471925949,75.68727116846625
2.0,3.5,0.607,0.146,2.9889732911288984,108.87663985254972
2.0,3.5,0.806,0.146,4.496783919098536,149.21831975327848
2.0,3.5,1.0050000000000001,0.146,5.966709857923208,188.54638960625022
2.0,3.5,1.2040000000000002,0.146,7.674619682418776,234.24175092087904
2.0,3.5,1.4030000000000002,0.146,9.340668972000236,278.8171278895611
2.0,3.5,1.6020000000000003,0.146,11.006718261581696,323.39250485824317
2.0,3.5,1.8010000000000004,0.146,12.672767551163156,367.96788182692524
2.0,3.5,2.0,0.146,14.338816840744611,412.54325879560713
2.0,4.0,0.01,0.146,0.05759293826964686,30.447156952848
2.0,4.0,0.20900000000000002,0.146,1.140081716447684,59.409292499135375
2.0,4.0,0.40800000000000003,0.146,2.310076430388395,90.7126613438676
2.0,4.0,0.607,0.146,4.042685773960158,137.0688616748758
2.0,4.0,0.806,0.146,6.157591807110403,193.65346230496584
2.0,4.0,1.0050000000000001,0.146,8.219359497719184,248.81633930113398
2.0,4.0,1.2040000000000002,0.146,10.478368303979904,309.25642936590066
2.0,4.0,1.4030000000000002,0.146,12.682009247342071,368.21514467417785
2.0,4.0,1.6020000000000003,0.146,14.885650190704242,427.1738599824551
2.0,4.0,1.8010000000000004,0.146,17.089291134066414,486.1325752907324
2.0,4.0,2.0,0.146,19.292932077428578,545.0912905990094
2.0,4.5,0.01,0.146,0.07301751837969529,30.859843706648526
2.0,4.5,0.20900000000000002,0.146,1.4351997222232704,67.30521517078527
2.0,4.5,0.40800000000000003,0.146,2.953877663641823,107.93765153151283
2.0,4.5,0.607,0.146,5.277673592650845,170.11112994035864
2.0,4.5,0.806,0.146,8.12598853725045,246.3181864632505
2.0,4.5,1.0050000000000001,0.146,10.902737779724434,320.61049282225054
2.0,4.5,1.2040000000000002,0.146,13.792016835495097,397.91354975104605
2.0,4.5,1.4030000000000002,0.146,16.610480228134122,473.32192391197884
2.0,4.5,1.6020000000000003,0.146,19.428943620773147,548.7302980729118
2.0,4.5,1.8010000000000004,0.146,22.24740701341217,624.1386722338444
2.0,4.5,2.0,0.146,25.065870406051193,699.5470463947771
2.5,0.0,0.01,0.228125,0.0,31.103515625
2.5,0.0,0.20900000000000002,0.228125,0.0,31.103515625
2.5,0.0,0.40800000000000003,0.228125,0.0,31.103515625
2.5,0.0,0.607,0.228125,0.0,31.103515625
2.5,0.0,0.806,0.228125,0.0,31.103515625
2.5,0.0,1.0050000000000001,0.228125,0.0,31.103515625
2.5,0.0,1.2040000000000002,0.228125,0.0,31.103515625
2.5,0.0,1.4030000000000002,0.228125,0.0,31.103515625
2.5,0.0,1.6020000000000003,0.228125,0.0,31.103515625
2.5,0.0,1.8010000000000004,0.228125,0.0,31.103515625
2.5,0.0,2.0,0.228125,0.0,31.103515625
2.5,0.5,0.01,0.228125,0.000872768185175972,31.12686665735167
2.5,0.5,0.20900000000000002,0.228125,0.01962978405542369,31.628713186414373
2.5,0.5,0.40800000000000003,0.228125,0.03088439014463397,31.929831714058057
2.5,0.5,0.607,0.228125,0.0377128045221769,32.11252687612845
2.5,0.5,0.806,0.228125,0.04700165156286631,32.36105125114689
2.5,0.5,1.0050000000000001,0.228125,0.05605711048695547,32.60333129513472
2.5,0.5,1.2040000000000002,0.228125,0.08334231317735283,33.3333506308153
2.5,0.5,1.4030000000000002,0.228125,0.10995876089984824,34.0454773357194
2.5,0.5,1.6020000000000003,0.228125,0.13657520862234368,34.75760404062349
2.5,0.5,1.8010000000000004,0.228125,0.16319165634483912,35.469730745527585
2.5,0.5,2.0,0.228125,0.18980810406733448,36.18185745043168
2.5,1.0,0.01,0.228125,0.0035268664630036983,31.197877420350057
2.5,1.0,0.20900000000000002,0.228125,0.07598134609195938,33.13640694809395
2.5,1.0,0.40800000000000003,0.228125,0.12941130839991016,34.56593290881609
2.5,1.0,0.607,0.228125,0.17799148890313002,35.86570229299898
2.5,1.0,0.806,0.228125,0.23754229362286616,37.45899223092
2.5,1.0,1.0050000000000001,0.228125,0.2955968469677346,39.0122497583405
2.5,1.0,1.2040000000000002,0.228125,0.41600116255513364,42.23368371562323
2.5,1.0,1.4030000000000002,0.228125,0.5334543919761748,45.37616095826667
2.5,1.0,1.6020000000000003,0.228125,0.6509076213972159,48.518638200910104
2.5,1.0,1.8010000000000004,0.228125,0.7683608508182572,51.66111544355354
2.5,1.0,2.0,0.228125,0.8858140802392982,54.80359268619698
2.5,1.5,0.01,0.228125,0.007982942252221284,31.317100338511914
2.5,1.5,0.20900000000000002,0.228125,0.16774180821701265,35.591470682176066
2.5,1.5,0.40800000000000003,0.228125,0.29997544541466664,39.129399759596176
2.5,1.5,0.607,0.228125,0.44247697540171876,42.94204771515729
2.5,1.5,0.806,0.228125,0.614285611047174,47.538811297280986
2.5,1.5,1.0050000000000001,0.228125,0.7817774468020399,52.020078306989504
2.5,1.5,1.2040000000000002,0.228125,1.0672630098524993,59.65828365401593
2.5,1.5,1.4030000000000002,0.228125,1.3457513777301533,67.10927808567405
2.5,1.5,1.6020000000000003,0.228125,1.6242397456078073,74.56027251733218
2.5,1.5,1.8010000000000004,0.228125,1.902728113485461,82.01126694899028
2.5,1.5,2.0,0.228125,2.1812164813631143,89.46226138064839
2.5,2.0,0.01,0.228125,0.01425210870324317,31.48483274569893
2.5,2.0,0.20900000000000002,0.228125,0.2942466840467639,38.97612596443611
2.5,2.0,0.40800000000000003,0.228125,0.5452958173132918,45.692979915274286
2.5,2.0,0.607,0.228125,0.8454479255013653,53.723590686573345
2.5,2.0,0.806,0.228125,1.2066227321887764,63.38687211549594
2.5,2.0,1.0050000000000001,0.228125,1.5587227949895688,72.80735752861645
2.5,2.0,1.2040000000000002,0.228125,2.084079218564769,86.86334060800431
2.5,2.0,1.4030000000000002,0.228125,2.596559259209204,100.57481429819146
2.5,2.0,1.6020000000000003,0.228125,3.109039299853639,114.2862879883786
2.5,2.0,1.8010000000000004,0.228125,3.6215193404980743,127.99776167856577
2.5,2.0,2.0,0.228125,4.133999381142508,141.7092353687529
2.5,2.5,0.01,0.228125,0.022342168956898195,31.701283416012902
2.5,2.5,0.20900000000000002,0.228125,0.4550438268327176,43.27827554668016
2.5,2.5,0.40800000000000003,0.228125,0.8674201294647388,54.31146001350435
2.5,2.5,0.607,0.228125,1.3981152377943837,68.51028033482405
2.5,2.5,0.806,0.228125,2.0381446573389055,85.63435513000069
2.5,2.5,1.0050000000000001,0.228125,2.662092935688841,102.3281767896201
2.5,2.5,1.2040000000000002,0.228125,3.503801660441032,124.84820902293
2.5,2.5,1.4030000000000002,0.228125,4.324880269390473,146.81627968189406
2.5,2.5,1.6020000000000003,0.228125,5.145958878339914,168.78435034085814
2.5,2.5,1.8010000000000004,0.228125,5.967037487289353,190.75242099982216
2.5,2.5,2.0,0.228125,6.788116096238793,212.7204916587862
2.5,3.0,0.01,0.228125,0.03225916318177633,31.966613954991875
2.5,3.0,0.20900000000000002,0.228125,0.6497909898346645,48.488762570490806
2.5,3.0,0.40800000000000003,0.228125,1.268013054510517,65.0293785988473
2.5,3.0,0.607,0.228125,2.1098900209113056,87.55391216051225
2.5,3.0,0.806,0.228125,3.1289573178676555,114.81919728883923
2.5,3.0,1.0050000000000001,0.228125,4.122419908870327,141.3994250018816
2.5,3.0,1.2040000000000002,0.228125,5.3580649738847645,174.45927798279013
2.5,3.0,1.4030000000000002,0.228125,6.563424620639044,206.7088404494607
2.5,3.0,1.6020000000000003,0.228125,7.768784267393321,238.95840291613123
2.5,3.0,1.8010000000000004,0.228125,8.9741439141476,271.20796538280183
2.5,3.0,2.0,0.228125,10.179503560901876,303.4575278494723
2.5,3.5,0.01,0.228125,0.04400802730632449,32.2809564240776
2.5,3.5,0.20900000000000002,0.228125,0.8782133582175999,54.60023432731164
2.5,3.5,0.40800000000000003,0.228125,1.7484874471925949,77.88453679346625
2.5,3.5,0.607,0.228125,2.9889732911288984,111.07390547754972
2.5,3.5,0.806,0.228125,4.496783919098536,151.41558537827848
2.5,3.5,1.0050000000000001,0.228125,5.966709857923208,190.74365523125022
2.5,3.5,1.2040000000000002,0.228125,7.674619682418776,236.43901654587904
2.5,3.5,1.4030000000000002,0.228125,9.340668972000236,281.0143935145611
2.5,3.5,1.6020000000000003,0.228125,11.006718261581696,325.58977048324317
2.5,3.5,1.8010000000000004,0.228125,12.672767551163156,370.16514745192524
2.5,3.5,2.0,0.228125,14.338816840744611,414.74052442060713
2.5,4.0,0.01,0.228125,0.05759293826964686,32.644422577848005
2.5,4.0,0.20900000000000002,0.228125,1.140081716447684,61.606558124135375
2.5,4.0,0.40800000000000003,0.228125,2.310076430388395,92.9099269688676
2.5,4.0,0.607,0.228125,4.042685773960158,139.2661272998758
2.5,4.0,0.806,0.228125,6.157591807110403,195.85072792996584
2.5,4.0,1.0050000000000001,0.228125,8.219359497719184,251.01360492613398
2.5,4.0,1.2040000000000002,0.228125,10.478368303979904,311.45369499090066
2.5,4.0,1.4030000000000002,0.228125,12.682009247342071,370.41241029917785
2.5,4.0,1.6020000000000003,0.228125,14.885650190704242,429.3711256074551
2.5,4.0,1.8010000000000004,0.228125,17.089291134066414,488.3298409157324
2.5,4.0,2.0,0.228125,19.292932077428578,547.2885562240094
2.5,4.5,0.01,0.228125,0.07301751837969529,33.057109331648526
2.5,4.5,0.20900000000000002,0.228125,1.4351997222232704,69.50248079578527
2.5,4.5,0.40800000000000003,0.228125,2.953877663641823,110.13491715651283
2.5,4.5,0.607,0.228125,5.277673592650845,172.30839556535864
2.5,4.5,0.806,0.228125,8.12598853725045,248.5154520882505
2.5,4.5,1.0050000000000001,0.228125,10.902737779724434,322.80775844725054
2.5,4.5,1.2040000000000002,0.228125,13.792016835495097,400.11081537604605
2.5,4.5,1.4030000000000002,0.228125,16.610480228134122,475.51918953697884
2.5,4.5,1.6020000000000003,0.228125,19.428943620773147,550.9275636979118
2.5,4.5,1.8010000000000004,0.228125,22.24740701341217,626.3359378588444
2.5,4.5,2.0,0.228125,25.065870406051193,701.7443120197771
3.0,0.0,0.01,0.3285,0.0,33.7890625
3.0,0.0,0.20900000000000002,0.3285,0.0,33.7890625
3.0,0.0,0.40800000000000003,0.3285,0.0,33.7890625
3.0,0.0,0.607,0.3285,0.0,33.7890625
3.0,0.0,0.806,0.3285,0.0,33.7890625
3.0,0.0,1.0050000000000001,0.3285,0.0,33.7890625
3.0,0.0,1.2040000000000002,0.3285,0.0,33.7890625
3.0,0.0,1.4030000000000002,0.3285,0.0,33.7890625
3.0,0.0,1.6020000000000003,0.3285,0.0,33.7890625
3.0,0.0,1.8010000000000004,0.3285,0.0,33.7890625
3.0,0.0,2.0,0.3285,0.0,33.7890625
3.0,0.5,0.01,0.3285,0.000872768185175972,33.81241353235167
3.0,0.5,0.20900000000000002,0.3285,0.01962978405542369,34.31426006141437
3.0,0.5,0.40800000000000003,0.3285,0.03088439014463397,34.615378589058054
3.0,0.5,0.607,0.3285,0.0377128045221769,34.79807375112845
3.0,0.5,0.806,0.3285,0.04700165156286631,35.04659812614689
3.0,0.5,1.0050000000000001,0.3285,0.05605711048695547,35.28887817013472
3.0,0.5,1.2040000000000002,0.3285,0.08334231317735283,36.0188975058153
3.0,0.5,1.4030000000000002,0.3285,0.10995876089984824,36.7310242107194
3.0,0.5,1.6020000000000003,0.3285,0.13657520862234368,37.44315091562349
3.0,0.5,1.8010000000000004,0.3285,0.16319165634483912,38.155277620527585
3.0,0.5,2.0,0.3285,0.18980810406733448,38.86740432543168
3.0,1.0,0.01,0.3285,0.0035268664630036983,33.88342429535005
3.0,1.0,0.20900000000000002,0.3285,0.07598134609195938,35.82195382309395
3.0,1.0,0.40800000000000003,0.3285,0.12941130839991016,37.25147978381609
3.0,1.0,0.607,0.3285,0.17799148890313002,38.55124916799898
3.0,1.0,0.806,0.3285,0.23754229362286616,40.14453910592
3.0,1.0,1.0050000000000001,0.3285,0.2955968469677346,41.6977966333405
3.0,1.0,1.2040000000000002,0.3285,0.41600116255513364,44.91923059062323
3.0,1.0,1.4030000000000002,0.3285,0.5334543919761748,48.06170783326667
3.0,1.0,1.6020000000000003,0.3285,0.6509076213972159,51.204185075910104
3.0,1.0,1.8010000000000004,0.3285,0.7683608508182572,54.34666231855354
3.0,1.0,2.0,0.3285,0.8858140802392982,57.48913956119698
3.0,1.5,0.01,0.3285,0.007982942252221284,34.00264721351191
3.0,1.5,0.20900000000000002,0.3285,0.16774180821701265,38.277017557176066
3.0,1.5,0.40800000000000003,0.3285,0.29997544541466664,41.814946634596176
3.0,1.5,0.607,0.3285,0.44247697540171876,45.62759459015729
3.0,1.5,0.806,0.3285,0.614285611047174,50.224358172280986
3.0,1.5,1.0050000000000001,0.3285,0.7817774468020399,54.705625181989504
3.0,1.5,1.2040000000000002,0.3285,1.0672630098524993,62.34383052901593
3.0,1.5,1.4030000000000002,0.3285,1.3457513777301533,69.79482496067405
3.0,1.5,1.6020000000000003,0.3285,1.6242397456078073,77.24581939233217
3.0,1.5,1.8010000000000004,0.3285,1.902728113485461,84.69681382399028
3.0,1.5,2.0,0.3285,2.1812164813631143,92.14780825564839
3.0,2.0,0.01,0.3285,0.01425210870324317,34.170379620698924
3.0,2.0,0.20900000000000002,0.3285,0.2942466840467639,41.66167283943611
3.0,2.0,0.40800000000000003,0.3285,0.5452958173132918,48.378526790274286
3.0,2.0,0.607,0.3285,0.8454479255013653,56.409137561573345
3.0,2.0,0.806,0.3285,1.2066227321887764,66.07241899049595
3.0,2.0,1.0050000000000001,0.3285,1.5587227949895688,75.49290440361645
3.0,2.0,1.2040000000000002,0.3285,2.084079218564769,89.5488874830043
3.0,2.0,1.4030000000000002,0.3285,2.596559259209204,103.26036117319146
3.0,2.0,1.6020000000000003,0.3285,3.109039299853639,116.9718348633786
3.0,2.0,1.8010000000000004,0.3285,3.6215193404980743,130.68330855356578
3.0,2.0,2.0,0.3285,4.133999381142508,144.3947822437529
3.0,2.5,0.01,0.3285,0.022342168956898195,34.3868302910129
3.0,2.5,0.20900000000000002,0.3285,0.4550438268327176,45.96382242168016
3.0,2.5,0.40800000000000003,0.3285,0.8674201294647388,56.99700688850435
3.0,2.5,0.607,0.3285,1.3981152377943837,71.19582720982405
3.0,2.5,0.806,0.3285,2.0381446573389055,88.31990200500069
3.0,2.5,1.0050000000000001,0.3285,2.662092935688841,105.0137236646201
3.0,2.5,1.2040000000000002,0.3285,3.503801660441032,127.53375589793
3.0,2.5,1.4030000000000002,0.3285,4.324880269390473,149.50182655689406
3.0,2.5,1.6020000000000003,0.3285,5.145958878339914,171.46989721585814
3.0,2.5,1.8010000000000004,0.3285,5.967037487289353,193.43796787482216
3.0,2.5,2.0,0.3285,6.788116096238793,215.4060385337862
3.0,3.0,0.01,0.3285,0.03225916318177633,34.65216082999187
3.0,3.0,0.20900000000000002,0.3285,0.6497909898346645,51.174309445490806
3.0,3.0,0.40800000000000003,0.3285,1.268013054510517,67.7149254738473
3.0,3.0,0.607,0.3285,2.1098900209113056,90.23945903551224
3.0,3.0,0.806,0.3285,3.1289573178676555,117.50474416383923
3.0,3.0,1.0050000000000001,0.3285,4.122419908870327,144.0849718768816
3.0,3.0,1.2040000000000002,0.3285,5.3580649738847645,177.14482485779013
3.0,3.0,1.4030000000000002,0.3285,6.563424620639044,209.3943873244607
3.0,3.0,1.6020000000000003,0.3285,7.768784267393321,241.64394979113123
3.0,3.0,1.8010000000000004,0.3285,8.9741439141476,273.89351225780183
3.0,3.0,2.0,0.3285,10.179503560901876,306.1430747244723
3.0,3.5,0.01,0.3285,0.04400802730632449,34.9665032990776
3.0,3.5,0.20900000000000002,0.3285,0.8782133582175999,57.28578120231164
3.0,3.5,0.40800000000000003,0.3285,1.7484874471925949,80.57008366846625
3.0,3.5,0.607,0.3285,2.9889732911288984,113.75945235254972
3.0,3.5,0.806,0.3285,4.496783919098536,154.10113225327845
3.0,3.5,1.0050000000000001,0.3285,5.966709857923208,193.42920210625022
3.0,3.5,1.2040000000000002,0.3285,7.674619682418776,239.12456342087904
3.0,3.5,1.4030000000000002,0.3285,9.340668972000236,283.6999403895611
3.0,3.5,1.6020000000000003,0.3285,11.006718261581696,328.27531735824317
3.0,3.5,1.8010000000000004,0.3285,12.672767551163156,372.85069432692524
3.0,3.5,2.0,0.3285,14.338816840744611,417.42607129560713
3.0,4.0,0.01,0.3285,0.05759293826964686,35.329969452848005
3.0,4.0,0.20900000000000002,0.3285,1.140081716447684,64.29210499913538
3.0,4.0,0.40800000000000003,0.3285,2.310076430388395,95.5954738438676
3.0,4.0,0.607,0.3285,4.042685773960158,141.9516741748758
3.0,4.0,0.806,0.3285,6.157591807110403,198.53627480496584
3.0,4.0,1.0050000000000001,0.3285,8.219359497719184,253.69915180113398
3.0,4.0,1.2040000000000002,0.3285,10.478368303979904,314.13924186590066
3.0,4.0,1.4030000000000002,0.3285,12.682009247342071,373.09795717417785
3.0,4.0,1.6020000000000003,0.3285,14.885650190704242,432.0566724824551
3.0,4.0,1.8010000000000004,0.3285,17.089291134066414,491.0153877907324
3.0,4.0,2.0,0.3285,19.292932077428578,549.9741030990094
3.0,4.5,0.01,0.3285,0.07301751837969529,35.742656206648526
3.0,4.5,0.20900000000000002,0.3285,1.4351997222232704,72.18802767078527
3.0,4.5,0.40800000000000003,0.3285,2.953877663641823,112.82046403151283
3.0,4.5,0.607,0.3285,5.277673592650845,174.99394244035864
3.0,4.5,0.806,0.3285,8.12598853725045,251.2009989632505
3.0,4.5,1.0050000000000001,0.3285,10.902737779724434,325.49330532225054
3.0,4.5,1.2040000000000002,0.3285,13.792016835495097,402.79636225104605
3.0,4.5,1.4030000000000002,0.3285,16.610480228134122,478.20473641197884
3.0,4.5,1.6020000000000003,0.3285,19.428943620773147,553.6131105729118
3.0,4.5,1.8010000000000004,0.3285,22.24740701341217,629.0214847338444
3.0,4.5,2.0,0.3285,25.065870406051193,704.4298588947771
3.5,0.0,0.01,0.447125,0.0,36.962890625
3.5,0.0,0.20900000000000002,0.447125,0.0,36.962890625
3.5,0.0,0.40800000000000003,0.447125,0.0,36.962890625
3.5,0.0,0.607,0.447125,0.0,36.962890625
3.5,0.0,0.806,0.447125,0.0,36.962890625
3.5,0.0,1.0050000000000001,0.447125,0.0,36.962890625
3.5,0.0,1.2040000000000002,0.447125,0.0,36.962890625
3.5,0.0,1.4030000000000002,0.447125,0.0,36.962890625
3.5,0.0,1.6020000000000003,0.447125,0.0,36.962890625
3.5,0.0,1.8010000000000004,0.447125,0.0,36.962890625
3.5,0.0,2.0,0.447125,0.0,36.962890625
3.5,0.5,0.01,0.447125,0.000872768185175972,36.98624165735167
3.5,0.5,0.20900000000000002,0.447125,0.01962978405542369,37.48808818641437
3.5,0.5,0.40800000000000003,0.447125,0.03088439014463397,37.789206714058054
3.5,0.5,0.607,0.447125,0.0377128045221769,37.97190187612845
3.5,0.5,0.806,0.447125,0.04700165156286631,38.22042625114689
3.5,0.5,1.0050000000000001,0.447125,0.05605711048695547,38.46270629513472
3.5,0.5,1.2040000000000002,0.447125,0.08334231317735283,39.1927256308153
3.5,0.5,1.4030000000000002,0.447125,0.10995876089984824,39.9048523357194
3.5,0.5,1.6020000000000003,0.447125,0.13657520862234368,40.61697904062349
3.5,0.5,1.8010000000000004,0.447125,0.16319165634483912,41.329105745527585
3.5,0.5,2.0,0.447125,0.18980810406733448,42.04123245043168
3.5,1.0,0.01,0.447125,0.0035268664630036983,37.05725242035005
3.5,1.0,0.20900000000000002,0.447125,0.07598134609195938,38.99578194809395
3.5,1.0,0.40800000000000003,0.447125,0.12941130839991016,40.42530790881609
3.5,1.0,0.607,0.447125,0.17799148890313002,41.72507729299898
3.5,1.0,0.806,0.447125,0.23754229362286616,43.31836723092
3.5,1.0,1.0050000000000001,0.447125,0.2955968469677346,44.8716247583405
3.5,1.0,1.2040000000000002,0.447125,0.41600116255513364,48.09305871562323
3.5,1.0,1.4030000000000002,0.447125,0.5334543919761748,51.23553595826667
3.5,1.0,1.6020000000000003,0.447125,0.6509076213972159,54.378013200910104
3.5,1.0,1.8010000000000004,0.447125,0.7683608508182572,57.52049044355354
3.5,1.0,2.0,0.447125,0.8858140802392982,60.66296768619698
3.5,1.5,0.01,0.447125,0.007982942252221284,37.17647533851191
3.5,1.5,0.20900000000000002,0.447125,0.16774180821701265,41.450845682176066
3.5,1.5,0.40800000000000003,0.447125,0.29997544541466664,44.988774759596176
3.5,1.5,0.607,0.447125,0.44247697540171876,48.80142271515729
3.5,1.5,0.806,0.447125,0.614285611047174,53.39818629728098
3.5,1.5,1.0050000000000001,0.447125,0.7817774468020399,57.879453306989504
3.5,1.5,1.2040000000000002,0.447125,1.0672630098524993,65.51765865401593
3.5,1.5,1.4030000000000002,0.447125,1.3457513777301533,72.96865308567405
3.5,1.5,1.6020000000000003,0.447125,1.6242397456078073,80.41964751733217
3.5,1.5,1.8010000000000004,0.447125,1.902728113485461,87.87064194899028
3.5,1.5,2.0,0.447125,2.1812164813631143,95.32163638064839
3.5,2.0,0.01,0.447125,0.01425210870324317,37.344207745698924
3.5,2.0,0.20900000000000002,0.447125,0.2942466840467639,44.83550096443611
3.5,2.0,0.40800000000000003,0.447125,0.5452958173132918,51.552354915274286
3.5,2.0,0.607,0.447125,0.8454479255013653,59.582965686573345
3.5,2.0,0.806,0.447125,1.2066227321887764,69.24624711549595
3.5,2.0,1.0050000000000001,0.447125,1.5587227949895688,78.66673252861645
3.5,2.0,1.2040000000000002,0.447125,2.084079218564769,92.7227156080043
3.5,2.0,1.4030000000000002,0.447125,2.596559259209204,106.43418929819146
3.5,2.0,1.6020000000000003,0.447125,3.109039299853639,120.1456629883786
3.5,2.0,1.8010000000000004,0.447125,3.6215193404980743,133.85713667856578
3.5,2.0,2.0,0.447125,4.133999381142508,147.5686103687529
3.5,2.5,0.01,0.447125,0.022342168956898195,37.5606584160129
3.5,2.5,0.20900000000000002,0.447125,0.4550438268327176,49.13765054668016
3.5,2.5,0.40800000000000003,0.447125,0.8674201294647388,60.17083501350435
3.5,2.5,0.607,0.447125,1.3981152377943837,74.36965533482405
3.5,2.5,0.806,0.447125,2.0381446573389055,91.49373013000069
3.5,2.5,1.0050000000000001,0.447125,2.662092935688841,108.1875517896201
3.5,2.5,1.2040000000000002,0.447125,3.503801660441032,130.70758402293
3.5,2.5,1.4030000000000002,0.447125,4.324880269390473,152.67565468189406
3.5,2.5,1.6020000000000003,0.447125,5.145958878339914,174.64372534085814
3.5,2.5,1.8010000000000004,0.447125,5.967037487289353,196.61179599982216
3.5,2.5,2.0,0.447125,6.788116096238793,218.5798666587862
3.5,3.0,0.01,0.447125,0.03225916318177633,37.82598895499187
3.5,3.0,0.20900000000000002,0.447125,0.6497909898346645,54.348137570490806
3.5,3.0,0.40800000000000003,0.447125,1.268013054510517,70.8887535988473
3.5,3.0,0.607,0.447125,2.1098900209113056,93.41328716051224
3.5,3.0,0.806,0.447125,3.1289573178676555,120.67857228883923
3.5,3.0,1.0050000000000001,0.447125,4.122419908870327,147.2588000018816
3.5,3.0,1.2040000000000002,0.447125,5.3580649738847645,180.31865298279013
3.5,3.0,1.4030000000000002,0.447125,6.563424620639044,212.5682154494607
3.5,3.0,1.6020000000000003,0.447125,7.768784267393321,244.81777791613123
3.5,3.0,1.8010000000000004,0.447125,8.9741439141476,277.06734038280183
3.5,3.0,2.0,0.447125,10.179503560901876,309.3169028494723
3.5,3.5,0.01,0.447125,0.04400802730632449,38.1403314240776
3.5,3.5,0.20900000000000002,0.447125,0.8782133582175999,60.45960932731164
3.5,3.5,0.40800000000000003,0.447125,1.7484874471925949,83.74391179346625
3.5,3.5,0.607,0.447125,2.9889732911288984,116.93328047754972
3.5,3.5,0.806,0.447125,4.496783919098536,157.27496037827845
3.5,3.5,1.0050000000000001,0.447125,5.966709857923208,196.60303023125022
3.5,3.5,1.2040000000000002,0.447125,7.674619682418776,242.29839154587904
3.5,3.5,1.4030000000000002,0.447125,9.340668972000236,286.8737685145611
3.5,3.5,1.6020000000000003,0.447125,11.006718261581696,331.44914548324317
3.5,3.5,1.8010000000000004,0.447125,12.672767551163156,376.02452245192524
3.5,3.5,2.0,0.447125,14.338816840744611,420.59989942060713
3.5,4.0,0.01,0.447125,0.05759293826964686,38.503797577848005
3.5,4.0,0.20900000000000002,0.447125,1.140081716447684,67.46593312413538
3.5,4.0,0.40800000000000003,0.447125,2.310076430388395,98.7693019688676
3.5,4.0,0.607,0.447125,4.042685773960158,145.1255022998758
3.5,4.0,0.806,0.447125,6.157591807110403,201.71010292996584
3.5,4.0,1.0050000000000001,0.447125,8.219359497719184,256.872979926134
3.5,4.0,1.2040000000000002,0.447125,10.478368303979904,317.31306999090066
3.5,4.0,1.4030000000000002,0.447125,12.682009247342071,376.27178529917785
3.5,4.0,1.6020000000000003,0.447125,14.885650190704242,435.2305006074551
3.5,4.0,1.8010000000000004,0.447125,17.089291134066414,494.1892159157324
3.5,4.0,2.0,0.447125,19.292932077428578,553.1479312240094
3.5,4.5,0.01,0.447125,0.07301751837969529,38.916484331648526
3.5,4.5,0.20900000000000002,0.447125,1.4351997222232704,75.36185579578527
3.5,4.5,0.40800000000000003,0.447125,2.953877663641823,115.99429215651283
3.5,4.5,0.607,0.447125,5.277673592650845,178.16777056535864
3.5,4.5,0.806,0.447125,8.12598853725045,254.3748270882505
3.5,4.5,1.0050000000000001,0.447125,10.902737779724434,328.66713344725054
3.5,4.5,1.2040000000000002,0.447125,13.792016835495097,405.97019037604605
3.5,4.5,1.4030000000000002,0.447125,16.610480228134122,481.37856453697884
3.5,4.5,1.6020000000000003,0.447125,19.428943620773147,556.7869386979118
3.5,4.5,1.8010000000000004,0.447125,22.24740701341217,632.1953128588444
3.5,4.5,2.0,0.447125,25.065870406051193,707.6036870197771
4.0,0.0,0.01,0.584,0.0,40.625
4.0,0.0,0.20900000000000002,0.584,0.0,40.625
4.0,0.0,0.40800000000000003,0.584,0.0,40.625
4.0,0.0,0.607,0.584,0.0,40.625
4.0,0.0,0.806,0.584,0.0,40.625
4.0,0.0,1.0050000000000001,0.584,0.0,40.625
4.0,0.0,1.2040000000000002,0.584,0.0,40.625
4.0,0.0,1.4030000000000002,0.584,0.0,40.625
4.0,0.0,1.6020000000000003,0.584,0.0,40.625
4.0,0.0,1.8010000000000004,0.584,0.0,40.625
4.0,0.0,2.0,0.584,0.0,40.625
4.0,0.5,0.01,0.584,0.000872768185175972,40.64835103235167
4.0,0.5,0.20900000000000002,0.584,0.01962978405542369,41.15019756141437
4.0,0.5,0.40800000000000003,0.584,0.03088439014463397,41.451316089058054
4.0,0.5,0.607,0.584,0.0377128045221769,41.63401125112845
4.0,0.5,0.806,0.584,0.04700165156286631,41.88253562614689
4.0,0.5,1.0050000000000001,0.584,0.05605711048695547,42.12481567013472
4.0,0.5,1.2040000000000002,0.584,0.08334231317735283,42.8548350058153
4.0,0.5,1.4030000000000002,0.584,0.10995876089984824,43.5669617107194
4.0,0.5,1.6020000000000003,0.584,0.13657520862234368,44.27908841562349
4.0,0.5,1.8010000000000004,0.584,0.16319165634483912,44.991215120527585
4.0,0.5,2.0,0.584,0.18980810406733448,45.70334182543168
4.0,1.0,0.01,0.584,0.0035268664630036983,40.71936179535005
4.0,1.0,0.20900000000000002,0.584,0.07598134609195938,42.65789132309395
4.0,1.0,0.40800000000000003,0.584,0.12941130839991016,44.08741728381609
4.0,1.0,0.607,0.584,0.17799148890313002,45.38718666799898
4.0,1.0,0.806,0.584,0.23754229362286616,46.98047660592
4.0,1.0,1.0050000000000001,0.584,0.2955968469677346,48.5337341333405
4.0,1.0,1.2040000000000002,0.584,0.41600116255513364,51.75516809062323
4.0,1.0,1.4030000000000002,0.584,0.5334543919761748,54.89764533326667
4.0,1.0,1.6020000000000003,0.584,0.6509076213972159,58.040122575910104
4.0,1.0,1.8010000000000004,0.584,0.7683608508182572,61.18259981855354
4.0,1.0,2.0,0.584,0.8858140802392982,64.32507706119696
4.0,1.5,0.01,0.584,0.007982942252221284,40.83858471351191
4.0,1.5,0.20900000000000002,0.584,0.16774180821701265,45.112955057176066
4.0,1.5,0.40800000000000003,0.584,0.29997544541466664,48.650884134596176
4.0,1.5,0.607,0.584,0.44247697540171876,52.46353209015729
4.0,1.5,0.806,0.584,0.614285611047174,57.06029567228098
4.0,1.5,1.0050000000000001,0.584,0.7817774468020399,61.541562681989504
4.0,1.5,1.2040000000000002,0.584,1.0672630098524993,69.17976802901593
4.0,1.5,1.4030000000000002,0.584,1.3457513777301533,76.63076246067405
4.0,1.5,1.6020000000000003,0.584,1.6242397456078073,84.08175689233217
4.0,1.5,1.8010000000000004,0.584,1.902728113485461,91.53275132399028
4.0,1.5,2.0,0.584,2.1812164813631143,98.98374575564839
4.0,2.0,0.01,0.584,0.01425210870324317,41.006317120698924
4.0,2.0,0.20900000000000002,0.584,0.2942466840467639,48.49761033943611
4.0,2.0,0.40800000000000003,0.584,0.5452958173132918,55.214464290274286
4.0,2.0,0.607,0.584,0.8454479255013653,63.245075061573345
4.0,2.0,0.806,0.584,1.2066227321887764,72.90835649049595
4.0,2.0,1.0050000000000001,0.584,1.5587227949895688,82.32884190361645
4.0,2.0,1.2040000000000002,0.584,2.084079218564769,96.3848249830043
4.0,2.0,1.4030000000000002,0.584,2.596559259209204,110.09629867319146
4.0,2.0,1.6020000000000003,0.584,3.109039299853639,123.8077723633786
4.0,2.0,1.8010000000000004,0.584,3.6215193404980743,137.51924605356578
4.0,2.0,2.0,0.584,4.133999381142508,151.2307197437529
4.0,2.5,0.01,0.584,0.022342168956898195,41.2227677910129
4.0,2.5,0.20900000000000002,0.584,0.4550438268327176,52.799759921680156
4.0,2.5,0.40800000000000003,0.584,0.8674201294647388,63.83294438850435
4.0,2.5,0.607,0.584,1.3981152377943837,78.03176470982405
4.0,2.5,0.806,0.584,2.0381446573389055,95.15583950500069
4.0,2.5,1.0050000000000001,0.584,2.662092935688841,111.8496611646201
4.0,2.5,1.2040000000000002,0.584,3.503801660441032,134.36969339793
4.0,2.5,1.4030000000000002,0.584,4.324880269390473,156.33776405689406
4.0,2.5,1.6020000000000003,0.584,5.145958878339914,178.30583471585814
4.0,2.5,1.8010000000000004,0.584,5.967037487289353,200.27390537482216
4.0,2.5,2.0,0.584,6.788116096238793,222.2419760337862
4.0,3.0,0.01,0.584,0.03225916318177633,41.48809832999187
4.0,3.0,0.20900000000000002,0.584,0.6497909898346645,58.010246945490806
4.0,3.0,0.40800000000000003,0.584,1.268013054510517,74.5508629738473
4.0,3.0,0.607,0.584,2.1098900209113056,97.07539653551224
4.0,3.0,0.806,0.584,3.1289573178676555,124.34068166383923
4.0,3.0,1.0050000000000001,0.584,4.122419908870327,150.9209093768816
4.0,3.0,1.2040000000000002,0.584,5.3580649738847645,183.98076235779013
4.0,3.0,1.4030000000000002,0.584,6.563424620639044,216.2303248244607
4.0,3.0,1.6020000000000003,0.584,7.768784267393321,248.47988729113123
4.0,3.0,1.8010000000000004,0.584,8.9741439141476,280.72944975780183
4.0,3.0,2.0,0.584,10.179503560901876,312.9790122244723
4.0,3.5,0.01,0.584,0.04400802730632449,41.8024407990776
4.0,3.5,0.20900000000000002,0.584,0.8782133582175999,64.12171870231164
4.0,3.5,0.40800000000000003,0.584,1.7484874471925949,87.40602116846625
4.0,3.5,0.607,0.584,2.9889732911288984,120.59538985254972
4.0,3.5,0.806,0.584,4.496783919098536,160.93706975327845
4.0,3.5,1.0050000000000001,0.584,5.966709857923208,200.26513960625022
4.0,3.5,1.2040000000000002,0.584,7.674619682418776,245.96050092087904
4.0,3.5,1.4030000000000002,0.584,9.340668972000236,290.5358778895611
4.0,3.5,1.6020000000000003,0.584,11.006718261581696,335.11125485824317
4.0,3.5,1.8010000000000004,0.584,12.672767551163156,379.68663182692524
4.0,3.5,2.0,0.584,14.338816840744611,424.26200879560713
4.0,4.0,0.01,0.584,0.05759293826964686,42.165906952848005
4.0,4.0,0.20900000000000002,0.584,1.140081716447684,71.12804249913538
4.0,4.0,0.40800000000000003,0.584,2.310076430388395,102.4314113438676
4.0,4.0,0.607,0.584,4.042685773960158,148.7876116748758
4.0,4.0,0.806,0.584,6.157591807110403,205.37221230496584
4.0,4.0,1.0050000000000001,0.584,8.219359497719184,260.535089301134
4.0,4.0,1.2040000000000002,0.584,10.478368303979904,320.97517936590066
4.0,4.0,1.4030000000000002,0.584,12.682009247342071,379.93389467417785
4.0,4.0,1.6020000000000003,0.584,14.885650190704242,438.8926099824551
4.0,4.0,1.8010000000000004,0.584,17.089291134066414,497.8513252907324
4.0,4.0,2.0,0.584,19.292932077428578,556.8100405990094
4.0,4.5,0.01,0.584,0.07301751837969529,42.578593706648526
4.0,4.5,0.20900000000000002,0.584,1.4351997222232704,79.02396517078526
4.0,4.5,0.40800000000000003,0.584,2.953877663641823,119.65640153151283
4.0,4.5,0.607,0.584,5.277673592650845,181.82987994035864
4.0,4.5,0.806,0.584,8.12598853725045,258.0369364632505
4.0,4.5,1.0050000000000001,0.584,10.902737779724434,332.32924282225054
4.0,4.5,1.2040000000000002,0.584,13.792016835495097,409.63229975104605
4.0,4.5,1.4030000000000002,0.584,16.610480228134122,485.04067391197884
4.0,4.5,1.6020000000000003,0.584,19.428943620773147,560.4490480729118
4.0,4.5,1.8010000000000004,0.584,22.24740701341217,635.8574222338444
4.0,4.5,2.0,0.584,25.065870406051193,711.2657963947771
4.5,0.0,0.01,0.739125,0.0,44.775390625
4.5,0.0,0.20900000000000002,0.739125,0.0,44.775390625
4.5,0.0,0.40800000000000003,0.739125,0.0,44.775390625
4.5,0.0,0.607,0.739125,0.0,44.775390625
4.5,0.0,0.806,0.739125,0.0,44.775390625
4.5,0.0,1.0050000000000001,0.739125,0.0,44.775390625
4.5,0.0,1.2040000000000002,0.739125,0.0,44.775390625
4.5,0.0,1.4030000000000002,0.739125,0.0,44.775390625
4.5,0.0,1.6020000000000003,0.739125,0.0,44.775390625
4.5,0.0,1.8010000000000004,0.739125,0.0,44.775390625
4.5,0.0,2.0,0.739125,0.0,44.775390625
4.5,0.5,0.01,0.739125,0.000872768185175972,44.79874165735167
4.5,0.5,0.20900000000000002,0.739125,0.01962978405542369,45.30058818641437
4.5,0.5,0.40800000000000003,0.739125,0.03088439014463397,45.601706714058054
4.5,0.5,0.607,0.739125,0.0377128045221769,45.78440187612845
4.5,0.5,0.806,0.739125,0.04700165156286631,46.03292625114689
4.5,0.5,1.0050000000000001,0.739125,0.05605711048695547,46.27520629513472
4.5,0.5,1.2040000000000002,0.739125,0.08334231317735283,47.0052256308153
4.5,0.5,1.4030000000000002,0.739125,0.10995876089984824,47.7173523357194
4.5,0.5,1.6020000000000003,0.739125,0.13657520862234368,48.42947904062349
4.5,0.5,1.8010000000000004,0.739125,0.16319165634483912,49.141605745527585
4.5,0.5,2.0,0.739125,0.18980810406733448,49.85373245043168
4.5,1.0,0.01,0.739125,0.0035268664630036983,44.86975242035005
4.5,1.0,0.20900000000000002,0.739125,0.07598134609195938,46.80828194809395
4.5,1.0,0.40800000000000003,0.739125,0.12941130839991016,48.23780790881609
4.5,1.0,0.607,0.739125,0.17799148890313002,49.53757729299898
4.5,1.0,0.806,0.739125,0.23754229362286616,51.13086723092
4.5,1.0,1.0050000000000001,0.739125,0.2955968469677346,52.6841247583405
4.5,1.0,1.2040000000000002,0.739125,0.41600116255513364,55.90555871562323
4.5,1.0,1.4030000000000002,0.739125,0.5334543919761748,59.04803595826667
4.5,1.0,1.6020000000000003,0.739125,0.6509076213972159,62.190513200910104
4.5,1.0,1.8010000000000004,0.739125,0.7683608508182572,65.33299044355354
4.5,1.0,2.0,0.739125,0.8858140802392982,68.47546768619696
4.5,1.5,0.01,0.739125,0.007982942252221284,44.98897533851191
4.5,1.5,0.20900000000000002,0.739125,0.16774180821701265,49.263345682176066
4.5,1.5,0.40800000000000003,0.739125,0.29997544541466664,52.801274759596176
4.5,1.5,0.607,0.739125,0.44247697540171876,56.61392271515729
4.5,1.5,0.806,0.739125,0.614285611047174,61.21068629728098
4.5,1.5,1.0050000000000001,0.739125,0.7817774468020399,65.6919533069895
4.5,1.5,1.2040000000000002,0.739125,1.0672630098524993,73.33015865401593
4.5,1.5,1.4030000000000002,0.739125,1.3457513777301533,80.78115308567405
4.5,1.5,1.6020000000000003,0.739125,1.6242397456078073,88.23214751733217
4.5,1.5,1.8010000000000004,0.739125,1.902728113485461,95.68314194899028
4.5,1.5,2.0,0.739125,2.1812164813631143,103.13413638064839
4.5,2.0,0.01,0.739125,0.01425210870324317,45.156707745698924
4.5,2.0,0.20900000000000002,0.739125,0.2942466840467639,52.64800096443611
4.5,2.0,0.40800000000000003,0.739125,0.5452958173132918,59.364854915274286
4.5,2.0,0.607,0.739125,0.8454479255013653,67.39546568657335
4.5,2.0,0.806,0.739125,1.2066227321887764,77.05874711549595
4.5,2.0,1.0050000000000001,0.739125,1.5587227949895688,86.47923252861645
4.5,2.0,1.2040000000000002,0.739125,2.084079218564769,100.5352156080043
4.5,2.0,1.4030000000000002,0.739125,2.596559259209204,114.24668929819146
4.5,2.0,1.6020000000000003,0.739125,3.109039299853639,127.9581629883786
4.5,2.0,1.8010000000000004,0.739125,3.6215193404980743,141.66963667856578
4.5,2.0,2.0,0.739125,4.133999381142508,155.3811103687529
4.5,2.5,0.01,0.739125,0.022342168956898195,45.3731584160129
4.5,2.5,0.20900000000000002,0.739125,0.4550438268327176,56.950150546680156
4.5,2.5,0.40800000000000003,0.739125,0.8674201294647388,67.98333501350436
4.5,2.5,0.607,0.739125,1.3981152377943837,82.18215533482405
4.5,2.5,0.806,0.739125,2.0381446573389055,99.30623013000069
4.5,2.5,1.0050000000000001,0.739125,2.662092935688841,116.0000517896201
4.5,2.5,1.2040000000000002,0.739125,3.503801660441032,138.52008402293
4.5,2.5,1.4030000000000002,0.739125,4.324880269390473,160.48815468189406
4.5,2.5,1.6020000000000003,0.739125,5.145958878339914,182.45622534085814
4.5,2.5,1.8010000000000004,0.739125,5.967037487289353,204.42429599982216
4.5,2.5,2.0,0.739125,6.788116096238793,226.3923666587862
4.5,3.0,0.01,0.739125,0.03225916318177633,45.63848895499187
4.5,3.0,0.20900000000000002,0.739125,0.6497909898346645,62.160637570490806
4.5,3.0,0.40800000000000003,0.739125,1.268013054510517,78.7012535988473
4.5,3.0,0.607,0.739125,2.1098900209113056,101.22578716051224
4.5,3.0,0.806,0.739125,3.1289573178676555,128.49107228883923
4.5,3.0,1.0050000000000001,0.739125,4.122419908870327,155.0713000018816
4.5,3.0,1.2040000000000002,0.739125,5.3580649738847645,188.13115298279013
4.5,3.0,1.4030000000000002,0.739125,6.563424620639044,220.3807154494607
4.5,3.0,1.6020000000000003,0.739125,7.768784267393321,252.63027791613123
4.5,3.0,1.8010000000000004,0.739125,8.9741439141476,284.8798403828018
4.5,3.0,2.0,0.739125,10.179503560901876,317.1294028494723
4.5,3.5,0.01,0.739125,0.04400802730632449,45.9528314240776
4.5,3.5,0.20900000000000002,0.739125,0.8782133582175999,68.27210932731164
4.5,3.5,0.40800000000000003,0.739125,1.7484874471925949,91.55641179346627
4.5,3.5,0.607,0.739125,2.9889732911288984,124.74578047754972
4.5,3.5,0.806,0.739125,4.496783919098536,165.08746037827845
4.5,3.5,1.0050000000000001,0.739125,5.966709857923208,204.41553023125022
4.5,3.5,1.2040000000000002,0.739125,7.674619682418776,250.11089154587904
4.5,3.5,1.4030000000000002,0.739125,9.340668972000236,294.6862685145611
4.5,3.5,1.6020000000000003,0.739125,11.006718261581696,339.26164548324317
4.5,3.5,1.8010000000000004,0.739125,12.672767551163156,383.83702245192524
4.5,3.5,2.0,0.739125,14.338816840744611,428.41239942060713
4.5,4.0,0.01,0.739125,0.05759293826964686,46.316297577848005
4.5,4.0,0.20900000000000002,0.739125,1.140081716447684,75.27843312413538
4.5,4.0,0.40800000000000003,0.739125,2.310076430388395,106.5818019688676
4.5,4.0,0.607,0.739125,4.042685773960158,152.9380022998758
4.5,4.0,0.806,0.739125,6.157591807110403,209.52260292996584
4.5,4.0,1.0050000000000001,0.739125,8.219359497719184,264.685479926134
4.5,4.0,1.2040000000000002,0.739125,10.478368303979904,325.12556999090066
4.5,4.0,1.4030000000000002,0.739125,12.682009247342071,384.08428529917785
4.5,4.0,1.6020000000000003,0.739125,14.885650190704242,443.0430006074551
4.5,4.0,1.8010000000000004,0.739125,17.089291134066414,502.0017159157324
4.5,4.0,2.0,0.739125,19.292932077428578,560.9604312240094
4.5,4.5,0.01,0.739125,0.07301751837969529,46.728984331648526
4.5,4.5,0.20900000000000002,0.739125,1.4351997222232704,83.17435579578526
4.5,4.5,0.40800000000000003,0.739125,2.953877663641823,123.80679215651283
4.5,4.5,0.607,0.739125,5.277673592650845,185.98027056535864
4.5,4.5,0.806,0.739125,8.12598853725045,262.1873270882505
4.5,4.5,1.0050000000000001,0.739125,10.902737779724434,336.47963344725054
4.5,4.5,1.2040000000000002,0.739125,13.792016835495097,413.78269037604605
4.5,4.5,1.4030000000000002,0.739125,16.610480228134122,489.19106453697884
4.5,4.5,1.6020000000000003,0.739125,19.428943620773147,564.5994386979118
4.5,4.5,1.8010000000000004,0.739125,22.24740701341217,640.0078128588444
4.5,4.5,2.0,0.739125,25.065870406051193,715.4161870197771
