0.0,0.64,0.01,0.0,0.0007869023639591351,25.02747564119969
0.0,0.64,0.20900000000000002,0.0,0.016446259406745923,25.57424090107353
0.0,0.64,0.40800000000000003,0.0,0.03210561644953271,26.12100616094737
0.0,0.64,0.607,0.0,0.04362826576588997,26.52333330188163
0.0,0.64,0.806,0.0,0.05159411965391531,26.8014706583071
0.0,0.64,1.0050000000000001,0.0,0.059359826459326956,27.07261963894298
0.0,0.64,1.2040000000000002,0.0,0.07289750870173915,27.545304074781395
0.0,0.64,1.4030000000000002,0.0,0.08610338500683733,28.006403107780635
0.0,0.64,1.6020000000000003,0.0,0.0993092613119355,28.46750214077987
0.0,0.64,1.8010000000000004,0.0,0.11251513761703369,28.92860117377911
0.0,0.64,2.0,0.0,0.12572101392213184,29.389700206778347
0.0,1.28,0.01,0.0,0.00314763933536828,25.1099036080785
0.0,1.28,0.20900000000000002,0.0,0.06578566210919705,27.29698540884068
0.0,1.28,0.40800000000000003,0.0,0.1284236848830258,29.484067209602856
0.0,1.28,0.607,0.0,0.18387110883975635,31.42008061591328
0.0,1.28,0.806,0.0,0.23313596185094457,33.14022213166706
0.0,1.28,1.0050000000000001,0.0,0.28116300448496717,34.81714401134662
0.0,1.28,1.2040000000000002,0.0,0.35515388025999794,37.40062431075412
0.0,1.28,1.4030000000000002,0.0,0.4273312541777975,39.9207840145879
0.0,1.28,1.6020000000000003,0.0,0.49950862809559715,42.44094371842169
0.0,1.28,1.8010000000000004,0.0,0.5716860020133968,44.961103422255476
0.0,1.28,2.0,0.0,0.6438633759311961,47.48126312608926
0.0,1.92,0.01,0.0,0.0070822278312870895,25.24728449131589
0.0,1.92,0.20900000000000002,0.0,0.14801856167390018,30.1682458685021
0.0,1.92,0.40800000000000003,0.0,0.28895489551651327,35.089207245688314
0.0,1.92,0.607,0.0,0.42778088220415145,39.93648331718406
0.0,1.92,0.806,0.0,0.5647923647959237,44.72040379874035
0.0,1.92,1.0050000000000001,0.0,0.6983613478250883,49.38412527322236
0.0,1.92,1.2040000000000002,0.0,0.8973935106410553,56.333572298919535
0.0,1.92,1.4030000000000002,0.0,1.091547434172317,63.11268974065353
0.0,1.92,1.6020000000000003,0.0,1.285701357703579,69.89180718238754
0.0,1.92,1.8010000000000004,0.0,1.4798552812348407,76.67092462412154
0.0,1.92,2.0,0.0,1.6740092047661022,83.45004206585553
0.0,2.56,0.01,0.0,0.012590676860734633,25.439618605472578
0.0,2.56,0.20900000000000002,0.0,0.2631451463893539,34.18802885437688
0.0,2.56,0.40800000000000003,0.0,0.5136996159179731,42.93643910328119
0.0,2.56,0.607,0.0,0.7798087719161361,52.22795991327291
0.0,2.56,0.806,0.0,1.059292050860075,61.98645428980709
0.0,2.56,1.0050000000000001,0.0,1.3317531368657243,71.49976036542333
0.0,2.56,1.2040000000000002,0.0,1.7327573893529042,85.50130549416566
0.0,2.56,1.4030000000000002,0.0,2.1239331062399085,99.15967549720351
0.0,2.56,1.6020000000000003,0.0,2.515108823126912,112.81804550024137
0.0,2.56,1.8010000000000004,0.0,2.906284540013916,126.47641550327921
0.0,2.56,2.0,0.0,3.2974602569009193,140.13478550631703
0.0,3.2,0.01,0.0,0.01967299271497533,25.686906170215618
0.0,3.2,0.20900000000000002,0.0,0.4111655477429844,39.35633895750644
0.0,3.2,0.40800000000000003,0.0,0.8026581027709936,53.02577174479727
0.0,3.2,0.607,0.0,1.2433553432062623,68.41324522368234
0.0,3.2,0.806,0.0,1.726359415954315,85.27791256823727
0.0,3.2,1.0050000000000001,0.0,2.197227707980055,101.71884455237623
0.0,3.2,1.2040000000000002,0.0,2.887094692570523,125.80637893053503
0.0,3.2,1.4030000000000002,0.0,3.560053172636715,149.3035325641311
0.0,3.2,1.6020000000000003,0.0,4.233011652702907,172.8006861977272
0.0,3.2,1.8010000000000004,0.0,4.905970132769098,196.29783983132327
0.0,3.2,2.0,0.0,5.578928612835289,219.79499346491932
0.0,3.84,0.01,0.0,0.028329180244980042,25.989147354922487
0.0,3.84,0.20900000000000002,0.0,0.5920798671200829,45.67317971787999
0.0,3.84,0.40800000000000003,0.0,1.1558305539951856,65.35721208083748
0.0,3.84,0.607,0.0,1.821216585630096,88.58996458205644
0.0,3.84,0.806,0.0,2.573990016497739,114.87395309000486
0.0,3.84,1.0050000000000001,0.0,3.3078495420671987,140.49753987664803
0.0,3.84,1.2040000000000002,0.0,4.381983990903346,178.00223431925093
0.0,3.84,1.4030000000000002,0.0,5.429791615013117,214.58769605492728
0.0,3.84,1.6020000000000003,0.0,6.4775992391228865,251.1731577906036
0.0,3.84,1.8010000000000004,0.0,7.525406863232658,287.75861952628
0.0,3.84,2.0,0.0,8.573214487342426,324.34408126195626
0.0,4.48,0.01,0.0,0.03855924340283106,26.346342297584883
0.0,4.48,0.20900000000000002,0.0,0.8058881871191692,53.138554019524065
0.0,4.48,0.40800000000000003,0.0,1.5732171308355074,79.93076574146326
0.0,4.48,0.607,0.0,2.515788073013194,112.84176232587969
0.0,4.48,0.806,0.0,3.6090343783539103,151.01377019392146
0.0,4.48,1.0050000000000001,0.0,4.674812183560437,188.22668238688678
0.0,4.48,1.2040000000000002,0.0,6.236138357280159,242.74226107821787
0.0,4.48,1.4030000000000002,0.0,7.759196732624396,295.9216736251535
0.0,4.48,1.6020000000000003,0.0,9.282255107968634,349.10108617208925
0.0,4.48,1.8010000000000004,0.0,10.805313483312872,402.2804987190249
0.0,4.48,2.0,0.0,12.328371858657105,455.45991126596044
0.0,5.12,0.01,0.0,0.05036318552452287,26.75849111468306
0.0,5.12,0.20900000000000002,0.0,1.052590577462528,61.752464296875985
0.0,5.12,0.40800000000000003,0.0,2.054817969400533,96.7464374790689
0.0,5.12,0.607,0.0,3.3291777208768596,141.24223885743226
0.0,5.12,0.806,0.0,4.837520435694547,193.90783644184873
0.0,5.12,1.0050000000000001,0.0,6.307965092350985,245.2501778055512
0.0,5.12,1.2040000000000002,0.0,8.466190652268773,320.6072155121779
0.0,5.12,1.4030000000000002,0.0,10.571518526894454,394.1172670005048
0.0,5.12,1.6020000000000003,0.0,12.67684640152014,467.62731848883175
0.0,5.12,1.8010000000000004,0.0,14.782174276145824,541.1373699771588
0.0,5.12,2.0,0.0,16.887502150771503,614.6474214654855
0.0,5.76,0.01,0.0,0.06374100949690653,27.225593907014893
0.0,5.76,0.20900000000000002,0.0,1.3321870984853468,71.51491265661127
0.0,5.76,0.40800000000000003,0.0,2.6006331874737865,115.80423140620765
0.0,5.76,0.607,0.0,4.263275372110673,173.85738031112686
0.0,5.76,0.806,0.0,6.264852517492018,243.74485047109007
0.0,5.76,1.0050000000000001,0.0,8.21613877982358,311.87635404411947
0.0,5.76,1.2040000000000002,0.0,11.08718280628909,412.1223046888649
0.0,5.76,1.4030000000000002,0.0,13.887858106615733,509.9112467393762
0.0,5.76,1.6020000000000003,0.0,16.688533406942376,607.7001887898875
0.0,5.76,1.8010000000000004,0.0,19.48920870726902,705.489130840399
0.0,5.76,2.0,0.0,22.28988400759566,803.27807289091
0.64,0.0,0.01,0.00733184,0.0,25.256
0.64,0.0,0.20900000000000002,0.00733184,0.0,25.256
0.64,0.0,0.40800000000000003,0.00733184,0.0,25.256
0.64,0.0,0.607,0.00733184,0.0,25.256
0.64,0.0,0.806,0.00733184,0.0,25.256
0.64,0.0,1.0050000000000001,0.00733184,0.0,25.256
0.64,0.0,1.2040000000000002,0.00733184,0.0,25.256
0.64,0.0,1.4030000000000002,0.00733184,0.0,25.256
0.64,0.0,1.6020000000000003,0.00733184,0.0,25.256
0.64,0.0,1.8010000000000004,0.00733184,0.0,25.256
0.64,0.0,2.0,0.00733184,0.0,25.256
0.64,0.64,0.01,0.00733184,0.0007869023639591351,25.28347564119969
0.64,0.64,0.20900000000000002,0.00733184,0.016446259406745923,25.83024090107353
0.64,0.64,0.40800000000000003,0.00733184,0.03210561644953271,26.37700616094737
0.64,0.64,0.607,0.00733184,0.04362826576588997,26.779333301881632
0.64,0.64,0.806,0.00733184,0.05159411965391531,27.0574706583071
0.64,0.64,1.0050000000000001,0.00733184,0.059359826459326956,27.328619638942982
0.64,0.64,1.2040000000000002,0.00733184,0.07289750870173915,27.801304074781395
0.64,0.64,1.4030000000000002,0.00733184,0.08610338500683733,28.262403107780635
0.64,0.64,1.6020000000000003,0.00733184,0.0993092613119355,28.72350214077987
0.64,0.64,1.8010000000000004,0.00733184,0.11251513761703369,29.18460117377911
0.64,0.64,2.0,0.00733184,0.12572101392213184,29.645700206778347
0.64,1.28,0.01,0.00733184,0.00314763933536828,25.3659036080785
0.64,1.28,0.20900000000000002,0.00733184,0.06578566210919705,27.55298540884068
0.64,1.28,0.40800000000000003,0.00733184,0.1284236848830258,29.740067209602856
0.64,1.28,0.607,0.00733184,0.18387110883975635,31.676080615913282
0.64,1.28,0.806,0.00733184,0.23313596185094457,33.39622213166706
0.64,1.28,1.0050000000000001,0.00733184,0.28116300448496717,35.07314401134662
0.64,1.28,1.2040000000000002,0.00733184,0.35515388025999794,37.65662431075412
0.64,1.28,1.4030000000000002,0.00733184,0.4273312541777975,40.1767840145879
0.64,1.28,1.6020000000000003,0.00733184,0.49950862809559715,42.69694371842169
0.64,1.28,1.8010000000000004,0.00733184,0.5716860020133968,45.21710342225548
0.64,1.28,2.0,0.00733184,0.6438633759311961,47.73726312608925
0.64,1.92,0.01,0.00733184,0.0070822278312870895,25.50328449131589
0.64,1.92,0.20900000000000002,0.00733184,0.14801856167390018,30.4242458685021
0.64,1.92,0.40800000000000003,0.00733184,0.28895489551651327,35.345207245688314
0.64,1.92,0.607,0.00733184,0.42778088220415145,40.19248331718406
0.64,1.92,0.806,0.00733184,0.5647923647959237,44.97640379874035
0.64,1.92,1.0050000000000001,0.00733184,0.6983613478250883,49.64012527322235
0.64,1.92,1.2040000000000002,0.00733184,0.8973935106410553,56.589572298919535
0.64,1.92,1.4030000000000002,0.00733184,1.091547434172317,63.36868974065354
0.64,1.92,1.6020000000000003,0.00733184,1.285701357703579,70.14780718238754
0.64,1.92,1.8010000000000004,0.00733184,1.4798552812348407,76.92692462412154
0.64,1.92,2.0,0.00733184,1.6740092047661022,83.70604206585554
0.64,2.56,0.01,0.00733184,0.012590676860734633,25.69561860547258
0.64,2.56,0.20900000000000002,0.00733184,0.2631451463893539,34.44402885437688
0.64,2.56,0.40800000000000003,0.00733184,0.5136996159179731,43.19243910328119
0.64,2.56,0.607,0.00733184,0.7798087719161361,52.48395991327291
0.64,2.56,0.806,0.00733184,1.059292050860075,62.2424542898071
0.64,2.56,1.0050000000000001,0.00733184,1.3317531368657243,71.75576036542334
0.64,2.56,1.2040000000000002,0.00733184,1.7327573893529042,85.75730549416566
0.64,2.56,1.4030000000000002,0.00733184,2.1239331062399085,99.41567549720351
0.64,2.56,1.6020000000000003,0.00733184,2.515108823126912,113.07404550024135
0.64,2.56,1.8010000000000004,0.00733184,2.906284540013916,126.73241550327921
0.64,2.56,2.0,0.00733184,3.2974602569009193,140.39078550631703
0.64,3.2,0.01,0.00733184,0.01967299271497533,25.94290617021562
0.64,3.2,0.20900000000000002,0.00733184,0.4111655477429844,39.61233895750644
0.64,3.2,0.40800000000000003,0.00733184,0.8026581027709936,53.28177174479727
0.64,3.2,0.607,0.00733184,1.2433553432062623,68.66924522368234
0.64,3.2,0.806,0.00733184,1.726359415954315,85.53391256823727
0.64,3.2,1.0050000000000001,0.00733184,2.197227707980055,101.97484455237621
0.64,3.2,1.2040000000000002,0.00733184,2.887094692570523,126.06237893053503
0.64,3.2,1.4030000000000002,0.00733184,3.560053172636715,149.55953256413113
0.64,3.2,1.6020000000000003,0.00733184,4.233011652702907,173.0566861977272
0.64,3.2,1.8010000000000004,0.00733184,4.905970132769098,196.55383983132327
0.64,3.2,2.0,0.00733184,5.578928612835289,220.05099346491932
0.64,3.84,0.01,0.00733184,0.028329180244980042,26.245147354922487
0.64,3.84,0.20900000000000002,0.00733184,0.5920798671200829,45.92917971787999
0.64,3.84,0.40800000000000003,0.00733184,1.1558305539951856,65.6132120808375
0.64,3.84,0.607,0.00733184,1.821216585630096,88.84596458205644
0.64,3.84,0.806,0.00733184,2.573990016497739,115.12995309000486
0.64,3.84,1.0050000000000001,0.00733184,3.3078495420671987,140.753539876648
0.64,3.84,1.2040000000000002,0.00733184,4.381983990903346,178.25823431925093
0.64,3.84,1.4030000000000002,0.00733184,5.429791615013117,214.84369605492728
0.64,3.84,1.6020000000000003,0.00733184,6.4775992391228865,251.4291577906036
0.64,3.84,1.8010000000000004,0.00733184,7.525406863232658,288.01461952628
0.64,3.84,2.0,0.00733184,8.573214487342426,324.6000812619563
0.64,4.48,0.01,0.00733184,0.03855924340283106,26.602342297584883
0.64,4.48,0.20900000000000002,0.00733184,0.8058881871191692,53.394554019524065
0.64,4.48,0.40800000000000003,0.00733184,1.5732171308355074,80.18676574146326
0.64,4.48,0.607,0.00733184,2.515788073013194,113.09776232587967
0.64,4.48,0.806,0.00733184,3.6090343783539103,151.26977019392146
0.64,4.48,1.0050000000000001,0.00733184,4.674812183560437,188.48268238688678
0.64,4.48,1.2040000000000002,0.00733184,6.236138357280159,242.99826107821787
0.64,4.48,1.4030000000000002,0.00733184,7.759196732624396,296.1776736251535
0.64,4.48,1.6020000000000003,0.00733184,9.282255107968634,349.3570861720893
0.64,4.48,1.8010000000000004,0.00733184,10.805313483312872,402.5364987190249
0.64,4.48,2.0,0.00733184,12.328371858657105,455.7159112659605
0.64,5.12,0.01,0.00733184,0.05036318552452287,27.01449111468306
0.64,5.12,0.20900000000000002,0.00733184,1.052590577462528,62.008464296875985
0.64,5.12,0.40800000000000003,0.00733184,2.054817969400533,97.00243747906889
0.64,5.12,0.607,0.00733184,3.3291777208768596,141.49823885743226
0.64,5.12,0.806,0.00733184,4.837520435694547,194.16383644184873
0.64,5.12,1.0050000000000001,0.00733184,6.307965092350985,245.50617780555118
0.64,5.12,1.2040000000000002,0.00733184,8.466190652268773,320.8632155121779
0.64,5.12,1.4030000000000002,0.00733184,10.571518526894454,394.37326700050477
0.64,5.12,1.6020000000000003,0.00733184,12.67684640152014,467.8833184888318
0.64,5.12,1.8010000000000004,0.00733184,14.782174276145824,541.3933699771587
0.64,5.12,2.0,0.00733184,16.887502150771503,614.9034214654855
0.64,5.76,0.01,0.00733184,0.06374100949690653,27.481593907014894
0.64,5.76,0.20900000000000002,0.00733184,1.3321870984853468,71.77091265661127
0.64,5.76,0.40800000000000003,0.00733184,2.6006331874737865,116.06023140620763
0.64,5.76,0.607,0.00733184,4.263275372110673,174.11338031112686
0.64,5.76,0.806,0.00733184,6.264852517492018,244.00085047109008
0.64,5.76,1.0050000000000001,0.00733184,8.21613877982358,312.1323540441195
0.64,5.76,1.2040000000000002,0.00733184,11.08718280628909,412.37830468886494
0.64,5.76,1.4030000000000002,0.00733184,13.887858106615733,510.16724673937625
0.64,5.76,1.6020000000000003,0.00733184,16.688533406942376,607.9561887898875
0.64,5.76,1.8010000000000004,0.00733184,19.48920870726902,705.7451308403989
0.64,5.76,2.0,0.00733184,22.28988400759566,803.53407289091
1.28,0.0,0.01,0.02932736,0.0,26.024
1.28,0.0,0.20900000000000002,0.02932736,0.0,26.024
1.28,0.0,0.40800000000000003,0.02932736,0.0,26.024
1.28,0.0,0.607,0.02932736,0.0,26.024
1.28,0.0,0.806,0.02932736,0.0,26.024
1.28,0.0,1.0050000000000001,0.02932736,0.0,26.024
1.28,0.0,1.2040000000000002,0.02932736,0.0,26.024
1.28,0.0,1.4030000000000002,0.02932736,0.0,26.024
1.28,0.0,1.6020000000000003,0.02932736,0.0,26.024
1.28,0.0,1.8010000000000004,0.02932736,0.0,26.024
1.28,0.0,2.0,0.02932736,0.0,26.024
1.28,0.64,0.01,0.02932736,0.0007869023639591351,26.05147564119969
1.28,0.64,0.20900000000000002,0.02932736,0.016446259406745923,26.59824090107353
1.28,0.64,0.40800000000000003,0.02932736,0.03210561644953271,27.14500616094737
1.28,0.64,0.607,0.02932736,0.04362826576588997,27.547333301881633
1.28,0.64,0.806,0.02932736,0.05159411965391531,27.8254706583071
1.28,0.64,1.0050000000000001,0.02932736,0.059359826459326956,28.096619638942983
1.28,0.64,1.2040000000000002,0.02932736,0.07289750870173915,28.569304074781396
1.28,0.64,1.4030000000000002,0.02932736,0.08610338500683733,29.030403107780632
1.28,0.64,1.6020000000000003,0.02932736,0.0993092613119355,29.491502140779872
1.28,0.64,1.8010000000000004,0.02932736,0.11251513761703369,29.95260117377911
1.28,0.64,2.0,0.02932736,0.12572101392213184,30.413700206778344
1.28,1.28,0.01,0.02932736,0.00314763933536828,26.1339036080785
1.28,1.28,0.20900000000000002,0.02932736,0.06578566210919705,28.32098540884068
1.28,1.28,0.40800000000000003,0.02932736,0.1284236848830258,30.508067209602856
1.28,1.28,0.607,0.02932736,0.18387110883975635,32.44408061591328
1.28,1.28,0.806,0.02932736,0.23313596185094457,34.16422213166706
1.28,1.28,1.0050000000000001,0.02932736,0.28116300448496717,35.84114401134662
1.28,1.28,1.2040000000000002,0.02932736,0.35515388025999794,38.42462431075412
1.28,1.28,1.4030000000000002,0.02932736,0.4273312541777975,40.9447840145879
1.28,1.28,1.6020000000000003,0.02932736,0.49950862809559715,43.464943718421694
1.28,1.28,1.8010000000000004,0.02932736,0.5716860020133968,45.98510342225548
1.28,1.28,2.0,0.02932736,0.6438633759311961,48.505263126089254
1.28,1.92,0.01,0.02932736,0.0070822278312870895,26.27128449131589
1.28,1.92,0.20900000000000002,0.02932736,0.14801856167390018,31.192245868502102
1.28,1.92,0.40800000000000003,0.02932736,0.28895489551651327,36.113207245688315
1.28,1.92,0.607,0.02932736,0.42778088220415145,40.960483317184064
1.28,1.92,0.806,0.02932736,0.5647923647959237,45.74440379874035
1.28,1.92,1.0050000000000001,0.02932736,0.6983613478250883,50.40812527322236
1.28,1.92,1.2040000000000002,0.02932736,0.8973935106410553,57.357572298919536
1.28,1.92,1.4030000000000002,0.02932736,1.091547434172317,64.13668974065354
1.28,1.92,1.6020000000000003,0.02932736,1.285701357703579,70.91580718238754
1.28,1.92,1.8010000000000004,0.02932736,1.4798552812348407,77.69492462412154
1.28,1.92,2.0,0.02932736,1.6740092047661022,84.47404206585553
1.28,2.56,0.01,0.02932736,0.012590676860734633,26.46361860547258
1.28,2.56,0.20900000000000002,0.02932736,0.2631451463893539,35.21202885437688
1.28,2.56,0.40800000000000003,0.02932736,0.5136996159179731,43.96043910328119
1.28,2.56,0.607,0.02932736,0.7798087719161361,53.25195991327291
1.28,2.56,0.806,0.02932736,1.059292050860075,63.01045428980709
1.28,2.56,1.0050000000000001,0.02932736,1.3317531368657243,72.52376036542333
1.28,2.56,1.2040000000000002,0.02932736,1.7327573893529042,86.52530549416566
1.28,2.56,1.4030000000000002,0.02932736,2.1239331062399085,100.18367549720351
1.28,2.56,1.6020000000000003,0.02932736,2.515108823126912,113.84204550024137
1.28,2.56,1.8010000000000004,0.02932736,2.906284540013916,127.5004155032792
1.28,2.56,2.0,0.02932736,3.2974602569009193,141.15878550631703
1.28,3.2,0.01,0.02932736,0.01967299271497533,26.71090617021562
1.28,3.2,0.20900000000000002,0.02932736,0.4111655477429844,40.38033895750644
1.28,3.2,0.40800000000000003,0.02932736,0.8026581027709936,54.04977174479727
1.28,3.2,0.607,0.02932736,1.2433553432062623,69.43724522368234
1.28,3.2,0.806,0.02932736,1.726359415954315,86.30191256823727
1.28,3.2,1.0050000000000001,0.02932736,2.197227707980055,102.74284455237621
1.28,3.2,1.2040000000000002,0.02932736,2.887094692570523,126.83037893053505
1.28,3.2,1.4030000000000002,0.02932736,3.560053172636715,150.3275325641311
1.28,3.2,1.6020000000000003,0.02932736,4.233011652702907,173.82468619772723
1.28,3.2,1.8010000000000004,0.02932736,4.905970132769098,197.3218398313233
1.28,3.2,2.0,0.02932736,5.578928612835289,220.81899346491934
1.28,3.84,0.01,0.02932736,0.028329180244980042,27.013147354922488
1.28,3.84,0.20900000000000002,0.02932736,0.5920798671200829,46.69717971787999
1.28,3.84,0.40800000000000003,0.02932736,1.1558305539951856,66.38121208083749
1.28,3.84,0.607,0.02932736,1.821216585630096,89.61396458205644
1.28,3.84,0.806,0.02932736,2.573990016497739,115.89795309000488
1.28,3.84,1.0050000000000001,0.02932736,3.3078495420671987,141.52153987664803
1.28,3.84,1.2040000000000002,0.02932736,4.381983990903346,179.02623431925093
1.28,3.84,1.4030000000000002,0.02932736,5.429791615013117,215.6116960549273
1.28,3.84,1.6020000000000003,0.02932736,6.4775992391228865,252.19715779060363
1.28,3.84,1.8010000000000004,0.02932736,7.525406863232658,288.78261952628003
1.28,3.84,2.0,0.02932736,8.573214487342426,325.3680812619562
1.28,4.48,0.01,0.02932736,0.03855924340283106,27.370342297584884
1.28,4.48,0.20900000000000002,0.02932736,0.8058881871191692,54.162554019524066
1.28,4.48,0.40800000000000003,0.02932736,1.5732171308355074,80.95476574146325
1.28,4.48,0.607,0.02932736,2.515788073013194,113.86576232587969
1.28,4.48,0.806,0.02932736,3.6090343783539103,152.03777019392146
1.28,4.48,1.0050000000000001,0.02932736,4.674812183560437,189.2506823868868
1.28,4.48,1.2040000000000002,0.02932736,6.236138357280159,243.76626107821787
1.28,4.48,1.4030000000000002,0.02932736,7.759196732624396,296.9456736251535
1.28,4.48,1.6020000000000003,0.02932736,9.282255107968634,350.1250861720892
1.28,4.48,1.8010000000000004,0.02932736,10.805313483312872,403.3044987190249
1.28,4.48,2.0,0.02932736,12.328371858657105,456.4839112659604
1.28,5.12,0.01,0.02932736,0.05036318552452287,27.78249111468306
1.28,5.12,0.20900000000000002,0.02932736,1.052590577462528,62.776464296875986
1.28,5.12,0.40800000000000003,0.02932736,2.054817969400533,97.7704374790689
1.28,5.12,0.607,0.02932736,3.3291777208768596,142.26623885743226
1.28,5.12,0.806,0.02932736,4.837520435694547,194.93183644184873
1.28,5.12,1.0050000000000001,0.02932736,6.307965092350985,246.2741778055512
1.28,5.12,1.2040000000000002,0.02932736,8.466190652268773,321.63121551217785
1.28,5.12,1.4030000000000002,0.02932736,10.571518526894454,395.14126700050474
1.28,5.12,1.6020000000000003,0.02932736,12.67684640152014,468.6513184888317
1.28,5.12,1.8010000000000004,0.02932736,14.782174276145824,542.1613699771588
1.28,5.12,2.0,0.02932736,16.887502150771503,615.6714214654855
1.28,5.76,0.01,0.02932736,0.06374100949690653,28.249593907014894
1.28,5.76,0.20900000000000002,0.02932736,1.3321870984853468,72.53891265661127
1.28,5.76,0.40800000000000003,0.02932736,2.6006331874737865,116.82823140620764
1.28,5.76,0.607,0.02932736,4.263275372110673,174.88138031112686
1.28,5.76,0.806,0.02932736,6.264852517492018,244.76885047109008
1.28,5.76,1.0050000000000001,0.02932736,8.21613877982358,312.90035404411947
1.28,5.76,1.2040000000000002,0.02932736,11.08718280628909,413.14630468886486
1.28,5.76,1.4030000000000002,0.02932736,13.887858106615733,510.9352467393762
1.28,5.76,1.6020000000000003,0.02932736,16.688533406942376,608.7241887898875
1.28,5.76,1.8010000000000004,0.02932736,19.48920870726902,706.513130840399
1.28,5.76,2.0,0.02932736,22.28988400759566,804.30207289091
1.92,0.0,0.01,0.06598656,0.0,27.304000000000002
1.92,0.0,0.20900000000000002,0.06598656,0.0,27.304000000000002
1.92,0.0,0.40800000000000003,0.06598656,0.0,27.304000000000002
1.92,0.0,0.607,0.06598656,0.0,27.304000000000002
1.92,0.0,0.806,0.06598656,0.0,27.304000000000002
1.92,0.0,1.0050000000000001,0.06598656,0.0,27.304000000000002
1.92,0.0,1.2040000000000002,0.06598656,0.0,27.304000000000002
1.92,0.0,1.4030000000000002,0.06598656,0.0,27.304000000000002
1.92,0.0,1.6020000000000003,0.06598656,0.0,27.304000000000002
1.92,0.0,1.8010000000000004,0.06598656,0.0,27.304000000000002
1.92,0.0,2.0,0.06598656,0.0,27.304000000000002
1.92,0.64,0.01,0.06598656,0.0007869023639591351,27.33147564119969
1.92,0.64,0.20900000000000002,0.06598656,0.016446259406745923,27.878240901073532
1.92,0.64,0.40800000000000003,0.06598656,0.03210561644953271,28.425006160947373
1.92,0.64,0.607,0.06598656,0.04362826576588997,28.827333301881634
1.92,0.64,0.806,0.06598656,0.05159411965391531,29.105470658307098
1.92,0.64,1.0050000000000001,0.06598656,0.059359826459326956,29.37661963894298
1.92,0.64,1.2040000000000002,0.06598656,0.07289750870173915,29.849304074781394
1.92,0.64,1.4030000000000002,0.06598656,0.08610338500683733,30.310403107780633
1.92,0.64,1.6020000000000003,0.06598656,0.0993092613119355,30.771502140779873
1.92,0.64,1.8010000000000004,0.06598656,0.11251513761703369,31.23260117377911
1.92,0.64,2.0,0.06598656,0.12572101392213184,31.693700206778345
1.92,1.28,0.01,0.06598656,0.00314763933536828,27.413903608078503
1.92,1.28,0.20900000000000002,0.06598656,0.06578566210919705,29.60098540884068
1.92,1.28,0.40800000000000003,0.06598656,0.1284236848830258,31.788067209602858
1.92,1.28,0.607,0.06598656,0.18387110883975635,33.72408061591328
1.92,1.28,0.806,0.06598656,0.23313596185094457,35.44422213166706
1.92,1.28,1.0050000000000001,0.06598656,0.28116300448496717,37.12114401134662
1.92,1.28,1.2040000000000002,0.06598656,0.35515388025999794,39.70462431075412
1.92,1.28,1.4030000000000002,0.06598656,0.4273312541777975,42.224784014587904
1.92,1.28,1.6020000000000003,0.06598656,0.49950862809559715,44.74494371842169
1.92,1.28,1.8010000000000004,0.06598656,0.5716860020133968,47.26510342225548
1.92,1.28,2.0,0.06598656,0.6438633759311961,49.78526312608925
1.92,1.92,0.01,0.06598656,0.0070822278312870895,27.55128449131589
1.92,1.92,0.20900000000000002,0.06598656,0.14801856167390018,32.4722458685021
1.92,1.92,0.40800000000000003,0.06598656,0.28895489551651327,37.393207245688316
1.92,1.92,0.607,0.06598656,0.42778088220415145,42.24048331718406
1.92,1.92,0.806,0.06598656,0.5647923647959237,47.02440379874035
1.92,1.92,1.0050000000000001,0.06598656,0.6983613478250883,51.688125273222354
1.92,1.92,1.2040000000000002,0.06598656,0.8973935106410553,58.63757229891953
1.92,1.92,1.4030000000000002,0.06598656,1.091547434172317,65.41668974065354
1.92,1.92,1.6020000000000003,0.06598656,1.285701357703579,72.19580718238754
1.92,1.92,1.8010000000000004,0.06598656,1.4798552812348407,78.97492462412154
1.92,1.92,2.0,0.06598656,1.6740092047661022,85.75404206585553
1.92,2.56,0.01,0.06598656,0.012590676860734633,27.743618605472577
1.92,2.56,0.20900000000000002,0.06598656,0.2631451463893539,36.49202885437688
1.92,2.56,0.40800000000000003,0.06598656,0.5136996159179731,45.24043910328119
1.92,2.56,0.607,0.06598656,0.7798087719161361,54.531959913272914
1.92,2.56,0.806,0.06598656,1.059292050860075,64.29045428980709
1.92,2.56,1.0050000000000001,0.06598656,1.3317531368657243,73.80376036542333
1.92,2.56,1.2040000000000002,0.06598656,1.7327573893529042,87.80530549416567
1.92,2.56,1.4030000000000002,0.06598656,2.1239331062399085,101.46367549720351
1.92,2.56,1.6020000000000003,0.06598656,2.515108823126912,115.12204550024136
1.92,2.56,1.8010000000000004,0.06598656,2.906284540013916,128.7804155032792
1.92,2.56,2.0,0.06598656,3.2974602569009193,142.43878550631703
1.92,3.2,0.01,0.06598656,0.01967299271497533,27.99090617021562
1.92,3.2,0.20900000000000002,0.06598656,0.4111655477429844,41.66033895750644
1.92,3.2,0.40800000000000003,0.06598656,0.8026581027709936,55.32977174479727
1.92,3.2,0.607,0.06598656,1.2433553432062623,70.71724522368234
1.92,3.2,0.806,0.06598656,1.726359415954315,87.58191256823727
1.92,3.2,1.0050000000000001,0.06598656,2.197227707980055,104.02284455237621
1.92,3.2,1.2040000000000002,0.06598656,2.887094692570523,128.11037893053503
1.92,3.2,1.4030000000000002,0.06598656,3.560053172636715,151.60753256413113
1.92,3.2,1.6020000000000003,0.06598656,4.233011652702907,175.10468619772723
1.92,3.2,1.8010000000000004,0.06598656,4.905970132769098,198.6018398313233
1.92,3.2,2.0,0.06598656,5.578928612835289,222.09899346491935
1.92,3.84,0.01,0.06598656,0.028329180244980042,28.29314735492249
1.92,3.84,0.20900000000000002,0.06598656,0.5920798671200829,47.97717971787999
1.92,3.84,0.40800000000000003,0.06598656,1.1558305539951856,67.6612120808375
1.92,3.84,0.607,0.06598656,1.821216585630096,90.89396458205644
1.92,3.84,0.806,0.06598656,2.573990016497739,117.17795309000486
1.92,3.84,1.0050000000000001,0.06598656,3.3078495420671987,142.801539876648
1.92,3.84,1.2040000000000002,0.06598656,4.381983990903346,180.30623431925096
1.92,3.84,1.4030000000000002,0.06598656,5.429791615013117,216.8916960549273
1.92,3.84,1.6020000000000003,0.06598656,6.4775992391228865,253.47715779060363
1.92,3.84,1.8010000000000004,0.06598656,7.525406863232658,290.06261952628
1.92,3.84,2.0,0.06598656,8.573214487342426,326.64808126195624
1.92,4.48,0.01,0.06598656,0.03855924340283106,28.650342297584885
1.92,4.48,0.20900000000000002,0.06598656,0.8058881871191692,55.44255401952407
1.92,4.48,0.40800000000000003,0.06598656,1.5732171308355074,82.23476574146326
1.92,4.48,0.607,0.06598656,2.515788073013194,115.14576232587967
1.92,4.48,0.806,0.06598656,3.6090343783539103,153.31777019392146
1.92,4.48,1.0050000000000001,0.06598656,4.674812183560437,190.5306823868868
1.92,4.48,1.2040000000000002,0.06598656,6.236138357280159,245.04626107821787
1.92,4.48,1.4030000000000002,0.06598656,7.759196732624396,298.22567362515355
1.92,4.48,1.6020000000000003,0.06598656,9.282255107968634,351.4050861720892
1.92,4.48,1.8010000000000004,0.06598656,10.805313483312872,404.58449871902485
1.92,4.48,2.0,0.06598656,12.328371858657105,457.7639112659604
1.92,5.12,0.01,0.06598656,0.05036318552452287,29.062491114683063
1.92,5.12,0.20900000000000002,0.06598656,1.052590577462528,64.05646429687599
1.92,5.12,0.40800000000000003,0.06598656,2.054817969400533,99.05043747906889
1.92,5.12,0.607,0.06598656,3.3291777208768596,143.54623885743226
1.92,5.12,0.806,0.06598656,4.837520435694547,196.21183644184873
1.92,5.12,1.0050000000000001,0.06598656,6.307965092350985,247.5541778055512
1.92,5.12,1.2040000000000002,0.06598656,8.466190652268773,322.9112155121779
1.92,5.12,1.4030000000000002,0.06598656,10.571518526894454,396.42126700050477
1.92,5.12,1.6020000000000003,0.06598656,12.67684640152014,469.9313184888317
1.92,5.12,1.8010000000000004,0.06598656,14.782174276145824,543.4413699771587
1.92,5.12,2.0,0.06598656,16.887502150771503,616.9514214654855
1.92,5.76,0.01,0.06598656,0.06374100949690653,29.529593907014892
1.92,5.76,0.20900000000000002,0.06598656,1.3321870984853468,73.81891265661127
1.92,5.76,0.40800000000000003,0.06598656,2.6006331874737865,118.10823140620764
1.92,5.76,0.607,0.06598656,4.263275372110673,176.16138031112686
1.92,5.76,0.806,0.06598656,6.264852517492018,246.04885047109008
1.92,5.76,1.0050000000000001,0.06598656,8.21613877982358,314.18035404411944
1.92,5.76,1.2040000000000002,0.06598656,11.08718280628909,414.4263046888649
1.92,5.76,1.4030000000000002,0.06598656,13.887858106615733,512.2152467393762
1.92,5.76,1.6020000000000003,0.06598656,16.688533406942376,610.0041887898876
1.92,5.76,1.8010000000000004,0.06598656,19.48920870726902,707.7931308403989
1.92,5.76,2.0,0.06598656,22.28988400759566,805.5820728909101
2.56,0.0,0.01,0.11730944,0.0,29.096
2.56,0.0,0.20900000000000002,0.11730944,0.0,29.096
2.56,0.0,0.40800000000000003,0.11730944,0.0,29.096
2.56,0.0,0.607,0.11730944,0.0,29.096
2.56,0.0,0.806,0.11730944,0.0,29.096
2.56,0.0,1.0050000000000001,0.11730944,0.0,29.096
2.56,0.0,1.2040000000000002,0.11730944,0.0,29.096
2.56,0.0,1.4030000000000002,0.11730944,0.0,29.096
2.56,0.0,1.6020000000000003,0.11730944,0.0,29.096
2.56,0.0,1.8010000000000004,0.11730944,0.0,29.096
2.56,0.0,2.0,0.11730944,0.0,29.096
2.56,0.64,0.01,0.11730944,0.0007869023639591351,29.12347564119969
2.56,0.64,0.20900000000000002,0.11730944,0.016446259406745923,29.67024090107353
2.56,0.64,0.40800000000000003,0.11730944,0.03210561644953271,30.21700616094737
2.56,0.64,0.607,0.11730944,0.04362826576588997,30.619333301881632
2.56,0.64,0.806,0.11730944,0.05159411965391531,30.8974706583071
2.56,0.64,1.0050000000000001,0.11730944,0.059359826459326956,31.16861963894298
2.56,0.64,1.2040000000000002,0.11730944,0.07289750870173915,31.641304074781395
2.56,0.64,1.4030000000000002,0.11730944,0.08610338500683733,32.10240310778063
2.56,0.64,1.6020000000000003,0.11730944,0.0993092613119355,32.563502140779875
2.56,0.64,1.8010000000000004,0.11730944,0.11251513761703369,33.02460117377911
2.56,0.64,2.0,0.11730944,0.12572101392213184,33.48570020677835
2.56,1.28,0.01,0.11730944,0.00314763933536828,29.2059036080785
2.56,1.28,0.20900000000000002,0.11730944,0.06578566210919705,31.39298540884068
2.56,1.28,0.40800000000000003,0.11730944,0.1284236848830258,33.58006720960286
2.56,1.28,0.607,0.11730944,0.18387110883975635,35.51608061591328
2.56,1.28,0.806,0.11730944,0.23313596185094457,37.23622213166706
2.56,1.28,1.0050000000000001,0.11730944,0.28116300448496717,38.913144011346624
2.56,1.28,1.2040000000000002,0.11730944,0.35515388025999794,41.49662431075412
2.56,1.28,1.4030000000000002,0.11730944,0.4273312541777975,44.016784014587905
2.56,1.28,1.6020000000000003,0.11730944,0.49950862809559715,46.53694371842169
2.56,1.28,1.8010000000000004,0.11730944,0.5716860020133968,49.05710342225548
2.56,1.28,2.0,0.11730944,0.6438633759311961,51.57726312608926
2.56,1.92,0.01,0.11730944,0.0070822278312870895,29.34328449131589
2.56,1.92,0.20900000000000002,0.11730944,0.14801856167390018,34.2642458685021
2.56,1.92,0.40800000000000003,0.11730944,0.28895489551651327,39.18520724568832
2.56,1.92,0.607,0.11730944,0.42778088220415145,44.03248331718406
2.56,1.92,0.806,0.11730944,0.5647923647959237,48.81640379874035
2.56,1.92,1.0050000000000001,0.11730944,0.6983613478250883,53.480125273222356
2.56,1.92,1.2040000000000002,0.11730944,0.8973935106410553,60.42957229891953
2.56,1.92,1.4030000000000002,0.11730944,1.091547434172317,67.20868974065354
2.56,1.92,1.6020000000000003,0.11730944,1.285701357703579,73.98780718238754
2.56,1.92,1.8010000000000004,0.11730944,1.4798552812348407,80.76692462412154
2.56,1.92,2.0,0.11730944,1.6740092047661022,87.54604206585553
2.56,2.56,0.01,0.11730944,0.012590676860734633,29.53561860547258
2.56,2.56,0.20900000000000002,0.11730944,0.2631451463893539,38.284028854376885
2.56,2.56,0.40800000000000003,0.11730944,0.5136996159179731,47.03243910328119
2.56,2.56,0.607,0.11730944,0.7798087719161361,56.323959913272915
2.56,2.56,0.806,0.11730944,1.059292050860075,66.08245428980709
2.56,2.56,1.0050000000000001,0.11730944,1.3317531368657243,75.59576036542333
2.56,2.56,1.2040000000000002,0.11730944,1.7327573893529042,89.59730549416567
2.56,2.56,1.4030000000000002,0.11730944,2.1239331062399085,103.25567549720351
2.56,2.56,1.6020000000000003,0.11730944,2.515108823126912,116.91404550024136
2.56,2.56,1.8010000000000004,0.11730944,2.906284540013916,130.57241550327922
2.56,2.56,2.0,0.11730944,3.2974602569009193,144.23078550631703
2.56,3.2,0.01,0.11730944,0.01967299271497533,29.782906170215618
2.56,3.2,0.20900000000000002,0.11730944,0.4111655477429844,43.45233895750644
2.56,3.2,0.40800000000000003,0.11730944,0.8026581027709936,57.121771744797265
2.56,3.2,0.607,0.11730944,1.2433553432062623,72.50924522368234
2.56,3.2,0.806,0.11730944,1.726359415954315,89.37391256823726
2.56,3.2,1.0050000000000001,0.11730944,2.197227707980055,105.81484455237621
2.56,3.2,1.2040000000000002,0.11730944,2.887094692570523,129.90237893053504
2.56,3.2,1.4030000000000002,0.11730944,3.560053172636715,153.39953256413114
2.56,3.2,1.6020000000000003,0.11730944,4.233011652702907,176.8966861977272
2.56,3.2,1.8010000000000004,0.11730944,4.905970132769098,200.39383983132328
2.56,3.2,2.0,0.11730944,5.578928612835289,223.89099346491932
2.56,3.84,0.01,0.11730944,0.028329180244980042,30.085147354922487
2.56,3.84,0.20900000000000002,0.11730944,0.5920798671200829,49.76917971787999
2.56,3.84,0.40800000000000003,0.11730944,1.1558305539951856,69.45321208083749
2.56,3.84,0.607,0.11730944,1.821216585630096,92.68596458205643
2.56,3.84,0.806,0.11730944,2.573990016497739,118.96995309000486
2.56,3.84,1.0050000000000001,0.11730944,3.3078495420671987,144.59353987664804
2.56,3.84,1.2040000000000002,0.11730944,4.381983990903346,182.09823431925093
2.56,3.84,1.4030000000000002,0.11730944,5.429791615013117,218.68369605492728
2.56,3.84,1.6020000000000003,0.11730944,6.4775992391228865,255.2691577906036
2.56,3.84,1.8010000000000004,0.11730944,7.525406863232658,291.85461952628
2.56,3.84,2.0,0.11730944,8.573214487342426,328.44008126195627
2.56,4.48,0.01,0.11730944,0.03855924340283106,30.442342297584883
2.56,4.48,0.20900000000000002,0.11730944,0.8058881871191692,57.23455401952407
2.56,4.48,0.40800000000000003,0.11730944,1.5732171308355074,84.02676574146325
2.56,4.48,0.607,0.11730944,2.515788073013194,116.93776232587969
2.56,4.48,0.806,0.11730944,3.6090343783539103,155.10977019392146
2.56,4.48,1.0050000000000001,0.11730944,4.674812183560437,192.32268238688678
2.56,4.48,1.2040000000000002,0.11730944,6.236138357280159,246.83826107821787
2.56,4.48,1.4030000000000002,0.11730944,7.759196732624396,300.0176736251535
2.56,4.48,1.6020000000000003,0.11730944,9.282255107968634,353.19708617208926
2.56,4.48,1.8010000000000004,0.11730944,10.805313483312872,406.37649871902494
2.56,4.48,2.0,0.11730944,12.328371858657105,459.55591126596045
2.56,5.12,0.01,0.11730944,0.05036318552452287,30.85449111468306
2.56,5.12,0.20900000000000002,0.11730944,1.052590577462528,65.84846429687599
2.56,5.12,0.40800000000000003,0.11730944,2.054817969400533,100.8424374790689
2.56,5.12,0.607,0.11730944,3.3291777208768596,145.33823885743226
2.56,5.12,0.806,0.11730944,4.837520435694547,198.00383644184873
2.56,5.12,1.0050000000000001,0.11730944,6.307965092350985,249.3461778055512
2.56,5.12,1.2040000000000002,0.11730944,8.466190652268773,324.70321551217785
2.56,5.12,1.4030000000000002,0.11730944,10.571518526894454,398.2132670005048
2.56,5.12,1.6020000000000003,0.11730944,12.67684640152014,471.72331848883175
2.56,5.12,1.8010000000000004,0.11730944,14.782174276145824,545.2333699771588
2.56,5.12,2.0,0.11730944,16.887502150771503,618.7434214654855
2.56,5.76,0.01,0.11730944,0.06374100949690653,31.321593907014893
2.56,5.76,0.20900000000000002,0.11730944,1.3321870984853468,75.61091265661128
2.56,5.76,0.40800000000000003,0.11730944,2.6006331874737865,119.90023140620765
2.56,5.76,0.607,0.11730944,4.263275372110673,177.95338031112686
2.56,5.76,0.806,0.11730944,6.264852517492018,247.84085047109008
2.56,5.76,1.0050000000000001,0.11730944,8.21613877982358,315.9723540441195
2.56,5.76,1.2040000000000002,0.11730944,11.08718280628909,416.2183046888649
2.56,5.76,1.4030000000000002,0.11730944,13.887858106615733,514.0072467393761
2.56,5.76,1.6020000000000003,0.11730944,16.688533406942376,611.7961887898875
2.56,5.76,1.8010000000000004,0.11730944,19.48920870726902,709.585130840399
2.56,5.76,2.0,0.11730944,22.28988400759566,807.3740728909102
3.2,0.0,0.01,0.18329600000000001,0.0,31.400000000000002
3.2,0.0,0.20900000000000002,0.18329600000000001,0.0,31.400000000000002
3.2,0.0,0.40800000000000003,0.18329600000000001,0.0,31.400000000000002
3.2,0.0,0.607,0.18329600000000001,0.0,31.400000000000002
3.2,0.0,0.806,0.18329600000000001,0.0,31.400000000000002
3.2,0.0,1.0050000000000001,0.18329600000000001,0.0,31.400000000000002
3.2,0.0,1.2040000000000002,0.18329600000000001,0.0,31.400000000000002
3.2,0.0,1.4030000000000002,0.18329600000000001,0.0,31.400000000000002
3.2,0.0,1.6020000000000003,0.18329600000000001,0.0,31.400000000000002
3.2,0.0,1.8010000000000004,0.18329600000000001,0.0,31.400000000000002
3.2,0.0,2.0,0.18329600000000001,0.0,31.400000000000002
3.2,0.64,0.01,0.18329600000000001,0.0007869023639591351,31.427475641199692
3.2,0.64,0.20900000000000002,0.18329600000000001,0.016446259406745923,31.974240901073532
3.2,0.64,0.40800000000000003,0.18329600000000001,0.03210561644953271,32.52100616094737
3.2,0.64,0.607,0.18329600000000001,0.04362826576588997,32.923333301881634
3.2,0.64,0.806,0.18329600000000001,0.05159411965391531,33.2014706583071
3.2,0.64,1.0050000000000001,0.18329600000000001,0.059359826459326956,33.47261963894298
3.2,0.64,1.2040000000000002,0.18329600000000001,0.07289750870173915,33.9453040747814
3.2,0.64,1.4030000000000002,0.18329600000000001,0.08610338500683733,34.40640310778063
3.2,0.64,1.6020000000000003,0.18329600000000001,0.0993092613119355,34.86750214077988
3.2,0.64,1.8010000000000004,0.18329600000000001,0.11251513761703369,35.32860117377911
3.2,0.64,2.0,0.18329600000000001,0.12572101392213184,35.78970020677835
3.2,1.28,0.01,0.18329600000000001,0.00314763933536828,31.509903608078503
3.2,1.28,0.20900000000000002,0.18329600000000001,0.06578566210919705,33.69698540884068
3.2,1.28,0.40800000000000003,0.18329600000000001,0.1284236848830258,35.88406720960286
3.2,1.28,0.607,0.18329600000000001,0.18387110883975635,37.820080615913284
3.2,1.28,0.806,0.18329600000000001,0.23313596185094457,39.540222131667065
3.2,1.28,1.0050000000000001,0.18329600000000001,0.28116300448496717,41.21714401134662
3.2,1.28,1.2040000000000002,0.18329600000000001,0.35515388025999794,43.80062431075412
3.2,1.28,1.4030000000000002,0.18329600000000001,0.4273312541777975,46.32078401458791
3.2,1.28,1.6020000000000003,0.18329600000000001,0.49950862809559715,48.8409437184217
3.2,1.28,1.8010000000000004,0.18329600000000001,0.5716860020133968,51.36110342225548
3.2,1.28,2.0,0.18329600000000001,0.6438633759311961,53.88126312608926
3.2,1.92,0.01,0.18329600000000001,0.0070822278312870895,31.647284491315894
3.2,1.92,0.20900000000000002,0.18329600000000001,0.14801856167390018,36.5682458685021
3.2,1.92,0.40800000000000003,0.18329600000000001,0.28895489551651327,41.48920724568832
3.2,1.92,0.607,0.18329600000000001,0.42778088220415145,46.33648331718406
3.2,1.92,0.806,0.18329600000000001,0.5647923647959237,51.120403798740355
3.2,1.92,1.0050000000000001,0.18329600000000001,0.6983613478250883,55.78412527322236
3.2,1.92,1.2040000000000002,0.18329600000000001,0.8973935106410553,62.73357229891953
3.2,1.92,1.4030000000000002,0.18329600000000001,1.091547434172317,69.51268974065354
3.2,1.92,1.6020000000000003,0.18329600000000001,1.285701357703579,76.29180718238754
3.2,1.92,1.8010000000000004,0.18329600000000001,1.4798552812348407,83.07092462412155
3.2,1.92,2.0,0.18329600000000001,1.6740092047661022,89.85004206585553
3.2,2.56,0.01,0.18329600000000001,0.012590676860734633,31.83961860547258
3.2,2.56,0.20900000000000002,0.18329600000000001,0.2631451463893539,40.58802885437689
3.2,2.56,0.40800000000000003,0.18329600000000001,0.5136996159179731,49.336439103281194
3.2,2.56,0.607,0.18329600000000001,0.7798087719161361,58.62795991327291
3.2,2.56,0.806,0.18329600000000001,1.059292050860075,68.38645428980709
3.2,2.56,1.0050000000000001,0.18329600000000001,1.3317531368657243,77.89976036542333
3.2,2.56,1.2040000000000002,0.18329600000000001,1.7327573893529042,91.90130549416567
3.2,2.56,1.4030000000000002,0.18329600000000001,2.1239331062399085,105.5596754972035
3.2,2.56,1.6020000000000003,0.18329600000000001,2.515108823126912,119.21804550024136
3.2,2.56,1.8010000000000004,0.18329600000000001,2.906284540013916,132.8764155032792
3.2,2.56,2.0,0.18329600000000001,3.2974602569009193,146.534785506317
3.2,3.2,0.01,0.18329600000000001,0.01967299271497533,32.08690617021562
3.2,3.2,0.20900000000000002,0.18329600000000001,0.4111655477429844,45.75633895750644
3.2,3.2,0.40800000000000003,0.18329600000000001,0.8026581027709936,59.42577174479727
3.2,3.2,0.607,0.18329600000000001,1.2433553432062623,74.81324522368234
3.2,3.2,0.806,0.18329600000000001,1.726359415954315,91.67791256823726
3.2,3.2,1.0050000000000001,0.18329600000000001,2.197227707980055,108.11884455237622
3.2,3.2,1.2040000000000002,0.18329600000000001,2.887094692570523,132.20637893053504
3.2,3.2,1.4030000000000002,0.18329600000000001,3.560053172636715,155.7035325641311
3.2,3.2,1.6020000000000003,0.18329600000000001,4.233011652702907,179.2006861977272
3.2,3.2,1.8010000000000004,0.18329600000000001,4.905970132769098,202.6978398313233
3.2,3.2,2.0,0.18329600000000001,5.578928612835289,226.19499346491935
3.2,3.84,0.01,0.18329600000000001,0.028329180244980042,32.38914735492249
3.2,3.84,0.20900000000000002,0.18329600000000001,0.5920798671200829,52.073179717879995
3.2,3.84,0.40800000000000003,0.18329600000000001,1.1558305539951856,71.75721208083749
3.2,3.84,0.607,0.18329600000000001,1.821216585630096,94.98996458205643
3.2,3.84,0.806,0.18329600000000001,2.573990016497739,121.27395309000485
3.2,3.84,1.0050000000000001,0.18329600000000001,3.3078495420671987,146.897539876648
3.2,3.84,1.2040000000000002,0.18329600000000001,4.381983990903346,184.40223431925094
3.2,3.84,1.4030000000000002,0.18329600000000001,5.429791615013117,220.9876960549273
3.2,3.84,1.6020000000000003,0.18329600000000001,6.4775992391228865,257.57315779060366
3.2,3.84,1.8010000000000004,0.18329600000000001,7.525406863232658,294.15861952628
3.2,3.84,2.0,0.18329600000000001,8.573214487342426,330.74408126195624
3.2,4.48,0.01,0.18329600000000001,0.03855924340283106,32.74634229758489
3.2,4.48,0.20900000000000002,0.18329600000000001,0.8058881871191692,59.53855401952407
3.2,4.48,0.40800000000000003,0.18329600000000001,1.5732171308355074,86.33076574146325
3.2,4.48,0.607,0.18329600000000001,2.515788073013194,119.24176232587968
3.2,4.48,0.806,0.18329600000000001,3.6090343783539103,157.41377019392147
3.2,4.48,1.0050000000000001,0.18329600000000001,4.674812183560437,194.6266823868868
3.2,4.48,1.2040000000000002,0.18329600000000001,6.236138357280159,249.14226107821787
3.2,4.48,1.4030000000000002,0.18329600000000001,7.759196732624396,302.32167362515355
3.2,4.48,1.6020000000000003,0.18329600000000001,9.282255107968634,355.50108617208923
3.2,4.48,1.8010000000000004,0.18329600000000001,10.805313483312872,408.6804987190249
3.2,4.48,2.0,0.18329600000000001,12.328371858657105,461.8599112659604
3.2,5.12,0.01,0.18329600000000001,0.05036318552452287,33.15849111468306
3.2,5.12,0.20900000000000002,0.18329600000000001,1.052590577462528,68.15246429687599
3.2,5.12,0.40800000000000003,0.18329600000000001,2.054817969400533,103.1464374790689
3.2,5.12,0.607,0.18329600000000001,3.3291777208768596,147.64223885743223
3.2,5.12,0.806,0.18329600000000001,4.837520435694547,200.30783644184874
3.2,5.12,1.0050000000000001,0.18329600000000001,6.307965092350985,251.6501778055512
3.2,5.12,1.2040000000000002,0.18329600000000001,8.466190652268773,327.0072155121779
3.2,5.12,1.4030000000000002,0.18329600000000001,10.571518526894454,400.5172670005048
3.2,5.12,1.6020000000000003,0.18329600000000001,12.67684640152014,474.0273184888317
3.2,5.12,1.8010000000000004,0.18329600000000001,14.782174276145824,547.5373699771587
3.2,5.12,2.0,0.18329600000000001,16.887502150771503,621.0474214654855
3.2,5.76,0.01,0.18329600000000001,0.06374100949690653,33.625593907014895
3.2,5.76,0.20900000000000002,0.18329600000000001,1.3321870984853468,77.91491265661128
3.2,5.76,0.40800000000000003,0.18329600000000001,2.6006331874737865,122.20423140620764
3.2,5.76,0.607,0.18329600000000001,4.263275372110673,180.25738031112687
3.2,5.76,0.806,0.18329600000000001,6.264852517492018,250.14485047109008
3.2,5.76,1.0050000000000001,0.18329600000000001,8.21613877982358,318.2763540441195
3.2,5.76,1.2040000000000002,0.18329600000000001,11.08718280628909,418.5223046888649
3.2,5.76,1.4030000000000002,0.18329600000000001,13.887858106615733,516.3112467393762
3.2,5.76,1.6020000000000003,0.18329600000000001,16.688533406942376,614.1001887898875
3.2,5.76,1.8010000000000004,0.18329600000000001,19.48920870726902,711.8891308403989
3.2,5.76,2.0,0.18329600000000001,22.28988400759566,809.67807289091
3.84,0.0,0.01,0.26394624,0.0,34.216
3.84,0.0,0.20900000000000002,0.26394624,0.0,34.216
3.84,0.0,0.40800000000000003,0.26394624,0.0,34.216
3.84,0.0,0.607,0.26394624,0.0,34.216
3.84,0.0,0.806,0.26394624,0.0,34.216
3.84,0.0,1.0050000000000001,0.26394624,0.0,34.216
3.84,0.0,1.2040000000000002,0.26394624,0.0,34.216
3.84,0.0,1.4030000000000002,0.26394624,0.0,34.216
3.84,0.0,1.6020000000000003,0.26394624,0.0,34.216
3.84,0.0,1.8010000000000004,0.26394624,0.0,34.216
3.84,0.0,2.0,0.26394624,0.0,34.216
3.84,0.64,0.01,0.26394624,0.0007869023639591351,34.243475641199694
3.84,0.64,0.20900000000000002,0.26394624,0.016446259406745923,34.79024090107353
3.84,0.64,0.40800000000000003,0.26394624,0.03210561644953271,35.33700616094737
3.84,0.64,0.607,0.26394624,0.04362826576588997,35.739333301881636
3.84,0.64,0.806,0.26394624,0.05159411965391531,36.0174706583071
3.84,0.64,1.0050000000000001,0.26394624,0.059359826459326956,36.28861963894298
3.84,0.64,1.2040000000000002,0.26394624,0.07289750870173915,36.7613040747814
3.84,0.64,1.4030000000000002,0.26394624,0.08610338500683733,37.222403107780636
3.84,0.64,1.6020000000000003,0.26394624,0.0993092613119355,37.68350214077987
3.84,0.64,1.8010000000000004,0.26394624,0.11251513761703369,38.14460117377911
3.84,0.64,2.0,0.26394624,0.12572101392213184,38.60570020677835
3.84,1.28,0.01,0.26394624,0.00314763933536828,34.325903608078505
3.84,1.28,0.20900000000000002,0.26394624,0.06578566210919705,36.51298540884068
3.84,1.28,0.40800000000000003,0.26394624,0.1284236848830258,38.70006720960286
3.84,1.28,0.607,0.26394624,0.18387110883975635,40.636080615913286
3.84,1.28,0.806,0.26394624,0.23313596185094457,42.35622213166706
3.84,1.28,1.0050000000000001,0.26394624,0.28116300448496717,44.03314401134662
3.84,1.28,1.2040000000000002,0.26394624,0.35515388025999794,46.61662431075412
3.84,1.28,1.4030000000000002,0.26394624,0.4273312541777975,49.1367840145879
3.84,1.28,1.6020000000000003,0.26394624,0.49950862809559715,51.65694371842169
3.84,1.28,1.8010000000000004,0.26394624,0.5716860020133968,54.17710342225548
3.84,1.28,2.0,0.26394624,0.6438633759311961,56.697263126089254
3.84,1.92,0.01,0.26394624,0.0070822278312870895,34.46328449131589
3.84,1.92,0.20900000000000002,0.26394624,0.14801856167390018,39.384245868502106
3.84,1.92,0.40800000000000003,0.26394624,0.28895489551651327,44.305207245688315
3.84,1.92,0.607,0.26394624,0.42778088220415145,49.152483317184064
3.84,1.92,0.806,0.26394624,0.5647923647959237,53.93640379874036
3.84,1.92,1.0050000000000001,0.26394624,0.6983613478250883,58.60012527322236
3.84,1.92,1.2040000000000002,0.26394624,0.8973935106410553,65.54957229891953
3.84,1.92,1.4030000000000002,0.26394624,1.091547434172317,72.32868974065353
3.84,1.92,1.6020000000000003,0.26394624,1.285701357703579,79.10780718238755
3.84,1.92,1.8010000000000004,0.26394624,1.4798552812348407,85.88692462412155
3.84,1.92,2.0,0.26394624,1.6740092047661022,92.66604206585554
3.84,2.56,0.01,0.26394624,0.012590676860734633,34.65561860547258
3.84,2.56,0.20900000000000002,0.26394624,0.2631451463893539,43.40402885437688
3.84,2.56,0.40800000000000003,0.26394624,0.5136996159179731,52.15243910328119
3.84,2.56,0.607,0.26394624,0.7798087719161361,61.44395991327291
3.84,2.56,0.806,0.26394624,1.059292050860075,71.2024542898071
3.84,2.56,1.0050000000000001,0.26394624,1.3317531368657243,80.71576036542334
3.84,2.56,1.2040000000000002,0.26394624,1.7327573893529042,94.71730549416566
3.84,2.56,1.4030000000000002,0.26394624,2.1239331062399085,108.3756754972035
3.84,2.56,1.6020000000000003,0.26394624,2.515108823126912,122.03404550024138
3.84,2.56,1.8010000000000004,0.26394624,2.906284540013916,135.69241550327922
3.84,2.56,2.0,0.26394624,3.2974602569009193,149.35078550631704
3.84,3.2,0.01,0.26394624,0.01967299271497533,34.90290617021562
3.84,3.2,0.20900000000000002,0.26394624,0.4111655477429844,48.572338957506446
3.84,3.2,0.40800000000000003,0.26394624,0.8026581027709936,62.24177174479726
3.84,3.2,0.607,0.26394624,1.2433553432062623,77.62924522368235
3.84,3.2,0.806,0.26394624,1.726359415954315,94.49391256823726
3.84,3.2,1.0050000000000001,0.26394624,2.197227707980055,110.93484455237622
3.84,3.2,1.2040000000000002,0.26394624,2.887094692570523,135.02237893053504
3.84,3.2,1.4030000000000002,0.26394624,3.560053172636715,158.5195325641311
3.84,3.2,1.6020000000000003,0.26394624,4.233011652702907,182.0166861977272
3.84,3.2,1.8010000000000004,0.26394624,4.905970132769098,205.51383983132328
3.84,3.2,2.0,0.26394624,5.578928612835289,229.01099346491932
3.84,3.84,0.01,0.26394624,0.028329180244980042,35.20514735492249
3.84,3.84,0.20900000000000002,0.26394624,0.5920798671200829,54.88917971788
3.84,3.84,0.40800000000000003,0.26394624,1.1558305539951856,74.5732120808375
3.84,3.84,0.607,0.26394624,1.821216585630096,97.80596458205643
3.84,3.84,0.806,0.26394624,2.573990016497739,124.08995309000487
3.84,3.84,1.0050000000000001,0.26394624,3.3078495420671987,149.71353987664804
3.84,3.84,1.2040000000000002,0.26394624,4.381983990903346,187.21823431925094
3.84,3.84,1.4030000000000002,0.26394624,5.429791615013117,223.8036960549273
3.84,3.84,1.6020000000000003,0.26394624,6.4775992391228865,260.3891577906036
3.84,3.84,1.8010000000000004,0.26394624,7.525406863232658,296.97461952628
3.84,3.84,2.0,0.26394624,8.573214487342426,333.5600812619562
3.84,4.48,0.01,0.26394624,0.03855924340283106,35.562342297584884
3.84,4.48,0.20900000000000002,0.26394624,0.8058881871191692,62.354554019524066
3.84,4.48,0.40800000000000003,0.26394624,1.5732171308355074,89.14676574146326
3.84,4.48,0.607,0.26394624,2.515788073013194,122.0577623258797
3.84,4.48,0.806,0.26394624,3.6090343783539103,160.22977019392147
3.84,4.48,1.0050000000000001,0.26394624,4.674812183560437,197.4426823868868
3.84,4.48,1.2040000000000002,0.26394624,6.236138357280159,251.95826107821787
3.84,4.48,1.4030000000000002,0.26394624,7.759196732624396,305.1376736251535
3.84,4.48,1.6020000000000003,0.26394624,9.282255107968634,358.3170861720892
3.84,4.48,1.8010000000000004,0.26394624,10.805313483312872,411.4964987190249
3.84,4.48,2.0,0.26394624,12.328371858657105,464.6759112659604
3.84,5.12,0.01,0.26394624,0.05036318552452287,35.97449111468306
3.84,5.12,0.20900000000000002,0.26394624,1.052590577462528,70.968464296876
3.84,5.12,0.40800000000000003,0.26394624,2.054817969400533,105.96243747906891
3.84,5.12,0.607,0.26394624,3.3291777208768596,150.45823885743226
3.84,5.12,0.806,0.26394624,4.837520435694547,203.12383644184874
3.84,5.12,1.0050000000000001,0.26394624,6.307965092350985,254.4661778055512
3.84,5.12,1.2040000000000002,0.26394624,8.466190652268773,329.82321551217785
3.84,5.12,1.4030000000000002,0.26394624,10.571518526894454,403.33326700050475
3.84,5.12,1.6020000000000003,0.26394624,12.67684640152014,476.8433184888317
3.84,5.12,1.8010000000000004,0.26394624,14.782174276145824,550.3533699771588
3.84,5.12,2.0,0.26394624,16.887502150771503,623.8634214654855
3.84,5.76,0.01,0.26394624,0.06374100949690653,36.44159390701489
3.84,5.76,0.20900000000000002,0.26394624,1.3321870984853468,80.73091265661128
3.84,5.76,0.40800000000000003,0.26394624,2.6006331874737865,125.02023140620764
3.84,5.76,0.607,0.26394624,4.263275372110673,183.07338031112687
3.84,5.76,0.806,0.26394624,6.264852517492018,252.96085047109008
3.84,5.76,1.0050000000000001,0.26394624,8.21613877982358,321.0923540441195
3.84,5.76,1.2040000000000002,0.26394624,11.08718280628909,421.33830468886487
3.84,5.76,1.4030000000000002,0.26394624,13.887858106615733,519.1272467393762
3.84,5.76,1.6020000000000003,0.26394624,16.688533406942376,616.9161887898875
3.84,5.76,1.8010000000000004,0.26394624,19.48920870726902,714.705130840399
3.84,5.76,2.0,0.26394624,22.28988400759566,812.4940728909102
4.48,0.0,0.01,0.35926016000000005,0.0,37.544000000000004
4.48,0.0,0.20900000000000002,0.35926016000000005,0.0,37.544000000000004
4.48,0.0,0.40800000000000003,0.35926016000000005,0.0,37.544000000000004
4.48,0.0,0.607,0.35926016000000005,0.0,37.544000000000004
4.48,0.0,0.806,0.35926016000000005,0.0,37.544000000000004
4.48,0.0,1.0050000000000001,0.35926016000000005,0.0,37.544000000000004
4.48,0.0,1.2040000000000002,0.35926016000000005,0.0,37.544000000000004
4.48,0.0,1.4030000000000002,0.35926016000000005,0.0,37.544000000000004
4.48,0.0,1.6020000000000003,0.35926016000000005,0.0,37.544000000000004
4.48,0.0,1.8010000000000004,0.35926016000000005,0.0,37.544000000000004
4.48,0.0,2.0,0.35926016000000005,0.0,37.544000000000004
4.48,0.64,0.01,0.35926016000000005,0.0007869023639591351,37.5714756411997
4.48,0.64,0.20900000000000002,0.35926016000000005,0.016446259406745923,38.118240901073534
4.48,0.64,0.40800000000000003,0.35926016000000005,0.03210561644953271,38.66500616094737
4.48,0.64,0.607,0.35926016000000005,0.04362826576588997,39.06733330188164
4.48,0.64,0.806,0.35926016000000005,0.05159411965391531,39.3454706583071
4.48,0.64,1.0050000000000001,0.35926016000000005,0.059359826459326956,39.616619638942986
4.48,0.64,1.2040000000000002,0.35926016000000005,0.07289750870173915,40.089304074781396
4.48,0.64,1.4030000000000002,0.35926016000000005,0.08610338500683733,40.55040310778064
4.48,0.64,1.6020000000000003,0.35926016000000005,0.0993092613119355,41.011502140779875
4.48,0.64,1.8010000000000004,0.35926016000000005,0.11251513761703369,41.47260117377911
4.48,0.64,2.0,0.35926016000000005,0.12572101392213184,41.933700206778354
4.48,1.28,0.01,0.35926016000000005,0.00314763933536828,37.65390360807851
4.48,1.28,0.20900000000000002,0.35926016000000005,0.06578566210919705,39.84098540884068
4.48,1.28,0.40800000000000003,0.35926016000000005,0.1284236848830258,42.02806720960286
4.48,1.28,0.607,0.35926016000000005,0.18387110883975635,43.96408061591328
4.48,1.28,0.806,0.35926016000000005,0.23313596185094457,45.68422213166706
4.48,1.28,1.0050000000000001,0.35926016000000005,0.28116300448496717,47.361144011346624
4.48,1.28,1.2040000000000002,0.35926016000000005,0.35515388025999794,49.94462431075412
4.48,1.28,1.4030000000000002,0.35926016000000005,0.4273312541777975,52.464784014587906
4.48,1.28,1.6020000000000003,0.35926016000000005,0.49950862809559715,54.98494371842169
4.48,1.28,1.8010000000000004,0.35926016000000005,0.5716860020133968,57.50510342225548
4.48,1.28,2.0,0.35926016000000005,0.6438633759311961,60.02526312608926
4.48,1.92,0.01,0.35926016000000005,0.0070822278312870895,37.79128449131589
4.48,1.92,0.20900000000000002,0.35926016000000005,0.14801856167390018,42.71224586850211
4.48,1.92,0.40800000000000003,0.35926016000000005,0.28895489551651327,47.63320724568832
4.48,1.92,0.607,0.35926016000000005,0.42778088220415145,52.48048331718407
4.48,1.92,0.806,0.35926016000000005,0.5647923647959237,57.264403798740354
4.48,1.92,1.0050000000000001,0.35926016000000005,0.6983613478250883,61.92812527322236
4.48,1.92,1.2040000000000002,0.35926016000000005,0.8973935106410553,68.87757229891953
4.48,1.92,1.4030000000000002,0.35926016000000005,1.091547434172317,75.65668974065353
4.48,1.92,1.6020000000000003,0.35926016000000005,1.285701357703579,82.43580718238755
4.48,1.92,1.8010000000000004,0.35926016000000005,1.4798552812348407,89.21492462412155
4.48,1.92,2.0,0.35926016000000005,1.6740092047661022,95.99404206585554
4.48,2.56,0.01,0.35926016000000005,0.012590676860734633,37.98361860547258
4.48,2.56,0.20900000000000002,0.35926016000000005,0.2631451463893539,46.732028854376885
4.48,2.56,0.40800000000000003,0.35926016000000005,0.5136996159179731,55.480439103281185
4.48,2.56,0.607,0.35926016000000005,0.7798087719161361,64.77195991327292
4.48,2.56,0.806,0.35926016000000005,1.059292050860075,74.5304542898071
4.48,2.56,1.0050000000000001,0.35926016000000005,1.3317531368657243,84.04376036542334
4.48,2.56,1.2040000000000002,0.35926016000000005,1.7327573893529042,98.04530549416566
4.48,2.56,1.4030000000000002,0.35926016000000005,2.1239331062399085,111.70367549720352
4.48,2.56,1.6020000000000003,0.35926016000000005,2.515108823126912,125.36204550024136
4.48,2.56,1.8010000000000004,0.35926016000000005,2.906284540013916,139.02041550327922
4.48,2.56,2.0,0.35926016000000005,3.2974602569009193,152.678785506317
4.48,3.2,0.01,0.35926016000000005,0.01967299271497533,38.230906170215626
4.48,3.2,0.20900000000000002,0.35926016000000005,0.4111655477429844,51.90033895750645
4.48,3.2,0.40800000000000003,0.35926016000000005,0.8026581027709936,65.56977174479727
4.48,3.2,0.607,0.35926016000000005,1.2433553432062623,80.95724522368235
4.48,3.2,0.806,0.35926016000000005,1.726359415954315,97.82191256823727
4.48,3.2,1.0050000000000001,0.35926016000000005,2.197227707980055,114.26284455237624
4.48,3.2,1.2040000000000002,0.35926016000000005,2.887094692570523,138.35037893053504
4.48,3.2,1.4030000000000002,0.35926016000000005,3.560053172636715,161.84753256413114
4.48,3.2,1.6020000000000003,0.35926016000000005,4.233011652702907,185.3446861977272
4.48,3.2,1.8010000000000004,0.35926016000000005,4.905970132769098,208.84183983132328
4.48,3.2,2.0,0.35926016000000005,5.578928612835289,232.33899346491933
4.48,3.84,0.01,0.35926016000000005,0.028329180244980042,38.53314735492249
4.48,3.84,0.20900000000000002,0.35926016000000005,0.5920798671200829,58.21717971787999
4.48,3.84,0.40800000000000003,0.35926016000000005,1.1558305539951856,77.9012120808375
4.48,3.84,0.607,0.35926016000000005,1.821216585630096,101.13396458205644
4.48,3.84,0.806,0.35926016000000005,2.573990016497739,127.41795309000486
4.48,3.84,1.0050000000000001,0.35926016000000005,3.3078495420671987,153.04153987664802
4.48,3.84,1.2040000000000002,0.35926016000000005,4.381983990903346,190.54623431925094
4.48,3.84,1.4030000000000002,0.35926016000000005,5.429791615013117,227.1316960549273
4.48,3.84,1.6020000000000003,0.35926016000000005,6.4775992391228865,263.7171577906036
4.48,3.84,1.8010000000000004,0.35926016000000005,7.525406863232658,300.30261952628
4.48,3.84,2.0,0.35926016000000005,8.573214487342426,336.88808126195624
4.48,4.48,0.01,0.35926016000000005,0.03855924340283106,38.89034229758489
4.48,4.48,0.20900000000000002,0.35926016000000005,0.8058881871191692,65.68255401952408
4.48,4.48,0.40800000000000003,0.35926016000000005,1.5732171308355074,92.47476574146326
4.48,4.48,0.607,0.35926016000000005,2.515788073013194,125.38576232587968
4.48,4.48,0.806,0.35926016000000005,3.6090343783539103,163.55777019392144
4.48,4.48,1.0050000000000001,0.35926016000000005,4.674812183560437,200.7706823868868
4.48,4.48,1.2040000000000002,0.35926016000000005,6.236138357280159,255.28626107821785
4.48,4.48,1.4030000000000002,0.35926016000000005,7.759196732624396,308.4656736251535
4.48,4.48,1.6020000000000003,0.35926016000000005,9.282255107968634,361.64508617208924
4.48,4.48,1.8010000000000004,0.35926016000000005,10.805313483312872,414.8244987190249
4.48,4.48,2.0,0.35926016000000005,12.328371858657105,468.0039112659604
4.48,5.12,0.01,0.35926016000000005,0.05036318552452287,39.302491114683065
4.48,5.12,0.20900000000000002,0.35926016000000005,1.052590577462528,74.296464296876
4.48,5.12,0.40800000000000003,0.35926016000000005,2.054817969400533,109.2904374790689
4.48,5.12,0.607,0.35926016000000005,3.3291777208768596,153.78623885743227
4.48,5.12,0.806,0.35926016000000005,4.837520435694547,206.4518364418487
4.48,5.12,1.0050000000000001,0.35926016000000005,6.307965092350985,257.79417780555116
4.48,5.12,1.2040000000000002,0.35926016000000005,8.466190652268773,333.1512155121779
4.48,5.12,1.4030000000000002,0.35926016000000005,10.571518526894454,406.6612670005048
4.48,5.12,1.6020000000000003,0.35926016000000005,12.67684640152014,480.17131848883173
4.48,5.12,1.8010000000000004,0.35926016000000005,14.782174276145824,553.6813699771587
4.48,5.12,2.0,0.35926016000000005,16.887502150771503,627.1914214654855
4.48,5.76,0.01,0.35926016000000005,0.06374100949690653,39.769593907014894
4.48,5.76,0.20900000000000002,0.35926016000000005,1.3321870984853468,84.05891265661128
4.48,5.76,0.40800000000000003,0.35926016000000005,2.6006331874737865,128.34823140620767
4.48,5.76,0.607,0.35926016000000005,4.263275372110673,186.40138031112687
4.48,5.76,0.806,0.35926016000000005,6.264852517492018,256.2888504710901
4.48,5.76,1.0050000000000001,0.35926016000000005,8.21613877982358,324.4203540441195
4.48,5.76,1.2040000000000002,0.35926016000000005,11.08718280628909,424.6663046888649
4.48,5.76,1.4030000000000002,0.35926016000000005,13.887858106615733,522.4552467393762
4.48,5.76,1.6020000000000003,0.35926016000000005,16.688533406942376,620.2441887898876
4.48,5.76,1.8010000000000004,0.35926016000000005,19.48920870726902,718.0331308403989
4.48,5.76,2.0,0.35926016000000005,22.28988400759566,815.8220728909101
5.12,0.0,0.01,0.46923776,0.0,41.384
5.12,0.0,0.20900000000000002,0.46923776,0.0,41.384
5.12,0.0,0.40800000000000003,0.46923776,0.0,41.384
5.12,0.0,0.607,0.46923776,0.0,41.384
5.12,0.0,0.806,0.46923776,0.0,41.384
5.12,0.0,1.0050000000000001,0.46923776,0.0,41.384
5.12,0.0,1.2040000000000002,0.46923776,0.0,41.384
5.12,0.0,1.4030000000000002,0.46923776,0.0,41.384
5.12,0.0,1.6020000000000003,0.46923776,0.0,41.384
5.12,0.0,1.8010000000000004,0.46923776,0.0,41.384
5.12,0.0,2.0,0.46923776,0.0,41.384
5.12,0.64,0.01,0.46923776,0.0007869023639591351,41.411475641199694
5.12,0.64,0.20900000000000002,0.46923776,0.016446259406745923,41.95824090107354
5.12,0.64,0.40800000000000003,0.46923776,0.03210561644953271,42.505006160947374
5.12,0.64,0.607,0.46923776,0.04362826576588997,42.907333301881636
5.12,0.64,0.806,0.46923776,0.05159411965391531,43.185470658307096
5.12,0.64,1.0050000000000001,0.46923776,0.059359826459326956,43.45661963894298
5.12,0.64,1.2040000000000002,0.46923776,0.07289750870173915,43.9293040747814
5.12,0.64,1.4030000000000002,0.46923776,0.08610338500683733,44.390403107780635
5.12,0.64,1.6020000000000003,0.46923776,0.0993092613119355,44.85150214077987
5.12,0.64,1.8010000000000004,0.46923776,0.11251513761703369,45.312601173779115
5.12,0.64,2.0,0.46923776,0.12572101392213184,45.77370020677835
5.12,1.28,0.01,0.46923776,0.00314763933536828,41.493903608078504
5.12,1.28,0.20900000000000002,0.46923776,0.06578566210919705,43.680985408840684
5.12,1.28,0.40800000000000003,0.46923776,0.1284236848830258,45.868067209602856
5.12,1.28,0.607,0.46923776,0.18387110883975635,47.80408061591328
5.12,1.28,0.806,0.46923776,0.23313596185094457,49.52422213166706
5.12,1.28,1.0050000000000001,0.46923776,0.28116300448496717,51.20114401134662
5.12,1.28,1.2040000000000002,0.46923776,0.35515388025999794,53.784624310754126
5.12,1.28,1.4030000000000002,0.46923776,0.4273312541777975,56.30478401458791
5.12,1.28,1.6020000000000003,0.46923776,0.49950862809559715,58.82494371842169
5.12,1.28,1.8010000000000004,0.46923776,0.5716860020133968,61.34510342225548
5.12,1.28,2.0,0.46923776,0.6438633759311961,63.86526312608925
5.12,1.92,0.01,0.46923776,0.0070822278312870895,41.631284491315895
5.12,1.92,0.20900000000000002,0.46923776,0.14801856167390018,46.552245868502105
5.12,1.92,0.40800000000000003,0.46923776,0.28895489551651327,51.473207245688315
5.12,1.92,0.607,0.46923776,0.42778088220415145,56.32048331718406
5.12,1.92,0.806,0.46923776,0.5647923647959237,61.10440379874036
5.12,1.92,1.0050000000000001,0.46923776,0.6983613478250883,65.76812527322235
5.12,1.92,1.2040000000000002,0.46923776,0.8973935106410553,72.71757229891954
5.12,1.92,1.4030000000000002,0.46923776,1.091547434172317,79.49668974065354
5.12,1.92,1.6020000000000003,0.46923776,1.285701357703579,86.27580718238754
5.12,1.92,1.8010000000000004,0.46923776,1.4798552812348407,93.05492462412154
5.12,1.92,2.0,0.46923776,1.6740092047661022,99.83404206585553
5.12,2.56,0.01,0.46923776,0.012590676860734633,41.823618605472575
5.12,2.56,0.20900000000000002,0.46923776,0.2631451463893539,50.57202885437688
5.12,2.56,0.40800000000000003,0.46923776,0.5136996159179731,59.32043910328119
5.12,2.56,0.607,0.46923776,0.7798087719161361,68.61195991327291
5.12,2.56,0.806,0.46923776,1.059292050860075,78.3704542898071
5.12,2.56,1.0050000000000001,0.46923776,1.3317531368657243,87.88376036542334
5.12,2.56,1.2040000000000002,0.46923776,1.7327573893529042,101.88530549416566
5.12,2.56,1.4030000000000002,0.46923776,2.1239331062399085,115.54367549720351
5.12,2.56,1.6020000000000003,0.46923776,2.515108823126912,129.20204550024135
5.12,2.56,1.8010000000000004,0.46923776,2.906284540013916,142.86041550327923
5.12,2.56,2.0,0.46923776,3.2974602569009193,156.51878550631704
5.12,3.2,0.01,0.46923776,0.01967299271497533,42.07090617021562
5.12,3.2,0.20900000000000002,0.46923776,0.4111655477429844,55.740338957506445
5.12,3.2,0.40800000000000003,0.46923776,0.8026581027709936,69.40977174479727
5.12,3.2,0.607,0.46923776,1.2433553432062623,84.79724522368235
5.12,3.2,0.806,0.46923776,1.726359415954315,101.66191256823727
5.12,3.2,1.0050000000000001,0.46923776,2.197227707980055,118.10284455237623
5.12,3.2,1.2040000000000002,0.46923776,2.887094692570523,142.19037893053502
5.12,3.2,1.4030000000000002,0.46923776,3.560053172636715,165.68753256413112
5.12,3.2,1.6020000000000003,0.46923776,4.233011652702907,189.18468619772722
5.12,3.2,1.8010000000000004,0.46923776,4.905970132769098,212.6818398313233
5.12,3.2,2.0,0.46923776,5.578928612835289,236.17899346491933
5.12,3.84,0.01,0.46923776,0.028329180244980042,42.37314735492249
5.12,3.84,0.20900000000000002,0.46923776,0.5920798671200829,62.05717971787999
5.12,3.84,0.40800000000000003,0.46923776,1.1558305539951856,81.7412120808375
5.12,3.84,0.607,0.46923776,1.821216585630096,104.97396458205644
5.12,3.84,0.806,0.46923776,2.573990016497739,131.25795309000486
5.12,3.84,1.0050000000000001,0.46923776,3.3078495420671987,156.88153987664802
5.12,3.84,1.2040000000000002,0.46923776,4.381983990903346,194.38623431925095
5.12,3.84,1.4030000000000002,0.46923776,5.429791615013117,230.9716960549273
5.12,3.84,1.6020000000000003,0.46923776,6.4775992391228865,267.5571577906036
5.12,3.84,1.8010000000000004,0.46923776,7.525406863232658,304.14261952628
5.12,3.84,2.0,0.46923776,8.573214487342426,340.7280812619563
5.12,4.48,0.01,0.46923776,0.03855924340283106,42.73034229758488
5.12,4.48,0.20900000000000002,0.46923776,0.8058881871191692,69.52255401952408
5.12,4.48,0.40800000000000003,0.46923776,1.5732171308355074,96.31476574146325
5.12,4.48,0.607,0.46923776,2.515788073013194,129.22576232587969
5.12,4.48,0.806,0.46923776,3.6090343783539103,167.39777019392147
5.12,4.48,1.0050000000000001,0.46923776,4.674812183560437,204.6106823868868
5.12,4.48,1.2040000000000002,0.46923776,6.236138357280159,259.12626107821785
5.12,4.48,1.4030000000000002,0.46923776,7.759196732624396,312.30567362515353
5.12,4.48,1.6020000000000003,0.46923776,9.282255107968634,365.48508617208927
5.12,4.48,1.8010000000000004,0.46923776,10.805313483312872,418.6644987190249
5.12,4.48,2.0,0.46923776,12.328371858657105,471.8439112659604
5.12,5.12,0.01,0.46923776,0.05036318552452287,43.14249111468307
5.12,5.12,0.20900000000000002,0.46923776,1.052590577462528,78.13646429687599
5.12,5.12,0.40800000000000003,0.46923776,2.054817969400533,113.1304374790689
5.12,5.12,0.607,0.46923776,3.3291777208768596,157.62623885743227
5.12,5.12,0.806,0.46923776,4.837520435694547,210.29183644184872
5.12,5.12,1.0050000000000001,0.46923776,6.307965092350985,261.6341778055512
5.12,5.12,1.2040000000000002,0.46923776,8.466190652268773,336.99121551217786
5.12,5.12,1.4030000000000002,0.46923776,10.571518526894454,410.50126700050475
5.12,5.12,1.6020000000000003,0.46923776,12.67684640152014,484.0113184888317
5.12,5.12,1.8010000000000004,0.46923776,14.782174276145824,557.5213699771588
5.12,5.12,2.0,0.46923776,16.887502150771503,631.0314214654856
5.12,5.76,0.01,0.46923776,0.06374100949690653,43.6095939070149
5.12,5.76,0.20900000000000002,0.46923776,1.3321870984853468,87.89891265661127
5.12,5.76,0.40800000000000003,0.46923776,2.6006331874737865,132.18823140620765
5.12,5.76,0.607,0.46923776,4.263275372110673,190.24138031112687
5.12,5.76,0.806,0.46923776,6.264852517492018,260.12885047109006
5.12,5.76,1.0050000000000001,0.46923776,8.21613877982358,328.2603540441195
5.12,5.76,1.2040000000000002,0.46923776,11.08718280628909,428.5063046888649
5.12,5.76,1.4030000000000002,0.46923776,13.887858106615733,526.2952467393762
5.12,5.76,1.6020000000000003,0.46923776,16.688533406942376,624.0841887898875
5.12,5.76,1.8010000000000004,0.46923776,19.48920870726902,721.873130840399
5.12,5.76,2.0,0.46923776,22.28988400759566,819.66207289091
5.76,0.0,0.01,0.5938790399999999,0.0,45.736000000000004
5.76,0.0,0.20900000000000002,0.5938790399999999,0.0,45.736000000000004
5.76,0.0,0.40800000000000003,0.5938790399999999,0.0,45.736000000000004
5.76,0.0,0.607,0.5938790399999999,0.0,45.736000000000004
5.76,0.0,0.806,0.5938790399999999,0.0,45.736000000000004
5.76,0.0,1.0050000000000001,0.5938790399999999,0.0,45.736000000000004
5.76,0.0,1.2040000000000002,0.5938790399999999,0.0,45.736000000000004
5.76,0.0,1.4030000000000002,0.5938790399999999,0.0,45.736000000000004
5.76,0.0,1.6020000000000003,0.5938790399999999,0.0,45.736000000000004
5.76,0.0,1.8010000000000004,0.5938790399999999,0.0,45.736000000000004
5.76,0.0,2.0,0.5938790399999999,0.0,45.736000000000004
5.76,0.64,0.01,0.5938790399999999,0.0007869023639591351,45.76347564119969
5.76,0.64,0.20900000000000002,0.5938790399999999,0.016446259406745923,46.310240901073534
5.76,0.64,0.40800000000000003,0.5938790399999999,0.03210561644953271,46.85700616094737
5.76,0.64,0.607,0.5938790399999999,0.04362826576588997,47.25933330188163
5.76,0.64,0.806,0.5938790399999999,0.05159411965391531,47.5374706583071
5.76,0.64,1.0050000000000001,0.5938790399999999,0.059359826459326956,47.808619638942986
5.76,0.64,1.2040000000000002,0.5938790399999999,0.07289750870173915,48.281304074781396
5.76,0.64,1.4030000000000002,0.5938790399999999,0.08610338500683733,48.74240310778063
5.76,0.64,1.6020000000000003,0.5938790399999999,0.0993092613119355,49.203502140779875
5.76,0.64,1.8010000000000004,0.5938790399999999,0.11251513761703369,49.66460117377911
5.76,0.64,2.0,0.5938790399999999,0.12572101392213184,50.12570020677835
5.76,1.28,0.01,0.5938790399999999,0.00314763933536828,45.8459036080785
5.76,1.28,0.20900000000000002,0.5938790399999999,0.06578566210919705,48.03298540884067
5.76,1.28,0.40800000000000003,0.5938790399999999,0.1284236848830258,50.22006720960286
5.76,1.28,0.607,0.5938790399999999,0.18387110883975635,52.15608061591328
5.76,1.28,0.806,0.5938790399999999,0.23313596185094457,53.87622213166706
5.76,1.28,1.0050000000000001,0.5938790399999999,0.28116300448496717,55.553144011346625
5.76,1.28,1.2040000000000002,0.5938790399999999,0.35515388025999794,58.136624310754115
5.76,1.28,1.4030000000000002,0.5938790399999999,0.4273312541777975,60.656784014587906
5.76,1.28,1.6020000000000003,0.5938790399999999,0.49950862809559715,63.17694371842169
5.76,1.28,1.8010000000000004,0.5938790399999999,0.5716860020133968,65.69710342225548
5.76,1.28,2.0,0.5938790399999999,0.6438633759311961,68.21726312608925
5.76,1.92,0.01,0.5938790399999999,0.0070822278312870895,45.98328449131589
5.76,1.92,0.20900000000000002,0.5938790399999999,0.14801856167390018,50.9042458685021
5.76,1.92,0.40800000000000003,0.5938790399999999,0.28895489551651327,55.82520724568832
5.76,1.92,0.607,0.5938790399999999,0.42778088220415145,60.67248331718406
5.76,1.92,0.806,0.5938790399999999,0.5647923647959237,65.45640379874035
5.76,1.92,1.0050000000000001,0.5938790399999999,0.6983613478250883,70.12012527322236
5.76,1.92,1.2040000000000002,0.5938790399999999,0.8973935106410553,77.06957229891952
5.76,1.92,1.4030000000000002,0.5938790399999999,1.091547434172317,83.84868974065353
5.76,1.92,1.6020000000000003,0.5938790399999999,1.285701357703579,90.62780718238754
5.76,1.92,1.8010000000000004,0.5938790399999999,1.4798552812348407,97.40692462412154
5.76,1.92,2.0,0.5938790399999999,1.6740092047661022,104.18604206585553
5.76,2.56,0.01,0.5938790399999999,0.012590676860734633,46.17561860547258
5.76,2.56,0.20900000000000002,0.5938790399999999,0.2631451463893539,54.924028854376886
5.76,2.56,0.40800000000000003,0.5938790399999999,0.5136996159179731,63.672439103281185
5.76,2.56,0.607,0.5938790399999999,0.7798087719161361,72.96395991327292
5.76,2.56,0.806,0.5938790399999999,1.059292050860075,82.72245428980709
5.76,2.56,1.0050000000000001,0.5938790399999999,1.3317531368657243,92.23576036542333
5.76,2.56,1.2040000000000002,0.5938790399999999,1.7327573893529042,106.23730549416565
5.76,2.56,1.4030000000000002,0.5938790399999999,2.1239331062399085,119.89567549720351
5.76,2.56,1.6020000000000003,0.5938790399999999,2.515108823126912,133.55404550024136
5.76,2.56,1.8010000000000004,0.5938790399999999,2.906284540013916,147.2124155032792
5.76,2.56,2.0,0.5938790399999999,3.2974602569009193,160.87078550631702
5.76,3.2,0.01,0.5938790399999999,0.01967299271497533,46.42290617021562
5.76,3.2,0.20900000000000002,0.5938790399999999,0.4111655477429844,60.09233895750644
5.76,3.2,0.40800000000000003,0.5938790399999999,0.8026581027709936,73.76177174479726
5.76,3.2,0.607,0.5938790399999999,1.2433553432062623,89.14924522368234
5.76,3.2,0.806,0.5938790399999999,1.726359415954315,106.01391256823726
5.76,3.2,1.0050000000000001,0.5938790399999999,2.197227707980055,122.45484455237622
5.76,3.2,1.2040000000000002,0.5938790399999999,2.887094692570523,146.54237893053502
5.76,3.2,1.4030000000000002,0.5938790399999999,3.560053172636715,170.03953256413112
5.76,3.2,1.6020000000000003,0.5938790399999999,4.233011652702907,193.53668619772722
5.76,3.2,1.8010000000000004,0.5938790399999999,4.905970132769098,217.0338398313233
5.76,3.2,2.0,0.5938790399999999,5.578928612835289,240.53099346491933
5.76,3.84,0.01,0.5938790399999999,0.028329180244980042,46.725147354922484
5.76,3.84,0.20900000000000002,0.5938790399999999,0.5920798671200829,66.40917971788
5.76,3.84,0.40800000000000003,0.5938790399999999,1.1558305539951856,86.09321208083749
5.76,3.84,0.607,0.5938790399999999,1.821216585630096,109.32596458205644
5.76,3.84,0.806,0.5938790399999999,2.573990016497739,135.60995309000486
5.76,3.84,1.0050000000000001,0.5938790399999999,3.3078495420671987,161.23353987664802
5.76,3.84,1.2040000000000002,0.5938790399999999,4.381983990903346,198.73823431925092
5.76,3.84,1.4030000000000002,0.5938790399999999,5.429791615013117,235.3236960549273
5.76,3.84,1.6020000000000003,0.5938790399999999,6.4775992391228865,271.9091577906036
5.76,3.84,1.8010000000000004,0.5938790399999999,7.525406863232658,308.49461952627996
5.76,3.84,2.0,0.5938790399999999,8.573214487342426,345.08008126195625
5.76,4.48,0.01,0.5938790399999999,0.03855924340283106,47.08234229758489
5.76,4.48,0.20900000000000002,0.5938790399999999,0.8058881871191692,73.87455401952407
5.76,4.48,0.40800000000000003,0.5938790399999999,1.5732171308355074,100.66676574146325
5.76,4.48,0.607,0.5938790399999999,2.515788073013194,133.5777623258797
5.76,4.48,0.806,0.5938790399999999,3.6090343783539103,171.74977019392145
5.76,4.48,1.0050000000000001,0.5938790399999999,4.674812183560437,208.9626823868868
5.76,4.48,1.2040000000000002,0.5938790399999999,6.236138357280159,263.4782610782179
5.76,4.48,1.4030000000000002,0.5938790399999999,7.759196732624396,316.6576736251535
5.76,4.48,1.6020000000000003,0.5938790399999999,9.282255107968634,369.83708617208924
5.76,4.48,1.8010000000000004,0.5938790399999999,10.805313483312872,423.01649871902487
5.76,4.48,2.0,0.5938790399999999,12.328371858657105,476.19591126596043
5.76,5.12,0.01,0.5938790399999999,0.05036318552452287,47.49449111468306
5.76,5.12,0.20900000000000002,0.5938790399999999,1.052590577462528,82.48846429687597
5.76,5.12,0.40800000000000003,0.5938790399999999,2.054817969400533,117.48243747906889
5.76,5.12,0.607,0.5938790399999999,3.3291777208768596,161.97823885743225
5.76,5.12,0.806,0.5938790399999999,4.837520435694547,214.64383644184872
5.76,5.12,1.0050000000000001,0.5938790399999999,6.307965092350985,265.98617780555116
5.76,5.12,1.2040000000000002,0.5938790399999999,8.466190652268773,341.3432155121779
5.76,5.12,1.4030000000000002,0.5938790399999999,10.571518526894454,414.8532670005048
5.76,5.12,1.6020000000000003,0.5938790399999999,12.67684640152014,488.36331848883174
5.76,5.12,1.8010000000000004,0.5938790399999999,14.782174276145824,561.8733699771587
5.76,5.12,2.0,0.5938790399999999,16.887502150771503,635.3834214654855
5.76,5.76,0.01,0.5938790399999999,0.06374100949690653,47.96159390701489
5.76,5.76,0.20900000000000002,0.5938790399999999,1.3321870984853468,92.25091265661128
5.76,5.76,0.40800000000000003,0.5938790399999999,2.6006331874737865,136.54023140620762
5.76,5.76,0.607,0.5938790399999999,4.263275372110673,194.59338031112685
5.76,5.76,0.806,0.5938790399999999,6.264852517492018,264.4808504710901
5.76,5.76,1.0050000000000001,0.5938790399999999,8.21613877982358,332.61235404411946
5.76,5.76,1.2040000000000002,0.5938790399999999,11.08718280628909,432.8583046888649
5.76,5.76,1.4030000000000002,0.5938790399999999,13.887858106615733,530.6472467393762
5.76,5.76,1.6020000000000003,0.5938790399999999,16.688533406942376,628.4361887898875
5.76,5.76,1.8010000000000004,0.5938790399999999,19.48920870726902,726.225130840399
5.76,5.76,2.0,0.5938790399999999,22.28988400759566,824.01407289091
