0.0,1.77,0.01,0.0,0.0011405355989185235,25.033156020265633
0.0,1.77,0.20900000000000002,0.0,0.023837194017397142,25.69296082355173
0.0,1.77,0.40800000000000003,0.0,0.04653385243587576,26.352765626837826
0.0,1.77,0.607,0.0,0.06923051085435437,27.012570430123922
0.0,1.77,0.806,0.0,0.091927169272833,27.672375233410023
0.0,1.77,1.0050000000000001,0.0,0.11405355989185234,28.3156020265633
0.0,1.77,1.2040000000000002,0.0,0.12473259667694006,28.626047715763665
0.0,1.77,1.4030000000000002,0.0,0.13514989236435407,28.92888444199343
0.0,1.77,1.6020000000000003,0.0,0.14556718805176802,29.231721168223192
0.0,1.77,1.8010000000000004,0.0,0.15598448373918203,29.53455789445296
0.0,1.77,2.0,0.0,0.16640177942659598,29.837394620682723
0.0,3.54,0.01,0.0,0.004749164171770715,25.13806091074523
0.0,3.54,0.20900000000000002,0.0,0.09925753119000796,27.885473034575313
0.0,3.54,0.40800000000000003,0.0,0.1937658982082452,30.632885158405397
0.0,3.54,0.607,0.0,0.2882742652264824,33.38029728223548
0.0,3.54,0.806,0.0,0.3827826322447197,36.12770940606556
0.0,3.54,1.0050000000000001,0.0,0.47491641717707156,38.80609107452303
0.0,3.54,1.2040000000000002,0.0,0.54795138675206,40.929259289197226
0.0,3.54,1.4030000000000002,0.0,0.6191962835433477,43.00038906723725
0.0,3.54,1.6020000000000003,0.0,0.6904411803346354,45.07151884527728
0.0,3.54,1.8010000000000004,0.0,0.7616860771259231,47.1426486233173
0.0,3.54,2.0,0.0,0.8329309739172106,49.21377840135732
0.0,5.3100000000000005,0.01,0.0,0.010939723090093756,25.3180239887466
0.0,5.3100000000000005,0.20900000000000002,0.0,0.2286402125829595,31.646701364803953
0.0,5.3100000000000005,0.40800000000000003,0.0,0.4463407020758252,37.97537874086131
0.0,5.3100000000000005,0.607,0.0,0.6640411915686909,44.30405611691866
0.0,5.3100000000000005,0.806,0.0,0.8817416810615567,50.632733492976016
0.0,5.3100000000000005,1.0050000000000001,0.0,1.0939723090093756,56.80239887466007
0.0,5.3100000000000005,1.2040000000000002,0.0,1.3067069201537733,62.98671533527156
0.0,5.3100000000000005,1.4030000000000002,0.0,1.5142274476916904,69.01945541204452
0.0,5.3100000000000005,1.6020000000000003,0.0,1.7217479752296079,75.0521954888175
0.0,5.3100000000000005,1.8010000000000004,0.0,1.9292685027675252,81.08493556559048
0.0,5.3100000000000005,2.0,0.0,2.136789030305442,87.11767564236342
0.0,7.08,0.01,0.0,0.01977541108915607,25.574882477543888
0.0,7.08,0.20900000000000002,0.0,0.4133060917633619,37.015043780667256
0.0,7.08,0.40800000000000003,0.0,0.8068367724375678,48.45520508379062
0.0,7.08,0.607,0.0,1.2003674531117736,59.895366386913985
0.0,7.08,0.806,0.0,1.5938981337859792,71.33552769003734
0.0,7.08,1.0050000000000001,0.0,1.9775411089156072,82.48824775438877
0.0,7.08,1.2040000000000002,0.0,2.4246538767450274,95.48607088698749
0.0,7.08,1.4030000000000002,0.0,2.8608079983041184,108.165319923199
0.0,7.08,1.6020000000000003,0.0,3.2969621198632093,120.84456895941048
0.0,7.08,1.8010000000000004,0.0,3.7331162414223007,133.52381799562198
0.0,7.08,2.0,0.0,4.169270362981391,146.20306703183343
0.0,8.85,0.01,0.0,0.03130132048667508,25.90994723652761
0.0,8.85,0.20900000000000002,0.0,0.6541975981715094,44.01789724342705
0.0,8.85,0.40800000000000003,0.0,1.2770938758563437,62.125847250326494
0.0,8.85,0.607,0.0,1.8999901535411778,80.23379725722593
0.0,8.85,0.806,0.0,2.522886431226012,98.34174726412537
0.0,8.85,1.0050000000000001,0.0,3.1301320486675084,115.994723652761
0.0,8.85,1.2040000000000002,0.0,3.9200289448607233,138.9574768739463
0.0,8.85,1.4030000000000002,0.0,4.690565623009986,161.357417516181
0.0,8.85,1.6020000000000003,0.0,5.461102301159249,183.75735815841566
0.0,8.85,1.8010000000000004,0.0,6.231638979308512,206.15729880065035
0.0,8.85,2.0,0.0,7.002175657457773,228.55723944288496
0.0,10.620000000000001,0.01,0.0,0.04555275696596435,26.32424462204521
0.0,10.620000000000001,0.20900000000000002,0.0,0.9520526205886549,52.67671260074493
0.0,10.620000000000001,0.40800000000000003,0.0,1.8585524842113454,79.02918057944464
0.0,10.620000000000001,0.607,0.0,2.7650523478340356,105.38164855814435
0.0,10.620000000000001,0.806,0.0,3.6715522114567265,131.73411653684406
0.0,10.620000000000001,1.0050000000000001,0.0,4.555275696596435,157.42446220452118
0.0,10.620000000000001,1.2040000000000002,0.0,5.8079397314336525,193.84012004499112
0.0,10.620000000000001,1.4030000000000002,0.0,7.029901216397409,229.36323725211622
0.0,10.620000000000001,1.6020000000000003,0.0,8.251862701361166,264.8863544592413
0.0,10.620000000000001,1.8010000000000004,0.0,9.47382418632492,300.40947166636636
0.0,10.620000000000001,2.0,0.0,10.695785671288675,335.9325888734914
0.0,12.39,0.01,0.0,0.06255883117129571,26.818620897126394
0.0,12.39,0.20900000000000002,0.0,1.3074795714800802,63.009176749941645
0.0,12.39,0.40800000000000003,0.0,2.552400311788865,99.1997326027569
0.0,12.39,0.607,0.0,3.797321052097649,135.39028845557215
0.0,12.39,0.806,0.0,5.0422417924064336,171.58084430838738
0.0,12.39,1.0050000000000001,0.0,6.255883117129571,206.86208971263943
0.0,12.39,1.2040000000000002,0.0,8.10141391637808,260.5127224844314
0.0,12.39,1.4030000000000002,0.0,9.901711117605792,312.8483887667186
0.0,12.39,1.6020000000000003,0.0,11.702008318833505,365.1840550490058
0.0,12.39,1.8010000000000004,0.0,13.502305520061215,417.51972133129294
0.0,12.39,2.0,0.0,15.302602721288922,469.85538761358004
0.0,14.16,0.01,0.0,0.082344359891713,27.393797499980757
0.0,14.16,0.20900000000000002,0.0,1.7209971217368019,75.03036774959779
0.0,14.16,0.40800000000000003,0.0,3.3596498835818904,122.6669379992148
0.0,14.16,0.607,0.0,4.998302645426978,170.3035082488318
0.0,14.16,0.806,0.0,6.636955407272067,217.94007849844886
0.0,14.16,1.0050000000000001,0.0,8.234435989171299,264.37974999807545
0.0,14.16,1.2040000000000002,0.0,10.81197983832413,339.3104195704279
0.0,14.16,1.4030000000000002,0.0,13.326348593134977,412.40455312385006
0.0,14.16,1.6020000000000003,0.0,15.840717347945825,485.4986866772723
0.0,14.16,1.8010000000000004,0.0,18.355086102756673,558.5928202306944
0.0,14.16,2.0,0.0,20.869454857567515,631.6869537841164
0.0,15.93,0.01,0.0,0.10493100031372174,28.050404017370298
0.0,15.93,0.20900000000000002,0.0,2.1930579065567843,88.75344396303922
0.0,15.93,0.40800000000000003,0.0,4.2811848127998475,149.45648390870815
0.0,15.93,0.607,0.0,6.369311719042909,210.15952385437706
0.0,15.93,0.806,0.0,8.457438625285974,270.862563800046
0.0,15.93,1.0050000000000001,0.0,10.493100031372174,330.04040173702975
0.0,15.93,1.2040000000000002,0.0,13.950025540084143,430.53519763145033
0.0,15.93,1.4030000000000002,0.0,17.32222248240611,528.5668857833606
0.0,15.93,1.6020000000000003,0.0,20.694419424728082,626.5985739352709
0.0,15.93,1.8010000000000004,0.0,24.066616367050045,724.630262087181
0.0,15.93,2.0,0.0,27.43881330937201,822.6619502390911
1.77,0.0,0.01,0.013158180000000002,0.0,25.382515796221117
1.77,0.0,0.20900000000000002,0.013158180000000002,0.0,25.382515796221117
1.77,0.0,0.40800000000000003,0.013158180000000002,0.0,25.382515796221117
1.77,0.0,0.607,0.013158180000000002,0.0,25.382515796221117
1.77,0.0,0.806,0.013158180000000002,0.0,25.382515796221117
1.77,0.0,1.0050000000000001,0.013158180000000002,0.0,25.382515796221117
1.77,0.0,1.2040000000000002,0.013158180000000002,0.0,25.382515796221117
1.77,0.0,1.4030000000000002,0.013158180000000002,0.0,25.382515796221117
1.77,0.0,1.6020000000000003,0.013158180000000002,0.0,25.382515796221117
1.77,0.0,1.8010000000000004,0.013158180000000002,0.0,25.382515796221117
1.77,0.0,2.0,0.013158180000000002,0.0,25.382515796221117
1.77,1.77,0.01,0.013158180000000002,0.0011405355989185235,25.41567181648675
1.77,1.77,0.20900000000000002,0.013158180000000002,0.023837194017397142,26.075476619772846
1.77,1.77,0.40800000000000003,0.013158180000000002,0.04653385243587576,26.735281423058943
1.77,1.77,0.607,0.013158180000000002,0.06923051085435437,27.39508622634504
1.77,1.77,0.806,0.013158180000000002,0.091927169272833,28.054891029631136
1.77,1.77,1.0050000000000001,0.013158180000000002,0.11405355989185234,28.69811782278442
1.77,1.77,1.2040000000000002,0.013158180000000002,0.12473259667694006,29.00856351198478
1.77,1.77,1.4030000000000002,0.013158180000000002,0.13514989236435407,29.311400238214546
1.77,1.77,1.6020000000000003,0.013158180000000002,0.14556718805176802,29.61423696444431
1.77,1.77,1.8010000000000004,0.013158180000000002,0.15598448373918203,29.917073690674073
1.77,1.77,2.0,0.013158180000000002,0.16640177942659598,30.219910416903836
1.77,3.54,0.01,0.013158180000000002,0.004749164171770715,25.520576706966345
1.77,3.54,0.20900000000000002,0.013158180000000002,0.09925753119000796,28.26798883079643
1.77,3.54,0.40800000000000003,0.013158180000000002,0.1937658982082452,31.015400954626514
1.77,3.54,0.607,0.013158180000000002,0.2882742652264824,33.762813078456595
1.77,3.54,0.806,0.013158180000000002,0.3827826322447197,36.510225202286684
1.77,3.54,1.0050000000000001,0.013158180000000002,0.47491641717707156,39.18860687074415
1.77,3.54,1.2040000000000002,0.013158180000000002,0.54795138675206,41.31177508541835
1.77,3.54,1.4030000000000002,0.013158180000000002,0.6191962835433477,43.38290486345837
1.77,3.54,1.6020000000000003,0.013158180000000002,0.6904411803346354,45.454034641498396
1.77,3.54,1.8010000000000004,0.013158180000000002,0.7616860771259231,47.52516441953841
1.77,3.54,2.0,0.013158180000000002,0.8329309739172106,49.59629419757844
1.77,5.3100000000000005,0.01,0.013158180000000002,0.010939723090093756,25.700539784967717
1.77,5.3100000000000005,0.20900000000000002,0.013158180000000002,0.2286402125829595,32.02921716102507
1.77,5.3100000000000005,0.40800000000000003,0.013158180000000002,0.4463407020758252,38.35789453708242
1.77,5.3100000000000005,0.607,0.013158180000000002,0.6640411915686909,44.68657191313977
1.77,5.3100000000000005,0.806,0.013158180000000002,0.8817416810615567,51.01524928919713
1.77,5.3100000000000005,1.0050000000000001,0.013158180000000002,1.0939723090093756,57.184914670881184
1.77,5.3100000000000005,1.2040000000000002,0.013158180000000002,1.3067069201537733,63.369231131492676
1.77,5.3100000000000005,1.4030000000000002,0.013158180000000002,1.5142274476916904,69.40197120826565
1.77,5.3100000000000005,1.6020000000000003,0.013158180000000002,1.7217479752296079,75.43471128503862
1.77,5.3100000000000005,1.8010000000000004,0.013158180000000002,1.9292685027675252,81.46745136181158
1.77,5.3100000000000005,2.0,0.013158180000000002,2.136789030305442,87.50019143858455
1.77,7.08,0.01,0.013158180000000002,0.01977541108915607,25.957398273765005
1.77,7.08,0.20900000000000002,0.013158180000000002,0.4133060917633619,37.39755957688837
1.77,7.08,0.40800000000000003,0.013158180000000002,0.8068367724375678,48.83772088001174
1.77,7.08,0.607,0.013158180000000002,1.2003674531117736,60.2778821831351
1.77,7.08,0.806,0.013158180000000002,1.5938981337859792,71.71804348625847
1.77,7.08,1.0050000000000001,0.013158180000000002,1.9775411089156072,82.87076355060988
1.77,7.08,1.2040000000000002,0.013158180000000002,2.4246538767450274,95.8685866832086
1.77,7.08,1.4030000000000002,0.013158180000000002,2.8608079983041184,108.5478357194201
1.77,7.08,1.6020000000000003,0.013158180000000002,3.2969621198632093,121.2270847556316
1.77,7.08,1.8010000000000004,0.013158180000000002,3.7331162414223007,133.9063337918431
1.77,7.08,2.0,0.013158180000000002,4.169270362981391,146.58558282805456
1.77,8.85,0.01,0.013158180000000002,0.03130132048667508,26.292463032748728
1.77,8.85,0.20900000000000002,0.013158180000000002,0.6541975981715094,44.400413039648164
1.77,8.85,0.40800000000000003,0.013158180000000002,1.2770938758563437,62.50836304654761
1.77,8.85,0.607,0.013158180000000002,1.8999901535411778,80.61631305344704
1.77,8.85,0.806,0.013158180000000002,2.522886431226012,98.72426306034649
1.77,8.85,1.0050000000000001,0.013158180000000002,3.1301320486675084,116.37723944898211
1.77,8.85,1.2040000000000002,0.013158180000000002,3.9200289448607233,139.33999267016742
1.77,8.85,1.4030000000000002,0.013158180000000002,4.690565623009986,161.73993331240212
1.77,8.85,1.6020000000000003,0.013158180000000002,5.461102301159249,184.13987395463678
1.77,8.85,1.8010000000000004,0.013158180000000002,6.231638979308512,206.53981459687148
1.77,8.85,2.0,0.013158180000000002,7.002175657457773,228.9397552391061
1.77,10.620000000000001,0.01,0.013158180000000002,0.04555275696596435,26.706760418266327
1.77,10.620000000000001,0.20900000000000002,0.013158180000000002,0.9520526205886549,53.05922839696605
1.77,10.620000000000001,0.40800000000000003,0.013158180000000002,1.8585524842113454,79.41169637566576
1.77,10.620000000000001,0.607,0.013158180000000002,2.7650523478340356,105.76416435436546
1.77,10.620000000000001,0.806,0.013158180000000002,3.6715522114567265,132.11663233306518
1.77,10.620000000000001,1.0050000000000001,0.013158180000000002,4.555275696596435,157.8069780007423
1.77,10.620000000000001,1.2040000000000002,0.013158180000000002,5.8079397314336525,194.22263584121225
1.77,10.620000000000001,1.4030000000000002,0.013158180000000002,7.029901216397409,229.74575304833735
1.77,10.620000000000001,1.6020000000000003,0.013158180000000002,8.251862701361166,265.26887025546245
1.77,10.620000000000001,1.8010000000000004,0.013158180000000002,9.47382418632492,300.7919874625875
1.77,10.620000000000001,2.0,0.013158180000000002,10.695785671288675,336.3151046697125
1.77,12.39,0.01,0.013158180000000002,0.06255883117129571,27.20113669334751
1.77,12.39,0.20900000000000002,0.013158180000000002,1.3074795714800802,63.39169254616276
1.77,12.39,0.40800000000000003,0.013158180000000002,2.552400311788865,99.58224839897801
1.77,12.39,0.607,0.013158180000000002,3.797321052097649,135.77280425179325
1.77,12.39,0.806,0.013158180000000002,5.0422417924064336,171.9633601046085
1.77,12.39,1.0050000000000001,0.013158180000000002,6.255883117129571,207.24460550886056
1.77,12.39,1.2040000000000002,0.013158180000000002,8.10141391637808,260.8952382806525
1.77,12.39,1.4030000000000002,0.013158180000000002,9.901711117605792,313.2309045629397
1.77,12.39,1.6020000000000003,0.013158180000000002,11.702008318833505,365.5665708452269
1.77,12.39,1.8010000000000004,0.013158180000000002,13.502305520061215,417.90223712751407
1.77,12.39,2.0,0.013158180000000002,15.302602721288922,470.23790340980116
1.77,14.16,0.01,0.013158180000000002,0.082344359891713,27.77631329620187
1.77,14.16,0.20900000000000002,0.013158180000000002,1.7209971217368019,75.41288354581889
1.77,14.16,0.40800000000000003,0.013158180000000002,3.3596498835818904,123.04945379543591
1.77,14.16,0.607,0.013158180000000002,4.998302645426978,170.68602404505293
1.77,14.16,0.806,0.013158180000000002,6.636955407272067,218.32259429466998
1.77,14.16,1.0050000000000001,0.013158180000000002,8.234435989171299,264.7622657942966
1.77,14.16,1.2040000000000002,0.013158180000000002,10.81197983832413,339.692935366649
1.77,14.16,1.4030000000000002,0.013158180000000002,13.326348593134977,412.7870689200712
1.77,14.16,1.6020000000000003,0.013158180000000002,15.840717347945825,485.88120247349343
1.77,14.16,1.8010000000000004,0.013158180000000002,18.355086102756673,558.9753360269156
1.77,14.16,2.0,0.013158180000000002,20.869454857567515,632.0694695803376
1.77,15.93,0.01,0.013158180000000002,0.10493100031372174,28.432919813591415
1.77,15.93,0.20900000000000002,0.013158180000000002,2.1930579065567843,89.13595975926033
1.77,15.93,0.40800000000000003,0.013158180000000002,4.2811848127998475,149.83899970492928
1.77,15.93,0.607,0.013158180000000002,6.369311719042909,210.54203965059818
1.77,15.93,0.806,0.013158180000000002,8.457438625285974,271.24507959626715
1.77,15.93,1.0050000000000001,0.013158180000000002,10.493100031372174,330.4229175332509
1.77,15.93,1.2040000000000002,0.013158180000000002,13.950025540084143,430.91771342767146
1.77,15.93,1.4030000000000002,0.013158180000000002,17.32222248240611,528.9494015795817
1.77,15.93,1.6020000000000003,0.013158180000000002,20.694419424728082,626.981089731492
1.77,15.93,1.8010000000000004,0.013158180000000002,24.066616367050045,725.0127778834021
1.77,15.93,2.0,0.013158180000000002,27.43881330937201,823.0444660353122
3.54,0.0,0.01,0.05263272000000001,0.0,26.530063184884465
3.54,0.0,0.20900000000000002,0.05263272000000001,0.0,26.530063184884465
3.54,0.0,0.40800000000000003,0.05263272000000001,0.0,26.530063184884465
3.54,0.0,0.607,0.05263272000000001,0.0,26.530063184884465
3.54,0.0,0.806,0.05263272000000001,0.0,26.530063184884465
3.54,0.0,1.0050000000000001,0.05263272000000001,0.0,26.530063184884465
3.54,0.0,1.2040000000000002,0.05263272000000001,0.0,26.530063184884465
3.54,0.0,1.4030000000000002,0.05263272000000001,0.0,26.530063184884465
3.54,0.0,1.6020000000000003,0.05263272000000001,0.0,26.530063184884465
3.54,0.0,1.8010000000000004,0.05263272000000001,0.0,26.530063184884465
3.54,0.0,2.0,0.05263272000000001,0.0,26.530063184884465
3.54,1.77,0.01,0.05263272000000001,0.0011405355989185235,26.563219205150098
3.54,1.77,0.20900000000000002,0.05263272000000001,0.023837194017397142,27.223024008436198
3.54,1.77,0.40800000000000003,0.05263272000000001,0.04653385243587576,27.882828811722295
3.54,1.77,0.607,0.05263272000000001,0.06923051085435437,28.54263361500839
3.54,1.77,0.806,0.05263272000000001,0.091927169272833,29.202438418294488
3.54,1.77,1.0050000000000001,0.05263272000000001,0.11405355989185234,29.845665211447766
3.54,1.77,1.2040000000000002,0.05263272000000001,0.12473259667694006,30.15611090064813
3.54,1.77,1.4030000000000002,0.05263272000000001,0.13514989236435407,30.458947626877894
3.54,1.77,1.6020000000000003,0.05263272000000001,0.14556718805176802,30.761784353107657
3.54,1.77,1.8010000000000004,0.05263272000000001,0.15598448373918203,31.064621079337424
3.54,1.77,2.0,0.05263272000000001,0.16640177942659598,31.367457805567188
3.54,3.54,0.01,0.05263272000000001,0.004749164171770715,26.668124095629697
3.54,3.54,0.20900000000000002,0.05263272000000001,0.09925753119000796,29.41553621945978
3.54,3.54,0.40800000000000003,0.05263272000000001,0.1937658982082452,32.16294834328986
3.54,3.54,0.607,0.05263272000000001,0.2882742652264824,34.91036046711994
3.54,3.54,0.806,0.05263272000000001,0.3827826322447197,37.65777259095003
3.54,3.54,1.0050000000000001,0.05263272000000001,0.47491641717707156,40.3361542594075
3.54,3.54,1.2040000000000002,0.05263272000000001,0.54795138675206,42.459322474081695
3.54,3.54,1.4030000000000002,0.05263272000000001,0.6191962835433477,44.53045225212172
3.54,3.54,1.6020000000000003,0.05263272000000001,0.6904411803346354,46.60158203016175
3.54,3.54,1.8010000000000004,0.05263272000000001,0.7616860771259231,48.67271180820177
3.54,3.54,2.0,0.05263272000000001,0.8329309739172106,50.743841586241786
3.54,5.3100000000000005,0.01,0.05263272000000001,0.010939723090093756,26.84808717363107
3.54,5.3100000000000005,0.20900000000000002,0.05263272000000001,0.2286402125829595,33.17676454968842
3.54,5.3100000000000005,0.40800000000000003,0.05263272000000001,0.4463407020758252,39.50544192574577
3.54,5.3100000000000005,0.607,0.05263272000000001,0.6640411915686909,45.83411930180313
3.54,5.3100000000000005,0.806,0.05263272000000001,0.8817416810615567,52.162796677860484
3.54,5.3100000000000005,1.0050000000000001,0.05263272000000001,1.0939723090093756,58.33246205954453
3.54,5.3100000000000005,1.2040000000000002,0.05263272000000001,1.3067069201537733,64.51677852015604
3.54,5.3100000000000005,1.4030000000000002,0.05263272000000001,1.5142274476916904,70.549518596929
3.54,5.3100000000000005,1.6020000000000003,0.05263272000000001,1.7217479752296079,76.58225867370197
3.54,5.3100000000000005,1.8010000000000004,0.05263272000000001,1.9292685027675252,82.61499875047494
3.54,5.3100000000000005,2.0,0.05263272000000001,2.136789030305442,88.64773882724789
3.54,7.08,0.01,0.05263272000000001,0.01977541108915607,27.104945662428353
3.54,7.08,0.20900000000000002,0.05263272000000001,0.4133060917633619,38.54510696555172
3.54,7.08,0.40800000000000003,0.05263272000000001,0.8068367724375678,49.985268268675085
3.54,7.08,0.607,0.05263272000000001,1.2003674531117736,61.42542957179845
3.54,7.08,0.806,0.05263272000000001,1.5938981337859792,72.86559087492182
3.54,7.08,1.0050000000000001,0.05263272000000001,1.9775411089156072,84.01831093927323
3.54,7.08,1.2040000000000002,0.05263272000000001,2.4246538767450274,97.01613407187196
3.54,7.08,1.4030000000000002,0.05263272000000001,2.8608079983041184,109.69538310808346
3.54,7.08,1.6020000000000003,0.05263272000000001,3.2969621198632093,122.37463214429495
3.54,7.08,1.8010000000000004,0.05263272000000001,3.7331162414223007,135.05388118050644
3.54,7.08,2.0,0.05263272000000001,4.169270362981391,147.73313021671788
3.54,8.85,0.01,0.05263272000000001,0.03130132048667508,27.440010421412076
3.54,8.85,0.20900000000000002,0.05263272000000001,0.6541975981715094,45.54796042831151
3.54,8.85,0.40800000000000003,0.05263272000000001,1.2770938758563437,63.65591043521096
3.54,8.85,0.607,0.05263272000000001,1.8999901535411778,81.7638604421104
3.54,8.85,0.806,0.05263272000000001,2.522886431226012,99.87181044900984
3.54,8.85,1.0050000000000001,0.05263272000000001,3.1301320486675084,117.52478683764546
3.54,8.85,1.2040000000000002,0.05263272000000001,3.9200289448607233,140.48754005883077
3.54,8.85,1.4030000000000002,0.05263272000000001,4.690565623009986,162.88748070106544
3.54,8.85,1.6020000000000003,0.05263272000000001,5.461102301159249,185.2874213433001
3.54,8.85,1.8010000000000004,0.05263272000000001,6.231638979308512,207.6873619855348
3.54,8.85,2.0,0.05263272000000001,7.002175657457773,230.08730262776942
3.54,10.620000000000001,0.01,0.05263272000000001,0.04555275696596435,27.85430780692968
3.54,10.620000000000001,0.20900000000000002,0.05263272000000001,0.9520526205886549,54.2067757856294
3.54,10.620000000000001,0.40800000000000003,0.05263272000000001,1.8585524842113454,80.55924376432911
3.54,10.620000000000001,0.607,0.05263272000000001,2.7650523478340356,106.91171174302882
3.54,10.620000000000001,0.806,0.05263272000000001,3.6715522114567265,133.26417972172854
3.54,10.620000000000001,1.0050000000000001,0.05263272000000001,4.555275696596435,158.95452538940563
3.54,10.620000000000001,1.2040000000000002,0.05263272000000001,5.8079397314336525,195.37018322987558
3.54,10.620000000000001,1.4030000000000002,0.05263272000000001,7.029901216397409,230.89330043700068
3.54,10.620000000000001,1.6020000000000003,0.05263272000000001,8.251862701361166,266.4164176441258
3.54,10.620000000000001,1.8010000000000004,0.05263272000000001,9.47382418632492,301.9395348512508
3.54,10.620000000000001,2.0,0.05263272000000001,10.695785671288675,337.46265205837585
3.54,12.39,0.01,0.05263272000000001,0.06255883117129571,28.348684082010863
3.54,12.39,0.20900000000000002,0.05263272000000001,1.3074795714800802,64.53923993482611
3.54,12.39,0.40800000000000003,0.05263272000000001,2.552400311788865,100.72979578764136
3.54,12.39,0.607,0.05263272000000001,3.797321052097649,136.9203516404566
3.54,12.39,0.806,0.05263272000000001,5.0422417924064336,173.11090749327184
3.54,12.39,1.0050000000000001,0.05263272000000001,6.255883117129571,208.3921528975239
3.54,12.39,1.2040000000000002,0.05263272000000001,8.10141391637808,262.04278566931583
3.54,12.39,1.4030000000000002,0.05263272000000001,9.901711117605792,314.37845195160304
3.54,12.39,1.6020000000000003,0.05263272000000001,11.702008318833505,366.71411823389025
3.54,12.39,1.8010000000000004,0.05263272000000001,13.502305520061215,419.0497845161774
3.54,12.39,2.0,0.05263272000000001,15.302602721288922,471.3854507984645
3.54,14.16,0.01,0.05263272000000001,0.082344359891713,28.92386068486522
3.54,14.16,0.20900000000000002,0.05263272000000001,1.7209971217368019,76.56043093448224
3.54,14.16,0.40800000000000003,0.05263272000000001,3.3596498835818904,124.19700118409926
3.54,14.16,0.607,0.05263272000000001,4.998302645426978,171.83357143371626
3.54,14.16,0.806,0.05263272000000001,6.636955407272067,219.4701416833333
3.54,14.16,1.0050000000000001,0.05263272000000001,8.234435989171299,265.90981318295997
3.54,14.16,1.2040000000000002,0.05263272000000001,10.81197983832413,340.84048275531234
3.54,14.16,1.4030000000000002,0.05263272000000001,13.326348593134977,413.9346163087345
3.54,14.16,1.6020000000000003,0.05263272000000001,15.840717347945825,487.02874986215676
3.54,14.16,1.8010000000000004,0.05263272000000001,18.355086102756673,560.1228834155789
3.54,14.16,2.0,0.05263272000000001,20.869454857567515,633.217016969001
3.54,15.93,0.01,0.05263272000000001,0.10493100031372174,29.580467202254763
3.54,15.93,0.20900000000000002,0.05263272000000001,2.1930579065567843,90.28350714792369
3.54,15.93,0.40800000000000003,0.05263272000000001,4.2811848127998475,150.9865470935926
3.54,15.93,0.607,0.05263272000000001,6.369311719042909,211.6895870392615
3.54,15.93,0.806,0.05263272000000001,8.457438625285974,272.3926269849304
3.54,15.93,1.0050000000000001,0.05263272000000001,10.493100031372174,331.5704649219142
3.54,15.93,1.2040000000000002,0.05263272000000001,13.950025540084143,432.0652608163348
3.54,15.93,1.4030000000000002,0.05263272000000001,17.32222248240611,530.0969489682451
3.54,15.93,1.6020000000000003,0.05263272000000001,20.694419424728082,628.1286371201554
3.54,15.93,1.8010000000000004,0.05263272000000001,24.066616367050045,726.1603252720655
3.54,15.93,2.0,0.05263272000000001,27.43881330937201,824.1920134239756
5.3100000000000005,0.0,0.01,0.11842362000000003,0.0,28.44264216599005
5.3100000000000005,0.0,0.20900000000000002,0.11842362000000003,0.0,28.44264216599005
5.3100000000000005,0.0,0.40800000000000003,0.11842362000000003,0.0,28.44264216599005
5.3100000000000005,0.0,0.607,0.11842362000000003,0.0,28.44264216599005
5.3100000000000005,0.0,0.806,0.11842362000000003,0.0,28.44264216599005
5.3100000000000005,0.0,1.0050000000000001,0.11842362000000003,0.0,28.44264216599005
5.3100000000000005,0.0,1.2040000000000002,0.11842362000000003,0.0,28.44264216599005
5.3100000000000005,0.0,1.4030000000000002,0.11842362000000003,0.0,28.44264216599005
5.3100000000000005,0.0,1.6020000000000003,0.11842362000000003,0.0,28.44264216599005
5.3100000000000005,0.0,1.8010000000000004,0.11842362000000003,0.0,28.44264216599005
5.3100000000000005,0.0,2.0,0.11842362000000003,0.0,28.44264216599005
5.3100000000000005,1.77,0.01,0.11842362000000003,0.0011405355989185235,28.475798186255684
5.3100000000000005,1.77,0.20900000000000002,0.11842362000000003,0.023837194017397142,29.13560298954178
5.3100000000000005,1.77,0.40800000000000003,0.11842362000000003,0.04653385243587576,29.795407792827877
5.3100000000000005,1.77,0.607,0.11842362000000003,0.06923051085435437,30.455212596113974
5.3100000000000005,1.77,0.806,0.11842362000000003,0.091927169272833,31.11501739940007
5.3100000000000005,1.77,1.0050000000000001,0.11842362000000003,0.11405355989185234,31.75824419255335
5.3100000000000005,1.77,1.2040000000000002,0.11842362000000003,0.12473259667694006,32.06868988175371
5.3100000000000005,1.77,1.4030000000000002,0.11842362000000003,0.13514989236435407,32.371526607983476
5.3100000000000005,1.77,1.6020000000000003,0.11842362000000003,0.14556718805176802,32.67436333421324
5.3100000000000005,1.77,1.8010000000000004,0.11842362000000003,0.15598448373918203,32.977200060443
5.3100000000000005,1.77,2.0,0.11842362000000003,0.16640177942659598,33.280036786672774
5.3100000000000005,3.54,0.01,0.11842362000000003,0.004749164171770715,28.58070307673528
5.3100000000000005,3.54,0.20900000000000002,0.11842362000000003,0.09925753119000796,31.328115200565364
5.3100000000000005,3.54,0.40800000000000003,0.11842362000000003,0.1937658982082452,34.075527324395445
5.3100000000000005,3.54,0.607,0.11842362000000003,0.2882742652264824,36.822939448225526
5.3100000000000005,3.54,0.806,0.11842362000000003,0.3827826322447197,39.570351572055614
5.3100000000000005,3.54,1.0050000000000001,0.11842362000000003,0.47491641717707156,42.248733240513076
5.3100000000000005,3.54,1.2040000000000002,0.11842362000000003,0.54795138675206,44.37190145518728
5.3100000000000005,3.54,1.4030000000000002,0.11842362000000003,0.6191962835433477,46.4430312332273
5.3100000000000005,3.54,1.6020000000000003,0.11842362000000003,0.6904411803346354,48.514161011267326
5.3100000000000005,3.54,1.8010000000000004,0.11842362000000003,0.7616860771259231,50.58529078930735
5.3100000000000005,3.54,2.0,0.11842362000000003,0.8329309739172106,52.65642056734737
5.3100000000000005,5.3100000000000005,0.01,0.11842362000000003,0.010939723090093756,28.76066615473665
5.3100000000000005,5.3100000000000005,0.20900000000000002,0.11842362000000003,0.2286402125829595,35.089343530794004
5.3100000000000005,5.3100000000000005,0.40800000000000003,0.11842362000000003,0.4463407020758252,41.41802090685135
5.3100000000000005,5.3100000000000005,0.607,0.11842362000000003,0.6640411915686909,47.74669828290871
5.3100000000000005,5.3100000000000005,0.806,0.11842362000000003,0.8817416810615567,54.07537565896607
5.3100000000000005,5.3100000000000005,1.0050000000000001,0.11842362000000003,1.0939723090093756,60.245041040650115
5.3100000000000005,5.3100000000000005,1.2040000000000002,0.11842362000000003,1.3067069201537733,66.42935750126162
5.3100000000000005,5.3100000000000005,1.4030000000000002,0.11842362000000003,1.5142274476916904,72.46209757803459
5.3100000000000005,5.3100000000000005,1.6020000000000003,0.11842362000000003,1.7217479752296079,78.49483765480755
5.3100000000000005,5.3100000000000005,1.8010000000000004,0.11842362000000003,1.9292685027675252,84.52757773158052
5.3100000000000005,5.3100000000000005,2.0,0.11842362000000003,2.136789030305442,90.56031780835347
5.3100000000000005,7.08,0.01,0.11842362000000003,0.01977541108915607,29.01752464353394
5.3100000000000005,7.08,0.20900000000000002,0.11842362000000003,0.4133060917633619,40.4576859466573
5.3100000000000005,7.08,0.40800000000000003,0.11842362000000003,0.8068367724375678,51.89784724978067
5.3100000000000005,7.08,0.607,0.11842362000000003,1.2003674531117736,63.33800855290403
5.3100000000000005,7.08,0.806,0.11842362000000003,1.5938981337859792,74.7781698560274
5.3100000000000005,7.08,1.0050000000000001,0.11842362000000003,1.9775411089156072,85.93088992037883
5.3100000000000005,7.08,1.2040000000000002,0.11842362000000003,2.4246538767450274,98.92871305297754
5.3100000000000005,7.08,1.4030000000000002,0.11842362000000003,2.8608079983041184,111.60796208918903
5.3100000000000005,7.08,1.6020000000000003,0.11842362000000003,3.2969621198632093,124.28721112540053
5.3100000000000005,7.08,1.8010000000000004,0.11842362000000003,3.7331162414223007,136.96646016161202
5.3100000000000005,7.08,2.0,0.11842362000000003,4.169270362981391,149.64570919782352
5.3100000000000005,8.85,0.01,0.11842362000000003,0.03130132048667508,29.35258940251766
5.3100000000000005,8.85,0.20900000000000002,0.11842362000000003,0.6541975981715094,47.460539409417095
5.3100000000000005,8.85,0.40800000000000003,0.11842362000000003,1.2770938758563437,65.56848941631654
5.3100000000000005,8.85,0.607,0.11842362000000003,1.8999901535411778,83.67643942321598
5.3100000000000005,8.85,0.806,0.11842362000000003,2.522886431226012,101.78438943011543
5.3100000000000005,8.85,1.0050000000000001,0.11842362000000003,3.1301320486675084,119.43736581875105
5.3100000000000005,8.85,1.2040000000000002,0.11842362000000003,3.9200289448607233,142.40011903993636
5.3100000000000005,8.85,1.4030000000000002,0.11842362000000003,4.690565623009986,164.80005968217105
5.3100000000000005,8.85,1.6020000000000003,0.11842362000000003,5.461102301159249,187.20000032440572
5.3100000000000005,8.85,1.8010000000000004,0.11842362000000003,6.231638979308512,209.59994096664042
5.3100000000000005,8.85,2.0,0.11842362000000003,7.002175657457773,231.99988160887503
5.3100000000000005,10.620000000000001,0.01,0.11842362000000003,0.04555275696596435,29.76688678803526
5.3100000000000005,10.620000000000001,0.20900000000000002,0.11842362000000003,0.9520526205886549,56.11935476673498
5.3100000000000005,10.620000000000001,0.40800000000000003,0.11842362000000003,1.8585524842113454,82.4718227454347
5.3100000000000005,10.620000000000001,0.607,0.11842362000000003,2.7650523478340356,108.8242907241344
5.3100000000000005,10.620000000000001,0.806,0.11842362000000003,3.6715522114567265,135.17675870283412
5.3100000000000005,10.620000000000001,1.0050000000000001,0.11842362000000003,4.555275696596435,160.8671043705112
5.3100000000000005,10.620000000000001,1.2040000000000002,0.11842362000000003,5.8079397314336525,197.28276221098116
5.3100000000000005,10.620000000000001,1.4030000000000002,0.11842362000000003,7.029901216397409,232.80587941810626
5.3100000000000005,10.620000000000001,1.6020000000000003,0.11842362000000003,8.251862701361166,268.32899662523135
5.3100000000000005,10.620000000000001,1.8010000000000004,0.11842362000000003,9.47382418632492,303.8521138323564
5.3100000000000005,10.620000000000001,2.0,0.11842362000000003,10.695785671288675,339.37523103948143
5.3100000000000005,12.39,0.01,0.11842362000000003,0.06255883117129571,30.261263063116445
5.3100000000000005,12.39,0.20900000000000002,0.11842362000000003,1.3074795714800802,66.4518189159317
5.3100000000000005,12.39,0.40800000000000003,0.11842362000000003,2.552400311788865,102.64237476874695
5.3100000000000005,12.39,0.607,0.11842362000000003,3.797321052097649,138.83293062156218
5.3100000000000005,12.39,0.806,0.11842362000000003,5.0422417924064336,175.02348647437742
5.3100000000000005,12.39,1.0050000000000001,0.11842362000000003,6.255883117129571,210.3047318786295
5.3100000000000005,12.39,1.2040000000000002,0.11842362000000003,8.10141391637808,263.9553646504214
5.3100000000000005,12.39,1.4030000000000002,0.11842362000000003,9.901711117605792,316.2910309327086
5.3100000000000005,12.39,1.6020000000000003,0.11842362000000003,11.702008318833505,368.62669721499583
5.3100000000000005,12.39,1.8010000000000004,0.11842362000000003,13.502305520061215,420.962363497283
5.3100000000000005,12.39,2.0,0.11842362000000003,15.302602721288922,473.2980297795701
5.3100000000000005,14.16,0.01,0.11842362000000003,0.082344359891713,30.836439665970804
5.3100000000000005,14.16,0.20900000000000002,0.11842362000000003,1.7209971217368019,78.47300991558782
5.3100000000000005,14.16,0.40800000000000003,0.11842362000000003,3.3596498835818904,126.10958016520485
5.3100000000000005,14.16,0.607,0.11842362000000003,4.998302645426978,173.74615041482184
5.3100000000000005,14.16,0.806,0.11842362000000003,6.636955407272067,221.3827206644389
5.3100000000000005,14.16,1.0050000000000001,0.11842362000000003,8.234435989171299,267.8223921640655
5.3100000000000005,14.16,1.2040000000000002,0.11842362000000003,10.81197983832413,342.7530617364179
5.3100000000000005,14.16,1.4030000000000002,0.11842362000000003,13.326348593134977,415.8471952898401
5.3100000000000005,14.16,1.6020000000000003,0.11842362000000003,15.840717347945825,488.94132884326234
5.3100000000000005,14.16,1.8010000000000004,0.11842362000000003,18.355086102756673,562.0354623966846
5.3100000000000005,14.16,2.0,0.11842362000000003,20.869454857567515,635.1295959501066
5.3100000000000005,15.93,0.01,0.11842362000000003,0.10493100031372174,31.49304618336035
5.3100000000000005,15.93,0.20900000000000002,0.11842362000000003,2.1930579065567843,92.19608612902927
5.3100000000000005,15.93,0.40800000000000003,0.11842362000000003,4.2811848127998475,152.8991260746982
5.3100000000000005,15.93,0.607,0.11842362000000003,6.369311719042909,213.6021660203671
5.3100000000000005,15.93,0.806,0.11842362000000003,8.457438625285974,274.30520596603606
5.3100000000000005,15.93,1.0050000000000001,0.11842362000000003,10.493100031372174,333.4830439030198
5.3100000000000005,15.93,1.2040000000000002,0.11842362000000003,13.950025540084143,433.97783979744037
5.3100000000000005,15.93,1.4030000000000002,0.11842362000000003,17.32222248240611,532.0095279493507
5.3100000000000005,15.93,1.6020000000000003,0.11842362000000003,20.694419424728082,630.0412161012609
5.3100000000000005,15.93,1.8010000000000004,0.11842362000000003,24.066616367050045,728.0729042531711
5.3100000000000005,15.93,2.0,0.11842362000000003,27.43881330937201,826.1045924050812
7.08,0.0,0.01,0.21053088000000003,0.0,31.120252739537865
7.08,0.0,0.20900000000000002,0.21053088000000003,0.0,31.120252739537865
7.08,0.0,0.40800000000000003,0.21053088000000003,0.0,31.120252739537865
7.08,0.0,0.607,0.21053088000000003,0.0,31.120252739537865
7.08,0.0,0.806,0.21053088000000003,0.0,31.120252739537865
7.08,0.0,1.0050000000000001,0.21053088000000003,0.0,31.120252739537865
7.08,0.0,1.2040000000000002,0.21053088000000003,0.0,31.120252739537865
7.08,0.0,1.4030000000000002,0.21053088000000003,0.0,31.120252739537865
7.08,0.0,1.6020000000000003,0.21053088000000003,0.0,31.120252739537865
7.08,0.0,1.8010000000000004,0.21053088000000003,0.0,31.120252739537865
7.08,0.0,2.0,0.21053088000000003,0.0,31.120252739537865
7.08,1.77,0.01,0.21053088000000003,0.0011405355989185235,31.153408759803497
7.08,1.77,0.20900000000000002,0.21053088000000003,0.023837194017397142,31.813213563089597
7.08,1.77,0.40800000000000003,0.21053088000000003,0.04653385243587576,32.47301836637569
7.08,1.77,0.607,0.21053088000000003,0.06923051085435437,33.13282316966179
7.08,1.77,0.806,0.21053088000000003,0.091927169272833,33.792627972947884
7.08,1.77,1.0050000000000001,0.21053088000000003,0.11405355989185234,34.435854766101166
7.08,1.77,1.2040000000000002,0.21053088000000003,0.12473259667694006,34.74630045530153
7.08,1.77,1.4030000000000002,0.21053088000000003,0.13514989236435407,35.04913718153129
7.08,1.77,1.6020000000000003,0.21053088000000003,0.14556718805176802,35.35197390776106
7.08,1.77,1.8010000000000004,0.21053088000000003,0.15598448373918203,35.65481063399082
7.08,1.77,2.0,0.21053088000000003,0.16640177942659598,35.95764736022059
7.08,3.54,0.01,0.21053088000000003,0.004749164171770715,31.258313650283096
7.08,3.54,0.20900000000000002,0.21053088000000003,0.09925753119000796,34.00572577411318
7.08,3.54,0.40800000000000003,0.21053088000000003,0.1937658982082452,36.75313789794326
7.08,3.54,0.607,0.21053088000000003,0.2882742652264824,39.50055002177335
7.08,3.54,0.806,0.21053088000000003,0.3827826322447197,42.24796214560343
7.08,3.54,1.0050000000000001,0.21053088000000003,0.47491641717707156,44.9263438140609
7.08,3.54,1.2040000000000002,0.21053088000000003,0.54795138675206,47.049512028735094
7.08,3.54,1.4030000000000002,0.21053088000000003,0.6191962835433477,49.12064180677512
7.08,3.54,1.6020000000000003,0.21053088000000003,0.6904411803346354,51.19177158481514
7.08,3.54,1.8010000000000004,0.21053088000000003,0.7616860771259231,53.26290136285516
7.08,3.54,2.0,0.21053088000000003,0.8329309739172106,55.334031140895185
7.08,5.3100000000000005,0.01,0.21053088000000003,0.010939723090093756,31.438276728284464
7.08,5.3100000000000005,0.20900000000000002,0.21053088000000003,0.2286402125829595,37.76695410434182
7.08,5.3100000000000005,0.40800000000000003,0.21053088000000003,0.4463407020758252,44.09563148039918
7.08,5.3100000000000005,0.607,0.21053088000000003,0.6640411915686909,50.42430885645653
7.08,5.3100000000000005,0.806,0.21053088000000003,0.8817416810615567,56.75298623251388
7.08,5.3100000000000005,1.0050000000000001,0.21053088000000003,1.0939723090093756,62.92265161419793
7.08,5.3100000000000005,1.2040000000000002,0.21053088000000003,1.3067069201537733,69.10696807480943
7.08,5.3100000000000005,1.4030000000000002,0.21053088000000003,1.5142274476916904,75.1397081515824
7.08,5.3100000000000005,1.6020000000000003,0.21053088000000003,1.7217479752296079,81.17244822835536
7.08,5.3100000000000005,1.8010000000000004,0.21053088000000003,1.9292685027675252,87.20518830512835
7.08,5.3100000000000005,2.0,0.21053088000000003,2.136789030305442,93.2379283819013
7.08,7.08,0.01,0.21053088000000003,0.01977541108915607,31.695135217081752
7.08,7.08,0.20900000000000002,0.21053088000000003,0.4133060917633619,43.13529652020512
7.08,7.08,0.40800000000000003,0.21053088000000003,0.8068367724375678,54.575457823328485
7.08,7.08,0.607,0.21053088000000003,1.2003674531117736,66.01561912645184
7.08,7.08,0.806,0.21053088000000003,1.5938981337859792,77.45578042957521
7.08,7.08,1.0050000000000001,0.21053088000000003,1.9775411089156072,88.60850049392664
7.08,7.08,1.2040000000000002,0.21053088000000003,2.4246538767450274,101.60632362652537
7.08,7.08,1.4030000000000002,0.21053088000000003,2.8608079983041184,114.28557266273684
7.08,7.08,1.6020000000000003,0.21053088000000003,3.2969621198632093,126.96482169894836
7.08,7.08,1.8010000000000004,0.21053088000000003,3.7331162414223007,139.64407073515986
7.08,7.08,2.0,0.21053088000000003,4.169270362981391,152.3233197713713
7.08,8.85,0.01,0.21053088000000003,0.03130132048667508,32.030199976065475
7.08,8.85,0.20900000000000002,0.21053088000000003,0.6541975981715094,50.13814998296492
7.08,8.85,0.40800000000000003,0.21053088000000003,1.2770938758563437,68.24609998986435
7.08,8.85,0.607,0.21053088000000003,1.8999901535411778,86.35404999676379
7.08,8.85,0.806,0.21053088000000003,2.522886431226012,104.46200000366323
7.08,8.85,1.0050000000000001,0.21053088000000003,3.1301320486675084,122.11497639229887
7.08,8.85,1.2040000000000002,0.21053088000000003,3.9200289448607233,145.07772961348417
7.08,8.85,1.4030000000000002,0.21053088000000003,4.690565623009986,167.47767025571886
7.08,8.85,1.6020000000000003,0.21053088000000003,5.461102301159249,189.87761089795353
7.08,8.85,1.8010000000000004,0.21053088000000003,6.231638979308512,212.27755154018823
7.08,8.85,2.0,0.21053088000000003,7.002175657457773,234.67749218242284
7.08,10.620000000000001,0.01,0.21053088000000003,0.04555275696596435,32.444497361583075
7.08,10.620000000000001,0.20900000000000002,0.21053088000000003,0.9520526205886549,58.796965340282796
7.08,10.620000000000001,0.40800000000000003,0.21053088000000003,1.8585524842113454,85.14943331898252
7.08,10.620000000000001,0.607,0.21053088000000003,2.7650523478340356,111.50190129768222
7.08,10.620000000000001,0.806,0.21053088000000003,3.6715522114567265,137.85436927638193
7.08,10.620000000000001,1.0050000000000001,0.21053088000000003,4.555275696596435,163.54471494405905
7.08,10.620000000000001,1.2040000000000002,0.21053088000000003,5.8079397314336525,199.960372784529
7.08,10.620000000000001,1.4030000000000002,0.21053088000000003,7.029901216397409,235.4834899916541
7.08,10.620000000000001,1.6020000000000003,0.21053088000000003,8.251862701361166,271.0066071987792
7.08,10.620000000000001,1.8010000000000004,0.21053088000000003,9.47382418632492,306.52972440590423
7.08,10.620000000000001,2.0,0.21053088000000003,10.695785671288675,342.0528416130293
7.08,12.39,0.01,0.21053088000000003,0.06255883117129571,32.93887363666426
7.08,12.39,0.20900000000000002,0.21053088000000003,1.3074795714800802,69.12942948947952
7.08,12.39,0.40800000000000003,0.21053088000000003,2.552400311788865,105.31998534229477
7.08,12.39,0.607,0.21053088000000003,3.797321052097649,141.51054119511002
7.08,12.39,0.806,0.21053088000000003,5.0422417924064336,177.70109704792526
7.08,12.39,1.0050000000000001,0.21053088000000003,6.255883117129571,212.9823424521773
7.08,12.39,1.2040000000000002,0.21053088000000003,8.10141391637808,266.63297522396925
7.08,12.39,1.4030000000000002,0.21053088000000003,9.901711117605792,318.96864150625646
7.08,12.39,1.6020000000000003,0.21053088000000003,11.702008318833505,371.30430778854367
7.08,12.39,1.8010000000000004,0.21053088000000003,13.502305520061215,423.6399740708308
7.08,12.39,2.0,0.21053088000000003,15.302602721288922,475.9756403531179
7.08,14.16,0.01,0.21053088000000003,0.082344359891713,33.514050239518625
7.08,14.16,0.20900000000000002,0.21053088000000003,1.7209971217368019,81.15062048913565
7.08,14.16,0.40800000000000003,0.21053088000000003,3.3596498835818904,128.78719073875266
7.08,14.16,0.607,0.21053088000000003,4.998302645426978,176.42376098836968
7.08,14.16,0.806,0.21053088000000003,6.636955407272067,224.06033123798673
7.08,14.16,1.0050000000000001,0.21053088000000003,8.234435989171299,270.5000027376134
7.08,14.16,1.2040000000000002,0.21053088000000003,10.81197983832413,345.43067230996576
7.08,14.16,1.4030000000000002,0.21053088000000003,13.326348593134977,418.52480586338794
7.08,14.16,1.6020000000000003,0.21053088000000003,15.840717347945825,491.6189394168102
7.08,14.16,1.8010000000000004,0.21053088000000003,18.355086102756673,564.7130729702322
7.08,14.16,2.0,0.21053088000000003,20.869454857567515,637.8072065236543
7.08,15.93,0.01,0.21053088000000003,0.10493100031372174,34.17065675690816
7.08,15.93,0.20900000000000002,0.21053088000000003,2.1930579065567843,94.87369670257709
7.08,15.93,0.40800000000000003,0.21053088000000003,4.2811848127998475,155.57673664824603
7.08,15.93,0.607,0.21053088000000003,6.369311719042909,216.2797765939149
7.08,15.93,0.806,0.21053088000000003,8.457438625285974,276.98281653958384
7.08,15.93,1.0050000000000001,0.21053088000000003,10.493100031372174,336.16065447656763
7.08,15.93,1.2040000000000002,0.21053088000000003,13.950025540084143,436.6554503709882
7.08,15.93,1.4030000000000002,0.21053088000000003,17.32222248240611,534.6871385228984
7.08,15.93,1.6020000000000003,0.21053088000000003,20.694419424728082,632.7188266748087
7.08,15.93,1.8010000000000004,0.21053088000000003,24.066616367050045,730.7505148267188
7.08,15.93,2.0,0.21053088000000003,27.43881330937201,828.7822029786289
8.85,0.0,0.01,0.3289545,0.0,34.56289490552791
8.85,0.0,0.20900000000000002,0.3289545,0.0,34.56289490552791
8.85,0.0,0.40800000000000003,0.3289545,0.0,34.56289490552791
8.85,0.0,0.607,0.3289545,0.0,34.56289490552791
8.85,0.0,0.806,0.3289545,0.0,34.56289490552791
8.85,0.0,1.0050000000000001,0.3289545,0.0,34.56289490552791
8.85,0.0,1.2040000000000002,0.3289545,0.0,34.56289490552791
8.85,0.0,1.4030000000000002,0.3289545,0.0,34.56289490552791
8.85,0.0,1.6020000000000003,0.3289545,0.0,34.56289490552791
8.85,0.0,1.8010000000000004,0.3289545,0.0,34.56289490552791
8.85,0.0,2.0,0.3289545,0.0,34.56289490552791
8.85,1.77,0.01,0.3289545,0.0011405355989185235,34.59605092579355
8.85,1.77,0.20900000000000002,0.3289545,0.023837194017397142,35.25585572907964
8.85,1.77,0.40800000000000003,0.3289545,0.04653385243587576,35.91566053236574
8.85,1.77,0.607,0.3289545,0.06923051085435437,36.575465335651835
8.85,1.77,0.806,0.3289545,0.091927169272833,37.235270138937935
8.85,1.77,1.0050000000000001,0.3289545,0.11405355989185234,37.87849693209121
8.85,1.77,1.2040000000000002,0.3289545,0.12473259667694006,38.188942621291574
8.85,1.77,1.4030000000000002,0.3289545,0.13514989236435407,38.491779347521344
8.85,1.77,1.6020000000000003,0.3289545,0.14556718805176802,38.79461607375111
8.85,1.77,1.8010000000000004,0.3289545,0.15598448373918203,39.09745279998087
8.85,1.77,2.0,0.3289545,0.16640177942659598,39.400289526210635
8.85,3.54,0.01,0.3289545,0.004749164171770715,34.700955816273144
8.85,3.54,0.20900000000000002,0.3289545,0.09925753119000796,37.448367940103225
8.85,3.54,0.40800000000000003,0.3289545,0.1937658982082452,40.19578006393331
8.85,3.54,0.607,0.3289545,0.2882742652264824,42.943192187763394
8.85,3.54,0.806,0.3289545,0.3827826322447197,45.690604311593475
8.85,3.54,1.0050000000000001,0.3289545,0.47491641717707156,48.368985980050944
8.85,3.54,1.2040000000000002,0.3289545,0.54795138675206,50.492154194725146
8.85,3.54,1.4030000000000002,0.3289545,0.6191962835433477,52.56328397276516
8.85,3.54,1.6020000000000003,0.3289545,0.6904411803346354,54.634413750805194
8.85,3.54,1.8010000000000004,0.3289545,0.7616860771259231,56.70554352884521
8.85,3.54,2.0,0.3289545,0.8329309739172106,58.776673306885236
8.85,5.3100000000000005,0.01,0.3289545,0.010939723090093756,34.880918894274515
8.85,5.3100000000000005,0.20900000000000002,0.3289545,0.2286402125829595,41.20959627033187
8.85,5.3100000000000005,0.40800000000000003,0.3289545,0.4463407020758252,47.53827364638922
8.85,5.3100000000000005,0.607,0.3289545,0.6640411915686909,53.86695102244657
8.85,5.3100000000000005,0.806,0.3289545,0.8817416810615567,60.19562839850393
8.85,5.3100000000000005,1.0050000000000001,0.3289545,1.0939723090093756,66.36529378018798
8.85,5.3100000000000005,1.2040000000000002,0.3289545,1.3067069201537733,72.54961024079947
8.85,5.3100000000000005,1.4030000000000002,0.3289545,1.5142274476916904,78.58235031757243
8.85,5.3100000000000005,1.6020000000000003,0.3289545,1.7217479752296079,84.61509039434542
8.85,5.3100000000000005,1.8010000000000004,0.3289545,1.9292685027675252,90.64783047111838
8.85,5.3100000000000005,2.0,0.3289545,2.136789030305442,96.68057054789134
8.85,7.08,0.01,0.3289545,0.01977541108915607,35.1377773830718
8.85,7.08,0.20900000000000002,0.3289545,0.4133060917633619,46.57793868619517
8.85,7.08,0.40800000000000003,0.3289545,0.8068367724375678,58.018099989318536
8.85,7.08,0.607,0.3289545,1.2003674531117736,69.4582612924419
8.85,7.08,0.806,0.3289545,1.5938981337859792,80.89842259556525
8.85,7.08,1.0050000000000001,0.3289545,1.9775411089156072,92.05114265991668
8.85,7.08,1.2040000000000002,0.3289545,2.4246538767450274,105.0489657925154
8.85,7.08,1.4030000000000002,0.3289545,2.8608079983041184,117.72821482872689
8.85,7.08,1.6020000000000003,0.3289545,3.2969621198632093,130.4074638649384
8.85,7.08,1.8010000000000004,0.3289545,3.7331162414223007,143.0867129011499
8.85,7.08,2.0,0.3289545,4.169270362981391,155.76596193736134
8.85,8.85,0.01,0.3289545,0.03130132048667508,35.472842142055526
8.85,8.85,0.20900000000000002,0.3289545,0.6541975981715094,53.58079214895496
8.85,8.85,0.40800000000000003,0.3289545,1.2770938758563437,71.68874215585441
8.85,8.85,0.607,0.3289545,1.8999901535411778,89.79669216275384
8.85,8.85,0.806,0.3289545,2.522886431226012,107.90464216965327
8.85,8.85,1.0050000000000001,0.3289545,3.1301320486675084,125.55761855828891
8.85,8.85,1.2040000000000002,0.3289545,3.9200289448607233,148.52037177947423
8.85,8.85,1.4030000000000002,0.3289545,4.690565623009986,170.9203124217089
8.85,8.85,1.6020000000000003,0.3289545,5.461102301159249,193.32025306394357
8.85,8.85,1.8010000000000004,0.3289545,6.231638979308512,215.72019370617826
8.85,8.85,2.0,0.3289545,7.002175657457773,238.12013434841288
8.85,10.620000000000001,0.01,0.3289545,0.04555275696596435,35.887139527573126
8.85,10.620000000000001,0.20900000000000002,0.3289545,0.9520526205886549,62.23960750627284
8.85,10.620000000000001,0.40800000000000003,0.3289545,1.8585524842113454,88.59207548497255
8.85,10.620000000000001,0.607,0.3289545,2.7650523478340356,114.94454346367226
8.85,10.620000000000001,0.806,0.3289545,3.6715522114567265,141.29701144237197
8.85,10.620000000000001,1.0050000000000001,0.3289545,4.555275696596435,166.9873571100491
8.85,10.620000000000001,1.2040000000000002,0.3289545,5.8079397314336525,203.40301495051904
8.85,10.620000000000001,1.4030000000000002,0.3289545,7.029901216397409,238.92613215764413
8.85,10.620000000000001,1.6020000000000003,0.3289545,8.251862701361166,274.44924936476923
8.85,10.620000000000001,1.8010000000000004,0.3289545,9.47382418632492,309.97236657189427
8.85,10.620000000000001,2.0,0.3289545,10.695785671288675,345.4954837790193
8.85,12.39,0.01,0.3289545,0.06255883117129571,36.381515802654306
8.85,12.39,0.20900000000000002,0.3289545,1.3074795714800802,72.57207165546956
8.85,12.39,0.40800000000000003,0.3289545,2.552400311788865,108.76262750828481
8.85,12.39,0.607,0.3289545,3.797321052097649,144.95318336110006
8.85,12.39,0.806,0.3289545,5.0422417924064336,181.1437392139153
8.85,12.39,1.0050000000000001,0.3289545,6.255883117129571,216.42498461816734
8.85,12.39,1.2040000000000002,0.3289545,8.10141391637808,270.0756173899593
8.85,12.39,1.4030000000000002,0.3289545,9.901711117605792,322.4112836722465
8.85,12.39,1.6020000000000003,0.3289545,11.702008318833505,374.7469499545337
8.85,12.39,1.8010000000000004,0.3289545,13.502305520061215,427.08261623682085
8.85,12.39,2.0,0.3289545,15.302602721288922,479.41828251910795
8.85,14.16,0.01,0.3289545,0.082344359891713,36.95669240550867
8.85,14.16,0.20900000000000002,0.3289545,1.7209971217368019,84.5932626551257
8.85,14.16,0.40800000000000003,0.3289545,3.3596498835818904,132.2298329047427
8.85,14.16,0.607,0.3289545,4.998302645426978,179.86640315435972
8.85,14.16,0.806,0.3289545,6.636955407272067,227.50297340397677
8.85,14.16,1.0050000000000001,0.3289545,8.234435989171299,273.9426449036034
8.85,14.16,1.2040000000000002,0.3289545,10.81197983832413,348.8733144759558
8.85,14.16,1.4030000000000002,0.3289545,13.326348593134977,421.967448029378
8.85,14.16,1.6020000000000003,0.3289545,15.840717347945825,495.0615815828002
8.85,14.16,1.8010000000000004,0.3289545,18.355086102756673,568.1557151362224
8.85,14.16,2.0,0.3289545,20.869454857567515,641.2498486896444
8.85,15.93,0.01,0.3289545,0.10493100031372174,37.61329892289821
8.85,15.93,0.20900000000000002,0.3289545,2.1930579065567843,98.31633886856713
8.85,15.93,0.40800000000000003,0.3289545,4.2811848127998475,159.01937881423606
8.85,15.93,0.607,0.3289545,6.369311719042909,219.72241875990494
8.85,15.93,0.806,0.3289545,8.457438625285974,280.4254587055739
8.85,15.93,1.0050000000000001,0.3289545,10.493100031372174,339.60329664255767
8.85,15.93,1.2040000000000002,0.3289545,13.950025540084143,440.09809253697824
8.85,15.93,1.4030000000000002,0.3289545,17.32222248240611,538.1297806888886
8.85,15.93,1.6020000000000003,0.3289545,20.694419424728082,636.1614688407988
8.85,15.93,1.8010000000000004,0.3289545,24.066616367050045,734.193156992709
8.85,15.93,2.0,0.3289545,27.43881330937201,832.224845144619
10.620000000000001,0.0,0.01,0.47369448000000014,0.0,38.7705686639602
10.620000000000001,0.0,0.20900000000000002,0.47369448000000014,0.0,38.7705686639602
10.620000000000001,0.0,0.40800000000000003,0.47369448000000014,0.0,38.7705686639602
10.620000000000001,0.0,0.607,0.47369448000000014,0.0,38.7705686639602
10.620000000000001,0.0,0.806,0.47369448000000014,0.0,38.7705686639602
10.620000000000001,0.0,1.0050000000000001,0.47369448000000014,0.0,38.7705686639602
10.620000000000001,0.0,1.2040000000000002,0.47369448000000014,0.0,38.7705686639602
10.620000000000001,0.0,1.4030000000000002,0.47369448000000014,0.0,38.7705686639602
10.620000000000001,0.0,1.6020000000000003,0.47369448000000014,0.0,38.7705686639602
10.620000000000001,0.0,1.8010000000000004,0.47369448000000014,0.0,38.7705686639602
10.620000000000001,0.0,2.0,0.47369448000000014,0.0,38.7705686639602
10.620000000000001,1.77,0.01,0.47369448000000014,0.0011405355989185235,38.80372468422583
10.620000000000001,1.77,0.20900000000000002,0.47369448000000014,0.023837194017397142,39.46352948751193
10.620000000000001,1.77,0.40800000000000003,0.47369448000000014,0.04653385243587576,40.12333429079803
10.620000000000001,1.77,0.607,0.47369448000000014,0.06923051085435437,40.78313909408412
10.620000000000001,1.77,0.806,0.47369448000000014,0.091927169272833,41.44294389737022
10.620000000000001,1.77,1.0050000000000001,0.47369448000000014,0.11405355989185234,42.0861706905235
10.620000000000001,1.77,1.2040000000000002,0.47369448000000014,0.12473259667694006,42.39661637972386
10.620000000000001,1.77,1.4030000000000002,0.47369448000000014,0.13514989236435407,42.69945310595362
10.620000000000001,1.77,1.6020000000000003,0.47369448000000014,0.14556718805176802,43.00228983218339
10.620000000000001,1.77,1.8010000000000004,0.47369448000000014,0.15598448373918203,43.30512655841315
10.620000000000001,1.77,2.0,0.47369448000000014,0.16640177942659598,43.60796328464292
10.620000000000001,3.54,0.01,0.47369448000000014,0.004749164171770715,38.90862957470543
10.620000000000001,3.54,0.20900000000000002,0.47369448000000014,0.09925753119000796,41.65604169853552
10.620000000000001,3.54,0.40800000000000003,0.47369448000000014,0.1937658982082452,44.40345382236559
10.620000000000001,3.54,0.607,0.47369448000000014,0.2882742652264824,47.15086594619568
10.620000000000001,3.54,0.806,0.47369448000000014,0.3827826322447197,49.89827807002577
10.620000000000001,3.54,1.0050000000000001,0.47369448000000014,0.47491641717707156,52.57665973848323
10.620000000000001,3.54,1.2040000000000002,0.47369448000000014,0.54795138675206,54.699827953157424
10.620000000000001,3.54,1.4030000000000002,0.47369448000000014,0.6191962835433477,56.770957731197456
10.620000000000001,3.54,1.6020000000000003,0.47369448000000014,0.6904411803346354,58.84208750923747
10.620000000000001,3.54,1.8010000000000004,0.47369448000000014,0.7616860771259231,60.9132172872775
10.620000000000001,3.54,2.0,0.47369448000000014,0.8329309739172106,62.98434706531752
10.620000000000001,5.3100000000000005,0.01,0.47369448000000014,0.010939723090093756,39.0885926527068
10.620000000000001,5.3100000000000005,0.20900000000000002,0.47369448000000014,0.2286402125829595,45.41727002876415
10.620000000000001,5.3100000000000005,0.40800000000000003,0.47369448000000014,0.4463407020758252,51.74594740482151
10.620000000000001,5.3100000000000005,0.607,0.47369448000000014,0.6640411915686909,58.07462478087886
10.620000000000001,5.3100000000000005,0.806,0.47369448000000014,0.8817416810615567,64.40330215693622
10.620000000000001,5.3100000000000005,1.0050000000000001,0.47369448000000014,1.0939723090093756,70.57296753862028
10.620000000000001,5.3100000000000005,1.2040000000000002,0.47369448000000014,1.3067069201537733,76.75728399923176
10.620000000000001,5.3100000000000005,1.4030000000000002,0.47369448000000014,1.5142274476916904,82.79002407600473
10.620000000000001,5.3100000000000005,1.6020000000000003,0.47369448000000014,1.7217479752296079,88.8227641527777
10.620000000000001,5.3100000000000005,1.8010000000000004,0.47369448000000014,1.9292685027675252,94.85550422955068
10.620000000000001,5.3100000000000005,2.0,0.47369448000000014,2.136789030305442,100.88824430632363
10.620000000000001,7.08,0.01,0.47369448000000014,0.01977541108915607,39.345451141504086
10.620000000000001,7.08,0.20900000000000002,0.47369448000000014,0.4133060917633619,50.785612444627446
10.620000000000001,7.08,0.40800000000000003,0.47369448000000014,0.8068367724375678,62.225773747750814
10.620000000000001,7.08,0.607,0.47369448000000014,1.2003674531117736,73.66593505087418
10.620000000000001,7.08,0.806,0.47369448000000014,1.5938981337859792,85.10609635399754
10.620000000000001,7.08,1.0050000000000001,0.47369448000000014,1.9775411089156072,96.25881641834896
10.620000000000001,7.08,1.2040000000000002,0.47369448000000014,2.4246538767450274,109.2566395509477
10.620000000000001,7.08,1.4030000000000002,0.47369448000000014,2.8608079983041184,121.93588858715918
10.620000000000001,7.08,1.6020000000000003,0.47369448000000014,3.2969621198632093,134.61513762337069
10.620000000000001,7.08,1.8010000000000004,0.47369448000000014,3.7331162414223007,147.2943866595822
10.620000000000001,7.08,2.0,0.47369448000000014,4.169270362981391,159.97363569579363
10.620000000000001,8.85,0.01,0.47369448000000014,0.03130132048667508,39.680515900487805
10.620000000000001,8.85,0.20900000000000002,0.47369448000000014,0.6541975981715094,57.78846590738725
10.620000000000001,8.85,0.40800000000000003,0.47369448000000014,1.2770938758563437,75.89641591428669
10.620000000000001,8.85,0.607,0.47369448000000014,1.8999901535411778,94.00436592118612
10.620000000000001,8.85,0.806,0.47369448000000014,2.522886431226012,112.11231592808556
10.620000000000001,8.85,1.0050000000000001,0.47369448000000014,3.1301320486675084,129.7652923167212
10.620000000000001,8.85,1.2040000000000002,0.47369448000000014,3.9200289448607233,152.72804553790652
10.620000000000001,8.85,1.4030000000000002,0.47369448000000014,4.690565623009986,175.12798618014116
10.620000000000001,8.85,1.6020000000000003,0.47369448000000014,5.461102301159249,197.52792682237586
10.620000000000001,8.85,1.8010000000000004,0.47369448000000014,6.231638979308512,219.92786746461053
10.620000000000001,8.85,2.0,0.47369448000000014,7.002175657457773,242.32780810684517
10.620000000000001,10.620000000000001,0.01,0.47369448000000014,0.04555275696596435,40.09481328600541
10.620000000000001,10.620000000000001,0.20900000000000002,0.47369448000000014,0.9520526205886549,66.44728126470513
10.620000000000001,10.620000000000001,0.40800000000000003,0.47369448000000014,1.8585524842113454,92.79974924340485
10.620000000000001,10.620000000000001,0.607,0.47369448000000014,2.7650523478340356,119.15221722210454
10.620000000000001,10.620000000000001,0.806,0.47369448000000014,3.6715522114567265,145.50468520080426
10.620000000000001,10.620000000000001,1.0050000000000001,0.47369448000000014,4.555275696596435,171.19503086848138
10.620000000000001,10.620000000000001,1.2040000000000002,0.47369448000000014,5.8079397314336525,207.61068870895133
10.620000000000001,10.620000000000001,1.4030000000000002,0.47369448000000014,7.029901216397409,243.13380591607643
10.620000000000001,10.620000000000001,1.6020000000000003,0.47369448000000014,8.251862701361166,278.6569231232015
10.620000000000001,10.620000000000001,1.8010000000000004,0.47369448000000014,9.47382418632492,314.18004033032656
10.620000000000001,10.620000000000001,2.0,0.47369448000000014,10.695785671288675,349.7031575374516
10.620000000000001,12.39,0.01,0.47369448000000014,0.06255883117129571,40.58918956108659
10.620000000000001,12.39,0.20900000000000002,0.47369448000000014,1.3074795714800802,76.77974541390185
10.620000000000001,12.39,0.40800000000000003,0.47369448000000014,2.552400311788865,112.9703012667171
10.620000000000001,12.39,0.607,0.47369448000000014,3.797321052097649,149.16085711953235
10.620000000000001,12.39,0.806,0.47369448000000014,5.0422417924064336,185.3514129723476
10.620000000000001,12.39,1.0050000000000001,0.47369448000000014,6.255883117129571,220.63265837659964
10.620000000000001,12.39,1.2040000000000002,0.47369448000000014,8.10141391637808,274.2832911483916
10.620000000000001,12.39,1.4030000000000002,0.47369448000000014,9.901711117605792,326.6189574306788
10.620000000000001,12.39,1.6020000000000003,0.47369448000000014,11.702008318833505,378.954623712966
10.620000000000001,12.39,1.8010000000000004,0.47369448000000014,13.502305520061215,431.29028999525315
10.620000000000001,12.39,2.0,0.47369448000000014,15.302602721288922,483.62595627754024
10.620000000000001,14.16,0.01,0.47369448000000014,0.082344359891713,41.164366163940954
10.620000000000001,14.16,0.20900000000000002,0.47369448000000014,1.7209971217368019,88.80093641355799
10.620000000000001,14.16,0.40800000000000003,0.47369448000000014,3.3596498835818904,136.437506663175
10.620000000000001,14.16,0.607,0.47369448000000014,4.998302645426978,184.074076912792
10.620000000000001,14.16,0.806,0.47369448000000014,6.636955407272067,231.71064716240906
10.620000000000001,14.16,1.0050000000000001,0.47369448000000014,8.234435989171299,278.1503186620357
10.620000000000001,14.16,1.2040000000000002,0.47369448000000014,10.81197983832413,353.0809882343881
10.620000000000001,14.16,1.4030000000000002,0.47369448000000014,13.326348593134977,426.17512178781027
10.620000000000001,14.16,1.6020000000000003,0.47369448000000014,15.840717347945825,499.2692553412325
10.620000000000001,14.16,1.8010000000000004,0.47369448000000014,18.355086102756673,572.3633888946546
10.620000000000001,14.16,2.0,0.47369448000000014,20.869454857567515,645.4575224480766
10.620000000000001,15.93,0.01,0.47369448000000014,0.10493100031372174,41.820972681330495
10.620000000000001,15.93,0.20900000000000002,0.47369448000000014,2.1930579065567843,102.52401262699942
10.620000000000001,15.93,0.40800000000000003,0.47369448000000014,4.2811848127998475,163.22705257266836
10.620000000000001,15.93,0.607,0.47369448000000014,6.369311719042909,223.93009251833723
10.620000000000001,15.93,0.806,0.47369448000000014,8.457438625285974,284.63313246400617
10.620000000000001,15.93,1.0050000000000001,0.47369448000000014,10.493100031372174,343.81097040098996
10.620000000000001,15.93,1.2040000000000002,0.47369448000000014,13.950025540084143,444.30576629541054
10.620000000000001,15.93,1.4030000000000002,0.47369448000000014,17.32222248240611,542.3374544473207
10.620000000000001,15.93,1.6020000000000003,0.47369448000000014,20.694419424728082,640.369142599231
10.620000000000001,15.93,1.8010000000000004,0.47369448000000014,24.066616367050045,738.4008307511411
10.620000000000001,15.93,2.0,0.47369448000000014,27.43881330937201,836.4325189030512
12.39,0.0,0.01,0.6447508200000001,0.0,43.74327401483471
12.39,0.0,0.20900000000000002,0.6447508200000001,0.0,43.74327401483471
12.39,0.0,0.40800000000000003,0.6447508200000001,0.0,43.74327401483471
12.39,0.0,0.607,0.6447508200000001,0.0,43.74327401483471
12.39,0.0,0.806,0.6447508200000001,0.0,43.74327401483471
12.39,0.0,1.0050000000000001,0.6447508200000001,0.0,43.74327401483471
12.39,0.0,1.2040000000000002,0.6447508200000001,0.0,43.74327401483471
12.39,0.0,1.4030000000000002,0.6447508200000001,0.0,43.74327401483471
12.39,0.0,1.6020000000000003,0.6447508200000001,0.0,43.74327401483471
12.39,0.0,1.8010000000000004,0.6447508200000001,0.0,43.74327401483471
12.39,0.0,2.0,0.6447508200000001,0.0,43.74327401483471
12.39,1.77,0.01,0.6447508200000001,0.0011405355989185235,43.77643003510035
12.39,1.77,0.20900000000000002,0.6447508200000001,0.023837194017397142,44.43623483838644
12.39,1.77,0.40800000000000003,0.6447508200000001,0.04653385243587576,45.09603964167253
12.39,1.77,0.607,0.6447508200000001,0.06923051085435437,45.75584444495864
12.39,1.77,0.806,0.6447508200000001,0.091927169272833,46.41564924824473
12.39,1.77,1.0050000000000001,0.6447508200000001,0.11405355989185234,47.058876041398015
12.39,1.77,1.2040000000000002,0.6447508200000001,0.12473259667694006,47.36932173059837
12.39,1.77,1.4030000000000002,0.6447508200000001,0.13514989236435407,47.67215845682814
12.39,1.77,1.6020000000000003,0.6447508200000001,0.14556718805176802,47.974995183057906
12.39,1.77,1.8010000000000004,0.6447508200000001,0.15598448373918203,48.27783190928767
12.39,1.77,2.0,0.6447508200000001,0.16640177942659598,48.58066863551743
12.39,3.54,0.01,0.6447508200000001,0.004749164171770715,43.88133492557995
12.39,3.54,0.20900000000000002,0.6447508200000001,0.09925753119000796,46.62874704941002
12.39,3.54,0.40800000000000003,0.6447508200000001,0.1937658982082452,49.37615917324011
12.39,3.54,0.607,0.6447508200000001,0.2882742652264824,52.1235712970702
12.39,3.54,0.806,0.6447508200000001,0.3827826322447197,54.870983420900274
12.39,3.54,1.0050000000000001,0.6447508200000001,0.47491641717707156,57.54936508935774
12.39,3.54,1.2040000000000002,0.6447508200000001,0.54795138675206,59.672533304031944
12.39,3.54,1.4030000000000002,0.6447508200000001,0.6191962835433477,61.74366308207197
12.39,3.54,1.6020000000000003,0.6447508200000001,0.6904411803346354,63.814792860111986
12.39,3.54,1.8010000000000004,0.6447508200000001,0.7616860771259231,65.88592263815201
12.39,3.54,2.0,0.6447508200000001,0.8329309739172106,67.95705241619203
12.39,5.3100000000000005,0.01,0.6447508200000001,0.010939723090093756,44.061298003581314
12.39,5.3100000000000005,0.20900000000000002,0.6447508200000001,0.2286402125829595,50.38997537963867
12.39,5.3100000000000005,0.40800000000000003,0.6447508200000001,0.4463407020758252,56.71865275569601
12.39,5.3100000000000005,0.607,0.6447508200000001,0.6640411915686909,63.04733013175338
12.39,5.3100000000000005,0.806,0.6447508200000001,0.8817416810615567,69.37600750781073
12.39,5.3100000000000005,1.0050000000000001,0.6447508200000001,1.0939723090093756,75.54567288949477
12.39,5.3100000000000005,1.2040000000000002,0.6447508200000001,1.3067069201537733,81.72998935010628
12.39,5.3100000000000005,1.4030000000000002,0.6447508200000001,1.5142274476916904,87.76272942687925
12.39,5.3100000000000005,1.6020000000000003,0.6447508200000001,1.7217479752296079,93.79546950365221
12.39,5.3100000000000005,1.8010000000000004,0.6447508200000001,1.9292685027675252,99.8282095804252
12.39,5.3100000000000005,2.0,0.6447508200000001,2.136789030305442,105.86094965719815
12.39,7.08,0.01,0.6447508200000001,0.01977541108915607,44.3181564923786
12.39,7.08,0.20900000000000002,0.6447508200000001,0.4133060917633619,55.758317795501966
12.39,7.08,0.40800000000000003,0.6447508200000001,0.8068367724375678,67.19847909862533
12.39,7.08,0.607,0.6447508200000001,1.2003674531117736,78.63864040174869
12.39,7.08,0.806,0.6447508200000001,1.5938981337859792,90.07880170487205
12.39,7.08,1.0050000000000001,0.6447508200000001,1.9775411089156072,101.23152176922348
12.39,7.08,1.2040000000000002,0.6447508200000001,2.4246538767450274,114.22934490182222
12.39,7.08,1.4030000000000002,0.6447508200000001,2.8608079983041184,126.9085939380337
12.39,7.08,1.6020000000000003,0.6447508200000001,3.2969621198632093,139.58784297424518
12.39,7.08,1.8010000000000004,0.6447508200000001,3.7331162414223007,152.2670920104567
12.39,7.08,2.0,0.6447508200000001,4.169270362981391,164.94634104666815
12.39,8.85,0.01,0.6447508200000001,0.03130132048667508,44.653221251362325
12.39,8.85,0.20900000000000002,0.6447508200000001,0.6541975981715094,62.76117125826176
12.39,8.85,0.40800000000000003,0.6447508200000001,1.2770938758563437,80.8691212651612
12.39,8.85,0.607,0.6447508200000001,1.8999901535411778,98.97707127206064
12.39,8.85,0.806,0.6447508200000001,2.522886431226012,117.08502127896008
12.39,8.85,1.0050000000000001,0.6447508200000001,3.1301320486675084,134.73799766759572
12.39,8.85,1.2040000000000002,0.6447508200000001,3.9200289448607233,157.70075088878102
12.39,8.85,1.4030000000000002,0.6447508200000001,4.690565623009986,180.10069153101568
12.39,8.85,1.6020000000000003,0.6447508200000001,5.461102301159249,202.50063217325038
12.39,8.85,1.8010000000000004,0.6447508200000001,6.231638979308512,224.90057281548505
12.39,8.85,2.0,0.6447508200000001,7.002175657457773,247.3005134577197
12.39,10.620000000000001,0.01,0.6447508200000001,0.04555275696596435,45.067518636879925
12.39,10.620000000000001,0.20900000000000002,0.6447508200000001,0.9520526205886549,71.41998661557965
12.39,10.620000000000001,0.40800000000000003,0.6447508200000001,1.8585524842113454,97.77245459427937
12.39,10.620000000000001,0.607,0.6447508200000001,2.7650523478340356,124.12492257297906
12.39,10.620000000000001,0.806,0.6447508200000001,3.6715522114567265,150.4773905516788
12.39,10.620000000000001,1.0050000000000001,0.6447508200000001,4.555275696596435,176.1677362193559
12.39,10.620000000000001,1.2040000000000002,0.6447508200000001,5.8079397314336525,212.58339405982585
12.39,10.620000000000001,1.4030000000000002,0.6447508200000001,7.029901216397409,248.10651126695095
12.39,10.620000000000001,1.6020000000000003,0.6447508200000001,8.251862701361166,283.629628474076
12.39,10.620000000000001,1.8010000000000004,0.6447508200000001,9.47382418632492,319.15274568120105
12.39,10.620000000000001,2.0,0.6447508200000001,10.695785671288675,354.6758628883261
12.39,12.39,0.01,0.6447508200000001,0.06255883117129571,45.561894911961105
12.39,12.39,0.20900000000000002,0.6447508200000001,1.3074795714800802,81.75245076477637
12.39,12.39,0.40800000000000003,0.6447508200000001,2.552400311788865,117.94300661759162
12.39,12.39,0.607,0.6447508200000001,3.797321052097649,154.13356247040684
12.39,12.39,0.806,0.6447508200000001,5.0422417924064336,190.3241183232221
12.39,12.39,1.0050000000000001,0.6447508200000001,6.255883117129571,225.60536372747416
12.39,12.39,1.2040000000000002,0.6447508200000001,8.10141391637808,279.2559964992661
12.39,12.39,1.4030000000000002,0.6447508200000001,9.901711117605792,331.5916627815533
12.39,12.39,1.6020000000000003,0.6447508200000001,11.702008318833505,383.9273290638405
12.39,12.39,1.8010000000000004,0.6447508200000001,13.502305520061215,436.26299534612764
12.39,12.39,2.0,0.6447508200000001,15.302602721288922,488.59866162841473
12.39,14.16,0.01,0.6447508200000001,0.082344359891713,46.13707151481547
12.39,14.16,0.20900000000000002,0.6447508200000001,1.7209971217368019,93.7736417644325
12.39,14.16,0.40800000000000003,0.6447508200000001,3.3596498835818904,141.41021201404953
12.39,14.16,0.607,0.6447508200000001,4.998302645426978,189.04678226366653
12.39,14.16,0.806,0.6447508200000001,6.636955407272067,236.68335251328355
12.39,14.16,1.0050000000000001,0.6447508200000001,8.234435989171299,283.12302401291015
12.39,14.16,1.2040000000000002,0.6447508200000001,10.81197983832413,358.0536935852626
12.39,14.16,1.4030000000000002,0.6447508200000001,13.326348593134977,431.14782713868476
12.39,14.16,1.6020000000000003,0.6447508200000001,15.840717347945825,504.24196069210706
12.39,14.16,1.8010000000000004,0.6447508200000001,18.355086102756673,577.3360942455292
12.39,14.16,2.0,0.6447508200000001,20.869454857567515,650.4302277989513
12.39,15.93,0.01,0.6447508200000001,0.10493100031372174,46.79367803220501
12.39,15.93,0.20900000000000002,0.6447508200000001,2.1930579065567843,107.49671797787393
12.39,15.93,0.40800000000000003,0.6447508200000001,4.2811848127998475,168.19975792354285
12.39,15.93,0.607,0.6447508200000001,6.369311719042909,228.90279786921175
12.39,15.93,0.806,0.6447508200000001,8.457438625285974,289.60583781488066
12.39,15.93,1.0050000000000001,0.6447508200000001,10.493100031372174,348.78367575186445
12.39,15.93,1.2040000000000002,0.6447508200000001,13.950025540084143,449.278471646285
12.39,15.93,1.4030000000000002,0.6447508200000001,17.32222248240611,547.3101597981953
12.39,15.93,1.6020000000000003,0.6447508200000001,20.694419424728082,645.3418479501056
12.39,15.93,1.8010000000000004,0.6447508200000001,24.066616367050045,743.3735361020158
12.39,15.93,2.0,0.6447508200000001,27.43881330937201,841.4052242539259
14.16,0.0,0.01,0.8421235200000001,0.0,49.48101095815146
14.16,0.0,0.20900000000000002,0.8421235200000001,0.0,49.48101095815146
14.16,0.0,0.40800000000000003,0.8421235200000001,0.0,49.48101095815146
14.16,0.0,0.607,0.8421235200000001,0.0,49.48101095815146
14.16,0.0,0.806,0.8421235200000001,0.0,49.48101095815146
14.16,0.0,1.0050000000000001,0.8421235200000001,0.0,49.48101095815146
14.16,0.0,1.2040000000000002,0.8421235200000001,0.0,49.48101095815146
14.16,0.0,1.4030000000000002,0.8421235200000001,0.0,49.48101095815146
14.16,0.0,1.6020000000000003,0.8421235200000001,0.0,49.48101095815146
14.16,0.0,1.8010000000000004,0.8421235200000001,0.0,49.48101095815146
14.16,0.0,2.0,0.8421235200000001,0.0,49.48101095815146
14.16,1.77,0.01,0.8421235200000001,0.0011405355989185235,49.514166978417094
14.16,1.77,0.20900000000000002,0.8421235200000001,0.023837194017397142,50.17397178170319
14.16,1.77,0.40800000000000003,0.8421235200000001,0.04653385243587576,50.833776584989295
14.16,1.77,0.607,0.8421235200000001,0.06923051085435437,51.49358138827539
14.16,1.77,0.806,0.8421235200000001,0.091927169272833,52.15338619156148
14.16,1.77,1.0050000000000001,0.8421235200000001,0.11405355989185234,52.79661298471476
14.16,1.77,1.2040000000000002,0.8421235200000001,0.12473259667694006,53.10705867391512
14.16,1.77,1.4030000000000002,0.8421235200000001,0.13514989236435407,53.40989540014489
14.16,1.77,1.6020000000000003,0.8421235200000001,0.14556718805176802,53.71273212637465
14.16,1.77,1.8010000000000004,0.8421235200000001,0.15598448373918203,54.01556885260442
14.16,1.77,2.0,0.8421235200000001,0.16640177942659598,54.31840557883419
14.16,3.54,0.01,0.8421235200000001,0.004749164171770715,49.6190718688967
14.16,3.54,0.20900000000000002,0.8421235200000001,0.09925753119000796,52.36648399272677
14.16,3.54,0.40800000000000003,0.8421235200000001,0.1937658982082452,55.11389611655686
14.16,3.54,0.607,0.8421235200000001,0.2882742652264824,57.86130824038694
14.16,3.54,0.806,0.8421235200000001,0.3827826322447197,60.60872036421703
14.16,3.54,1.0050000000000001,0.8421235200000001,0.47491641717707156,63.28710203267449
14.16,3.54,1.2040000000000002,0.8421235200000001,0.54795138675206,65.41027024734869
14.16,3.54,1.4030000000000002,0.8421235200000001,0.6191962835433477,67.48140002538872
14.16,3.54,1.6020000000000003,0.8421235200000001,0.6904411803346354,69.55252980342874
14.16,3.54,1.8010000000000004,0.8421235200000001,0.7616860771259231,71.62365958146876
14.16,3.54,2.0,0.8421235200000001,0.8329309739172106,73.69478935950877
14.16,5.3100000000000005,0.01,0.8421235200000001,0.010939723090093756,49.79903494689806
14.16,5.3100000000000005,0.20900000000000002,0.8421235200000001,0.2286402125829595,56.12771232295542
14.16,5.3100000000000005,0.40800000000000003,0.8421235200000001,0.4463407020758252,62.45638969901277
14.16,5.3100000000000005,0.607,0.8421235200000001,0.6640411915686909,68.78506707507012
14.16,5.3100000000000005,0.806,0.8421235200000001,0.8817416810615567,75.11374445112747
14.16,5.3100000000000005,1.0050000000000001,0.8421235200000001,1.0939723090093756,81.28340983281153
14.16,5.3100000000000005,1.2040000000000002,0.8421235200000001,1.3067069201537733,87.46772629342303
14.16,5.3100000000000005,1.4030000000000002,0.8421235200000001,1.5142274476916904,93.500466370196
14.16,5.3100000000000005,1.6020000000000003,0.8421235200000001,1.7217479752296079,99.53320644696896
14.16,5.3100000000000005,1.8010000000000004,0.8421235200000001,1.9292685027675252,105.56594652374193
14.16,5.3100000000000005,2.0,0.8421235200000001,2.136789030305442,111.5986866005149
14.16,7.08,0.01,0.8421235200000001,0.01977541108915607,50.055893435695346
14.16,7.08,0.20900000000000002,0.8421235200000001,0.4133060917633619,61.496054738818714
14.16,7.08,0.40800000000000003,0.8421235200000001,0.8068367724375678,72.93621604194209
14.16,7.08,0.607,0.8421235200000001,1.2003674531117736,84.37637734506544
14.16,7.08,0.806,0.8421235200000001,1.5938981337859792,95.81653864818881
14.16,7.08,1.0050000000000001,0.8421235200000001,1.9775411089156072,106.96925871254022
14.16,7.08,1.2040000000000002,0.8421235200000001,2.4246538767450274,119.96708184513895
14.16,7.08,1.4030000000000002,0.8421235200000001,2.8608079983041184,132.64633088135045
14.16,7.08,1.6020000000000003,0.8421235200000001,3.2969621198632093,145.32557991756192
14.16,7.08,1.8010000000000004,0.8421235200000001,3.7331162414223007,158.00482895377345
14.16,7.08,2.0,0.8421235200000001,4.169270362981391,170.6840779899849
14.16,8.85,0.01,0.8421235200000001,0.03130132048667508,50.39095819467907
14.16,8.85,0.20900000000000002,0.8421235200000001,0.6541975981715094,68.4989082015785
14.16,8.85,0.40800000000000003,0.8421235200000001,1.2770938758563437,86.60685820847795
14.16,8.85,0.607,0.8421235200000001,1.8999901535411778,104.71480821537739
14.16,8.85,0.806,0.8421235200000001,2.522886431226012,122.82275822227683
14.16,8.85,1.0050000000000001,0.8421235200000001,3.1301320486675084,140.47573461091247
14.16,8.85,1.2040000000000002,0.8421235200000001,3.9200289448607233,163.43848783209776
14.16,8.85,1.4030000000000002,0.8421235200000001,4.690565623009986,185.83842847433243
14.16,8.85,1.6020000000000003,0.8421235200000001,5.461102301159249,208.23836911656713
14.16,8.85,1.8010000000000004,0.8421235200000001,6.231638979308512,230.6383097588018
14.16,8.85,2.0,0.8421235200000001,7.002175657457773,253.03825040103644
14.16,10.620000000000001,0.01,0.8421235200000001,0.04555275696596435,50.80525558019667
14.16,10.620000000000001,0.20900000000000002,0.8421235200000001,0.9520526205886549,77.15772355889638
14.16,10.620000000000001,0.40800000000000003,0.8421235200000001,1.8585524842113454,103.5101915375961
14.16,10.620000000000001,0.607,0.8421235200000001,2.7650523478340356,129.86265951629582
14.16,10.620000000000001,0.806,0.8421235200000001,3.6715522114567265,156.21512749499553
14.16,10.620000000000001,1.0050000000000001,0.8421235200000001,4.555275696596435,181.90547316267262
14.16,10.620000000000001,1.2040000000000002,0.8421235200000001,5.8079397314336525,218.3211310031426
14.16,10.620000000000001,1.4030000000000002,0.8421235200000001,7.029901216397409,253.8442482102677
14.16,10.620000000000001,1.6020000000000003,0.8421235200000001,8.251862701361166,289.3673654173928
14.16,10.620000000000001,1.8010000000000004,0.8421235200000001,9.47382418632492,324.89048262451786
14.16,10.620000000000001,2.0,0.8421235200000001,10.695785671288675,360.4135998316429
14.16,12.39,0.01,0.8421235200000001,0.06255883117129571,51.29963185527785
14.16,12.39,0.20900000000000002,0.8421235200000001,1.3074795714800802,87.4901877080931
14.16,12.39,0.40800000000000003,0.8421235200000001,2.552400311788865,123.68074356090837
14.16,12.39,0.607,0.8421235200000001,3.797321052097649,159.8712994137236
14.16,12.39,0.806,0.8421235200000001,5.0422417924064336,196.06185526653886
14.16,12.39,1.0050000000000001,0.8421235200000001,6.255883117129571,231.3431006707909
14.16,12.39,1.2040000000000002,0.8421235200000001,8.10141391637808,284.9937334425828
14.16,12.39,1.4030000000000002,0.8421235200000001,9.901711117605792,337.3293997248701
14.16,12.39,1.6020000000000003,0.8421235200000001,11.702008318833505,389.6650660071573
14.16,12.39,1.8010000000000004,0.8421235200000001,13.502305520061215,442.00073228944444
14.16,12.39,2.0,0.8421235200000001,15.302602721288922,494.3363985717315
14.16,14.16,0.01,0.8421235200000001,0.082344359891713,51.874808458132215
14.16,14.16,0.20900000000000002,0.8421235200000001,1.7209971217368019,99.51137870774924
14.16,14.16,0.40800000000000003,0.8421235200000001,3.3596498835818904,147.14794895736628
14.16,14.16,0.607,0.8421235200000001,4.998302645426978,194.78451920698328
14.16,14.16,0.806,0.8421235200000001,6.636955407272067,242.4210894566003
14.16,14.16,1.0050000000000001,0.8421235200000001,8.234435989171299,288.86076095622695
14.16,14.16,1.2040000000000002,0.8421235200000001,10.81197983832413,363.7914305285794
14.16,14.16,1.4030000000000002,0.8421235200000001,13.326348593134977,436.8855640820015
14.16,14.16,1.6020000000000003,0.8421235200000001,15.840717347945825,509.9796976354238
14.16,14.16,1.8010000000000004,0.8421235200000001,18.355086102756673,583.0738311888459
14.16,14.16,2.0,0.8421235200000001,20.869454857567515,656.1679647422679
14.16,15.93,0.01,0.8421235200000001,0.10493100031372174,52.531414975521756
14.16,15.93,0.20900000000000002,0.8421235200000001,2.1930579065567843,113.23445492119068
14.16,15.93,0.40800000000000003,0.8421235200000001,4.2811848127998475,173.9374948668596
14.16,15.93,0.607,0.8421235200000001,6.369311719042909,234.6405348125285
14.16,15.93,0.806,0.8421235200000001,8.457438625285974,295.34357475819746
14.16,15.93,1.0050000000000001,0.8421235200000001,10.493100031372174,354.52141269518125
14.16,15.93,1.2040000000000002,0.8421235200000001,13.950025540084143,455.0162085896018
14.16,15.93,1.4030000000000002,0.8421235200000001,17.32222248240611,553.0478967415121
14.16,15.93,1.6020000000000003,0.8421235200000001,20.694419424728082,651.0795848934224
14.16,15.93,1.8010000000000004,0.8421235200000001,24.066616367050045,749.1112730453325
14.16,15.93,2.0,0.8421235200000001,27.43881330937201,847.1429611972426
15.93,0.0,0.01,1.06581258,0.0,55.98377949391044
15.93,0.0,0.20900000000000002,1.06581258,0.0,55.98377949391044
15.93,0.0,0.40800000000000003,1.06581258,0.0,55.98377949391044
15.93,0.0,0.607,1.06581258,0.0,55.98377949391044
15.93,0.0,0.806,1.06581258,0.0,55.98377949391044
15.93,0.0,1.0050000000000001,1.06581258,0.0,55.98377949391044
15.93,0.0,1.2040000000000002,1.06581258,0.0,55.98377949391044
15.93,0.0,1.4030000000000002,1.06581258,0.0,55.98377949391044
15.93,0.0,1.6020000000000003,1.06581258,0.0,55.98377949391044
15.93,0.0,1.8010000000000004,1.06581258,0.0,55.98377949391044
15.93,0.0,2.0,1.06581258,0.0,55.98377949391044
15.93,1.77,0.01,1.06581258,0.0011405355989185235,56.016935514176076
15.93,1.77,0.20900000000000002,1.06581258,0.023837194017397142,56.676740317462176
15.93,1.77,0.40800000000000003,1.06581258,0.04653385243587576,57.33654512074827
15.93,1.77,0.607,1.06581258,0.06923051085435437,57.99634992403436
15.93,1.77,0.806,1.06581258,0.091927169272833,58.65615472732046
15.93,1.77,1.0050000000000001,1.06581258,0.11405355989185234,59.29938152047374
15.93,1.77,1.2040000000000002,1.06581258,0.12473259667694006,59.60982720967411
15.93,1.77,1.4030000000000002,1.06581258,0.13514989236435407,59.91266393590387
15.93,1.77,1.6020000000000003,1.06581258,0.14556718805176802,60.21550066213363
15.93,1.77,1.8010000000000004,1.06581258,0.15598448373918203,60.5183373883634
15.93,1.77,2.0,1.06581258,0.16640177942659598,60.82117411459316
15.93,3.54,0.01,1.06581258,0.004749164171770715,56.12184040465567
15.93,3.54,0.20900000000000002,1.06581258,0.09925753119000796,58.86925252848575
15.93,3.54,0.40800000000000003,1.06581258,0.1937658982082452,61.61666465231584
15.93,3.54,0.607,1.06581258,0.2882742652264824,64.36407677614592
15.93,3.54,0.806,1.06581258,0.3827826322447197,67.111488899976
15.93,3.54,1.0050000000000001,1.06581258,0.47491641717707156,69.78987056843347
15.93,3.54,1.2040000000000002,1.06581258,0.54795138675206,71.91303878310767
15.93,3.54,1.4030000000000002,1.06581258,0.6191962835433477,73.9841685611477
15.93,3.54,1.6020000000000003,1.06581258,0.6904411803346354,76.05529833918771
15.93,3.54,1.8010000000000004,1.06581258,0.7616860771259231,78.12642811722773
15.93,3.54,2.0,1.06581258,0.8329309739172106,80.19755789526776
15.93,5.3100000000000005,0.01,1.06581258,0.010939723090093756,56.30180348265704
15.93,5.3100000000000005,0.20900000000000002,1.06581258,0.2286402125829595,62.63048085871439
15.93,5.3100000000000005,0.40800000000000003,1.06581258,0.4463407020758252,68.95915823477175
15.93,5.3100000000000005,0.607,1.06581258,0.6640411915686909,75.28783561082909
15.93,5.3100000000000005,0.806,1.06581258,0.8817416810615567,81.61651298688645
15.93,5.3100000000000005,1.0050000000000001,1.06581258,1.0939723090093756,87.78617836857052
15.93,5.3100000000000005,1.2040000000000002,1.06581258,1.3067069201537733,93.970494829182
15.93,5.3100000000000005,1.4030000000000002,1.06581258,1.5142274476916904,100.00323490595497
15.93,5.3100000000000005,1.6020000000000003,1.06581258,1.7217479752296079,106.03597498272794
15.93,5.3100000000000005,1.8010000000000004,1.06581258,1.9292685027675252,112.0687150595009
15.93,5.3100000000000005,2.0,1.06581258,2.136789030305442,118.10145513627386
15.93,7.08,0.01,1.06581258,0.01977541108915607,56.55866197145433
15.93,7.08,0.20900000000000002,1.06581258,0.4133060917633619,67.99882327457769
15.93,7.08,0.40800000000000003,1.06581258,0.8068367724375678,79.43898457770106
15.93,7.08,0.607,1.06581258,1.2003674531117736,90.87914588082442
15.93,7.08,0.806,1.06581258,1.5938981337859792,102.31930718394779
15.93,7.08,1.0050000000000001,1.06581258,1.9775411089156072,113.4720272482992
15.93,7.08,1.2040000000000002,1.06581258,2.4246538767450274,126.46985038089792
15.93,7.08,1.4030000000000002,1.06581258,2.8608079983041184,139.14909941710943
15.93,7.08,1.6020000000000003,1.06581258,3.2969621198632093,151.82834845332093
15.93,7.08,1.8010000000000004,1.06581258,3.7331162414223007,164.50759748953243
15.93,7.08,2.0,1.06581258,4.169270362981391,177.18684652574387
15.93,8.85,0.01,1.06581258,0.03130132048667508,56.893726730438054
15.93,8.85,0.20900000000000002,1.06581258,0.6541975981715094,75.00167673733749
15.93,8.85,0.40800000000000003,1.06581258,1.2770938758563437,93.10962674423693
15.93,8.85,0.607,1.06581258,1.8999901535411778,111.21757675113638
15.93,8.85,0.806,1.06581258,2.522886431226012,129.3255267580358
15.93,8.85,1.0050000000000001,1.06581258,3.1301320486675084,146.97850314667141
15.93,8.85,1.2040000000000002,1.06581258,3.9200289448607233,169.94125636785677
15.93,8.85,1.4030000000000002,1.06581258,4.690565623009986,192.3411970100914
15.93,8.85,1.6020000000000003,1.06581258,5.461102301159249,214.7411376523261
15.93,8.85,1.8010000000000004,1.06581258,6.231638979308512,237.14107829456077
15.93,8.85,2.0,1.06581258,7.002175657457773,259.5410189367954
15.93,10.620000000000001,0.01,1.06581258,0.04555275696596435,57.308024115955654
15.93,10.620000000000001,0.20900000000000002,1.06581258,0.9520526205886549,83.66049209465537
15.93,10.620000000000001,0.40800000000000003,1.06581258,1.8585524842113454,110.01296007335507
15.93,10.620000000000001,0.607,1.06581258,2.7650523478340356,136.36542805205477
15.93,10.620000000000001,0.806,1.06581258,3.6715522114567265,162.7178960307545
15.93,10.620000000000001,1.0050000000000001,1.06581258,4.555275696596435,188.4082416984316
15.93,10.620000000000001,1.2040000000000002,1.06581258,5.8079397314336525,224.82389953890157
15.93,10.620000000000001,1.4030000000000002,1.06581258,7.029901216397409,260.34701674602667
15.93,10.620000000000001,1.6020000000000003,1.06581258,8.251862701361166,295.87013395315176
15.93,10.620000000000001,1.8010000000000004,1.06581258,9.47382418632492,331.3932511602768
15.93,10.620000000000001,2.0,1.06581258,10.695785671288675,366.91636836740184
15.93,12.39,0.01,1.06581258,0.06255883117129571,57.802400391036834
15.93,12.39,0.20900000000000002,1.06581258,1.3074795714800802,93.99295624385208
15.93,12.39,0.40800000000000003,1.06581258,2.552400311788865,130.18351209666736
15.93,12.39,0.607,1.06581258,3.797321052097649,166.37406794948257
15.93,12.39,0.806,1.06581258,5.0422417924064336,202.56462380229783
15.93,12.39,1.0050000000000001,1.06581258,6.255883117129571,237.84586920654988
15.93,12.39,1.2040000000000002,1.06581258,8.10141391637808,291.4965019783418
15.93,12.39,1.4030000000000002,1.06581258,9.901711117605792,343.83216826062903
15.93,12.39,1.6020000000000003,1.06581258,11.702008318833505,396.16783454291624
15.93,12.39,1.8010000000000004,1.06581258,13.502305520061215,448.5035008252034
15.93,12.39,2.0,1.06581258,15.302602721288922,500.8391671074905
15.93,14.16,0.01,1.06581258,0.082344359891713,58.377576993891196
15.93,14.16,0.20900000000000002,1.06581258,1.7209971217368019,106.01414724350822
15.93,14.16,0.40800000000000003,1.06581258,3.3596498835818904,153.65071749312523
15.93,14.16,0.607,1.06581258,4.998302645426978,201.28728774274225
15.93,14.16,0.806,1.06581258,6.636955407272067,248.92385799235927
15.93,14.16,1.0050000000000001,1.06581258,8.234435989171299,295.3635294919859
15.93,14.16,1.2040000000000002,1.06581258,10.81197983832413,370.29419906433833
15.93,14.16,1.4030000000000002,1.06581258,13.326348593134977,443.3883326177605
15.93,14.16,1.6020000000000003,1.06581258,15.840717347945825,516.4824661711828
15.93,14.16,1.8010000000000004,1.06581258,18.355086102756673,589.5765997246049
15.93,14.16,2.0,1.06581258,20.869454857567515,662.670733278027
15.93,15.93,0.01,1.06581258,0.10493100031372174,59.03418351128074
15.93,15.93,0.20900000000000002,1.06581258,2.1930579065567843,119.73722345694965
15.93,15.93,0.40800000000000003,1.06581258,4.2811848127998475,180.44026340261857
15.93,15.93,0.607,1.06581258,6.369311719042909,241.14330334828747
15.93,15.93,0.806,1.06581258,8.457438625285974,301.8463432939564
15.93,15.93,1.0050000000000001,1.06581258,10.493100031372174,361.0241812309402
15.93,15.93,1.2040000000000002,1.06581258,13.950025540084143,461.5189771253608
15.93,15.93,1.4030000000000002,1.06581258,17.32222248240611,559.550665277271
15.93,15.93,1.6020000000000003,1.06581258,20.694419424728082,657.5823534291814
15.93,15.93,1.8010000000000004,1.06581258,24.066616367050045,755.6140415810914
15.93,15.93,2.0,1.06581258,27.43881330937201,853.6457297330016
