0.0,2.05,0.01,0.0,0.001621544179265084,25.04838534691304
0.0,2.05,0.20900000000000002,0.0,0.03389027334664026,26.011253750482542
0.0,2.05,0.40800000000000003,0.0,0.06615900251401542,26.974122154052043
0.0,2.05,0.607,0.0,0.09037132997722673,27.696595139284288
0.0,2.05,0.806,0.0,0.10765665784433458,28.212372998469544
0.0,2.05,1.0050000000000001,0.0,0.1245076809911633,28.7151916149617
0.0,2.05,1.2040000000000002,0.0,0.14702728139939272,29.387155223495057
0.0,2.05,1.4030000000000002,0.0,0.1689949308172244,30.04264913574083
0.0,2.05,1.6020000000000003,0.0,0.19096258023505608,30.698143047986605
0.0,2.05,1.8010000000000004,0.0,0.21293022965288771,31.35363696023238
0.0,2.05,2.0,0.0,0.23489787907071932,32.00913087247815
0.0,4.1,0.01,0.0,0.006739587972009808,25.201102940176717
0.0,4.1,0.20900000000000002,0.0,0.140857388615005,29.203051449693366
0.0,4.1,0.40800000000000003,0.0,0.2749751892580002,33.204999959210014
0.0,4.1,0.607,0.0,0.39042623471424576,36.6499501229517
0.0,4.1,0.806,0.0,0.48982735982300585,39.61598582116726
0.0,4.1,1.0050000000000001,0.0,0.5867309692255155,42.507498009377386
0.0,4.1,1.2040000000000002,0.0,0.72483775950304,46.628474202362206
0.0,4.1,1.4030000000000002,0.0,0.859559579430625,50.64844607689152
0.0,4.1,1.6020000000000003,0.0,0.9942813993582101,54.66841795142083
0.0,4.1,1.8010000000000004,0.0,1.1290032192857953,58.68838982595014
0.0,4.1,2.0,0.0,1.2637250392133799,62.708361700479436
0.0,6.1499999999999995,0.01,0.0,0.015507875784319794,25.462740367671465
0.0,6.1499999999999995,0.20900000000000002,0.0,0.3241146038922837,34.671273684333634
0.0,6.1499999999999995,0.40800000000000003,0.0,0.6327213320002476,43.87980700099581
0.0,6.1499999999999995,0.607,0.0,0.9203981026377317,52.463810153118565
0.0,6.1499999999999995,0.806,0.0,1.1900790219921864,60.51083409834763
0.0,6.1499999999999995,1.0050000000000001,0.0,1.452984038850298,68.35567151228953
0.0,6.1499999999999995,1.2040000000000002,0.0,1.8464303470820471,80.09573777682765
0.0,6.1499999999999995,1.4030000000000002,0.0,2.230233363445371,91.5480573191957
0.0,6.1499999999999995,1.6020000000000003,0.0,2.6140363798086943,103.00037686156377
0.0,6.1499999999999995,1.8010000000000004,0.0,2.997839396172018,114.45269640393182
0.0,6.1499999999999995,2.0,0.0,3.3816424125353404,125.90501594629987
0.0,8.2,0.01,0.0,0.02801159944531727,25.835839673122614
0.0,8.2,0.20900000000000002,0.0,0.585442428407131,42.469049168262615
0.0,8.2,0.40800000000000003,0.0,1.1428732573689446,59.102258663402615
0.0,8.2,0.607,0.0,1.6925477979003962,75.50402783686678
0.0,8.2,0.806,0.0,2.2355533801552747,91.70680159356296
0.0,8.2,1.0050000000000001,0.0,2.764915606072091,107.50247048200045
0.0,8.2,1.2040000000000002,0.0,3.5878082861964615,132.05681091203707
0.0,8.2,1.4030000000000002,0.0,4.3905320280824895,156.00932927271003
0.0,8.2,1.6020000000000003,0.0,5.193255769968518,179.96184763338297
0.0,8.2,1.8010000000000004,0.0,5.995979511854546,203.9143659940559
0.0,8.2,2.0,0.0,6.798703253740571,227.86688435472882
0.0,10.25,0.01,0.0,0.044311483306667745,26.322212813835407
0.0,10.25,0.20900000000000002,0.0,0.9261100011093559,52.63424780916002
0.0,10.25,0.40800000000000003,0.0,1.807908518912044,78.94628280448464
0.0,10.25,0.607,0.0,2.716052604118609,106.04444465022611
0.0,10.25,0.806,0.0,3.6468489528873866,133.81852864772793
0.0,10.25,1.0050000000000001,0.0,4.554258458722274,160.8947713387598
0.0,10.25,1.2040000000000002,0.0,6.009225530453039,204.3096146794141
0.0,10.25,1.4030000000000002,0.0,7.428531644543343,246.66036872250328
0.0,10.25,1.6020000000000003,0.0,8.847837758633647,289.01112276559246
0.0,10.25,1.8010000000000004,0.0,10.26714387272395,331.3618768086817
0.0,10.25,2.0,0.0,11.68644998681425,373.71263085177077
0.0,12.299999999999999,0.01,0.0,0.06445503887214031,26.923277488212165
0.0,12.299999999999999,0.20900000000000002,0.0,1.3471103124277326,65.19649950363424
0.0,12.299999999999999,0.40800000000000003,0.0,2.629765585983325,103.46972151905634
0.0,12.299999999999999,0.607,0.0,3.998352443118566,144.3070608341826
0.0,12.299999999999999,0.806,0.0,5.440824400154068,187.34906175279292
0.0,12.299999999999999,1.0050000000000001,0.0,6.847053343193701,229.30960536189033
0.0,12.299999999999999,1.2040000000000002,0.0,9.161599605241381,298.3734799497624
0.0,12.299999999999999,1.4030000000000002,0.0,11.419416792238874,365.74461251342194
0.0,12.299999999999999,1.6020000000000003,0.0,13.677233979236364,433.1157450770814
0.0,12.299999999999999,1.8010000000000004,0.0,15.935051166233855,500.4868776407409
0.0,12.299999999999999,2.0,0.0,18.19286835323134,567.8580102044002
0.0,14.349999999999998,0.01,0.0,0.08848141923329299,27.640201987528556
0.0,14.349999999999998,0.20900000000000002,0.0,1.8492616619758235,80.18022153934686
0.0,14.349999999999998,0.40800000000000003,0.0,3.6100419047183543,132.72024109116515
0.0,14.349999999999998,0.607,0.0,5.545753434331216,190.48004503701804
0.0,14.349999999999998,0.806,0.0,7.631873173215766,252.72788790110639
0.0,14.349999999999998,1.0050000000000001,0.0,9.66557784328412,313.4117146128306
0.0,14.349999999999998,1.2040000000000002,0.0,13.089525263401937,415.579072032284
0.0,14.349999999999998,1.4030000000000002,0.0,16.4295524036149,515.2423275542016
0.0,14.349999999999998,1.6020000000000003,0.0,19.769579543827867,614.9055830761191
0.0,14.349999999999998,1.8010000000000004,0.0,23.10960668404083,714.5688385980368
0.0,14.349999999999998,2.0,0.0,26.449633824253795,814.2320941199544
0.0,16.4,0.01,0.0,0.11642398715524281,28.47398182518768
0.0,16.4,0.20900000000000002,0.0,2.4332613315445752,97.60622014642249
0.0,16.4,0.40800000000000003,0.0,4.7500986759339066,166.73845846765727
0.0,16.4,0.607,0.0,7.363756417316144,244.727537116164
0.0,16.4,0.806,0.0,10.232624219664245,330.33184296195134
0.0,16.4,1.0050000000000001,0.0,13.029409916425708,413.78528685181425
0.0,16.4,1.2040000000000002,0.0,17.832972229514077,557.1190497607752
0.0,16.4,1.4030000000000002,0.0,22.51880017218361,696.9397302454967
0.0,16.4,1.6020000000000003,0.0,27.20462811485315,836.7604107302184
0.0,16.4,1.8010000000000004,0.0,31.890456057522687,976.58109121494
0.0,16.4,2.0,0.0,36.57628400019221,1116.4017716996611
0.0,18.45,0.01,0.0,0.14831184645915044,29.425485431727136
0.0,18.45,0.20900000000000002,0.0,3.0997175909962444,117.49264552309712
0.0,18.45,0.40800000000000003,0.0,6.051123335533338,205.5598056144671
0.0,18.45,0.607,0.0,9.457257403693973,307.19562943455657
0.0,18.45,0.806,0.0,13.254372834222515,420.497967862517
0.0,18.45,1.0050000000000001,0.0,16.956083354436267,530.9535138676642
0.0,18.45,1.2040000000000002,0.0,23.428349997971992,724.0798380626096
0.0,18.45,1.4030000000000002,0.0,29.741982655146547,912.4726739194434
0.0,18.45,1.6020000000000003,0.0,36.0556153123211,1100.8655097762773
0.0,18.45,1.8010000000000004,0.0,42.36924796949565,1289.258345633111
0.0,18.45,2.0,0.0,48.682880626670205,1477.6511814899447
2.05,0.0,0.01,0.012187249999999998,0.0,25.36365603028664
2.05,0.0,0.20900000000000002,0.012187249999999998,0.0,25.36365603028664
2.05,0.0,0.40800000000000003,0.012187249999999998,0.0,25.36365603028664
2.05,0.0,0.607,0.012187249999999998,0.0,25.36365603028664
2.05,0.0,0.806,0.012187249999999998,0.0,25.36365603028664
2.05,0.0,1.0050000000000001,0.012187249999999998,0.0,25.36365603028664
2.05,0.0,1.2040000000000002,0.012187249999999998,0.0,25.36365603028664
2.05,0.0,1.4030000000000002,0.012187249999999998,0.0,25.36365603028664
2.05,0.0,1.6020000000000003,0.012187249999999998,0.0,25.36365603028664
2.05,0.0,1.8010000000000004,0.012187249999999998,0.0,25.36365603028664
2.05,0.0,2.0,0.012187249999999998,0.0,25.36365603028664
2.05,2.05,0.01,0.012187249999999998,0.001621544179265084,25.41204137719968
2.05,2.05,0.20900000000000002,0.012187249999999998,0.03389027334664026,26.374909780769183
2.05,2.05,0.40800000000000003,0.012187249999999998,0.06615900251401542,27.337778184338685
2.05,2.05,0.607,0.012187249999999998,0.09037132997722673,28.06025116957093
2.05,2.05,0.806,0.012187249999999998,0.10765665784433458,28.576029028756185
2.05,2.05,1.0050000000000001,0.012187249999999998,0.1245076809911633,29.07884764524834
2.05,2.05,1.2040000000000002,0.012187249999999998,0.14702728139939272,29.7508112537817
2.05,2.05,1.4030000000000002,0.012187249999999998,0.1689949308172244,30.406305166027472
2.05,2.05,1.6020000000000003,0.012187249999999998,0.19096258023505608,31.061799078273246
2.05,2.05,1.8010000000000004,0.012187249999999998,0.21293022965288771,31.71729299051902
2.05,2.05,2.0,0.012187249999999998,0.23489787907071932,32.372786902764794
2.05,4.1,0.01,0.012187249999999998,0.006739587972009808,25.56475897046336
2.05,4.1,0.20900000000000002,0.012187249999999998,0.140857388615005,29.566707479980007
2.05,4.1,0.40800000000000003,0.012187249999999998,0.2749751892580002,33.56865598949666
2.05,4.1,0.607,0.012187249999999998,0.39042623471424576,37.01360615323834
2.05,4.1,0.806,0.012187249999999998,0.48982735982300585,39.9796418514539
2.05,4.1,1.0050000000000001,0.012187249999999998,0.5867309692255155,42.87115403966403
2.05,4.1,1.2040000000000002,0.012187249999999998,0.72483775950304,46.99213023264885
2.05,4.1,1.4030000000000002,0.012187249999999998,0.859559579430625,51.01210210717816
2.05,4.1,1.6020000000000003,0.012187249999999998,0.9942813993582101,55.03207398170747
2.05,4.1,1.8010000000000004,0.012187249999999998,1.1290032192857953,59.05204585623678
2.05,4.1,2.0,0.012187249999999998,1.2637250392133799,63.07201773076608
2.05,6.1499999999999995,0.01,0.012187249999999998,0.015507875784319794,25.826396397958106
2.05,6.1499999999999995,0.20900000000000002,0.012187249999999998,0.3241146038922837,35.034929714620276
2.05,6.1499999999999995,0.40800000000000003,0.012187249999999998,0.6327213320002476,44.243463031282445
2.05,6.1499999999999995,0.607,0.012187249999999998,0.9203981026377317,52.82746618340521
2.05,6.1499999999999995,0.806,0.012187249999999998,1.1900790219921864,60.87449012863427
2.05,6.1499999999999995,1.0050000000000001,0.012187249999999998,1.452984038850298,68.71932754257617
2.05,6.1499999999999995,1.2040000000000002,0.012187249999999998,1.8464303470820471,80.45939380711428
2.05,6.1499999999999995,1.4030000000000002,0.012187249999999998,2.230233363445371,91.91171334948235
2.05,6.1499999999999995,1.6020000000000003,0.012187249999999998,2.6140363798086943,103.3640328918504
2.05,6.1499999999999995,1.8010000000000004,0.012187249999999998,2.997839396172018,114.81635243421846
2.05,6.1499999999999995,2.0,0.012187249999999998,3.3816424125353404,126.2686719765865
2.05,8.2,0.01,0.012187249999999998,0.02801159944531727,26.199495703409255
2.05,8.2,0.20900000000000002,0.012187249999999998,0.585442428407131,42.832705198549256
2.05,8.2,0.40800000000000003,0.012187249999999998,1.1428732573689446,59.46591469368925
2.05,8.2,0.607,0.012187249999999998,1.6925477979003962,75.86768386715343
2.05,8.2,0.806,0.012187249999999998,2.2355533801552747,92.0704576238496
2.05,8.2,1.0050000000000001,0.012187249999999998,2.764915606072091,107.86612651228708
2.05,8.2,1.2040000000000002,0.012187249999999998,3.5878082861964615,132.42046694232369
2.05,8.2,1.4030000000000002,0.012187249999999998,4.3905320280824895,156.37298530299665
2.05,8.2,1.6020000000000003,0.012187249999999998,5.193255769968518,180.32550366366962
2.05,8.2,1.8010000000000004,0.012187249999999998,5.995979511854546,204.27802202434256
2.05,8.2,2.0,0.012187249999999998,6.798703253740571,228.23054038501547
2.05,10.25,0.01,0.012187249999999998,0.044311483306667745,26.685868844122048
2.05,10.25,0.20900000000000002,0.012187249999999998,0.9261100011093559,52.997903839446664
2.05,10.25,0.40800000000000003,0.012187249999999998,1.807908518912044,79.30993883477127
2.05,10.25,0.607,0.012187249999999998,2.716052604118609,106.40810068051276
2.05,10.25,0.806,0.012187249999999998,3.6468489528873866,134.18218467801455
2.05,10.25,1.0050000000000001,0.012187249999999998,4.554258458722274,161.25842736904644
2.05,10.25,1.2040000000000002,0.012187249999999998,6.009225530453039,204.67327070970072
2.05,10.25,1.4030000000000002,0.012187249999999998,7.428531644543343,247.02402475278993
2.05,10.25,1.6020000000000003,0.012187249999999998,8.847837758633647,289.37477879587914
2.05,10.25,1.8010000000000004,0.012187249999999998,10.26714387272395,331.7255328389684
2.05,10.25,2.0,0.012187249999999998,11.68644998681425,374.07628688205745
2.05,12.299999999999999,0.01,0.012187249999999998,0.06445503887214031,27.286933518498806
2.05,12.299999999999999,0.20900000000000002,0.012187249999999998,1.3471103124277326,65.56015553392089
2.05,12.299999999999999,0.40800000000000003,0.012187249999999998,2.629765585983325,103.83337754934297
2.05,12.299999999999999,0.607,0.012187249999999998,3.998352443118566,144.67071686446926
2.05,12.299999999999999,0.806,0.012187249999999998,5.440824400154068,187.71271778307954
2.05,12.299999999999999,1.0050000000000001,0.012187249999999998,6.847053343193701,229.67326139217698
2.05,12.299999999999999,1.2040000000000002,0.012187249999999998,9.161599605241381,298.73713598004906
2.05,12.299999999999999,1.4030000000000002,0.012187249999999998,11.419416792238874,366.1082685437086
2.05,12.299999999999999,1.6020000000000003,0.012187249999999998,13.677233979236364,433.47940110736806
2.05,12.299999999999999,1.8010000000000004,0.012187249999999998,15.935051166233855,500.85053367102756
2.05,12.299999999999999,2.0,0.012187249999999998,18.19286835323134,568.2216662346868
2.05,14.349999999999998,0.01,0.012187249999999998,0.08848141923329299,28.003858017815197
2.05,14.349999999999998,0.20900000000000002,0.012187249999999998,1.8492616619758235,80.5438775696335
2.05,14.349999999999998,0.40800000000000003,0.012187249999999998,3.6100419047183543,133.0838971214518
2.05,14.349999999999998,0.607,0.012187249999999998,5.545753434331216,190.8437010673047
2.05,14.349999999999998,0.806,0.012187249999999998,7.631873173215766,253.09154393139303
2.05,14.349999999999998,1.0050000000000001,0.012187249999999998,9.66557784328412,313.7753706431173
2.05,14.349999999999998,1.2040000000000002,0.012187249999999998,13.089525263401937,415.9427280625706
2.05,14.349999999999998,1.4030000000000002,0.012187249999999998,16.4295524036149,515.6059835844882
2.05,14.349999999999998,1.6020000000000003,0.012187249999999998,19.769579543827867,615.2692391064057
2.05,14.349999999999998,1.8010000000000004,0.012187249999999998,23.10960668404083,714.9324946283234
2.05,14.349999999999998,2.0,0.012187249999999998,26.449633824253795,814.595750150241
2.05,16.4,0.01,0.012187249999999998,0.11642398715524281,28.83763785547432
2.05,16.4,0.20900000000000002,0.012187249999999998,2.4332613315445752,97.96987617670912
2.05,16.4,0.40800000000000003,0.012187249999999998,4.7500986759339066,167.10211449794392
2.05,16.4,0.607,0.012187249999999998,7.363756417316144,245.09119314645065
2.05,16.4,0.806,0.012187249999999998,10.232624219664245,330.695498992238
2.05,16.4,1.0050000000000001,0.012187249999999998,13.029409916425708,414.1489428821009
2.05,16.4,1.2040000000000002,0.012187249999999998,17.832972229514077,557.4827057910618
2.05,16.4,1.4030000000000002,0.012187249999999998,22.51880017218361,697.3033862757833
2.05,16.4,1.6020000000000003,0.012187249999999998,27.20462811485315,837.124066760505
2.05,16.4,1.8010000000000004,0.012187249999999998,31.890456057522687,976.9447472452266
2.05,16.4,2.0,0.012187249999999998,36.57628400019221,1116.765427729948
2.05,18.45,0.01,0.012187249999999998,0.14831184645915044,29.789141462013777
2.05,18.45,0.20900000000000002,0.012187249999999998,3.0997175909962444,117.85630155338377
2.05,18.45,0.40800000000000003,0.012187249999999998,6.051123335533338,205.92346164475376
2.05,18.45,0.607,0.012187249999999998,9.457257403693973,307.55928546484324
2.05,18.45,0.806,0.012187249999999998,13.254372834222515,420.86162389280366
2.05,18.45,1.0050000000000001,0.012187249999999998,16.956083354436267,531.3171698979509
2.05,18.45,1.2040000000000002,0.012187249999999998,23.428349997971992,724.4434940928962
2.05,18.45,1.4030000000000002,0.012187249999999998,29.741982655146547,912.83632994973
2.05,18.45,1.6020000000000003,0.012187249999999998,36.0556153123211,1101.229165806564
2.05,18.45,1.8010000000000004,0.012187249999999998,42.36924796949565,1289.622001663398
2.05,18.45,2.0,0.012187249999999998,48.682880626670205,1478.0148375202314
4.1,0.0,0.01,0.048748999999999994,0.0,26.454624121146566
4.1,0.0,0.20900000000000002,0.048748999999999994,0.0,26.454624121146566
4.1,0.0,0.40800000000000003,0.048748999999999994,0.0,26.454624121146566
4.1,0.0,0.607,0.048748999999999994,0.0,26.454624121146566
4.1,0.0,0.806,0.048748999999999994,0.0,26.454624121146566
4.1,0.0,1.0050000000000001,0.048748999999999994,0.0,26.454624121146566
4.1,0.0,1.2040000000000002,0.048748999999999994,0.0,26.454624121146566
4.1,0.0,1.4030000000000002,0.048748999999999994,0.0,26.454624121146566
4.1,0.0,1.6020000000000003,0.048748999999999994,0.0,26.454624121146566
4.1,0.0,1.8010000000000004,0.048748999999999994,0.0,26.454624121146566
4.1,0.0,2.0,0.048748999999999994,0.0,26.454624121146566
4.1,2.05,0.01,0.048748999999999994,0.001621544179265084,26.503009468059606
4.1,2.05,0.20900000000000002,0.048748999999999994,0.03389027334664026,27.465877871629107
4.1,2.05,0.40800000000000003,0.048748999999999994,0.06615900251401542,28.42874627519861
4.1,2.05,0.607,0.048748999999999994,0.09037132997722673,29.151219260430853
4.1,2.05,0.806,0.048748999999999994,0.10765665784433458,29.666997119616106
4.1,2.05,1.0050000000000001,0.048748999999999994,0.1245076809911633,30.169815736108266
4.1,2.05,1.2040000000000002,0.048748999999999994,0.14702728139939272,30.841779344641623
4.1,2.05,1.4030000000000002,0.048748999999999994,0.1689949308172244,31.497273256887397
4.1,2.05,1.6020000000000003,0.048748999999999994,0.19096258023505608,32.15276716913317
4.1,2.05,1.8010000000000004,0.048748999999999994,0.21293022965288771,32.808261081378944
4.1,2.05,2.0,0.048748999999999994,0.23489787907071932,33.46375499362472
4.1,4.1,0.01,0.048748999999999994,0.006739587972009808,26.655727061323283
4.1,4.1,0.20900000000000002,0.048748999999999994,0.140857388615005,30.65767557083993
4.1,4.1,0.40800000000000003,0.048748999999999994,0.2749751892580002,34.65962408035658
4.1,4.1,0.607,0.048748999999999994,0.39042623471424576,38.104574244098266
4.1,4.1,0.806,0.048748999999999994,0.48982735982300585,41.07060994231382
4.1,4.1,1.0050000000000001,0.048748999999999994,0.5867309692255155,43.96212213052395
4.1,4.1,1.2040000000000002,0.048748999999999994,0.72483775950304,48.08309832350878
4.1,4.1,1.4030000000000002,0.048748999999999994,0.859559579430625,52.10307019803808
4.1,4.1,1.6020000000000003,0.048748999999999994,0.9942813993582101,56.123042072567394
4.1,4.1,1.8010000000000004,0.048748999999999994,1.1290032192857953,60.143013947096705
4.1,4.1,2.0,0.048748999999999994,1.2637250392133799,64.162985821626
4.1,6.1499999999999995,0.01,0.048748999999999994,0.015507875784319794,26.91736448881803
4.1,6.1499999999999995,0.20900000000000002,0.048748999999999994,0.3241146038922837,36.1258978054802
4.1,6.1499999999999995,0.40800000000000003,0.048748999999999994,0.6327213320002476,45.33443112214238
4.1,6.1499999999999995,0.607,0.048748999999999994,0.9203981026377317,53.91843427426514
4.1,6.1499999999999995,0.806,0.048748999999999994,1.1900790219921864,61.965458219494195
4.1,6.1499999999999995,1.0050000000000001,0.048748999999999994,1.452984038850298,69.8102956334361
4.1,6.1499999999999995,1.2040000000000002,0.048748999999999994,1.8464303470820471,81.55036189797421
4.1,6.1499999999999995,1.4030000000000002,0.048748999999999994,2.230233363445371,93.00268144034227
4.1,6.1499999999999995,1.6020000000000003,0.048748999999999994,2.6140363798086943,104.45500098271033
4.1,6.1499999999999995,1.8010000000000004,0.048748999999999994,2.997839396172018,115.90732052507838
4.1,6.1499999999999995,2.0,0.048748999999999994,3.3816424125353404,127.35964006744642
4.1,8.2,0.01,0.048748999999999994,0.02801159944531727,27.29046379426918
4.1,8.2,0.20900000000000002,0.048748999999999994,0.585442428407131,43.92367328940918
4.1,8.2,0.40800000000000003,0.048748999999999994,1.1428732573689446,60.55688278454918
4.1,8.2,0.607,0.048748999999999994,1.6925477979003962,76.95865195801335
4.1,8.2,0.806,0.048748999999999994,2.2355533801552747,93.16142571470952
4.1,8.2,1.0050000000000001,0.048748999999999994,2.764915606072091,108.957094603147
4.1,8.2,1.2040000000000002,0.048748999999999994,3.5878082861964615,133.5114350331836
4.1,8.2,1.4030000000000002,0.048748999999999994,4.3905320280824895,157.46395339385657
4.1,8.2,1.6020000000000003,0.048748999999999994,5.193255769968518,181.41647175452954
4.1,8.2,1.8010000000000004,0.048748999999999994,5.995979511854546,205.36899011520248
4.1,8.2,2.0,0.048748999999999994,6.798703253740571,229.3215084758754
4.1,10.25,0.01,0.048748999999999994,0.044311483306667745,27.776836934981972
4.1,10.25,0.20900000000000002,0.048748999999999994,0.9261100011093559,54.08887193030659
4.1,10.25,0.40800000000000003,0.048748999999999994,1.807908518912044,80.4009069256312
4.1,10.25,0.607,0.048748999999999994,2.716052604118609,107.49906877137268
4.1,10.25,0.806,0.048748999999999994,3.6468489528873866,135.27315276887447
4.1,10.25,1.0050000000000001,0.048748999999999994,4.554258458722274,162.34939545990636
4.1,10.25,1.2040000000000002,0.048748999999999994,6.009225530453039,205.76423880056063
4.1,10.25,1.4030000000000002,0.048748999999999994,7.428531644543343,248.11499284364984
4.1,10.25,1.6020000000000003,0.048748999999999994,8.847837758633647,290.46574688673905
4.1,10.25,1.8010000000000004,0.048748999999999994,10.26714387272395,332.8165009298283
4.1,10.25,2.0,0.048748999999999994,11.68644998681425,375.16725497291736
4.1,12.299999999999999,0.01,0.048748999999999994,0.06445503887214031,28.37790160935873
4.1,12.299999999999999,0.20900000000000002,0.048748999999999994,1.3471103124277326,66.65112362478082
4.1,12.299999999999999,0.40800000000000003,0.048748999999999994,2.629765585983325,104.9243456402029
4.1,12.299999999999999,0.607,0.048748999999999994,3.998352443118566,145.76168495532917
4.1,12.299999999999999,0.806,0.048748999999999994,5.440824400154068,188.8036858739395
4.1,12.299999999999999,1.0050000000000001,0.048748999999999994,6.847053343193701,230.7642294830369
4.1,12.299999999999999,1.2040000000000002,0.048748999999999994,9.161599605241381,299.828104070909
4.1,12.299999999999999,1.4030000000000002,0.048748999999999994,11.419416792238874,367.1992366345685
4.1,12.299999999999999,1.6020000000000003,0.048748999999999994,13.677233979236364,434.570369198228
4.1,12.299999999999999,1.8010000000000004,0.048748999999999994,15.935051166233855,501.9415017618874
4.1,12.299999999999999,2.0,0.048748999999999994,18.19286835323134,569.3126343255468
4.1,14.349999999999998,0.01,0.048748999999999994,0.08848141923329299,29.09482610867512
4.1,14.349999999999998,0.20900000000000002,0.048748999999999994,1.8492616619758235,81.63484566049343
4.1,14.349999999999998,0.40800000000000003,0.048748999999999994,3.6100419047183543,134.17486521231172
4.1,14.349999999999998,0.607,0.048748999999999994,5.545753434331216,191.9346691581646
4.1,14.349999999999998,0.806,0.048748999999999994,7.631873173215766,254.18251202225295
4.1,14.349999999999998,1.0050000000000001,0.048748999999999994,9.66557784328412,314.8663387339772
4.1,14.349999999999998,1.2040000000000002,0.048748999999999994,13.089525263401937,417.0336961534305
4.1,14.349999999999998,1.4030000000000002,0.048748999999999994,16.4295524036149,516.6969516753481
4.1,14.349999999999998,1.6020000000000003,0.048748999999999994,19.769579543827867,616.3602071972657
4.1,14.349999999999998,1.8010000000000004,0.048748999999999994,23.10960668404083,716.0234627191834
4.1,14.349999999999998,2.0,0.048748999999999994,26.449633824253795,815.6867182411008
4.1,16.4,0.01,0.048748999999999994,0.11642398715524281,29.928605946334244
4.1,16.4,0.20900000000000002,0.048748999999999994,2.4332613315445752,99.06084426756905
4.1,16.4,0.40800000000000003,0.048748999999999994,4.7500986759339066,168.19308258880383
4.1,16.4,0.607,0.048748999999999994,7.363756417316144,246.18216123731057
4.1,16.4,0.806,0.048748999999999994,10.232624219664245,331.7864670830979
4.1,16.4,1.0050000000000001,0.048748999999999994,13.029409916425708,415.23991097296084
4.1,16.4,1.2040000000000002,0.048748999999999994,17.832972229514077,558.5736738819218
4.1,16.4,1.4030000000000002,0.048748999999999994,22.51880017218361,698.3943543666433
4.1,16.4,1.6020000000000003,0.048748999999999994,27.20462811485315,838.215034851365
4.1,16.4,1.8010000000000004,0.048748999999999994,31.890456057522687,978.0357153360866
4.1,16.4,2.0,0.048748999999999994,36.57628400019221,1117.8563958208078
4.1,18.45,0.01,0.048748999999999994,0.14831184645915044,30.8801095528737
4.1,18.45,0.20900000000000002,0.048748999999999994,3.0997175909962444,118.94726964424369
4.1,18.45,0.40800000000000003,0.048748999999999994,6.051123335533338,207.01442973561367
4.1,18.45,0.607,0.048748999999999994,9.457257403693973,308.6502535557031
4.1,18.45,0.806,0.048748999999999994,13.254372834222515,421.9525919836636
4.1,18.45,1.0050000000000001,0.048748999999999994,16.956083354436267,532.4081379888107
4.1,18.45,1.2040000000000002,0.048748999999999994,23.428349997971992,725.5344621837562
4.1,18.45,1.4030000000000002,0.048748999999999994,29.741982655146547,913.92729804059
4.1,18.45,1.6020000000000003,0.048748999999999994,36.0556153123211,1102.320133897424
4.1,18.45,1.8010000000000004,0.048748999999999994,42.36924796949565,1290.7129697542578
4.1,18.45,2.0,0.048748999999999994,48.682880626670205,1479.1058056110915
6.1499999999999995,0.0,0.01,0.10968524999999997,0.0,28.272904272579773
6.1499999999999995,0.0,0.20900000000000002,0.10968524999999997,0.0,28.272904272579773
6.1499999999999995,0.0,0.40800000000000003,0.10968524999999997,0.0,28.272904272579773
6.1499999999999995,0.0,0.607,0.10968524999999997,0.0,28.272904272579773
6.1499999999999995,0.0,0.806,0.10968524999999997,0.0,28.272904272579773
6.1499999999999995,0.0,1.0050000000000001,0.10968524999999997,0.0,28.272904272579773
6.1499999999999995,0.0,1.2040000000000002,0.10968524999999997,0.0,28.272904272579773
6.1499999999999995,0.0,1.4030000000000002,0.10968524999999997,0.0,28.272904272579773
6.1499999999999995,0.0,1.6020000000000003,0.10968524999999997,0.0,28.272904272579773
6.1499999999999995,0.0,1.8010000000000004,0.10968524999999997,0.0,28.272904272579773
6.1499999999999995,0.0,2.0,0.10968524999999997,0.0,28.272904272579773
6.1499999999999995,2.05,0.01,0.10968524999999997,0.001621544179265084,28.321289619492813
6.1499999999999995,2.05,0.20900000000000002,0.10968524999999997,0.03389027334664026,29.284158023062314
6.1499999999999995,2.05,0.40800000000000003,0.10968524999999997,0.06615900251401542,30.247026426631816
6.1499999999999995,2.05,0.607,0.10968524999999997,0.09037132997722673,30.96949941186406
6.1499999999999995,2.05,0.806,0.10968524999999997,0.10765665784433458,31.485277271049313
6.1499999999999995,2.05,1.0050000000000001,0.10968524999999997,0.1245076809911633,31.988095887541473
6.1499999999999995,2.05,1.2040000000000002,0.10968524999999997,0.14702728139939272,32.66005949607483
6.1499999999999995,2.05,1.4030000000000002,0.10968524999999997,0.1689949308172244,33.3155534083206
6.1499999999999995,2.05,1.6020000000000003,0.10968524999999997,0.19096258023505608,33.97104732056638
6.1499999999999995,2.05,1.8010000000000004,0.10968524999999997,0.21293022965288771,34.62654123281215
6.1499999999999995,2.05,2.0,0.10968524999999997,0.23489787907071932,35.28203514505792
6.1499999999999995,4.1,0.01,0.10968524999999997,0.006739587972009808,28.47400721275649
6.1499999999999995,4.1,0.20900000000000002,0.10968524999999997,0.140857388615005,32.47595572227314
6.1499999999999995,4.1,0.40800000000000003,0.10968524999999997,0.2749751892580002,36.477904231789786
6.1499999999999995,4.1,0.607,0.10968524999999997,0.39042623471424576,39.92285439553147
6.1499999999999995,4.1,0.806,0.10968524999999997,0.48982735982300585,42.88889009374702
6.1499999999999995,4.1,1.0050000000000001,0.10968524999999997,0.5867309692255155,45.78040228195716
6.1499999999999995,4.1,1.2040000000000002,0.10968524999999997,0.72483775950304,49.90137847494198
6.1499999999999995,4.1,1.4030000000000002,0.10968524999999997,0.859559579430625,53.92135034947129
6.1499999999999995,4.1,1.6020000000000003,0.10968524999999997,0.9942813993582101,57.9413222240006
6.1499999999999995,4.1,1.8010000000000004,0.10968524999999997,1.1290032192857953,61.96129409852991
6.1499999999999995,4.1,2.0,0.10968524999999997,1.2637250392133799,65.98126597305921
6.1499999999999995,6.1499999999999995,0.01,0.10968524999999997,0.015507875784319794,28.735644640251238
6.1499999999999995,6.1499999999999995,0.20900000000000002,0.10968524999999997,0.3241146038922837,37.94417795691341
6.1499999999999995,6.1499999999999995,0.40800000000000003,0.10968524999999997,0.6327213320002476,47.15271127357558
6.1499999999999995,6.1499999999999995,0.607,0.10968524999999997,0.9203981026377317,55.73671442569834
6.1499999999999995,6.1499999999999995,0.806,0.10968524999999997,1.1900790219921864,63.7837383709274
6.1499999999999995,6.1499999999999995,1.0050000000000001,0.10968524999999997,1.452984038850298,71.6285757848693
6.1499999999999995,6.1499999999999995,1.2040000000000002,0.10968524999999997,1.8464303470820471,83.36864204940741
6.1499999999999995,6.1499999999999995,1.4030000000000002,0.10968524999999997,2.230233363445371,94.82096159177549
6.1499999999999995,6.1499999999999995,1.6020000000000003,0.10968524999999997,2.6140363798086943,106.27328113414355
6.1499999999999995,6.1499999999999995,1.8010000000000004,0.10968524999999997,2.997839396172018,117.72560067651159
6.1499999999999995,6.1499999999999995,2.0,0.10968524999999997,3.3816424125353404,129.17792021887965
6.1499999999999995,8.2,0.01,0.10968524999999997,0.02801159944531727,29.108743945702386
6.1499999999999995,8.2,0.20900000000000002,0.10968524999999997,0.585442428407131,45.74195344084239
6.1499999999999995,8.2,0.40800000000000003,0.10968524999999997,1.1428732573689446,62.37516293598239
6.1499999999999995,8.2,0.607,0.10968524999999997,1.6925477979003962,78.77693210944656
6.1499999999999995,8.2,0.806,0.10968524999999997,2.2355533801552747,94.97970586614274
6.1499999999999995,8.2,1.0050000000000001,0.10968524999999997,2.764915606072091,110.77537475458021
6.1499999999999995,8.2,1.2040000000000002,0.10968524999999997,3.5878082861964615,135.32971518461682
6.1499999999999995,8.2,1.4030000000000002,0.10968524999999997,4.3905320280824895,159.28223354528978
6.1499999999999995,8.2,1.6020000000000003,0.10968524999999997,5.193255769968518,183.23475190596272
6.1499999999999995,8.2,1.8010000000000004,0.10968524999999997,5.995979511854546,207.1872702666357
6.1499999999999995,8.2,2.0,0.10968524999999997,6.798703253740571,231.13978862730858
6.1499999999999995,10.25,0.01,0.10968524999999997,0.044311483306667745,29.59511708641518
6.1499999999999995,10.25,0.20900000000000002,0.10968524999999997,0.9261100011093559,55.907152081739795
6.1499999999999995,10.25,0.40800000000000003,0.10968524999999997,1.807908518912044,82.2191870770644
6.1499999999999995,10.25,0.607,0.10968524999999997,2.716052604118609,109.31734892280589
6.1499999999999995,10.25,0.806,0.10968524999999997,3.6468489528873866,137.09143292030768
6.1499999999999995,10.25,1.0050000000000001,0.10968524999999997,4.554258458722274,164.16767561133958
6.1499999999999995,10.25,1.2040000000000002,0.10968524999999997,6.009225530453039,207.58251895199385
6.1499999999999995,10.25,1.4030000000000002,0.10968524999999997,7.428531644543343,249.93327299508303
6.1499999999999995,10.25,1.6020000000000003,0.10968524999999997,8.847837758633647,292.28402703817227
6.1499999999999995,10.25,1.8010000000000004,0.10968524999999997,10.26714387272395,334.6347810812615
6.1499999999999995,10.25,2.0,0.10968524999999997,11.68644998681425,376.9855351243506
6.1499999999999995,12.299999999999999,0.01,0.10968524999999997,0.06445503887214031,30.196181760791937
6.1499999999999995,12.299999999999999,0.20900000000000002,0.10968524999999997,1.3471103124277326,68.46940377621402
6.1499999999999995,12.299999999999999,0.40800000000000003,0.10968524999999997,2.629765585983325,106.74262579163612
6.1499999999999995,12.299999999999999,0.607,0.10968524999999997,3.998352443118566,147.57996510676236
6.1499999999999995,12.299999999999999,0.806,0.10968524999999997,5.440824400154068,190.62196602537267
6.1499999999999995,12.299999999999999,1.0050000000000001,0.10968524999999997,6.847053343193701,232.58250963447009
6.1499999999999995,12.299999999999999,1.2040000000000002,0.10968524999999997,9.161599605241381,301.6463842223422
6.1499999999999995,12.299999999999999,1.4030000000000002,0.10968524999999997,11.419416792238874,369.01751678600175
6.1499999999999995,12.299999999999999,1.6020000000000003,0.10968524999999997,13.677233979236364,436.3886493496612
6.1499999999999995,12.299999999999999,1.8010000000000004,0.10968524999999997,15.935051166233855,503.7597819133207
6.1499999999999995,12.299999999999999,2.0,0.10968524999999997,18.19286835323134,571.13091447698
6.1499999999999995,14.349999999999998,0.01,0.10968524999999997,0.08848141923329299,30.91310626010833
6.1499999999999995,14.349999999999998,0.20900000000000002,0.10968524999999997,1.8492616619758235,83.45312581192663
6.1499999999999995,14.349999999999998,0.40800000000000003,0.10968524999999997,3.6100419047183543,135.99314536374493
6.1499999999999995,14.349999999999998,0.607,0.10968524999999997,5.545753434331216,193.7529493095978
6.1499999999999995,14.349999999999998,0.806,0.10968524999999997,7.631873173215766,256.00079217368614
6.1499999999999995,14.349999999999998,1.0050000000000001,0.10968524999999997,9.66557784328412,316.68461888541043
6.1499999999999995,14.349999999999998,1.2040000000000002,0.10968524999999997,13.089525263401937,418.85197630486374
6.1499999999999995,14.349999999999998,1.4030000000000002,0.10968524999999997,16.4295524036149,518.5152318267812
6.1499999999999995,14.349999999999998,1.6020000000000003,0.10968524999999997,19.769579543827867,618.1784873486989
6.1499999999999995,14.349999999999998,1.8010000000000004,0.10968524999999997,23.10960668404083,717.8417428706165
6.1499999999999995,14.349999999999998,2.0,0.10968524999999997,26.449633824253795,817.504998392534
6.1499999999999995,16.4,0.01,0.10968524999999997,0.11642398715524281,31.74688609776745
6.1499999999999995,16.4,0.20900000000000002,0.10968524999999997,2.4332613315445752,100.87912441900227
6.1499999999999995,16.4,0.40800000000000003,0.10968524999999997,4.7500986759339066,170.01136274023705
6.1499999999999995,16.4,0.607,0.10968524999999997,7.363756417316144,248.00044138874375
6.1499999999999995,16.4,0.806,0.10968524999999997,10.232624219664245,333.60474723453115
6.1499999999999995,16.4,1.0050000000000001,0.10968524999999997,13.029409916425708,417.05819112439406
6.1499999999999995,16.4,1.2040000000000002,0.10968524999999997,17.832972229514077,560.3919540333549
6.1499999999999995,16.4,1.4030000000000002,0.10968524999999997,22.51880017218361,700.2126345180765
6.1499999999999995,16.4,1.6020000000000003,0.10968524999999997,27.20462811485315,840.0333150027981
6.1499999999999995,16.4,1.8010000000000004,0.10968524999999997,31.890456057522687,979.8539954875198
6.1499999999999995,16.4,2.0,0.10968524999999997,36.57628400019221,1119.6746759722412
6.1499999999999995,18.45,0.01,0.10968524999999997,0.14831184645915044,32.698389704306905
6.1499999999999995,18.45,0.20900000000000002,0.10968524999999997,3.0997175909962444,120.7655497956769
6.1499999999999995,18.45,0.40800000000000003,0.10968524999999997,6.051123335533338,208.83270988704686
6.1499999999999995,18.45,0.607,0.10968524999999997,9.457257403693973,310.4685337071364
6.1499999999999995,18.45,0.806,0.10968524999999997,13.254372834222515,423.7708721350968
6.1499999999999995,18.45,1.0050000000000001,0.10968524999999997,16.956083354436267,534.226418140244
6.1499999999999995,18.45,1.2040000000000002,0.10968524999999997,23.428349997971992,727.3527423351893
6.1499999999999995,18.45,1.4030000000000002,0.10968524999999997,29.741982655146547,915.7455781920232
6.1499999999999995,18.45,1.6020000000000003,0.10968524999999997,36.0556153123211,1104.1384140488572
6.1499999999999995,18.45,1.8010000000000004,0.10968524999999997,42.36924796949565,1292.5312499056909
6.1499999999999995,18.45,2.0,0.10968524999999997,48.682880626670205,1480.9240857625246
8.2,0.0,0.01,0.19499599999999997,0.0,30.818496484586262
8.2,0.0,0.20900000000000002,0.19499599999999997,0.0,30.818496484586262
8.2,0.0,0.40800000000000003,0.19499599999999997,0.0,30.818496484586262
8.2,0.0,0.607,0.19499599999999997,0.0,30.818496484586262
8.2,0.0,0.806,0.19499599999999997,0.0,30.818496484586262
8.2,0.0,1.0050000000000001,0.19499599999999997,0.0,30.818496484586262
8.2,0.0,1.2040000000000002,0.19499599999999997,0.0,30.818496484586262
8.2,0.0,1.4030000000000002,0.19499599999999997,0.0,30.818496484586262
8.2,0.0,1.6020000000000003,0.19499599999999997,0.0,30.818496484586262
8.2,0.0,1.8010000000000004,0.19499599999999997,0.0,30.818496484586262
8.2,0.0,2.0,0.19499599999999997,0.0,30.818496484586262
8.2,2.05,0.01,0.19499599999999997,0.001621544179265084,30.866881831499303
8.2,2.05,0.20900000000000002,0.19499599999999997,0.03389027334664026,31.829750235068804
8.2,2.05,0.40800000000000003,0.19499599999999997,0.06615900251401542,32.79261863863831
8.2,2.05,0.607,0.19499599999999997,0.09037132997722673,33.51509162387055
8.2,2.05,0.806,0.19499599999999997,0.10765665784433458,34.0308694830558
8.2,2.05,1.0050000000000001,0.19499599999999997,0.1245076809911633,34.53368809954796
8.2,2.05,1.2040000000000002,0.19499599999999997,0.14702728139939272,35.20565170808132
8.2,2.05,1.4030000000000002,0.19499599999999997,0.1689949308172244,35.86114562032709
8.2,2.05,1.6020000000000003,0.19499599999999997,0.19096258023505608,36.51663953257287
8.2,2.05,1.8010000000000004,0.19499599999999997,0.21293022965288771,37.17213344481864
8.2,2.05,2.0,0.19499599999999997,0.23489787907071932,37.827627357064415
8.2,4.1,0.01,0.19499599999999997,0.006739587972009808,31.01959942476298
8.2,4.1,0.20900000000000002,0.19499599999999997,0.140857388615005,35.021547934279624
8.2,4.1,0.40800000000000003,0.19499599999999997,0.2749751892580002,39.023496443796276
8.2,4.1,0.607,0.19499599999999997,0.39042623471424576,42.46844660753796
8.2,4.1,0.806,0.19499599999999997,0.48982735982300585,45.43448230575352
8.2,4.1,1.0050000000000001,0.19499599999999997,0.5867309692255155,48.32599449396365
8.2,4.1,1.2040000000000002,0.19499599999999997,0.72483775950304,52.44697068694847
8.2,4.1,1.4030000000000002,0.19499599999999997,0.859559579430625,56.46694256147778
8.2,4.1,1.6020000000000003,0.19499599999999997,0.9942813993582101,60.48691443600709
8.2,4.1,1.8010000000000004,0.19499599999999997,1.1290032192857953,64.5068863105364
8.2,4.1,2.0,0.19499599999999997,1.2637250392133799,68.52685818506569
8.2,6.1499999999999995,0.01,0.19499599999999997,0.015507875784319794,31.281236852257727
8.2,6.1499999999999995,0.20900000000000002,0.19499599999999997,0.3241146038922837,40.489770168919904
8.2,6.1499999999999995,0.40800000000000003,0.19499599999999997,0.6327213320002476,49.69830348558207
8.2,6.1499999999999995,0.607,0.19499599999999997,0.9203981026377317,58.28230663770483
8.2,6.1499999999999995,0.806,0.19499599999999997,1.1900790219921864,66.32933058293389
8.2,6.1499999999999995,1.0050000000000001,0.19499599999999997,1.452984038850298,74.1741679968758
8.2,6.1499999999999995,1.2040000000000002,0.19499599999999997,1.8464303470820471,85.91423426141391
8.2,6.1499999999999995,1.4030000000000002,0.19499599999999997,2.230233363445371,97.36655380378198
8.2,6.1499999999999995,1.6020000000000003,0.19499599999999997,2.6140363798086943,108.81887334615003
8.2,6.1499999999999995,1.8010000000000004,0.19499599999999997,2.997839396172018,120.27119288851809
8.2,6.1499999999999995,2.0,0.19499599999999997,3.3816424125353404,131.72351243088613
8.2,8.2,0.01,0.19499599999999997,0.02801159944531727,31.654336157708876
8.2,8.2,0.20900000000000002,0.19499599999999997,0.585442428407131,48.28754565284888
8.2,8.2,0.40800000000000003,0.19499599999999997,1.1428732573689446,64.92075514798887
8.2,8.2,0.607,0.19499599999999997,1.6925477979003962,81.32252432145305
8.2,8.2,0.806,0.19499599999999997,2.2355533801552747,97.52529807814923
8.2,8.2,1.0050000000000001,0.19499599999999997,2.764915606072091,113.32096696658671
8.2,8.2,1.2040000000000002,0.19499599999999997,3.5878082861964615,137.87530739662333
8.2,8.2,1.4030000000000002,0.19499599999999997,4.3905320280824895,161.8278257572963
8.2,8.2,1.6020000000000003,0.19499599999999997,5.193255769968518,185.78034411796924
8.2,8.2,1.8010000000000004,0.19499599999999997,5.995979511854546,209.73286247864218
8.2,8.2,2.0,0.19499599999999997,6.798703253740571,233.6853808393151
8.2,10.25,0.01,0.19499599999999997,0.044311483306667745,32.14070929842167
8.2,10.25,0.20900000000000002,0.19499599999999997,0.9261100011093559,58.452744293746285
8.2,10.25,0.40800000000000003,0.19499599999999997,1.807908518912044,84.76477928907089
8.2,10.25,0.607,0.19499599999999997,2.716052604118609,111.86294113481237
8.2,10.25,0.806,0.19499599999999997,3.6468489528873866,139.6370251323142
8.2,10.25,1.0050000000000001,0.19499599999999997,4.554258458722274,166.71326782334606
8.2,10.25,1.2040000000000002,0.19499599999999997,6.009225530453039,210.12811116400036
8.2,10.25,1.4030000000000002,0.19499599999999997,7.428531644543343,252.47886520708954
8.2,10.25,1.6020000000000003,0.19499599999999997,8.847837758633647,294.8296192501787
8.2,10.25,1.8010000000000004,0.19499599999999997,10.26714387272395,337.18037329326796
8.2,10.25,2.0,0.19499599999999997,11.68644998681425,379.53112733635703
8.2,12.299999999999999,0.01,0.19499599999999997,0.06445503887214031,32.74177397279843
8.2,12.299999999999999,0.20900000000000002,0.19499599999999997,1.3471103124277326,71.0149959882205
8.2,12.299999999999999,0.40800000000000003,0.19499599999999997,2.629765585983325,109.2882180036426
8.2,12.299999999999999,0.607,0.19499599999999997,3.998352443118566,150.12555731876887
8.2,12.299999999999999,0.806,0.19499599999999997,5.440824400154068,193.16755823737918
8.2,12.299999999999999,1.0050000000000001,0.19499599999999997,6.847053343193701,235.1281018464766
8.2,12.299999999999999,1.2040000000000002,0.19499599999999997,9.161599605241381,304.19197643434865
8.2,12.299999999999999,1.4030000000000002,0.19499599999999997,11.419416792238874,371.56310899800815
8.2,12.299999999999999,1.6020000000000003,0.19499599999999997,13.677233979236364,438.93424156166765
8.2,12.299999999999999,1.8010000000000004,0.19499599999999997,15.935051166233855,506.30537412532715
8.2,12.299999999999999,2.0,0.19499599999999997,18.19286835323134,573.6765066889865
8.2,14.349999999999998,0.01,0.19499599999999997,0.08848141923329299,33.45869847211482
8.2,14.349999999999998,0.20900000000000002,0.19499599999999997,1.8492616619758235,85.99871802393312
8.2,14.349999999999998,0.40800000000000003,0.19499599999999997,3.6100419047183543,138.5387375757514
8.2,14.349999999999998,0.607,0.19499599999999997,5.545753434331216,196.2985415216043
8.2,14.349999999999998,0.806,0.19499599999999997,7.631873173215766,258.54638438569265
8.2,14.349999999999998,1.0050000000000001,0.19499599999999997,9.66557784328412,319.2302110974169
8.2,14.349999999999998,1.2040000000000002,0.19499599999999997,13.089525263401937,421.3975685168702
8.2,14.349999999999998,1.4030000000000002,0.19499599999999997,16.4295524036149,521.0608240387878
8.2,14.349999999999998,1.6020000000000003,0.19499599999999997,19.769579543827867,620.7240795607054
8.2,14.349999999999998,1.8010000000000004,0.19499599999999997,23.10960668404083,720.387335082623
8.2,14.349999999999998,2.0,0.19499599999999997,26.449633824253795,820.0505906045405
8.2,16.4,0.01,0.19499599999999997,0.11642398715524281,34.29247830977394
8.2,16.4,0.20900000000000002,0.19499599999999997,2.4332613315445752,103.42471663100875
8.2,16.4,0.40800000000000003,0.19499599999999997,4.7500986759339066,172.55695495224353
8.2,16.4,0.607,0.19499599999999997,7.363756417316144,250.54603360075026
8.2,16.4,0.806,0.19499599999999997,10.232624219664245,336.1503394465376
8.2,16.4,1.0050000000000001,0.19499599999999997,13.029409916425708,419.6037833364005
8.2,16.4,1.2040000000000002,0.19499599999999997,17.832972229514077,562.9375462453614
8.2,16.4,1.4030000000000002,0.19499599999999997,22.51880017218361,702.7582267300829
8.2,16.4,1.6020000000000003,0.19499599999999997,27.20462811485315,842.5789072148046
8.2,16.4,1.8010000000000004,0.19499599999999997,31.890456057522687,982.3995876995263
8.2,16.4,2.0,0.19499599999999997,36.57628400019221,1122.2202681842475
8.2,18.45,0.01,0.19499599999999997,0.14831184645915044,35.2439819163134
8.2,18.45,0.20900000000000002,0.19499599999999997,3.0997175909962444,123.31114200768339
8.2,18.45,0.40800000000000003,0.19499599999999997,6.051123335533338,211.37830209905337
8.2,18.45,0.607,0.19499599999999997,9.457257403693973,313.0141259191428
8.2,18.45,0.806,0.19499599999999997,13.254372834222515,426.31646434710325
8.2,18.45,1.0050000000000001,0.19499599999999997,16.956083354436267,536.7720103522505
8.2,18.45,1.2040000000000002,0.19499599999999997,23.428349997971992,729.8983345471959
8.2,18.45,1.4030000000000002,0.19499599999999997,29.741982655146547,918.2911704040297
8.2,18.45,1.6020000000000003,0.19499599999999997,36.0556153123211,1106.6840062608635
8.2,18.45,1.8010000000000004,0.19499599999999997,42.36924796949565,1295.0768421176974
8.2,18.45,2.0,0.19499599999999997,48.682880626670205,1483.469677974531
10.25,0.0,0.01,0.30468124999999996,0.0,34.091400757166035
10.25,0.0,0.20900000000000002,0.30468124999999996,0.0,34.091400757166035
10.25,0.0,0.40800000000000003,0.30468124999999996,0.0,34.091400757166035
10.25,0.0,0.607,0.30468124999999996,0.0,34.091400757166035
10.25,0.0,0.806,0.30468124999999996,0.0,34.091400757166035
10.25,0.0,1.0050000000000001,0.30468124999999996,0.0,34.091400757166035
10.25,0.0,1.2040000000000002,0.30468124999999996,0.0,34.091400757166035
10.25,0.0,1.4030000000000002,0.30468124999999996,0.0,34.091400757166035
10.25,0.0,1.6020000000000003,0.30468124999999996,0.0,34.091400757166035
10.25,0.0,1.8010000000000004,0.30468124999999996,0.0,34.091400757166035
10.25,0.0,2.0,0.30468124999999996,0.0,34.091400757166035
10.25,2.05,0.01,0.30468124999999996,0.001621544179265084,34.13978610407908
10.25,2.05,0.20900000000000002,0.30468124999999996,0.03389027334664026,35.10265450764858
10.25,2.05,0.40800000000000003,0.30468124999999996,0.06615900251401542,36.06552291121808
10.25,2.05,0.607,0.30468124999999996,0.09037132997722673,36.787995896450326
10.25,2.05,0.806,0.30468124999999996,0.10765665784433458,37.303773755635575
10.25,2.05,1.0050000000000001,0.30468124999999996,0.1245076809911633,37.80659237212773
10.25,2.05,1.2040000000000002,0.30468124999999996,0.14702728139939272,38.47855598066109
10.25,2.05,1.4030000000000002,0.30468124999999996,0.1689949308172244,39.134049892906866
10.25,2.05,1.6020000000000003,0.30468124999999996,0.19096258023505608,39.78954380515264
10.25,2.05,1.8010000000000004,0.30468124999999996,0.21293022965288771,40.445037717398414
10.25,2.05,2.0,0.30468124999999996,0.23489787907071932,41.10053162964419
10.25,4.1,0.01,0.30468124999999996,0.006739587972009808,34.29250369734275
10.25,4.1,0.20900000000000002,0.30468124999999996,0.140857388615005,38.294452206859404
10.25,4.1,0.40800000000000003,0.30468124999999996,0.2749751892580002,42.29640071637605
10.25,4.1,0.607,0.30468124999999996,0.39042623471424576,45.741350880117736
10.25,4.1,0.806,0.30468124999999996,0.48982735982300585,48.707386578333285
10.25,4.1,1.0050000000000001,0.30468124999999996,0.5867309692255155,51.59889876654342
10.25,4.1,1.2040000000000002,0.30468124999999996,0.72483775950304,55.71987495952824
10.25,4.1,1.4030000000000002,0.30468124999999996,0.859559579430625,59.73984683405756
10.25,4.1,1.6020000000000003,0.30468124999999996,0.9942813993582101,63.75981870858686
10.25,4.1,1.8010000000000004,0.30468124999999996,1.1290032192857953,67.77979058311618
10.25,4.1,2.0,0.30468124999999996,1.2637250392133799,71.79976245764547
10.25,6.1499999999999995,0.01,0.30468124999999996,0.015507875784319794,34.5541411248375
10.25,6.1499999999999995,0.20900000000000002,0.30468124999999996,0.3241146038922837,43.76267444149967
10.25,6.1499999999999995,0.40800000000000003,0.30468124999999996,0.6327213320002476,52.97120775816184
10.25,6.1499999999999995,0.607,0.30468124999999996,0.9203981026377317,61.5552109102846
10.25,6.1499999999999995,0.806,0.30468124999999996,1.1900790219921864,69.60223485551367
10.25,6.1499999999999995,1.0050000000000001,0.30468124999999996,1.452984038850298,77.44707226945556
10.25,6.1499999999999995,1.2040000000000002,0.30468124999999996,1.8464303470820471,89.18713853399368
10.25,6.1499999999999995,1.4030000000000002,0.30468124999999996,2.230233363445371,100.63945807636175
10.25,6.1499999999999995,1.6020000000000003,0.30468124999999996,2.6140363798086943,112.09177761872981
10.25,6.1499999999999995,1.8010000000000004,0.30468124999999996,2.997839396172018,123.54409716109787
10.25,6.1499999999999995,2.0,0.30468124999999996,3.3816424125353404,134.9964167034659
10.25,8.2,0.01,0.30468124999999996,0.02801159944531727,34.92724043028865
10.25,8.2,0.20900000000000002,0.30468124999999996,0.585442428407131,51.56044992542865
10.25,8.2,0.40800000000000003,0.30468124999999996,1.1428732573689446,68.19365942056865
10.25,8.2,0.607,0.30468124999999996,1.6925477979003962,84.59542859403282
10.25,8.2,0.806,0.30468124999999996,2.2355533801552747,100.798202350729
10.25,8.2,1.0050000000000001,0.30468124999999996,2.764915606072091,116.59387123916649
10.25,8.2,1.2040000000000002,0.30468124999999996,3.5878082861964615,141.14821166920308
10.25,8.2,1.4030000000000002,0.30468124999999996,4.3905320280824895,165.10073002987605
10.25,8.2,1.6020000000000003,0.30468124999999996,5.193255769968518,189.053248390549
10.25,8.2,1.8010000000000004,0.30468124999999996,5.995979511854546,213.00576675122196
10.25,8.2,2.0,0.30468124999999996,6.798703253740571,236.95828511189484
10.25,10.25,0.01,0.30468124999999996,0.044311483306667745,35.41361357100144
10.25,10.25,0.20900000000000002,0.30468124999999996,0.9261100011093559,61.72564856632606
10.25,10.25,0.40800000000000003,0.30468124999999996,1.807908518912044,88.03768356165065
10.25,10.25,0.607,0.30468124999999996,2.716052604118609,115.13584540739215
10.25,10.25,0.806,0.30468124999999996,3.6468489528873866,142.90992940489394
10.25,10.25,1.0050000000000001,0.30468124999999996,4.554258458722274,169.98617209592584
10.25,10.25,1.2040000000000002,0.30468124999999996,6.009225530453039,213.4010154365801
10.25,10.25,1.4030000000000002,0.30468124999999996,7.428531644543343,255.75176947966932
10.25,10.25,1.6020000000000003,0.30468124999999996,8.847837758633647,298.10252352275853
10.25,10.25,1.8010000000000004,0.30468124999999996,10.26714387272395,340.4532775658477
10.25,10.25,2.0,0.30468124999999996,11.68644998681425,382.8040316089368
10.25,12.299999999999999,0.01,0.30468124999999996,0.06445503887214031,36.0146782453782
10.25,12.299999999999999,0.20900000000000002,0.30468124999999996,1.3471103124277326,74.28790026080028
10.25,12.299999999999999,0.40800000000000003,0.30468124999999996,2.629765585983325,112.56112227622238
10.25,12.299999999999999,0.607,0.30468124999999996,3.998352443118566,153.39846159134865
10.25,12.299999999999999,0.806,0.30468124999999996,5.440824400154068,196.44046250995893
10.25,12.299999999999999,1.0050000000000001,0.30468124999999996,6.847053343193701,238.40100611905638
10.25,12.299999999999999,1.2040000000000002,0.30468124999999996,9.161599605241381,307.46488070692845
10.25,12.299999999999999,1.4030000000000002,0.30468124999999996,11.419416792238874,374.83601327058796
10.25,12.299999999999999,1.6020000000000003,0.30468124999999996,13.677233979236364,442.20714583424746
10.25,12.299999999999999,1.8010000000000004,0.30468124999999996,15.935051166233855,509.5782783979069
10.25,12.299999999999999,2.0,0.30468124999999996,18.19286835323134,576.9494109615663
10.25,14.349999999999998,0.01,0.30468124999999996,0.08848141923329299,36.73160274469459
10.25,14.349999999999998,0.20900000000000002,0.30468124999999996,1.8492616619758235,89.27162229651289
10.25,14.349999999999998,0.40800000000000003,0.30468124999999996,3.6100419047183543,141.8116418483312
10.25,14.349999999999998,0.607,0.30468124999999996,5.545753434331216,199.5714457941841
10.25,14.349999999999998,0.806,0.30468124999999996,7.631873173215766,261.8192886582724
10.25,14.349999999999998,1.0050000000000001,0.30468124999999996,9.66557784328412,322.5031153699967
10.25,14.349999999999998,1.2040000000000002,0.30468124999999996,13.089525263401937,424.67047278945
10.25,14.349999999999998,1.4030000000000002,0.30468124999999996,16.4295524036149,524.3337283113676
10.25,14.349999999999998,1.6020000000000003,0.30468124999999996,19.769579543827867,623.9969838332852
10.25,14.349999999999998,1.8010000000000004,0.30468124999999996,23.10960668404083,723.6602393552029
10.25,14.349999999999998,2.0,0.30468124999999996,26.449633824253795,823.3234948771204
10.25,16.4,0.01,0.30468124999999996,0.11642398715524281,37.56538258235371
10.25,16.4,0.20900000000000002,0.30468124999999996,2.4332613315445752,106.69762090358853
10.25,16.4,0.40800000000000003,0.30468124999999996,4.7500986759339066,175.8298592248233
10.25,16.4,0.607,0.30468124999999996,7.363756417316144,253.81893787333001
10.25,16.4,0.806,0.30468124999999996,10.232624219664245,339.42324371911735
10.25,16.4,1.0050000000000001,0.30468124999999996,13.029409916425708,422.87668760898026
10.25,16.4,1.2040000000000002,0.30468124999999996,17.832972229514077,566.2104505179412
10.25,16.4,1.4030000000000002,0.30468124999999996,22.51880017218361,706.0311310026628
10.25,16.4,1.6020000000000003,0.30468124999999996,27.20462811485315,845.8518114873845
10.25,16.4,1.8010000000000004,0.30468124999999996,31.890456057522687,985.6724919721061
10.25,16.4,2.0,0.30468124999999996,36.57628400019221,1125.4931724568273
10.25,18.45,0.01,0.30468124999999996,0.14831184645915044,38.51688618889317
10.25,18.45,0.20900000000000002,0.30468124999999996,3.0997175909962444,126.58404628026317
10.25,18.45,0.40800000000000003,0.30468124999999996,6.051123335533338,214.65120637163312
10.25,18.45,0.607,0.30468124999999996,9.457257403693973,316.2870301917226
10.25,18.45,0.806,0.30468124999999996,13.254372834222515,429.58936861968306
10.25,18.45,1.0050000000000001,0.30468124999999996,16.956083354436267,540.0449146248303
10.25,18.45,1.2040000000000002,0.30468124999999996,23.428349997971992,733.1712388197757
10.25,18.45,1.4030000000000002,0.30468124999999996,29.741982655146547,921.5640746766096
10.25,18.45,1.6020000000000003,0.30468124999999996,36.0556153123211,1109.9569105334435
10.25,18.45,1.8010000000000004,0.30468124999999996,42.36924796949565,1298.3497463902772
10.25,18.45,2.0,0.30468124999999996,48.682880626670205,1486.7425822471107
12.299999999999999,0.0,0.01,0.4387409999999999,0.0,38.09161709031909
12.299999999999999,0.0,0.20900000000000002,0.4387409999999999,0.0,38.09161709031909
12.299999999999999,0.0,0.40800000000000003,0.4387409999999999,0.0,38.09161709031909
12.299999999999999,0.0,0.607,0.4387409999999999,0.0,38.09161709031909
12.299999999999999,0.0,0.806,0.4387409999999999,0.0,38.09161709031909
12.299999999999999,0.0,1.0050000000000001,0.4387409999999999,0.0,38.09161709031909
12.299999999999999,0.0,1.2040000000000002,0.4387409999999999,0.0,38.09161709031909
12.299999999999999,0.0,1.4030000000000002,0.4387409999999999,0.0,38.09161709031909
12.299999999999999,0.0,1.6020000000000003,0.4387409999999999,0.0,38.09161709031909
12.299999999999999,0.0,1.8010000000000004,0.4387409999999999,0.0,38.09161709031909
12.299999999999999,0.0,2.0,0.4387409999999999,0.0,38.09161709031909
12.299999999999999,2.05,0.01,0.4387409999999999,0.001621544179265084,38.14000243723213
12.299999999999999,2.05,0.20900000000000002,0.4387409999999999,0.03389027334664026,39.10287084080163
12.299999999999999,2.05,0.40800000000000003,0.4387409999999999,0.06615900251401542,40.06573924437113
12.299999999999999,2.05,0.607,0.4387409999999999,0.09037132997722673,40.788212229603374
12.299999999999999,2.05,0.806,0.4387409999999999,0.10765665784433458,41.30399008878862
12.299999999999999,2.05,1.0050000000000001,0.4387409999999999,0.1245076809911633,41.80680870528079
12.299999999999999,2.05,1.2040000000000002,0.4387409999999999,0.14702728139939272,42.47877231381415
12.299999999999999,2.05,1.4030000000000002,0.4387409999999999,0.1689949308172244,43.13426622605992
12.299999999999999,2.05,1.6020000000000003,0.4387409999999999,0.19096258023505608,43.789760138305695
12.299999999999999,2.05,1.8010000000000004,0.4387409999999999,0.21293022965288771,44.44525405055147
12.299999999999999,2.05,2.0,0.4387409999999999,0.23489787907071932,45.10074796279724
12.299999999999999,4.1,0.01,0.4387409999999999,0.006739587972009808,38.2927200304958
12.299999999999999,4.1,0.20900000000000002,0.4387409999999999,0.140857388615005,42.29466854001245
12.299999999999999,4.1,0.40800000000000003,0.4387409999999999,0.2749751892580002,46.296617049529104
12.299999999999999,4.1,0.607,0.4387409999999999,0.39042623471424576,49.74156721327079
12.299999999999999,4.1,0.806,0.4387409999999999,0.48982735982300585,52.70760291148635
12.299999999999999,4.1,1.0050000000000001,0.4387409999999999,0.5867309692255155,55.599115099696476
12.299999999999999,4.1,1.2040000000000002,0.4387409999999999,0.72483775950304,59.72009129268129
12.299999999999999,4.1,1.4030000000000002,0.4387409999999999,0.859559579430625,63.74006316721061
12.299999999999999,4.1,1.6020000000000003,0.4387409999999999,0.9942813993582101,67.76003504173991
12.299999999999999,4.1,1.8010000000000004,0.4387409999999999,1.1290032192857953,71.78000691626923
12.299999999999999,4.1,2.0,0.4387409999999999,1.2637250392133799,75.79997879079852
12.299999999999999,6.1499999999999995,0.01,0.4387409999999999,0.015507875784319794,38.554357457990555
12.299999999999999,6.1499999999999995,0.20900000000000002,0.4387409999999999,0.3241146038922837,47.762890774652725
12.299999999999999,6.1499999999999995,0.40800000000000003,0.4387409999999999,0.6327213320002476,56.971424091314894
12.299999999999999,6.1499999999999995,0.607,0.4387409999999999,0.9203981026377317,65.55542724343765
12.299999999999999,6.1499999999999995,0.806,0.4387409999999999,1.1900790219921864,73.60245118866672
12.299999999999999,6.1499999999999995,1.0050000000000001,0.4387409999999999,1.452984038850298,81.44728860260862
12.299999999999999,6.1499999999999995,1.2040000000000002,0.4387409999999999,1.8464303470820471,93.18735486714674
12.299999999999999,6.1499999999999995,1.4030000000000002,0.4387409999999999,2.230233363445371,104.6396744095148
12.299999999999999,6.1499999999999995,1.6020000000000003,0.4387409999999999,2.6140363798086943,116.09199395188286
12.299999999999999,6.1499999999999995,1.8010000000000004,0.4387409999999999,2.997839396172018,127.54431349425091
12.299999999999999,6.1499999999999995,2.0,0.4387409999999999,3.3816424125353404,138.99663303661896
12.299999999999999,8.2,0.01,0.4387409999999999,0.02801159944531727,38.9274567634417
12.299999999999999,8.2,0.20900000000000002,0.4387409999999999,0.585442428407131,55.560666258581705
12.299999999999999,8.2,0.40800000000000003,0.4387409999999999,1.1428732573689446,72.1938757537217
12.299999999999999,8.2,0.607,0.4387409999999999,1.6925477979003962,88.59564492718587
12.299999999999999,8.2,0.806,0.4387409999999999,2.2355533801552747,104.79841868388205
12.299999999999999,8.2,1.0050000000000001,0.4387409999999999,2.764915606072091,120.59408757231954
12.299999999999999,8.2,1.2040000000000002,0.4387409999999999,3.5878082861964615,145.14842800235613
12.299999999999999,8.2,1.4030000000000002,0.4387409999999999,4.3905320280824895,169.10094636302912
12.299999999999999,8.2,1.6020000000000003,0.4387409999999999,5.193255769968518,193.05346472370206
12.299999999999999,8.2,1.8010000000000004,0.4387409999999999,5.995979511854546,217.005983084375
12.299999999999999,8.2,2.0,0.4387409999999999,6.798703253740571,240.95850144504792
12.299999999999999,10.25,0.01,0.4387409999999999,0.044311483306667745,39.4138299041545
12.299999999999999,10.25,0.20900000000000002,0.4387409999999999,0.9261100011093559,65.72586489947912
12.299999999999999,10.25,0.40800000000000003,0.4387409999999999,1.807908518912044,92.03789989480372
12.299999999999999,10.25,0.607,0.4387409999999999,2.716052604118609,119.1360617405452
12.299999999999999,10.25,0.806,0.4387409999999999,3.6468489528873866,146.910145738047
12.299999999999999,10.25,1.0050000000000001,0.4387409999999999,4.554258458722274,173.9863884290789
12.299999999999999,10.25,1.2040000000000002,0.4387409999999999,6.009225530453039,217.4012317697332
12.299999999999999,10.25,1.4030000000000002,0.4387409999999999,7.428531644543343,259.75198581282234
12.299999999999999,10.25,1.6020000000000003,0.4387409999999999,8.847837758633647,302.1027398559116
12.299999999999999,10.25,1.8010000000000004,0.4387409999999999,10.26714387272395,344.4534938990008
12.299999999999999,10.25,2.0,0.4387409999999999,11.68644998681425,386.8042479420899
12.299999999999999,12.299999999999999,0.01,0.4387409999999999,0.06445503887214031,40.014894578531255
12.299999999999999,12.299999999999999,0.20900000000000002,0.4387409999999999,1.3471103124277326,78.28811659395333
12.299999999999999,12.299999999999999,0.40800000000000003,0.4387409999999999,2.629765585983325,116.56133860937543
12.299999999999999,12.299999999999999,0.607,0.4387409999999999,3.998352443118566,157.3986779245017
12.299999999999999,12.299999999999999,0.806,0.4387409999999999,5.440824400154068,200.440678843112
12.299999999999999,12.299999999999999,1.0050000000000001,0.4387409999999999,6.847053343193701,242.40122245220942
12.299999999999999,12.299999999999999,1.2040000000000002,0.4387409999999999,9.161599605241381,311.4650970400815
12.299999999999999,12.299999999999999,1.4030000000000002,0.4387409999999999,11.419416792238874,378.836229603741
12.299999999999999,12.299999999999999,1.6020000000000003,0.4387409999999999,13.677233979236364,446.2073621674005
12.299999999999999,12.299999999999999,1.8010000000000004,0.4387409999999999,15.935051166233855,513.5784947310599
12.299999999999999,12.299999999999999,2.0,0.4387409999999999,18.19286835323134,580.9496272947193
12.299999999999999,14.349999999999998,0.01,0.4387409999999999,0.08848141923329299,40.731819077847646
12.299999999999999,14.349999999999998,0.20900000000000002,0.4387409999999999,1.8492616619758235,93.27183862966594
12.299999999999999,14.349999999999998,0.40800000000000003,0.4387409999999999,3.6100419047183543,145.81185818148424
12.299999999999999,14.349999999999998,0.607,0.4387409999999999,5.545753434331216,203.57166212733713
12.299999999999999,14.349999999999998,0.806,0.4387409999999999,7.631873173215766,265.81950499142545
12.299999999999999,14.349999999999998,1.0050000000000001,0.4387409999999999,9.66557784328412,326.50333170314974
12.299999999999999,14.349999999999998,1.2040000000000002,0.4387409999999999,13.089525263401937,428.67068912260305
12.299999999999999,14.349999999999998,1.4030000000000002,0.4387409999999999,16.4295524036149,528.3339446445206
12.299999999999999,14.349999999999998,1.6020000000000003,0.4387409999999999,19.769579543827867,627.9972001664382
12.299999999999999,14.349999999999998,1.8010000000000004,0.4387409999999999,23.10960668404083,727.6604556883558
12.299999999999999,14.349999999999998,2.0,0.4387409999999999,26.449633824253795,827.3237112102734
12.299999999999999,16.4,0.01,0.4387409999999999,0.11642398715524281,41.56559891550677
12.299999999999999,16.4,0.20900000000000002,0.4387409999999999,2.4332613315445752,110.69783723674158
12.299999999999999,16.4,0.40800000000000003,0.4387409999999999,4.7500986759339066,179.83007555797636
12.299999999999999,16.4,0.607,0.4387409999999999,7.363756417316144,257.81915420648306
12.299999999999999,16.4,0.806,0.4387409999999999,10.232624219664245,343.4234600522704
12.299999999999999,16.4,1.0050000000000001,0.4387409999999999,13.029409916425708,426.87690394213337
12.299999999999999,16.4,1.2040000000000002,0.4387409999999999,17.832972229514077,570.2106668510942
12.299999999999999,16.4,1.4030000000000002,0.4387409999999999,22.51880017218361,710.0313473358158
12.299999999999999,16.4,1.6020000000000003,0.4387409999999999,27.20462811485315,849.8520278205374
12.299999999999999,16.4,1.8010000000000004,0.4387409999999999,31.890456057522687,989.6727083052591
12.299999999999999,16.4,2.0,0.4387409999999999,36.57628400019221,1129.4933887899804
12.299999999999999,18.45,0.01,0.4387409999999999,0.14831184645915044,42.51710252204622
12.299999999999999,18.45,0.20900000000000002,0.4387409999999999,3.0997175909962444,130.58426261341623
12.299999999999999,18.45,0.40800000000000003,0.4387409999999999,6.051123335533338,218.6514227047862
12.299999999999999,18.45,0.607,0.4387409999999999,9.457257403693973,320.2872465248756
12.299999999999999,18.45,0.806,0.4387409999999999,13.254372834222515,433.5895849528361
12.299999999999999,18.45,1.0050000000000001,0.4387409999999999,16.956083354436267,544.0451309579832
12.299999999999999,18.45,1.2040000000000002,0.4387409999999999,23.428349997971992,737.1714551529286
12.299999999999999,18.45,1.4030000000000002,0.4387409999999999,29.741982655146547,925.5642910097625
12.299999999999999,18.45,1.6020000000000003,0.4387409999999999,36.0556153123211,1113.9571268665966
12.299999999999999,18.45,1.8010000000000004,0.4387409999999999,42.36924796949565,1302.3499627234303
12.299999999999999,18.45,2.0,0.4387409999999999,48.682880626670205,1490.7427985802638
14.349999999999998,0.0,0.01,0.5971752499999998,0.0,42.81914548404542
14.349999999999998,0.0,0.20900000000000002,0.5971752499999998,0.0,42.81914548404542
14.349999999999998,0.0,0.40800000000000003,0.5971752499999998,0.0,42.81914548404542
14.349999999999998,0.0,0.607,0.5971752499999998,0.0,42.81914548404542
14.349999999999998,0.0,0.806,0.5971752499999998,0.0,42.81914548404542
14.349999999999998,0.0,1.0050000000000001,0.5971752499999998,0.0,42.81914548404542
14.349999999999998,0.0,1.2040000000000002,0.5971752499999998,0.0,42.81914548404542
14.349999999999998,0.0,1.4030000000000002,0.5971752499999998,0.0,42.81914548404542
14.349999999999998,0.0,1.6020000000000003,0.5971752499999998,0.0,42.81914548404542
14.349999999999998,0.0,1.8010000000000004,0.5971752499999998,0.0,42.81914548404542
14.349999999999998,0.0,2.0,0.5971752499999998,0.0,42.81914548404542
14.349999999999998,2.05,0.01,0.5971752499999998,0.001621544179265084,42.867530830958465
14.349999999999998,2.05,0.20900000000000002,0.5971752499999998,0.03389027334664026,43.83039923452797
14.349999999999998,2.05,0.40800000000000003,0.5971752499999998,0.06615900251401542,44.79326763809747
14.349999999999998,2.05,0.607,0.5971752499999998,0.09037132997722673,45.51574062332971
14.349999999999998,2.05,0.806,0.5971752499999998,0.10765665784433458,46.03151848251497
14.349999999999998,2.05,1.0050000000000001,0.5971752499999998,0.1245076809911633,46.53433709900712
14.349999999999998,2.05,1.2040000000000002,0.5971752499999998,0.14702728139939272,47.20630070754048
14.349999999999998,2.05,1.4030000000000002,0.5971752499999998,0.1689949308172244,47.86179461978625
14.349999999999998,2.05,1.6020000000000003,0.5971752499999998,0.19096258023505608,48.517288532032026
14.349999999999998,2.05,1.8010000000000004,0.5971752499999998,0.21293022965288771,49.1727824442778
14.349999999999998,2.05,2.0,0.5971752499999998,0.23489787907071932,49.828276356523574
14.349999999999998,4.1,0.01,0.5971752499999998,0.006739587972009808,43.02024842422214
14.349999999999998,4.1,0.20900000000000002,0.5971752499999998,0.140857388615005,47.02219693373879
14.349999999999998,4.1,0.40800000000000003,0.5971752499999998,0.2749751892580002,51.02414544325544
14.349999999999998,4.1,0.607,0.5971752499999998,0.39042623471424576,54.46909560699713
14.349999999999998,4.1,0.806,0.5971752499999998,0.48982735982300585,57.43513130521268
14.349999999999998,4.1,1.0050000000000001,0.5971752499999998,0.5867309692255155,60.32664349342281
14.349999999999998,4.1,1.2040000000000002,0.5971752499999998,0.72483775950304,64.44761968640763
14.349999999999998,4.1,1.4030000000000002,0.5971752499999998,0.859559579430625,68.46759156093694
14.349999999999998,4.1,1.6020000000000003,0.5971752499999998,0.9942813993582101,72.48756343546626
14.349999999999998,4.1,1.8010000000000004,0.5971752499999998,1.1290032192857953,76.50753530999556
14.349999999999998,4.1,2.0,0.5971752499999998,1.2637250392133799,80.52750718452486
14.349999999999998,6.1499999999999995,0.01,0.5971752499999998,0.015507875784319794,43.28188585171689
14.349999999999998,6.1499999999999995,0.20900000000000002,0.5971752499999998,0.3241146038922837,52.49041916837906
14.349999999999998,6.1499999999999995,0.40800000000000003,0.5971752499999998,0.6327213320002476,61.698952485041225
14.349999999999998,6.1499999999999995,0.607,0.5971752499999998,0.9203981026377317,70.282955637164
14.349999999999998,6.1499999999999995,0.806,0.5971752499999998,1.1900790219921864,78.32997958239307
14.349999999999998,6.1499999999999995,1.0050000000000001,0.5971752499999998,1.452984038850298,86.17481699633495
14.349999999999998,6.1499999999999995,1.2040000000000002,0.5971752499999998,1.8464303470820471,97.91488326087308
14.349999999999998,6.1499999999999995,1.4030000000000002,0.5971752499999998,2.230233363445371,109.36720280324114
14.349999999999998,6.1499999999999995,1.6020000000000003,0.5971752499999998,2.6140363798086943,120.81952234560919
14.349999999999998,6.1499999999999995,1.8010000000000004,0.5971752499999998,2.997839396172018,132.27184188797725
14.349999999999998,6.1499999999999995,2.0,0.5971752499999998,3.3816424125353404,143.7241614303453
14.349999999999998,8.2,0.01,0.5971752499999998,0.02801159944531727,43.65498515716804
14.349999999999998,8.2,0.20900000000000002,0.5971752499999998,0.585442428407131,60.288194652308036
14.349999999999998,8.2,0.40800000000000003,0.5971752499999998,1.1428732573689446,76.92140414744804
14.349999999999998,8.2,0.607,0.5971752499999998,1.6925477979003962,93.32317332091222
14.349999999999998,8.2,0.806,0.5971752499999998,2.2355533801552747,109.52594707760838
14.349999999999998,8.2,1.0050000000000001,0.5971752499999998,2.764915606072091,125.32161596604587
14.349999999999998,8.2,1.2040000000000002,0.5971752499999998,3.5878082861964615,149.87595639608247
14.349999999999998,8.2,1.4030000000000002,0.5971752499999998,4.3905320280824895,173.82847475675544
14.349999999999998,8.2,1.6020000000000003,0.5971752499999998,5.193255769968518,197.78099311742838
14.349999999999998,8.2,1.8010000000000004,0.5971752499999998,5.995979511854546,221.73351147810132
14.349999999999998,8.2,2.0,0.5971752499999998,6.798703253740571,245.68602983877423
14.349999999999998,10.25,0.01,0.5971752499999998,0.044311483306667745,44.14135829788083
14.349999999999998,10.25,0.20900000000000002,0.5971752499999998,0.9261100011093559,70.45339329320544
14.349999999999998,10.25,0.40800000000000003,0.5971752499999998,1.807908518912044,96.76542828853005
14.349999999999998,10.25,0.607,0.5971752499999998,2.716052604118609,123.86359013427153
14.349999999999998,10.25,0.806,0.5971752499999998,3.6468489528873866,151.63767413177334
14.349999999999998,10.25,1.0050000000000001,0.5971752499999998,4.554258458722274,178.7139168228052
14.349999999999998,10.25,1.2040000000000002,0.5971752499999998,6.009225530453039,222.12876016345953
14.349999999999998,10.25,1.4030000000000002,0.5971752499999998,7.428531644543343,264.4795142065487
14.349999999999998,10.25,1.6020000000000003,0.5971752499999998,8.847837758633647,306.8302682496379
14.349999999999998,10.25,1.8010000000000004,0.5971752499999998,10.26714387272395,349.18102229272716
14.349999999999998,10.25,2.0,0.5971752499999998,11.68644998681425,391.53177633581623
14.349999999999998,12.299999999999999,0.01,0.5971752499999998,0.06445503887214031,44.742422972257586
14.349999999999998,12.299999999999999,0.20900000000000002,0.5971752499999998,1.3471103124277326,83.01564498767968
14.349999999999998,12.299999999999999,0.40800000000000003,0.5971752499999998,2.629765585983325,121.28886700310176
14.349999999999998,12.299999999999999,0.607,0.5971752499999998,3.998352443118566,162.12620631822801
14.349999999999998,12.299999999999999,0.806,0.5971752499999998,5.440824400154068,205.16820723683836
14.349999999999998,12.299999999999999,1.0050000000000001,0.5971752499999998,6.847053343193701,247.12875084593574
14.349999999999998,12.299999999999999,1.2040000000000002,0.5971752499999998,9.161599605241381,316.19262543380785
14.349999999999998,12.299999999999999,1.4030000000000002,0.5971752499999998,11.419416792238874,383.56375799746735
14.349999999999998,12.299999999999999,1.6020000000000003,0.5971752499999998,13.677233979236364,450.93489056112685
14.349999999999998,12.299999999999999,1.8010000000000004,0.5971752499999998,15.935051166233855,518.3060231247863
14.349999999999998,12.299999999999999,2.0,0.5971752499999998,18.19286835323134,585.6771556884457
14.349999999999998,14.349999999999998,0.01,0.5971752499999998,0.08848141923329299,45.45934747157398
14.349999999999998,14.349999999999998,0.20900000000000002,0.5971752499999998,1.8492616619758235,97.99936702339227
14.349999999999998,14.349999999999998,0.40800000000000003,0.5971752499999998,3.6100419047183543,150.53938657521056
14.349999999999998,14.349999999999998,0.607,0.5971752499999998,5.545753434331216,208.29919052106345
14.349999999999998,14.349999999999998,0.806,0.5971752499999998,7.631873173215766,270.5470333851518
14.349999999999998,14.349999999999998,1.0050000000000001,0.5971752499999998,9.66557784328412,331.2308600968761
14.349999999999998,14.349999999999998,1.2040000000000002,0.5971752499999998,13.089525263401937,433.3982175163294
14.349999999999998,14.349999999999998,1.4030000000000002,0.5971752499999998,16.4295524036149,533.061473038247
14.349999999999998,14.349999999999998,1.6020000000000003,0.5971752499999998,19.769579543827867,632.7247285601646
14.349999999999998,14.349999999999998,1.8010000000000004,0.5971752499999998,23.10960668404083,732.3879840820822
14.349999999999998,14.349999999999998,2.0,0.5971752499999998,26.449633824253795,832.0512396039998
14.349999999999998,16.4,0.01,0.5971752499999998,0.11642398715524281,46.2931273092331
14.349999999999998,16.4,0.20900000000000002,0.5971752499999998,2.4332613315445752,115.42536563046791
14.349999999999998,16.4,0.40800000000000003,0.5971752499999998,4.7500986759339066,184.5576039517027
14.349999999999998,16.4,0.607,0.5971752499999998,7.363756417316144,262.5466826002094
14.349999999999998,16.4,0.806,0.5971752499999998,10.232624219664245,348.15098844599675
14.349999999999998,16.4,1.0050000000000001,0.5971752499999998,13.029409916425708,431.6044323358597
14.349999999999998,16.4,1.2040000000000002,0.5971752499999998,17.832972229514077,574.9381952448206
14.349999999999998,16.4,1.4030000000000002,0.5971752499999998,22.51880017218361,714.7588757295422
14.349999999999998,16.4,1.6020000000000003,0.5971752499999998,27.20462811485315,854.5795562142638
14.349999999999998,16.4,1.8010000000000004,0.5971752499999998,31.890456057522687,994.4002366989855
14.349999999999998,16.4,2.0,0.5971752499999998,36.57628400019221,1134.2209171837067
14.349999999999998,18.45,0.01,0.5971752499999998,0.14831184645915044,47.24463091577256
14.349999999999998,18.45,0.20900000000000002,0.5971752499999998,3.0997175909962444,135.31179100714255
14.349999999999998,18.45,0.40800000000000003,0.5971752499999998,6.051123335533338,223.37895109851252
14.349999999999998,18.45,0.607,0.5971752499999998,9.457257403693973,325.014774918602
14.349999999999998,18.45,0.806,0.5971752499999998,13.254372834222515,438.31711334656245
14.349999999999998,18.45,1.0050000000000001,0.5971752499999998,16.956083354436267,548.7726593517096
14.349999999999998,18.45,1.2040000000000002,0.5971752499999998,23.428349997971992,741.898983546655
14.349999999999998,18.45,1.4030000000000002,0.5971752499999998,29.741982655146547,930.291819403489
14.349999999999998,18.45,1.6020000000000003,0.5971752499999998,36.0556153123211,1118.6846552603229
14.349999999999998,18.45,1.8010000000000004,0.5971752499999998,42.36924796949565,1307.0774911171566
14.349999999999998,18.45,2.0,0.5971752499999998,48.682880626670205,1495.47032697399
16.4,0.0,0.01,0.7799839999999999,0.0,48.27398593834505
16.4,0.0,0.20900000000000002,0.7799839999999999,0.0,48.27398593834505
16.4,0.0,0.40800000000000003,0.7799839999999999,0.0,48.27398593834505
16.4,0.0,0.607,0.7799839999999999,0.0,48.27398593834505
16.4,0.0,0.806,0.7799839999999999,0.0,48.27398593834505
16.4,0.0,1.0050000000000001,0.7799839999999999,0.0,48.27398593834505
16.4,0.0,1.2040000000000002,0.7799839999999999,0.0,48.27398593834505
16.4,0.0,1.4030000000000002,0.7799839999999999,0.0,48.27398593834505
16.4,0.0,1.6020000000000003,0.7799839999999999,0.0,48.27398593834505
16.4,0.0,1.8010000000000004,0.7799839999999999,0.0,48.27398593834505
16.4,0.0,2.0,0.7799839999999999,0.0,48.27398593834505
16.4,2.05,0.01,0.7799839999999999,0.001621544179265084,48.322371285258086
16.4,2.05,0.20900000000000002,0.7799839999999999,0.03389027334664026,49.28523968882759
16.4,2.05,0.40800000000000003,0.7799839999999999,0.06615900251401542,50.248108092397096
16.4,2.05,0.607,0.7799839999999999,0.09037132997722673,50.97058107762933
16.4,2.05,0.806,0.7799839999999999,0.10765665784433458,51.4863589368146
16.4,2.05,1.0050000000000001,0.7799839999999999,0.1245076809911633,51.989177553306746
16.4,2.05,1.2040000000000002,0.7799839999999999,0.14702728139939272,52.661141161840106
16.4,2.05,1.4030000000000002,0.7799839999999999,0.1689949308172244,53.31663507408588
16.4,2.05,1.6020000000000003,0.7799839999999999,0.19096258023505608,53.972128986331654
16.4,2.05,1.8010000000000004,0.7799839999999999,0.21293022965288771,54.62762289857743
16.4,2.05,2.0,0.7799839999999999,0.23489787907071932,55.2831168108232
16.4,4.1,0.01,0.7799839999999999,0.006739587972009808,48.47508887852176
16.4,4.1,0.20900000000000002,0.7799839999999999,0.140857388615005,52.47703738803841
16.4,4.1,0.40800000000000003,0.7799839999999999,0.2749751892580002,56.47898589755506
16.4,4.1,0.607,0.7799839999999999,0.39042623471424576,59.92393606129675
16.4,4.1,0.806,0.7799839999999999,0.48982735982300585,62.8899717595123
16.4,4.1,1.0050000000000001,0.7799839999999999,0.5867309692255155,65.78148394772244
16.4,4.1,1.2040000000000002,0.7799839999999999,0.72483775950304,69.90246014070726
16.4,4.1,1.4030000000000002,0.7799839999999999,0.859559579430625,73.92243201523657
16.4,4.1,1.6020000000000003,0.7799839999999999,0.9942813993582101,77.94240388976587
16.4,4.1,1.8010000000000004,0.7799839999999999,1.1290032192857953,81.96237576429519
16.4,4.1,2.0,0.7799839999999999,1.2637250392133799,85.98234763882448
16.4,6.1499999999999995,0.01,0.7799839999999999,0.015507875784319794,48.73672630601652
16.4,6.1499999999999995,0.20900000000000002,0.7799839999999999,0.3241146038922837,57.945259622678684
16.4,6.1499999999999995,0.40800000000000003,0.7799839999999999,0.6327213320002476,67.15379293934086
16.4,6.1499999999999995,0.607,0.7799839999999999,0.9203981026377317,75.73779609146362
16.4,6.1499999999999995,0.806,0.7799839999999999,1.1900790219921864,83.78482003669268
16.4,6.1499999999999995,1.0050000000000001,0.7799839999999999,1.452984038850298,91.62965745063458
16.4,6.1499999999999995,1.2040000000000002,0.7799839999999999,1.8464303470820471,103.36972371517271
16.4,6.1499999999999995,1.4030000000000002,0.7799839999999999,2.230233363445371,114.82204325754076
16.4,6.1499999999999995,1.6020000000000003,0.7799839999999999,2.6140363798086943,126.27436279990881
16.4,6.1499999999999995,1.8010000000000004,0.7799839999999999,2.997839396172018,137.7266823422769
16.4,6.1499999999999995,2.0,0.7799839999999999,3.3816424125353404,149.17900188464495
16.4,8.2,0.01,0.7799839999999999,0.02801159944531727,49.10982561146766
16.4,8.2,0.20900000000000002,0.7799839999999999,0.585442428407131,65.74303510660766
16.4,8.2,0.40800000000000003,0.7799839999999999,1.1428732573689446,82.37624460174766
16.4,8.2,0.607,0.7799839999999999,1.6925477979003962,98.77801377521183
16.4,8.2,0.806,0.7799839999999999,2.2355533801552747,114.980787531908
16.4,8.2,1.0050000000000001,0.7799839999999999,2.764915606072091,130.77645642034548
16.4,8.2,1.2040000000000002,0.7799839999999999,3.5878082861964615,155.33079685038211
16.4,8.2,1.4030000000000002,0.7799839999999999,4.3905320280824895,179.28331521105505
16.4,8.2,1.6020000000000003,0.7799839999999999,5.193255769968518,203.235833571728
16.4,8.2,1.8010000000000004,0.7799839999999999,5.995979511854546,227.18835193240096
16.4,8.2,2.0,0.7799839999999999,6.798703253740571,251.14087029307385
16.4,10.25,0.01,0.7799839999999999,0.044311483306667745,49.596198752180456
16.4,10.25,0.20900000000000002,0.7799839999999999,0.9261100011093559,75.90823374750507
16.4,10.25,0.40800000000000003,0.7799839999999999,1.807908518912044,102.22026874282967
16.4,10.25,0.607,0.7799839999999999,2.716052604118609,129.31843058857118
16.4,10.25,0.806,0.7799839999999999,3.6468489528873866,157.09251458607295
16.4,10.25,1.0050000000000001,0.7799839999999999,4.554258458722274,184.16875727710485
16.4,10.25,1.2040000000000002,0.7799839999999999,6.009225530453039,227.58360061775915
16.4,10.25,1.4030000000000002,0.7799839999999999,7.428531644543343,269.9343546608483
16.4,10.25,1.6020000000000003,0.7799839999999999,8.847837758633647,312.28510870393757
16.4,10.25,1.8010000000000004,0.7799839999999999,10.26714387272395,354.63586274702675
16.4,10.25,2.0,0.7799839999999999,11.68644998681425,396.9866167901158
16.4,12.299999999999999,0.01,0.7799839999999999,0.06445503887214031,50.197263426557214
16.4,12.299999999999999,0.20900000000000002,0.7799839999999999,1.3471103124277326,88.4704854419793
16.4,12.299999999999999,0.40800000000000003,0.7799839999999999,2.629765585983325,126.74370745740138
16.4,12.299999999999999,0.607,0.7799839999999999,3.998352443118566,167.58104677252766
16.4,12.299999999999999,0.806,0.7799839999999999,5.440824400154068,210.62304769113797
16.4,12.299999999999999,1.0050000000000001,0.7799839999999999,6.847053343193701,252.58359130023538
16.4,12.299999999999999,1.2040000000000002,0.7799839999999999,9.161599605241381,321.6474658881075
16.4,12.299999999999999,1.4030000000000002,0.7799839999999999,11.419416792238874,389.018598451767
16.4,12.299999999999999,1.6020000000000003,0.7799839999999999,13.677233979236364,456.3897310154265
16.4,12.299999999999999,1.8010000000000004,0.7799839999999999,15.935051166233855,523.7608635790859
16.4,12.299999999999999,2.0,0.7799839999999999,18.19286835323134,591.1319961427453
16.4,14.349999999999998,0.01,0.7799839999999999,0.08848141923329299,50.914187925873605
16.4,14.349999999999998,0.20900000000000002,0.7799839999999999,1.8492616619758235,103.4542074776919
16.4,14.349999999999998,0.40800000000000003,0.7799839999999999,3.6100419047183543,155.9942270295102
16.4,14.349999999999998,0.607,0.7799839999999999,5.545753434331216,213.7540309753631
16.4,14.349999999999998,0.806,0.7799839999999999,7.631873173215766,276.0018738394514
16.4,14.349999999999998,1.0050000000000001,0.7799839999999999,9.66557784328412,336.6857005511757
16.4,14.349999999999998,1.2040000000000002,0.7799839999999999,13.089525263401937,438.85305797062904
16.4,14.349999999999998,1.4030000000000002,0.7799839999999999,16.4295524036149,538.5163134925466
16.4,14.349999999999998,1.6020000000000003,0.7799839999999999,19.769579543827867,638.1795690144643
16.4,14.349999999999998,1.8010000000000004,0.7799839999999999,23.10960668404083,737.8428245363818
16.4,14.349999999999998,2.0,0.7799839999999999,26.449633824253795,837.5060800582994
16.4,16.4,0.01,0.7799839999999999,0.11642398715524281,51.74796776353273
16.4,16.4,0.20900000000000002,0.7799839999999999,2.4332613315445752,120.88020608476754
16.4,16.4,0.40800000000000003,0.7799839999999999,4.7500986759339066,190.01244440600234
16.4,16.4,0.607,0.7799839999999999,7.363756417316144,268.00152305450905
16.4,16.4,0.806,0.7799839999999999,10.232624219664245,353.6058289002964
16.4,16.4,1.0050000000000001,0.7799839999999999,13.029409916425708,437.05927279015935
16.4,16.4,1.2040000000000002,0.7799839999999999,17.832972229514077,580.3930356991202
16.4,16.4,1.4030000000000002,0.7799839999999999,22.51880017218361,720.2137161838418
16.4,16.4,1.6020000000000003,0.7799839999999999,27.20462811485315,860.0343966685634
16.4,16.4,1.8010000000000004,0.7799839999999999,31.890456057522687,999.855077153285
16.4,16.4,2.0,0.7799839999999999,36.57628400019221,1139.6757576380062
16.4,18.45,0.01,0.7799839999999999,0.14831184645915044,52.69947137007219
16.4,18.45,0.20900000000000002,0.7799839999999999,3.0997175909962444,140.76663146144216
16.4,18.45,0.40800000000000003,0.7799839999999999,6.051123335533338,228.83379155281216
16.4,18.45,0.607,0.7799839999999999,9.457257403693973,330.4696153729016
16.4,18.45,0.806,0.7799839999999999,13.254372834222515,443.7719538008621
16.4,18.45,1.0050000000000001,0.7799839999999999,16.956083354436267,554.2274998060093
16.4,18.45,1.2040000000000002,0.7799839999999999,23.428349997971992,747.3538240009547
16.4,18.45,1.4030000000000002,0.7799839999999999,29.741982655146547,935.7466598577886
16.4,18.45,1.6020000000000003,0.7799839999999999,36.0556153123211,1124.1394957146224
16.4,18.45,1.8010000000000004,0.7799839999999999,42.36924796949565,1312.532331571456
16.4,18.45,2.0,0.7799839999999999,48.682880626670205,1500.9251674282896
18.45,0.0,0.01,0.9871672499999998,0.0,54.45613845321795
18.45,0.0,0.20900000000000002,0.9871672499999998,0.0,54.45613845321795
18.45,0.0,0.40800000000000003,0.9871672499999998,0.0,54.45613845321795
18.45,0.0,0.607,0.9871672499999998,0.0,54.45613845321795
18.45,0.0,0.806,0.9871672499999998,0.0,54.45613845321795
18.45,0.0,1.0050000000000001,0.9871672499999998,0.0,54.45613845321795
18.45,0.0,1.2040000000000002,0.9871672499999998,0.0,54.45613845321795
18.45,0.0,1.4030000000000002,0.9871672499999998,0.0,54.45613845321795
18.45,0.0,1.6020000000000003,0.9871672499999998,0.0,54.45613845321795
18.45,0.0,1.8010000000000004,0.9871672499999998,0.0,54.45613845321795
18.45,0.0,2.0,0.9871672499999998,0.0,54.45613845321795
18.45,2.05,0.01,0.9871672499999998,0.001621544179265084,54.504523800131
18.45,2.05,0.20900000000000002,0.9871672499999998,0.03389027334664026,55.4673922037005
18.45,2.05,0.40800000000000003,0.9871672499999998,0.06615900251401542,56.43026060727
18.45,2.05,0.607,0.9871672499999998,0.09037132997722673,57.15273359250224
18.45,2.05,0.806,0.9871672499999998,0.10765665784433458,57.66851145168749
18.45,2.05,1.0050000000000001,0.9871672499999998,0.1245076809911633,58.17133006817965
18.45,2.05,1.2040000000000002,0.9871672499999998,0.14702728139939272,58.84329367671301
18.45,2.05,1.4030000000000002,0.9871672499999998,0.1689949308172244,59.498787588958784
18.45,2.05,1.6020000000000003,0.9871672499999998,0.19096258023505608,60.15428150120456
18.45,2.05,1.8010000000000004,0.9871672499999998,0.21293022965288771,60.80977541345033
18.45,2.05,2.0,0.9871672499999998,0.23489787907071932,61.465269325696106
18.45,4.1,0.01,0.9871672499999998,0.006739587972009808,54.65724139339467
18.45,4.1,0.20900000000000002,0.9871672499999998,0.140857388615005,58.659189902911315
18.45,4.1,0.40800000000000003,0.9871672499999998,0.2749751892580002,62.66113841242797
18.45,4.1,0.607,0.9871672499999998,0.39042623471424576,66.10608857616967
18.45,4.1,0.806,0.9871672499999998,0.48982735982300585,69.0721242743852
18.45,4.1,1.0050000000000001,0.9871672499999998,0.5867309692255155,71.96363646259533
18.45,4.1,1.2040000000000002,0.9871672499999998,0.72483775950304,76.08461265558016
18.45,4.1,1.4030000000000002,0.9871672499999998,0.859559579430625,80.10458453010946
18.45,4.1,1.6020000000000003,0.9871672499999998,0.9942813993582101,84.12455640463878
18.45,4.1,1.8010000000000004,0.9871672499999998,1.1290032192857953,88.1445282791681
18.45,4.1,2.0,0.9871672499999998,1.2637250392133799,92.16450015369739
18.45,6.1499999999999995,0.01,0.9871672499999998,0.015507875784319794,54.91887882088942
18.45,6.1499999999999995,0.20900000000000002,0.9871672499999998,0.3241146038922837,64.12741213755159
18.45,6.1499999999999995,0.40800000000000003,0.9871672499999998,0.6327213320002476,73.33594545421376
18.45,6.1499999999999995,0.607,0.9871672499999998,0.9203981026377317,81.91994860633652
18.45,6.1499999999999995,0.806,0.9871672499999998,1.1900790219921864,89.96697255156559
18.45,6.1499999999999995,1.0050000000000001,0.9871672499999998,1.452984038850298,97.81180996550748
18.45,6.1499999999999995,1.2040000000000002,0.9871672499999998,1.8464303470820471,109.5518762300456
18.45,6.1499999999999995,1.4030000000000002,0.9871672499999998,2.230233363445371,121.00419577241367
18.45,6.1499999999999995,1.6020000000000003,0.9871672499999998,2.6140363798086943,132.4565153147817
18.45,6.1499999999999995,1.8010000000000004,0.9871672499999998,2.997839396172018,143.90883485714977
18.45,6.1499999999999995,2.0,0.9871672499999998,3.3816424125353404,155.3611543995178
18.45,8.2,0.01,0.9871672499999998,0.02801159944531727,55.29197812634057
18.45,8.2,0.20900000000000002,0.9871672499999998,0.585442428407131,71.92518762148057
18.45,8.2,0.40800000000000003,0.9871672499999998,1.1428732573689446,88.55839711662057
18.45,8.2,0.607,0.9871672499999998,1.6925477979003962,104.96016629008474
18.45,8.2,0.806,0.9871672499999998,2.2355533801552747,121.16294004678092
18.45,8.2,1.0050000000000001,0.9871672499999998,2.764915606072091,136.95860893521842
18.45,8.2,1.2040000000000002,0.9871672499999998,3.5878082861964615,161.512949365255
18.45,8.2,1.4030000000000002,0.9871672499999998,4.3905320280824895,185.46546772592797
18.45,8.2,1.6020000000000003,0.9871672499999998,5.193255769968518,209.4179860866009
18.45,8.2,1.8010000000000004,0.9871672499999998,5.995979511854546,233.37050444727387
18.45,8.2,2.0,0.9871672499999998,6.798703253740571,257.32302280794676
18.45,10.25,0.01,0.9871672499999998,0.044311483306667745,55.77835126705336
18.45,10.25,0.20900000000000002,0.9871672499999998,0.9261100011093559,82.09038626237798
18.45,10.25,0.40800000000000003,0.9871672499999998,1.807908518912044,108.40242125770258
18.45,10.25,0.607,0.9871672499999998,2.716052604118609,135.50058310344406
18.45,10.25,0.806,0.9871672499999998,3.6468489528873866,163.27466710094586
18.45,10.25,1.0050000000000001,0.9871672499999998,4.554258458722274,190.35090979197776
18.45,10.25,1.2040000000000002,0.9871672499999998,6.009225530453039,233.76575313263203
18.45,10.25,1.4030000000000002,0.9871672499999998,7.428531644543343,276.11650717572127
18.45,10.25,1.6020000000000003,0.9871672499999998,8.847837758633647,318.46726121881045
18.45,10.25,1.8010000000000004,0.9871672499999998,10.26714387272395,360.8180152618997
18.45,10.25,2.0,0.9871672499999998,11.68644998681425,403.16876930498876
18.45,12.299999999999999,0.01,0.9871672499999998,0.06445503887214031,56.37941594143012
18.45,12.299999999999999,0.20900000000000002,0.9871672499999998,1.3471103124277326,94.6526379568522
18.45,12.299999999999999,0.40800000000000003,0.9871672499999998,2.629765585983325,132.92585997227428
18.45,12.299999999999999,0.607,0.9871672499999998,3.998352443118566,173.76319928740054
18.45,12.299999999999999,0.806,0.9871672499999998,5.440824400154068,216.80520020601085
18.45,12.299999999999999,1.0050000000000001,0.9871672499999998,6.847053343193701,258.7657438151083
18.45,12.299999999999999,1.2040000000000002,0.9871672499999998,9.161599605241381,327.8296184029804
18.45,12.299999999999999,1.4030000000000002,0.9871672499999998,11.419416792238874,395.20075096663993
18.45,12.299999999999999,1.6020000000000003,0.9871672499999998,13.677233979236364,462.5718835302994
18.45,12.299999999999999,1.8010000000000004,0.9871672499999998,15.935051166233855,529.9430160939588
18.45,12.299999999999999,2.0,0.9871672499999998,18.19286835323134,597.3141486576181
18.45,14.349999999999998,0.01,0.9871672499999998,0.08848141923329299,57.09634044074651
18.45,14.349999999999998,0.20900000000000002,0.9871672499999998,1.8492616619758235,109.6363599925648
18.45,14.349999999999998,0.40800000000000003,0.9871672499999998,3.6100419047183543,162.17637954438308
18.45,14.349999999999998,0.607,0.9871672499999998,5.545753434331216,219.936183490236
18.45,14.349999999999998,0.806,0.9871672499999998,7.631873173215766,282.1840263543243
18.45,14.349999999999998,1.0050000000000001,0.9871672499999998,9.66557784328412,342.8678530660486
18.45,14.349999999999998,1.2040000000000002,0.9871672499999998,13.089525263401937,445.0352104855019
18.45,14.349999999999998,1.4030000000000002,0.9871672499999998,16.4295524036149,544.6984660074195
18.45,14.349999999999998,1.6020000000000003,0.9871672499999998,19.769579543827867,644.361721529337
18.45,14.349999999999998,1.8010000000000004,0.9871672499999998,23.10960668404083,744.0249770512547
18.45,14.349999999999998,2.0,0.9871672499999998,26.449633824253795,843.6882325731722
18.45,16.4,0.01,0.9871672499999998,0.11642398715524281,57.93012027840563
18.45,16.4,0.20900000000000002,0.9871672499999998,2.4332613315445752,127.06235859964045
18.45,16.4,0.40800000000000003,0.9871672499999998,4.7500986759339066,196.19459692087523
18.45,16.4,0.607,0.9871672499999998,7.363756417316144,274.18367556938193
18.45,16.4,0.806,0.9871672499999998,10.232624219664245,359.7879814151693
18.45,16.4,1.0050000000000001,0.9871672499999998,13.029409916425708,443.24142530503224
18.45,16.4,1.2040000000000002,0.9871672499999998,17.832972229514077,586.5751882139931
18.45,16.4,1.4030000000000002,0.9871672499999998,22.51880017218361,726.3958686987146
18.45,16.4,1.6020000000000003,0.9871672499999998,27.20462811485315,866.2165491834363
18.45,16.4,1.8010000000000004,0.9871672499999998,31.890456057522687,1006.0372296681579
18.45,16.4,2.0,0.9871672499999998,36.57628400019221,1145.8579101528792
18.45,18.45,0.01,0.9871672499999998,0.14831184645915044,58.881623884945085
18.45,18.45,0.20900000000000002,0.9871672499999998,3.0997175909962444,146.9487839763151
18.45,18.45,0.40800000000000003,0.9871672499999998,6.051123335533338,235.01594406768504
18.45,18.45,0.607,0.9871672499999998,9.457257403693973,336.65176788777455
18.45,18.45,0.806,0.9871672499999998,13.254372834222515,449.954106315735
18.45,18.45,1.0050000000000001,0.9871672499999998,16.956083354436267,560.4096523208822
18.45,18.45,1.2040000000000002,0.9871672499999998,23.428349997971992,753.5359765158275
18.45,18.45,1.4030000000000002,0.9871672499999998,29.741982655146547,941.9288123726614
18.45,18.45,1.6020000000000003,0.9871672499999998,36.0556153123211,1130.3216482294952
18.45,18.45,1.8010000000000004,0.9871672499999998,42.36924796949565,1318.714484086329
18.45,18.45,2.0,0.9871672499999998,48.682880626670205,1507.1073199431626
