0.0,0.73,0.01,0.0,0.0015509103966364194,25.040494140520604
0.0,0.73,0.20900000000000002,0.0,0.03241402728970117,25.846327536880615
0.0,0.73,0.40800000000000003,0.0,0.054732638842625574,26.429064614669873
0.0,0.73,0.607,0.0,0.07493563007555344,26.9565630231511
0.0,0.73,0.806,0.0,0.09950984080268895,27.598193606404475
0.0,0.73,1.0050000000000001,0.0,0.12346660904924313,28.223702818219323
0.0,0.73,1.2040000000000002,0.0,0.1655784770212438,29.323240162827805
0.0,0.73,1.4030000000000002,0.0,0.20665819136647973,30.39582806271549
0.0,0.73,1.6020000000000003,0.0,0.24773790571171567,31.468415962603178
0.0,0.73,1.8010000000000004,0.0,0.28881762005695155,32.54100386249086
0.0,0.73,2.0,0.0,0.3298973344021874,33.61359176237855
0.0,1.46,0.01,0.0,0.006485627737739501,25.16933919686523
0.0,1.46,0.20900000000000002,0.0,0.1355496197187556,28.53918921448332
0.0,1.46,0.40800000000000003,0.0,0.24903742848815633,31.502346393421774
0.0,1.46,0.607,0.0,0.3724709808317261,34.72518610382546
0.0,1.46,0.806,0.0,0.5157405270725982,38.4659419530243
0.0,1.46,1.0050000000000001,0.0,0.6554103359707346,42.112708961791
0.0,1.46,1.2040000000000002,0.0,0.8384568315476165,46.89203762563254
0.0,1.46,1.4030000000000002,0.0,1.0170168934093786,51.554225881046584
0.0,1.46,1.6020000000000003,0.0,1.1955769552711408,56.216414136460635
0.0,1.46,1.8010000000000004,0.0,1.3741370171329026,60.87860239187467
0.0,1.46,2.0,0.0,1.5526970789946646,65.5407906472887
0.0,2.19,0.01,0.0,0.014977089431227759,25.391050550265902
0.0,2.19,0.20900000000000002,0.0,0.3130211691126602,33.17295650055739
0.0,2.19,0.40800000000000003,0.0,0.6053829694322502,40.80649861277364
0.0,2.19,0.607,0.0,0.9527235996796665,49.87553336826841
0.0,2.19,0.806,0.0,1.3514524013067193,60.286308973174535
0.0,2.19,1.0050000000000001,0.0,1.7401628913351026,70.43550730157548
0.0,2.19,1.2040000000000002,0.0,2.169006762974762,81.63258486146438
0.0,2.19,1.4030000000000002,0.0,2.5873397554075668,92.55522424586579
0.0,2.19,1.6020000000000003,0.0,3.005672747840372,103.47786363026721
0.0,2.19,1.8010000000000004,0.0,3.4240057402731763,114.40050301466862
0.0,2.19,2.0,0.0,3.8423387327059806,125.32314239907001
0.0,2.92,0.01,0.0,0.02712172620917501,25.708145999058086
0.0,2.92,0.20900000000000002,0.0,0.5668440777717577,39.80025138031398
0.0,2.92,0.40800000000000003,0.0,1.1379042744949275,54.710585273222065
0.0,2.92,0.607,0.0,1.8560425997656667,73.4611167802731
0.0,2.92,0.806,0.0,2.6779372232569085,94.9207165411387
0.0,2.92,1.0050000000000001,0.0,3.479181228067465,115.84113037836443
0.0,2.92,1.2040000000000002,0.0,4.26024696206812,136.23469125528305
0.0,2.92,1.4030000000000002,0.0,5.022168928078561,156.12840995384582
0.0,2.92,1.6020000000000003,0.0,5.784090894089003,176.0221286524086
0.0,2.92,1.8010000000000004,0.0,6.546012860099445,195.91584735097138
0.0,2.92,2.0,0.0,7.307934826109885,215.80956604953408
0.0,3.65,0.01,0.0,0.04298849866219196,26.12242609848509
0.0,3.65,0.20900000000000002,0.0,0.8984596220398121,48.45870545833836
0.0,3.65,0.40800000000000003,0.0,1.857389330061695,73.49627979547307
0.0,3.65,0.607,0.0,3.114353407577487,106.31550655071656
0.0,3.65,0.806,0.0,4.552618455634877,143.86848645737075
0.0,3.65,1.0050000000000001,0.0,5.954746190927005,180.477924155315
0.0,3.65,1.2040000000000002,0.0,7.1946214050011115,212.85096211780436
0.0,3.65,1.4030000000000002,0.0,8.404107520691046,244.43054326748756
0.0,3.65,1.6020000000000003,0.0,9.613593636380983,276.0101244171708
0.0,3.65,1.8010000000000004,0.0,10.823079752070921,307.5897055668541
0.0,3.65,2.0,0.0,12.032565867760853,339.1692867165372
0.0,4.38,0.01,0.0,0.06263148848343651,26.635302917024294
0.0,4.38,0.20900000000000002,0.0,1.3089981093038232,59.17783096580772
0.0,4.38,0.40800000000000003,0.0,2.7727042230169086,97.3950749652747
0.0,4.38,0.607,0.0,4.754588656475799,149.14191148022468
0.0,4.38,0.806,0.0,7.024553144563715,208.41049408613574
0.0,4.38,1.0050000000000001,0.0,9.237483349031331,266.18991632506413
0.0,4.38,1.2040000000000002,0.0,11.042249876540373,313.312219154636
0.0,4.38,1.4030000000000002,0.0,12.802781930335957,359.27956358152227
0.0,4.38,1.6020000000000003,0.0,14.56331398413154,405.2469080084086
0.0,4.38,1.8010000000000004,0.0,16.323846037927122,451.21425243529484
0.0,4.38,2.0,0.0,18.084378091722705,497.18159686218104
0.0,5.109999999999999,0.01,0.0,0.08609534466858652,27.247942236212143
0.0,5.109999999999999,0.20900000000000002,0.0,1.7993927035734585,71.98199273683382
0.0,5.109999999999999,0.40800000000000003,0.0,3.891443783092381,126.60527115062828
0.0,5.109999999999999,0.607,0.0,6.800301112225164,202.5552923096549
0.0,5.109999999999999,0.806,0.0,10.13706255885449,289.67785412662636
0.0,5.109999999999999,1.0050000000000001,0.0,13.389985778181568,374.6114068527191
0.0,5.109999999999999,1.2040000000000002,0.0,15.864844980608517,439.22977328390346
0.0,5.109999999999999,1.4030000000000002,0.0,18.279045869250492,502.2643562241274
0.0,5.109999999999999,1.6020000000000003,0.0,20.693246757892464,565.2989391643513
0.0,5.109999999999999,1.8010000000000004,0.0,23.10744764653444,628.3335221045753
0.0,5.109999999999999,2.0,0.0,25.521648535176407,691.3681050447991
0.0,5.84,0.01,0.0,0.11341817050107664,27.961338929586823
0.0,5.84,0.20900000000000002,0.0,2.3704397634725023,86.89198362836459
0.0,5.84,0.40800000000000003,0.0,5.220290361110896,161.30134397166805
0.0,5.84,0.607,0.0,9.272572357472425,267.10608739569716
0.0,5.84,0.806,0.0,13.92923240442598,388.6910910857739
0.0,5.84,1.0050000000000001,0.0,18.468890942662107,507.2211951856477
0.0,5.84,1.2040000000000002,0.0,21.717934830621722,592.0534588947471
0.0,5.84,1.4030000000000002,0.0,24.887345289954872,674.8065004541136
0.0,5.84,1.6020000000000003,0.0,28.056755749288023,757.55954201348
0.0,5.84,1.8010000000000004,0.0,31.226166208621173,840.3125835728465
0.0,5.84,2.0,0.0,34.395576667954316,923.0656251322127
0.0,6.57,0.01,0.0,0.14463324787652454,28.77636198465454
0.0,6.57,0.20900000000000002,0.0,3.0228348806193632,103.92596547927985
0.0,6.57,0.40800000000000003,0.0,6.765234992113336,201.63971885138136
0.0,6.57,0.607,0.0,12.190582647549423,343.29509159814035
0.0,6.57,0.806,0.0,18.43686275245905,506.3849418227738
0.0,6.57,1.0050000000000001,0.0,24.52620114619004,665.3770571171401
0.0,6.57,1.2040000000000002,0.0,28.652264995211407,773.1082385326597
0.0,6.57,1.4030000000000002,0.0,32.677199828325385,878.1989498154459
0.0,6.57,1.6020000000000003,0.0,36.70213466143936,983.2896610982319
0.0,6.57,1.8010000000000004,0.0,40.72706949455334,1088.380372381018
0.0,6.57,2.0,0.0,44.75200432766731,1193.4710836638042
0.73,0.0,0.01,0.009858649999999998,0.0,25.257408525540395
0.73,0.0,0.20900000000000002,0.009858649999999998,0.0,25.257408525540395
0.73,0.0,0.40800000000000003,0.009858649999999998,0.0,25.257408525540395
0.73,0.0,0.607,0.009858649999999998,0.0,25.257408525540395
0.73,0.0,0.806,0.009858649999999998,0.0,25.257408525540395
0.73,0.0,1.0050000000000001,0.009858649999999998,0.0,25.257408525540395
0.73,0.0,1.2040000000000002,0.009858649999999998,0.0,25.257408525540395
0.73,0.0,1.4030000000000002,0.009858649999999998,0.0,25.257408525540395
0.73,0.0,1.6020000000000003,0.009858649999999998,0.0,25.257408525540395
0.73,0.0,1.8010000000000004,0.009858649999999998,0.0,25.257408525540395
0.73,0.0,2.0,0.009858649999999998,0.0,25.257408525540395
0.73,0.73,0.01,0.009858649999999998,0.0015509103966364194,25.297902666061
0.73,0.73,0.20900000000000002,0.009858649999999998,0.03241402728970117,26.103736062421007
0.73,0.73,0.40800000000000003,0.009858649999999998,0.054732638842625574,26.686473140210264
0.73,0.73,0.607,0.009858649999999998,0.07493563007555344,27.213971548691493
0.73,0.73,0.806,0.009858649999999998,0.09950984080268895,27.855602131944867
0.73,0.73,1.0050000000000001,0.009858649999999998,0.12346660904924313,28.481111343759714
0.73,0.73,1.2040000000000002,0.009858649999999998,0.1655784770212438,29.5806486883682
0.73,0.73,1.4030000000000002,0.009858649999999998,0.20665819136647973,30.653236588255886
0.73,0.73,1.6020000000000003,0.009858649999999998,0.24773790571171567,31.725824488143573
0.73,0.73,1.8010000000000004,0.009858649999999998,0.28881762005695155,32.79841238803126
0.73,0.73,2.0,0.009858649999999998,0.3298973344021874,33.87100028791894
0.73,1.46,0.01,0.009858649999999998,0.006485627737739501,25.426747722405626
0.73,1.46,0.20900000000000002,0.009858649999999998,0.1355496197187556,28.79659774002371
0.73,1.46,0.40800000000000003,0.009858649999999998,0.24903742848815633,31.759754918962166
0.73,1.46,0.607,0.009858649999999998,0.3724709808317261,34.982594629365856
0.73,1.46,0.806,0.009858649999999998,0.5157405270725982,38.7233504785647
0.73,1.46,1.0050000000000001,0.009858649999999998,0.6554103359707346,42.3701174873314
0.73,1.46,1.2040000000000002,0.009858649999999998,0.8384568315476165,47.14944615117294
0.73,1.46,1.4030000000000002,0.009858649999999998,1.0170168934093786,51.811634406586975
0.73,1.46,1.6020000000000003,0.009858649999999998,1.1955769552711408,56.47382266200103
0.73,1.46,1.8010000000000004,0.009858649999999998,1.3741370171329026,61.136010917415064
0.73,1.46,2.0,0.009858649999999998,1.5526970789946646,65.7981991728291
0.73,2.19,0.01,0.009858649999999998,0.014977089431227759,25.648459075806297
0.73,2.19,0.20900000000000002,0.009858649999999998,0.3130211691126602,33.43036502609778
0.73,2.19,0.40800000000000003,0.009858649999999998,0.6053829694322502,41.06390713831403
0.73,2.19,0.607,0.009858649999999998,0.9527235996796665,50.13294189380879
0.73,2.19,0.806,0.009858649999999998,1.3514524013067193,60.543717498714926
0.73,2.19,1.0050000000000001,0.009858649999999998,1.7401628913351026,70.69291582711588
0.73,2.19,1.2040000000000002,0.009858649999999998,2.169006762974762,81.88999338700478
0.73,2.19,1.4030000000000002,0.009858649999999998,2.5873397554075668,92.81263277140619
0.73,2.19,1.6020000000000003,0.009858649999999998,3.005672747840372,103.7352721558076
0.73,2.19,1.8010000000000004,0.009858649999999998,3.4240057402731763,114.65791154020901
0.73,2.19,2.0,0.009858649999999998,3.8423387327059806,125.5805509246104
0.73,2.92,0.01,0.009858649999999998,0.02712172620917501,25.965554524598478
0.73,2.92,0.20900000000000002,0.009858649999999998,0.5668440777717577,40.05765990585438
0.73,2.92,0.40800000000000003,0.009858649999999998,1.1379042744949275,54.967993798762464
0.73,2.92,0.607,0.009858649999999998,1.8560425997656667,73.7185253058135
0.73,2.92,0.806,0.009858649999999998,2.6779372232569085,95.1781250666791
0.73,2.92,1.0050000000000001,0.009858649999999998,3.479181228067465,116.09853890390482
0.73,2.92,1.2040000000000002,0.009858649999999998,4.26024696206812,136.49209978082348
0.73,2.92,1.4030000000000002,0.009858649999999998,5.022168928078561,156.38581847938622
0.73,2.92,1.6020000000000003,0.009858649999999998,5.784090894089003,176.27953717794898
0.73,2.92,1.8010000000000004,0.009858649999999998,6.546012860099445,196.17325587651177
0.73,2.92,2.0,0.009858649999999998,7.307934826109885,216.06697457507448
0.73,3.65,0.01,0.009858649999999998,0.04298849866219196,26.37983462402548
0.73,3.65,0.20900000000000002,0.009858649999999998,0.8984596220398121,48.716113983878756
0.73,3.65,0.40800000000000003,0.009858649999999998,1.857389330061695,73.75368832101347
0.73,3.65,0.607,0.009858649999999998,3.114353407577487,106.57291507625696
0.73,3.65,0.806,0.009858649999999998,4.552618455634877,144.12589498291115
0.73,3.65,1.0050000000000001,0.009858649999999998,5.954746190927005,180.7353326808554
0.73,3.65,1.2040000000000002,0.009858649999999998,7.1946214050011115,213.10837064334476
0.73,3.65,1.4030000000000002,0.009858649999999998,8.404107520691046,244.68795179302796
0.73,3.65,1.6020000000000003,0.009858649999999998,9.613593636380983,276.2675329427112
0.73,3.65,1.8010000000000004,0.009858649999999998,10.823079752070921,307.84711409239446
0.73,3.65,2.0,0.009858649999999998,12.032565867760853,339.42669524207764
0.73,4.38,0.01,0.009858649999999998,0.06263148848343651,26.892711442564686
0.73,4.38,0.20900000000000002,0.009858649999999998,1.3089981093038232,59.43523949134811
0.73,4.38,0.40800000000000003,0.009858649999999998,2.7727042230169086,97.6524834908151
0.73,4.38,0.607,0.009858649999999998,4.754588656475799,149.3993200057651
0.73,4.38,0.806,0.009858649999999998,7.024553144563715,208.66790261167614
0.73,4.38,1.0050000000000001,0.009858649999999998,9.237483349031331,266.4473248506045
0.73,4.38,1.2040000000000002,0.009858649999999998,11.042249876540373,313.5696276801764
0.73,4.38,1.4030000000000002,0.009858649999999998,12.802781930335957,359.5369721070627
0.73,4.38,1.6020000000000003,0.009858649999999998,14.56331398413154,405.50431653394895
0.73,4.38,1.8010000000000004,0.009858649999999998,16.323846037927122,451.4716609608352
0.73,4.38,2.0,0.009858649999999998,18.084378091722705,497.43900538772135
0.73,5.109999999999999,0.01,0.009858649999999998,0.08609534466858652,27.50535076175254
0.73,5.109999999999999,0.20900000000000002,0.009858649999999998,1.7993927035734585,72.2394012623742
0.73,5.109999999999999,0.40800000000000003,0.009858649999999998,3.891443783092381,126.86267967616868
0.73,5.109999999999999,0.607,0.009858649999999998,6.800301112225164,202.8127008351953
0.73,5.109999999999999,0.806,0.009858649999999998,10.13706255885449,289.9352626521668
0.73,5.109999999999999,1.0050000000000001,0.009858649999999998,13.389985778181568,374.8688153782595
0.73,5.109999999999999,1.2040000000000002,0.009858649999999998,15.864844980608517,439.4871818094439
0.73,5.109999999999999,1.4030000000000002,0.009858649999999998,18.279045869250492,502.52176474966774
0.73,5.109999999999999,1.6020000000000003,0.009858649999999998,20.693246757892464,565.5563476898916
0.73,5.109999999999999,1.8010000000000004,0.009858649999999998,23.10744764653444,628.5909306301156
0.73,5.109999999999999,2.0,0.009858649999999998,25.521648535176407,691.6255135703394
0.73,5.84,0.01,0.009858649999999998,0.11341817050107664,28.218747455127215
0.73,5.84,0.20900000000000002,0.009858649999999998,2.3704397634725023,87.14939215390498
0.73,5.84,0.40800000000000003,0.009858649999999998,5.220290361110896,161.55875249720845
0.73,5.84,0.607,0.009858649999999998,9.272572357472425,267.3634959212376
0.73,5.84,0.806,0.009858649999999998,13.92923240442598,388.94849961131433
0.73,5.84,1.0050000000000001,0.009858649999999998,18.468890942662107,507.47860371118804
0.73,5.84,1.2040000000000002,0.009858649999999998,21.717934830621722,592.3108674202874
0.73,5.84,1.4030000000000002,0.009858649999999998,24.887345289954872,675.0639089796539
0.73,5.84,1.6020000000000003,0.009858649999999998,28.056755749288023,757.8169505390204
0.73,5.84,1.8010000000000004,0.009858649999999998,31.226166208621173,840.5699920983868
0.73,5.84,2.0,0.009858649999999998,34.395576667954316,923.3230336577532
0.73,6.57,0.01,0.009858649999999998,0.14463324787652454,29.033770510194934
0.73,6.57,0.20900000000000002,0.009858649999999998,3.0228348806193632,104.18337400482025
0.73,6.57,0.40800000000000003,0.009858649999999998,6.765234992113336,201.89712737692176
0.73,6.57,0.607,0.009858649999999998,12.190582647549423,343.5525001236808
0.73,6.57,0.806,0.009858649999999998,18.43686275245905,506.64235034831415
0.73,6.57,1.0050000000000001,0.009858649999999998,24.52620114619004,665.6344656426804
0.73,6.57,1.2040000000000002,0.009858649999999998,28.652264995211407,773.3656470582
0.73,6.57,1.4030000000000002,0.009858649999999998,32.677199828325385,878.4563583409862
0.73,6.57,1.6020000000000003,0.009858649999999998,36.70213466143936,983.5470696237724
0.73,6.57,1.8010000000000004,0.009858649999999998,40.72706949455334,1088.6377809065586
0.73,6.57,2.0,0.009858649999999998,44.75200432766731,1193.7284921893445
1.46,0.0,0.01,0.03943459999999999,0.0,26.029634102161573
1.46,0.0,0.20900000000000002,0.03943459999999999,0.0,26.029634102161573
1.46,0.0,0.40800000000000003,0.03943459999999999,0.0,26.029634102161573
1.46,0.0,0.607,0.03943459999999999,0.0,26.029634102161573
1.46,0.0,0.806,0.03943459999999999,0.0,26.029634102161573
1.46,0.0,1.0050000000000001,0.03943459999999999,0.0,26.029634102161573
1.46,0.0,1.2040000000000002,0.03943459999999999,0.0,26.029634102161573
1.46,0.0,1.4030000000000002,0.03943459999999999,0.0,26.029634102161573
1.46,0.0,1.6020000000000003,0.03943459999999999,0.0,26.029634102161573
1.46,0.0,1.8010000000000004,0.03943459999999999,0.0,26.029634102161573
1.46,0.0,2.0,0.03943459999999999,0.0,26.029634102161573
1.46,0.73,0.01,0.03943459999999999,0.0015509103966364194,26.070128242682177
1.46,0.73,0.20900000000000002,0.03943459999999999,0.03241402728970117,26.87596163904219
1.46,0.73,0.40800000000000003,0.03943459999999999,0.054732638842625574,27.458698716831446
1.46,0.73,0.607,0.03943459999999999,0.07493563007555344,27.986197125312675
1.46,0.73,0.806,0.03943459999999999,0.09950984080268895,28.62782770856605
1.46,0.73,1.0050000000000001,0.03943459999999999,0.12346660904924313,29.253336920380896
1.46,0.73,1.2040000000000002,0.03943459999999999,0.1655784770212438,30.352874264989378
1.46,0.73,1.4030000000000002,0.03943459999999999,0.20665819136647973,31.425462164877064
1.46,0.73,1.6020000000000003,0.03943459999999999,0.24773790571171567,32.498050064764755
1.46,0.73,1.8010000000000004,0.03943459999999999,0.28881762005695155,33.570637964652434
1.46,0.73,2.0,0.03943459999999999,0.3298973344021874,34.64322586454012
1.46,1.46,0.01,0.03943459999999999,0.006485627737739501,26.198973299026804
1.46,1.46,0.20900000000000002,0.03943459999999999,0.1355496197187556,29.56882331664489
1.46,1.46,0.40800000000000003,0.03943459999999999,0.24903742848815633,32.53198049558335
1.46,1.46,0.607,0.03943459999999999,0.3724709808317261,35.75482020598703
1.46,1.46,0.806,0.03943459999999999,0.5157405270725982,39.49557605518588
1.46,1.46,1.0050000000000001,0.03943459999999999,0.6554103359707346,43.14234306395258
1.46,1.46,1.2040000000000002,0.03943459999999999,0.8384568315476165,47.92167172779412
1.46,1.46,1.4030000000000002,0.03943459999999999,1.0170168934093786,52.58385998320816
1.46,1.46,1.6020000000000003,0.03943459999999999,1.1955769552711408,57.24604823862221
1.46,1.46,1.8010000000000004,0.03943459999999999,1.3741370171329026,61.90823649403625
1.46,1.46,2.0,0.03943459999999999,1.5526970789946646,66.5704247494503
1.46,2.19,0.01,0.03943459999999999,0.014977089431227759,26.42068465242748
1.46,2.19,0.20900000000000002,0.03943459999999999,0.3130211691126602,34.20259060271896
1.46,2.19,0.40800000000000003,0.03943459999999999,0.6053829694322502,41.83613271493521
1.46,2.19,0.607,0.03943459999999999,0.9527235996796665,50.90516747042998
1.46,2.19,0.806,0.03943459999999999,1.3514524013067193,61.31594307533611
1.46,2.19,1.0050000000000001,0.03943459999999999,1.7401628913351026,71.46514140373706
1.46,2.19,1.2040000000000002,0.03943459999999999,2.169006762974762,82.66221896362595
1.46,2.19,1.4030000000000002,0.03943459999999999,2.5873397554075668,93.58485834802737
1.46,2.19,1.6020000000000003,0.03943459999999999,3.005672747840372,104.50749773242879
1.46,2.19,1.8010000000000004,0.03943459999999999,3.4240057402731763,115.43013711683018
1.46,2.19,2.0,0.03943459999999999,3.8423387327059806,126.35277650123157
1.46,2.92,0.01,0.03943459999999999,0.02712172620917501,26.73778010121966
1.46,2.92,0.20900000000000002,0.03943459999999999,0.5668440777717577,40.82988548247556
1.46,2.92,0.40800000000000003,0.03943459999999999,1.1379042744949275,55.740219375383646
1.46,2.92,0.607,0.03943459999999999,1.8560425997656667,74.49075088243467
1.46,2.92,0.806,0.03943459999999999,2.6779372232569085,95.95035064330027
1.46,2.92,1.0050000000000001,0.03943459999999999,3.479181228067465,116.870764480526
1.46,2.92,1.2040000000000002,0.03943459999999999,4.26024696206812,137.26432535744465
1.46,2.92,1.4030000000000002,0.03943459999999999,5.022168928078561,157.15804405600738
1.46,2.92,1.6020000000000003,0.03943459999999999,5.784090894089003,177.05176275457015
1.46,2.92,1.8010000000000004,0.03943459999999999,6.546012860099445,196.94548145313294
1.46,2.92,2.0,0.03943459999999999,7.307934826109885,216.83920015169565
1.46,3.65,0.01,0.03943459999999999,0.04298849866219196,27.152060200646662
1.46,3.65,0.20900000000000002,0.03943459999999999,0.8984596220398121,49.48833956049994
1.46,3.65,0.40800000000000003,0.03943459999999999,1.857389330061695,74.52591389763465
1.46,3.65,0.607,0.03943459999999999,3.114353407577487,107.34514065287814
1.46,3.65,0.806,0.03943459999999999,4.552618455634877,144.89812055953232
1.46,3.65,1.0050000000000001,0.03943459999999999,5.954746190927005,181.50755825747657
1.46,3.65,1.2040000000000002,0.03943459999999999,7.1946214050011115,213.88059621996592
1.46,3.65,1.4030000000000002,0.03943459999999999,8.404107520691046,245.46017736964916
1.46,3.65,1.6020000000000003,0.03943459999999999,9.613593636380983,277.0397585193324
1.46,3.65,1.8010000000000004,0.03943459999999999,10.823079752070921,308.61933966901563
1.46,3.65,2.0,0.03943459999999999,12.032565867760853,340.1989208186988
1.46,4.38,0.01,0.03943459999999999,0.06263148848343651,27.664937019185867
1.46,4.38,0.20900000000000002,0.03943459999999999,1.3089981093038232,60.207465067969295
1.46,4.38,0.40800000000000003,0.03943459999999999,2.7727042230169086,98.42470906743628
1.46,4.38,0.607,0.03943459999999999,4.754588656475799,150.17154558238627
1.46,4.38,0.806,0.03943459999999999,7.024553144563715,209.4401281882973
1.46,4.38,1.0050000000000001,0.03943459999999999,9.237483349031331,267.21955042722567
1.46,4.38,1.2040000000000002,0.03943459999999999,11.042249876540373,314.3418532567976
1.46,4.38,1.4030000000000002,0.03943459999999999,12.802781930335957,360.30919768368386
1.46,4.38,1.6020000000000003,0.03943459999999999,14.56331398413154,406.2765421105701
1.46,4.38,1.8010000000000004,0.03943459999999999,16.323846037927122,452.2438865374564
1.46,4.38,2.0,0.03943459999999999,18.084378091722705,498.21123096434263
1.46,5.109999999999999,0.01,0.03943459999999999,0.08609534466858652,28.27757633837372
1.46,5.109999999999999,0.20900000000000002,0.03943459999999999,1.7993927035734585,73.0116268389954
1.46,5.109999999999999,0.40800000000000003,0.03943459999999999,3.891443783092381,127.63490525278986
1.46,5.109999999999999,0.607,0.03943459999999999,6.800301112225164,203.58492641181647
1.46,5.109999999999999,0.806,0.03943459999999999,10.13706255885449,290.70748822878795
1.46,5.109999999999999,1.0050000000000001,0.03943459999999999,13.389985778181568,375.6410409548807
1.46,5.109999999999999,1.2040000000000002,0.03943459999999999,15.864844980608517,440.25940738606505
1.46,5.109999999999999,1.4030000000000002,0.03943459999999999,18.279045869250492,503.293990326289
1.46,5.109999999999999,1.6020000000000003,0.03943459999999999,20.693246757892464,566.3285732665129
1.46,5.109999999999999,1.8010000000000004,0.03943459999999999,23.10744764653444,629.3631562067369
1.46,5.109999999999999,2.0,0.03943459999999999,25.521648535176407,692.3977391469607
1.46,5.84,0.01,0.03943459999999999,0.11341817050107664,28.990973031748396
1.46,5.84,0.20900000000000002,0.03943459999999999,2.3704397634725023,87.92161773052617
1.46,5.84,0.40800000000000003,0.03943459999999999,5.220290361110896,162.3309780738296
1.46,5.84,0.607,0.03943459999999999,9.272572357472425,268.13572149785875
1.46,5.84,0.806,0.03943459999999999,13.92923240442598,389.7207251879355
1.46,5.84,1.0050000000000001,0.03943459999999999,18.468890942662107,508.25082928780927
1.46,5.84,1.2040000000000002,0.03943459999999999,21.717934830621722,593.0830929969087
1.46,5.84,1.4030000000000002,0.03943459999999999,24.887345289954872,675.8361345562752
1.46,5.84,1.6020000000000003,0.03943459999999999,28.056755749288023,758.5891761156416
1.46,5.84,1.8010000000000004,0.03943459999999999,31.226166208621173,841.3422176750081
1.46,5.84,2.0,0.03943459999999999,34.395576667954316,924.0952592343743
1.46,6.57,0.01,0.03943459999999999,0.14463324787652454,29.805996086816112
1.46,6.57,0.20900000000000002,0.03943459999999999,3.0228348806193632,104.95559958144143
1.46,6.57,0.40800000000000003,0.03943459999999999,6.765234992113336,202.66935295354293
1.46,6.57,0.607,0.03943459999999999,12.190582647549423,344.32472570030194
1.46,6.57,0.806,0.03943459999999999,18.43686275245905,507.4145759249354
1.46,6.57,1.0050000000000001,0.03943459999999999,24.52620114619004,666.4066912193017
1.46,6.57,1.2040000000000002,0.03943459999999999,28.652264995211407,774.1378726348213
1.46,6.57,1.4030000000000002,0.03943459999999999,32.677199828325385,879.2285839176074
1.46,6.57,1.6020000000000003,0.03943459999999999,36.70213466143936,984.3192952003935
1.46,6.57,1.8010000000000004,0.03943459999999999,40.72706949455334,1089.4100064831796
1.46,6.57,2.0,0.03943459999999999,44.75200432766731,1194.5007177659656
2.19,0.0,0.01,0.08872785,0.0,27.316676729863545
2.19,0.0,0.20900000000000002,0.08872785,0.0,27.316676729863545
2.19,0.0,0.40800000000000003,0.08872785,0.0,27.316676729863545
2.19,0.0,0.607,0.08872785,0.0,27.316676729863545
2.19,0.0,0.806,0.08872785,0.0,27.316676729863545
2.19,0.0,1.0050000000000001,0.08872785,0.0,27.316676729863545
2.19,0.0,1.2040000000000002,0.08872785,0.0,27.316676729863545
2.19,0.0,1.4030000000000002,0.08872785,0.0,27.316676729863545
2.19,0.0,1.6020000000000003,0.08872785,0.0,27.316676729863545
2.19,0.0,1.8010000000000004,0.08872785,0.0,27.316676729863545
2.19,0.0,2.0,0.08872785,0.0,27.316676729863545
2.19,0.73,0.01,0.08872785,0.0015509103966364194,27.35717087038415
2.19,0.73,0.20900000000000002,0.08872785,0.03241402728970117,28.163004266744156
2.19,0.73,0.40800000000000003,0.08872785,0.054732638842625574,28.745741344533414
2.19,0.73,0.607,0.08872785,0.07493563007555344,29.273239753014643
2.19,0.73,0.806,0.08872785,0.09950984080268895,29.914870336268017
2.19,0.73,1.0050000000000001,0.08872785,0.12346660904924313,30.540379548082864
2.19,0.73,1.2040000000000002,0.08872785,0.1655784770212438,31.63991689269135
2.19,0.73,1.4030000000000002,0.08872785,0.20665819136647973,32.71250479257903
2.19,0.73,1.6020000000000003,0.08872785,0.24773790571171567,33.78509269246672
2.19,0.73,1.8010000000000004,0.08872785,0.28881762005695155,34.857680592354406
2.19,0.73,2.0,0.08872785,0.3298973344021874,35.93026849224209
2.19,1.46,0.01,0.08872785,0.006485627737739501,27.486015926728776
2.19,1.46,0.20900000000000002,0.08872785,0.1355496197187556,30.85586594434686
2.19,1.46,0.40800000000000003,0.08872785,0.24903742848815633,33.81902312328532
2.19,1.46,0.607,0.08872785,0.3724709808317261,37.041862833689
2.19,1.46,0.806,0.08872785,0.5157405270725982,40.78261868288784
2.19,1.46,1.0050000000000001,0.08872785,0.6554103359707346,44.429385691654545
2.19,1.46,1.2040000000000002,0.08872785,0.8384568315476165,49.208714355496085
2.19,1.46,1.4030000000000002,0.08872785,1.0170168934093786,53.87090261091013
2.19,1.46,1.6020000000000003,0.08872785,1.1955769552711408,58.53309086632418
2.19,1.46,1.8010000000000004,0.08872785,1.3741370171329026,63.19527912173822
2.19,1.46,2.0,0.08872785,1.5526970789946646,67.85746737715226
2.19,2.19,0.01,0.08872785,0.014977089431227759,27.707727280129447
2.19,2.19,0.20900000000000002,0.08872785,0.3130211691126602,35.489633230420935
2.19,2.19,0.40800000000000003,0.08872785,0.6053829694322502,43.123175342637175
2.19,2.19,0.607,0.08872785,0.9527235996796665,52.192210098131945
2.19,2.19,0.806,0.08872785,1.3514524013067193,62.60298570303808
2.19,2.19,1.0050000000000001,0.08872785,1.7401628913351026,72.75218403143903
2.19,2.19,1.2040000000000002,0.08872785,2.169006762974762,83.94926159132793
2.19,2.19,1.4030000000000002,0.08872785,2.5873397554075668,94.87190097572933
2.19,2.19,1.6020000000000003,0.08872785,3.005672747840372,105.79454036013075
2.19,2.19,1.8010000000000004,0.08872785,3.4240057402731763,116.71717974453216
2.19,2.19,2.0,0.08872785,3.8423387327059806,127.63981912893355
2.19,2.92,0.01,0.08872785,0.02712172620917501,28.024822728921627
2.19,2.92,0.20900000000000002,0.08872785,0.5668440777717577,42.116928110177525
2.19,2.92,0.40800000000000003,0.08872785,1.1379042744949275,57.02726200308561
2.19,2.92,0.607,0.08872785,1.8560425997656667,75.77779351013665
2.19,2.92,0.806,0.08872785,2.6779372232569085,97.23739327100225
2.19,2.92,1.0050000000000001,0.08872785,3.479181228067465,118.15780710822798
2.19,2.92,1.2040000000000002,0.08872785,4.26024696206812,138.5513679851466
2.19,2.92,1.4030000000000002,0.08872785,5.022168928078561,158.44508668370938
2.19,2.92,1.6020000000000003,0.08872785,5.784090894089003,178.33880538227214
2.19,2.92,1.8010000000000004,0.08872785,6.546012860099445,198.2325240808349
2.19,2.92,2.0,0.08872785,7.307934826109885,218.12624277939764
2.19,3.65,0.01,0.08872785,0.04298849866219196,28.43910282834863
2.19,3.65,0.20900000000000002,0.08872785,0.8984596220398121,50.7753821882019
2.19,3.65,0.40800000000000003,0.08872785,1.857389330061695,75.81295652533663
2.19,3.65,0.607,0.08872785,3.114353407577487,108.63218328058011
2.19,3.65,0.806,0.08872785,4.552618455634877,146.1851631872343
2.19,3.65,1.0050000000000001,0.08872785,5.954746190927005,182.79460088517857
2.19,3.65,1.2040000000000002,0.08872785,7.1946214050011115,215.16763884766792
2.19,3.65,1.4030000000000002,0.08872785,8.404107520691046,246.7472199973511
2.19,3.65,1.6020000000000003,0.08872785,9.613593636380983,278.3268011470343
2.19,3.65,1.8010000000000004,0.08872785,10.823079752070921,309.9063822967176
2.19,3.65,2.0,0.08872785,12.032565867760853,341.4859634464007
2.19,4.38,0.01,0.08872785,0.06263148848343651,28.951979646887835
2.19,4.38,0.20900000000000002,0.08872785,1.3089981093038232,61.49450769567127
2.19,4.38,0.40800000000000003,0.08872785,2.7727042230169086,99.71175169513826
2.19,4.38,0.607,0.08872785,4.754588656475799,151.45858821008824
2.19,4.38,0.806,0.08872785,7.024553144563715,210.7271708159993
2.19,4.38,1.0050000000000001,0.08872785,9.237483349031331,268.50659305492763
2.19,4.38,1.2040000000000002,0.08872785,11.042249876540373,315.6288958844995
2.19,4.38,1.4030000000000002,0.08872785,12.802781930335957,361.5962403113858
2.19,4.38,1.6020000000000003,0.08872785,14.56331398413154,407.5635847382721
2.19,4.38,1.8010000000000004,0.08872785,16.323846037927122,453.53092916515834
2.19,4.38,2.0,0.08872785,18.084378091722705,499.49827359204454
2.19,5.109999999999999,0.01,0.08872785,0.08609534466858652,29.564618966075688
2.19,5.109999999999999,0.20900000000000002,0.08872785,1.7993927035734585,74.29866946669736
2.19,5.109999999999999,0.40800000000000003,0.08872785,3.891443783092381,128.9219478804918
2.19,5.109999999999999,0.607,0.08872785,6.800301112225164,204.87196903951843
2.19,5.109999999999999,0.806,0.08872785,10.13706255885449,291.9945308564899
2.19,5.109999999999999,1.0050000000000001,0.08872785,13.389985778181568,376.92808358258264
2.19,5.109999999999999,1.2040000000000002,0.08872785,15.864844980608517,441.546450013767
2.19,5.109999999999999,1.4030000000000002,0.08872785,18.279045869250492,504.5810329539909
2.19,5.109999999999999,1.6020000000000003,0.08872785,20.693246757892464,567.6156158942148
2.19,5.109999999999999,1.8010000000000004,0.08872785,23.10744764653444,630.6501988344388
2.19,5.109999999999999,2.0,0.08872785,25.521648535176407,693.6847817746626
2.19,5.84,0.01,0.08872785,0.11341817050107664,30.278015659450364
2.19,5.84,0.20900000000000002,0.08872785,2.3704397634725023,89.20866035822813
2.19,5.84,0.40800000000000003,0.08872785,5.220290361110896,163.6180207015316
2.19,5.84,0.607,0.08872785,9.272572357472425,269.42276412556066
2.19,5.84,0.806,0.08872785,13.92923240442598,391.00776781563746
2.19,5.84,1.0050000000000001,0.08872785,18.468890942662107,509.53787191551123
2.19,5.84,1.2040000000000002,0.08872785,21.717934830621722,594.3701356246106
2.19,5.84,1.4030000000000002,0.08872785,24.887345289954872,677.1231771839771
2.19,5.84,1.6020000000000003,0.08872785,28.056755749288023,759.8762187433435
2.19,5.84,1.8010000000000004,0.08872785,31.226166208621173,842.62926030271
2.19,5.84,2.0,0.08872785,34.395576667954316,925.3823018620764
2.19,6.57,0.01,0.08872785,0.14463324787652454,31.09303871451808
2.19,6.57,0.20900000000000002,0.08872785,3.0228348806193632,106.24264220914341
2.19,6.57,0.40800000000000003,0.08872785,6.765234992113336,203.95639558124492
2.19,6.57,0.607,0.08872785,12.190582647549423,345.6117683280039
2.19,6.57,0.806,0.08872785,18.43686275245905,508.70161855263734
2.19,6.57,1.0050000000000001,0.08872785,24.52620114619004,667.6937338470036
2.19,6.57,1.2040000000000002,0.08872785,28.652264995211407,775.4249152625232
2.19,6.57,1.4030000000000002,0.08872785,32.677199828325385,880.5156265453094
2.19,6.57,1.6020000000000003,0.08872785,36.70213466143936,985.6063378280955
2.19,6.57,1.8010000000000004,0.08872785,40.72706949455334,1090.6970491108818
2.19,6.57,2.0,0.08872785,44.75200432766731,1195.7877603936677
2.92,0.0,0.01,0.15773839999999997,0.0,29.1185364086463
2.92,0.0,0.20900000000000002,0.15773839999999997,0.0,29.1185364086463
2.92,0.0,0.40800000000000003,0.15773839999999997,0.0,29.1185364086463
2.92,0.0,0.607,0.15773839999999997,0.0,29.1185364086463
2.92,0.0,0.806,0.15773839999999997,0.0,29.1185364086463
2.92,0.0,1.0050000000000001,0.15773839999999997,0.0,29.1185364086463
2.92,0.0,1.2040000000000002,0.15773839999999997,0.0,29.1185364086463
2.92,0.0,1.4030000000000002,0.15773839999999997,0.0,29.1185364086463
2.92,0.0,1.6020000000000003,0.15773839999999997,0.0,29.1185364086463
2.92,0.0,1.8010000000000004,0.15773839999999997,0.0,29.1185364086463
2.92,0.0,2.0,0.15773839999999997,0.0,29.1185364086463
2.92,0.73,0.01,0.15773839999999997,0.0015509103966364194,29.159030549166904
2.92,0.73,0.20900000000000002,0.15773839999999997,0.03241402728970117,29.964863945526915
2.92,0.73,0.40800000000000003,0.15773839999999997,0.054732638842625574,30.54760102331617
2.92,0.73,0.607,0.15773839999999997,0.07493563007555344,31.0750994317974
2.92,0.73,0.806,0.15773839999999997,0.09950984080268895,31.716730015050775
2.92,0.73,1.0050000000000001,0.15773839999999997,0.12346660904924313,32.34223922686562
2.92,0.73,1.2040000000000002,0.15773839999999997,0.1655784770212438,33.44177657147411
2.92,0.73,1.4030000000000002,0.15773839999999997,0.20665819136647973,34.51436447136179
2.92,0.73,1.6020000000000003,0.15773839999999997,0.24773790571171567,35.58695237124948
2.92,0.73,1.8010000000000004,0.15773839999999997,0.28881762005695155,36.65954027113716
2.92,0.73,2.0,0.15773839999999997,0.3298973344021874,37.73212817102485
2.92,1.46,0.01,0.15773839999999997,0.006485627737739501,29.28787560551153
2.92,1.46,0.20900000000000002,0.15773839999999997,0.1355496197187556,32.657725623129615
2.92,1.46,0.40800000000000003,0.15773839999999997,0.24903742848815633,35.620882802068074
2.92,1.46,0.607,0.15773839999999997,0.3724709808317261,38.84372251247176
2.92,1.46,0.806,0.15773839999999997,0.5157405270725982,42.5844783616706
2.92,1.46,1.0050000000000001,0.15773839999999997,0.6554103359707346,46.23124537043731
2.92,1.46,1.2040000000000002,0.15773839999999997,0.8384568315476165,51.01057403427884
2.92,1.46,1.4030000000000002,0.15773839999999997,1.0170168934093786,55.67276228969288
2.92,1.46,1.6020000000000003,0.15773839999999997,1.1955769552711408,60.334950545106935
2.92,1.46,1.8010000000000004,0.15773839999999997,1.3741370171329026,64.99713880052097
2.92,1.46,2.0,0.15773839999999997,1.5526970789946646,69.65932705593501
2.92,2.19,0.01,0.15773839999999997,0.014977089431227759,29.5095869589122
2.92,2.19,0.20900000000000002,0.15773839999999997,0.3130211691126602,37.29149290920369
2.92,2.19,0.40800000000000003,0.15773839999999997,0.6053829694322502,44.92503502141993
2.92,2.19,0.607,0.15773839999999997,0.9527235996796665,53.9940697769147
2.92,2.19,0.806,0.15773839999999997,1.3514524013067193,64.40484538182083
2.92,2.19,1.0050000000000001,0.15773839999999997,1.7401628913351026,74.55404371022178
2.92,2.19,1.2040000000000002,0.15773839999999997,2.169006762974762,85.75112127011067
2.92,2.19,1.4030000000000002,0.15773839999999997,2.5873397554075668,96.6737606545121
2.92,2.19,1.6020000000000003,0.15773839999999997,3.005672747840372,107.59640003891352
2.92,2.19,1.8010000000000004,0.15773839999999997,3.4240057402731763,118.51903942331491
2.92,2.19,2.0,0.15773839999999997,3.8423387327059806,129.4416788077163
2.92,2.92,0.01,0.15773839999999997,0.02712172620917501,29.826682407704386
2.92,2.92,0.20900000000000002,0.15773839999999997,0.5668440777717577,43.91878778896028
2.92,2.92,0.40800000000000003,0.15773839999999997,1.1379042744949275,58.829121681868365
2.92,2.92,0.607,0.15773839999999997,1.8560425997656667,77.5796531889194
2.92,2.92,0.806,0.15773839999999997,2.6779372232569085,99.03925294978501
2.92,2.92,1.0050000000000001,0.15773839999999997,3.479181228067465,119.95966678701073
2.92,2.92,1.2040000000000002,0.15773839999999997,4.26024696206812,140.35322766392937
2.92,2.92,1.4030000000000002,0.15773839999999997,5.022168928078561,160.24694636249214
2.92,2.92,1.6020000000000003,0.15773839999999997,5.784090894089003,180.1406650610549
2.92,2.92,1.8010000000000004,0.15773839999999997,6.546012860099445,200.03438375961767
2.92,2.92,2.0,0.15773839999999997,7.307934826109885,219.92810245818038
2.92,3.65,0.01,0.15773839999999997,0.04298849866219196,30.24096250713139
2.92,3.65,0.20900000000000002,0.15773839999999997,0.8984596220398121,52.57724186698466
2.92,3.65,0.40800000000000003,0.15773839999999997,1.857389330061695,77.61481620411938
2.92,3.65,0.607,0.15773839999999997,3.114353407577487,110.43404295936287
2.92,3.65,0.806,0.15773839999999997,4.552618455634877,147.98702286601707
2.92,3.65,1.0050000000000001,0.15773839999999997,5.954746190927005,184.5964605639613
2.92,3.65,1.2040000000000002,0.15773839999999997,7.1946214050011115,216.96949852645068
2.92,3.65,1.4030000000000002,0.15773839999999997,8.404107520691046,248.54907967613389
2.92,3.65,1.6020000000000003,0.15773839999999997,9.613593636380983,280.1286608258171
2.92,3.65,1.8010000000000004,0.15773839999999997,10.823079752070921,311.70824197550036
2.92,3.65,2.0,0.15773839999999997,12.032565867760853,343.28782312518354
2.92,4.38,0.01,0.15773839999999997,0.06263148848343651,30.753839325670594
2.92,4.38,0.20900000000000002,0.15773839999999997,1.3089981093038232,63.29636737445402
2.92,4.38,0.40800000000000003,0.15773839999999997,2.7727042230169086,101.51361137392101
2.92,4.38,0.607,0.15773839999999997,4.754588656475799,153.260447888871
2.92,4.38,0.806,0.15773839999999997,7.024553144563715,212.52903049478206
2.92,4.38,1.0050000000000001,0.15773839999999997,9.237483349031331,270.3084527337104
2.92,4.38,1.2040000000000002,0.15773839999999997,11.042249876540373,317.4307555632823
2.92,4.38,1.4030000000000002,0.15773839999999997,12.802781930335957,363.3980999901686
2.92,4.38,1.6020000000000003,0.15773839999999997,14.56331398413154,409.36544441705485
2.92,4.38,1.8010000000000004,0.15773839999999997,16.323846037927122,455.33278884394105
2.92,4.38,2.0,0.15773839999999997,18.084378091722705,501.3001332708273
2.92,5.109999999999999,0.01,0.15773839999999997,0.08609534466858652,31.366478644858443
2.92,5.109999999999999,0.20900000000000002,0.15773839999999997,1.7993927035734585,76.10052914548012
2.92,5.109999999999999,0.40800000000000003,0.15773839999999997,3.891443783092381,130.72380755927458
2.92,5.109999999999999,0.607,0.15773839999999997,6.800301112225164,206.6738287183012
2.92,5.109999999999999,0.806,0.15773839999999997,10.13706255885449,293.7963905352727
2.92,5.109999999999999,1.0050000000000001,0.15773839999999997,13.389985778181568,378.7299432613654
2.92,5.109999999999999,1.2040000000000002,0.15773839999999997,15.864844980608517,443.3483096925498
2.92,5.109999999999999,1.4030000000000002,0.15773839999999997,18.279045869250492,506.3828926327737
2.92,5.109999999999999,1.6020000000000003,0.15773839999999997,20.693246757892464,569.4174755729975
2.92,5.109999999999999,1.8010000000000004,0.15773839999999997,23.10744764653444,632.4520585132216
2.92,5.109999999999999,2.0,0.15773839999999997,25.521648535176407,695.4866414534454
2.92,5.84,0.01,0.15773839999999997,0.11341817050107664,32.07987533823312
2.92,5.84,0.20900000000000002,0.15773839999999997,2.3704397634725023,91.01052003701089
2.92,5.84,0.40800000000000003,0.15773839999999997,5.220290361110896,165.41988038031437
2.92,5.84,0.607,0.15773839999999997,9.272572357472425,271.2246238043434
2.92,5.84,0.806,0.15773839999999997,13.92923240442598,392.8096274944202
2.92,5.84,1.0050000000000001,0.15773839999999997,18.468890942662107,511.33973159429394
2.92,5.84,1.2040000000000002,0.15773839999999997,21.717934830621722,596.1719953033934
2.92,5.84,1.4030000000000002,0.15773839999999997,24.887345289954872,678.9250368627598
2.92,5.84,1.6020000000000003,0.15773839999999997,28.056755749288023,761.6780784221263
2.92,5.84,1.8010000000000004,0.15773839999999997,31.226166208621173,844.4311199814928
2.92,5.84,2.0,0.15773839999999997,34.395576667954316,927.1841615408591
2.92,6.57,0.01,0.15773839999999997,0.14463324787652454,32.894898393300835
2.92,6.57,0.20900000000000002,0.15773839999999997,3.0228348806193632,108.04450188792616
2.92,6.57,0.40800000000000003,0.15773839999999997,6.765234992113336,205.75825526002768
2.92,6.57,0.607,0.15773839999999997,12.190582647549423,347.41362800678667
2.92,6.57,0.806,0.15773839999999997,18.43686275245905,510.50347823142005
2.92,6.57,1.0050000000000001,0.15773839999999997,24.52620114619004,669.4955935257864
2.92,6.57,1.2040000000000002,0.15773839999999997,28.652264995211407,777.226774941306
2.92,6.57,1.4030000000000002,0.15773839999999997,32.677199828325385,882.3174862240921
2.92,6.57,1.6020000000000003,0.15773839999999997,36.70213466143936,987.4081975068783
2.92,6.57,1.8010000000000004,0.15773839999999997,40.72706949455334,1092.4989087896645
2.92,6.57,2.0,0.15773839999999997,44.75200432766731,1197.5896200724503
3.65,0.0,0.01,0.24646625,0.0,31.435213138509845
3.65,0.0,0.20900000000000002,0.24646625,0.0,31.435213138509845
3.65,0.0,0.40800000000000003,0.24646625,0.0,31.435213138509845
3.65,0.0,0.607,0.24646625,0.0,31.435213138509845
3.65,0.0,0.806,0.24646625,0.0,31.435213138509845
3.65,0.0,1.0050000000000001,0.24646625,0.0,31.435213138509845
3.65,0.0,1.2040000000000002,0.24646625,0.0,31.435213138509845
3.65,0.0,1.4030000000000002,0.24646625,0.0,31.435213138509845
3.65,0.0,1.6020000000000003,0.24646625,0.0,31.435213138509845
3.65,0.0,1.8010000000000004,0.24646625,0.0,31.435213138509845
3.65,0.0,2.0,0.24646625,0.0,31.435213138509845
3.65,0.73,0.01,0.24646625,0.0015509103966364194,31.47570727903045
3.65,0.73,0.20900000000000002,0.24646625,0.03241402728970117,32.28154067539046
3.65,0.73,0.40800000000000003,0.24646625,0.054732638842625574,32.864277753179714
3.65,0.73,0.607,0.24646625,0.07493563007555344,33.39177616166094
3.65,0.73,0.806,0.24646625,0.09950984080268895,34.033406744914316
3.65,0.73,1.0050000000000001,0.24646625,0.12346660904924313,34.65891595672916
3.65,0.73,1.2040000000000002,0.24646625,0.1655784770212438,35.75845330133765
3.65,0.73,1.4030000000000002,0.24646625,0.20665819136647973,36.83104120122533
3.65,0.73,1.6020000000000003,0.24646625,0.24773790571171567,37.90362910111302
3.65,0.73,1.8010000000000004,0.24646625,0.28881762005695155,38.976217001000705
3.65,0.73,2.0,0.24646625,0.3298973344021874,40.04880490088839
3.65,1.46,0.01,0.24646625,0.006485627737739501,31.604552335375075
3.65,1.46,0.20900000000000002,0.24646625,0.1355496197187556,34.97440235299316
3.65,1.46,0.40800000000000003,0.24646625,0.24903742848815633,37.93755953193162
3.65,1.46,0.607,0.24646625,0.3724709808317261,41.1603992423353
3.65,1.46,0.806,0.24646625,0.5157405270725982,44.90115509153415
3.65,1.46,1.0050000000000001,0.24646625,0.6554103359707346,48.54792210030085
3.65,1.46,1.2040000000000002,0.24646625,0.8384568315476165,53.327250764142384
3.65,1.46,1.4030000000000002,0.24646625,1.0170168934093786,57.98943901955643
3.65,1.46,1.6020000000000003,0.24646625,1.1955769552711408,62.65162727497048
3.65,1.46,1.8010000000000004,0.24646625,1.3741370171329026,67.31381553038452
3.65,1.46,2.0,0.24646625,1.5526970789946646,71.97600378579855
3.65,2.19,0.01,0.24646625,0.014977089431227759,31.826263688775747
3.65,2.19,0.20900000000000002,0.24646625,0.3130211691126602,39.60816963906723
3.65,2.19,0.40800000000000003,0.24646625,0.6053829694322502,47.241711751283475
3.65,2.19,0.607,0.24646625,0.9527235996796665,56.310746506778244
3.65,2.19,0.806,0.24646625,1.3514524013067193,66.72152211168438
3.65,2.19,1.0050000000000001,0.24646625,1.7401628913351026,76.87072044008534
3.65,2.19,1.2040000000000002,0.24646625,2.169006762974762,88.06779799997422
3.65,2.19,1.4030000000000002,0.24646625,2.5873397554075668,98.99043738437562
3.65,2.19,1.6020000000000003,0.24646625,3.005672747840372,109.91307676877705
3.65,2.19,1.8010000000000004,0.24646625,3.4240057402731763,120.83571615317845
3.65,2.19,2.0,0.24646625,3.8423387327059806,131.75835553757986
3.65,2.92,0.01,0.24646625,0.02712172620917501,32.14335913756793
3.65,2.92,0.20900000000000002,0.24646625,0.5668440777717577,46.235464518823825
3.65,2.92,0.40800000000000003,0.24646625,1.1379042744949275,61.14579841173191
3.65,2.92,0.607,0.24646625,1.8560425997656667,79.89632991878294
3.65,2.92,0.806,0.24646625,2.6779372232569085,101.35592967964854
3.65,2.92,1.0050000000000001,0.24646625,3.479181228067465,122.27634351687428
3.65,2.92,1.2040000000000002,0.24646625,4.26024696206812,142.66990439379293
3.65,2.92,1.4030000000000002,0.24646625,5.022168928078561,162.5636230923557
3.65,2.92,1.6020000000000003,0.24646625,5.784090894089003,182.45734179091846
3.65,2.92,1.8010000000000004,0.24646625,6.546012860099445,202.35106048948123
3.65,2.92,2.0,0.24646625,7.307934826109885,222.24477918804394
3.65,3.65,0.01,0.24646625,0.04298849866219196,32.55763923699493
3.65,3.65,0.20900000000000002,0.24646625,0.8984596220398121,54.8939185968482
3.65,3.65,0.40800000000000003,0.24646625,1.857389330061695,79.93149293398292
3.65,3.65,0.607,0.24646625,3.114353407577487,112.7507196892264
3.65,3.65,0.806,0.24646625,4.552618455634877,150.3036995958806
3.65,3.65,1.0050000000000001,0.24646625,5.954746190927005,186.91313729382486
3.65,3.65,1.2040000000000002,0.24646625,7.1946214050011115,219.28617525631424
3.65,3.65,1.4030000000000002,0.24646625,8.404107520691046,250.8657564059974
3.65,3.65,1.6020000000000003,0.24646625,9.613593636380983,282.4453375556806
3.65,3.65,1.8010000000000004,0.24646625,10.823079752070921,314.0249187053639
3.65,3.65,2.0,0.24646625,12.032565867760853,345.60449985504704
3.65,4.38,0.01,0.24646625,0.06263148848343651,33.070516055534135
3.65,4.38,0.20900000000000002,0.24646625,1.3089981093038232,65.61304410431757
3.65,4.38,0.40800000000000003,0.24646625,2.7727042230169086,103.83028810378455
3.65,4.38,0.607,0.24646625,4.754588656475799,155.57712461873456
3.65,4.38,0.806,0.24646625,7.024553144563715,214.84570722464562
3.65,4.38,1.0050000000000001,0.24646625,9.237483349031331,272.6251294635739
3.65,4.38,1.2040000000000002,0.24646625,11.042249876540373,319.74743229314583
3.65,4.38,1.4030000000000002,0.24646625,12.802781930335957,365.71477672003215
3.65,4.38,1.6020000000000003,0.24646625,14.56331398413154,411.6821211469184
3.65,4.38,1.8010000000000004,0.24646625,16.323846037927122,457.64946557380466
3.65,4.38,2.0,0.24646625,18.084378091722705,503.6168100006909
3.65,5.109999999999999,0.01,0.24646625,0.08609534466858652,33.68315537472199
3.65,5.109999999999999,0.20900000000000002,0.24646625,1.7993927035734585,78.41720587534365
3.65,5.109999999999999,0.40800000000000003,0.24646625,3.891443783092381,133.04048428913813
3.65,5.109999999999999,0.607,0.24646625,6.800301112225164,208.99050544816475
3.65,5.109999999999999,0.806,0.24646625,10.13706255885449,296.1130672651362
3.65,5.109999999999999,1.0050000000000001,0.24646625,13.389985778181568,381.0466199912289
3.65,5.109999999999999,1.2040000000000002,0.24646625,15.864844980608517,445.6649864224133
3.65,5.109999999999999,1.4030000000000002,0.24646625,18.279045869250492,508.6995693626373
3.65,5.109999999999999,1.6020000000000003,0.24646625,20.693246757892464,571.7341523028612
3.65,5.109999999999999,1.8010000000000004,0.24646625,23.10744764653444,634.7687352430852
3.65,5.109999999999999,2.0,0.24646625,25.521648535176407,697.803318183309
3.65,5.84,0.01,0.24646625,0.11341817050107664,34.39655206809667
3.65,5.84,0.20900000000000002,0.24646625,2.3704397634725023,93.32719676687442
3.65,5.84,0.40800000000000003,0.24646625,5.220290361110896,167.73655711017793
3.65,5.84,0.607,0.24646625,9.272572357472425,273.541300534207
3.65,5.84,0.806,0.24646625,13.92923240442598,395.12630422428373
3.65,5.84,1.0050000000000001,0.24646625,18.468890942662107,513.6564083241576
3.65,5.84,1.2040000000000002,0.24646625,21.717934830621722,598.488672033257
3.65,5.84,1.4030000000000002,0.24646625,24.887345289954872,681.2417135926235
3.65,5.84,1.6020000000000003,0.24646625,28.056755749288023,763.9947551519899
3.65,5.84,1.8010000000000004,0.24646625,31.226166208621173,846.7477967113564
3.65,5.84,2.0,0.24646625,34.395576667954316,929.5008382707225
3.65,6.57,0.01,0.24646625,0.14463324787652454,35.21157512316438
3.65,6.57,0.20900000000000002,0.24646625,3.0228348806193632,110.3611786177897
3.65,6.57,0.40800000000000003,0.24646625,6.765234992113336,208.0749319898912
3.65,6.57,0.607,0.24646625,12.190582647549423,349.73030473665017
3.65,6.57,0.806,0.24646625,18.43686275245905,512.8201549612836
3.65,6.57,1.0050000000000001,0.24646625,24.52620114619004,671.81227025565
3.65,6.57,1.2040000000000002,0.24646625,28.652264995211407,779.5434516711696
3.65,6.57,1.4030000000000002,0.24646625,32.677199828325385,884.6341629539556
3.65,6.57,1.6020000000000003,0.24646625,36.70213466143936,989.7248742367417
3.65,6.57,1.8010000000000004,0.24646625,40.72706949455334,1094.815585519528
3.65,6.57,2.0,0.24646625,44.75200432766731,1199.9062968023138
4.38,0.0,0.01,0.3549114,0.0,34.26670691945417
4.38,0.0,0.20900000000000002,0.3549114,0.0,34.26670691945417
4.38,0.0,0.40800000000000003,0.3549114,0.0,34.26670691945417
4.38,0.0,0.607,0.3549114,0.0,34.26670691945417
4.38,0.0,0.806,0.3549114,0.0,34.26670691945417
4.38,0.0,1.0050000000000001,0.3549114,0.0,34.26670691945417
4.38,0.0,1.2040000000000002,0.3549114,0.0,34.26670691945417
4.38,0.0,1.4030000000000002,0.3549114,0.0,34.26670691945417
4.38,0.0,1.6020000000000003,0.3549114,0.0,34.26670691945417
4.38,0.0,1.8010000000000004,0.3549114,0.0,34.26670691945417
4.38,0.0,2.0,0.3549114,0.0,34.26670691945417
4.38,0.73,0.01,0.3549114,0.0015509103966364194,34.30720105997478
4.38,0.73,0.20900000000000002,0.3549114,0.03241402728970117,35.11303445633479
4.38,0.73,0.40800000000000003,0.3549114,0.054732638842625574,35.69577153412405
4.38,0.73,0.607,0.3549114,0.07493563007555344,36.22326994260528
4.38,0.73,0.806,0.3549114,0.09950984080268895,36.86490052585865
4.38,0.73,1.0050000000000001,0.3549114,0.12346660904924313,37.490409737673495
4.38,0.73,1.2040000000000002,0.3549114,0.1655784770212438,38.58994708228198
4.38,0.73,1.4030000000000002,0.3549114,0.20665819136647973,39.66253498216967
4.38,0.73,1.6020000000000003,0.3549114,0.24773790571171567,40.735122882057354
4.38,0.73,1.8010000000000004,0.3549114,0.28881762005695155,41.80771078194504
4.38,0.73,2.0,0.3549114,0.3298973344021874,42.88029868183273
4.38,1.46,0.01,0.3549114,0.006485627737739501,34.4360461163194
4.38,1.46,0.20900000000000002,0.3549114,0.1355496197187556,37.805896133937495
4.38,1.46,0.40800000000000003,0.3549114,0.24903742848815633,40.76905331287595
4.38,1.46,0.607,0.3549114,0.3724709808317261,43.99189302327963
4.38,1.46,0.806,0.3549114,0.5157405270725982,47.73264887247848
4.38,1.46,1.0050000000000001,0.3549114,0.6554103359707346,51.37941588124518
4.38,1.46,1.2040000000000002,0.3549114,0.8384568315476165,56.15874454508672
4.38,1.46,1.4030000000000002,0.3549114,1.0170168934093786,60.820932800500756
4.38,1.46,1.6020000000000003,0.3549114,1.1955769552711408,65.48312105591481
4.38,1.46,1.8010000000000004,0.3549114,1.3741370171329026,70.14530931132884
4.38,1.46,2.0,0.3549114,1.5526970789946646,74.80749756674288
4.38,2.19,0.01,0.3549114,0.014977089431227759,34.65775746972008
4.38,2.19,0.20900000000000002,0.3549114,0.3130211691126602,42.43966342001156
4.38,2.19,0.40800000000000003,0.3549114,0.6053829694322502,50.07320553222781
4.38,2.19,0.607,0.3549114,0.9527235996796665,59.14224028772258
4.38,2.19,0.806,0.3549114,1.3514524013067193,69.55301589262871
4.38,2.19,1.0050000000000001,0.3549114,1.7401628913351026,79.70221422102966
4.38,2.19,1.2040000000000002,0.3549114,2.169006762974762,90.89929178091855
4.38,2.19,1.4030000000000002,0.3549114,2.5873397554075668,101.82193116531997
4.38,2.19,1.6020000000000003,0.3549114,3.005672747840372,112.74457054972137
4.38,2.19,1.8010000000000004,0.3549114,3.4240057402731763,123.66720993412278
4.38,2.19,2.0,0.3549114,3.8423387327059806,134.5898493185242
4.38,2.92,0.01,0.3549114,0.02712172620917501,34.97485291851226
4.38,2.92,0.20900000000000002,0.3549114,0.5668440777717577,49.06695829976816
4.38,2.92,0.40800000000000003,0.3549114,1.1379042744949275,63.977292192676245
4.38,2.92,0.607,0.3549114,1.8560425997656667,82.72782369972728
4.38,2.92,0.806,0.3549114,2.6779372232569085,104.18742346059287
4.38,2.92,1.0050000000000001,0.3549114,3.479181228067465,125.1078372978186
4.38,2.92,1.2040000000000002,0.3549114,4.26024696206812,145.50139817473723
4.38,2.92,1.4030000000000002,0.3549114,5.022168928078561,165.3951168733
4.38,2.92,1.6020000000000003,0.3549114,5.784090894089003,185.28883557186276
4.38,2.92,1.8010000000000004,0.3549114,6.546012860099445,205.18255427042553
4.38,2.92,2.0,0.3549114,7.307934826109885,225.07627296898826
4.38,3.65,0.01,0.3549114,0.04298849866219196,35.389133017939265
4.38,3.65,0.20900000000000002,0.3549114,0.8984596220398121,57.72541237779254
4.38,3.65,0.40800000000000003,0.3549114,1.857389330061695,82.76298671492725
4.38,3.65,0.607,0.3549114,3.114353407577487,115.58221347017073
4.38,3.65,0.806,0.3549114,4.552618455634877,153.13519337682493
4.38,3.65,1.0050000000000001,0.3549114,5.954746190927005,189.7446310747692
4.38,3.65,1.2040000000000002,0.3549114,7.1946214050011115,222.11766903725854
4.38,3.65,1.4030000000000002,0.3549114,8.404107520691046,253.69725018694177
4.38,3.65,1.6020000000000003,0.3549114,9.613593636380983,285.27683133662504
4.38,3.65,1.8010000000000004,0.3549114,10.823079752070921,316.8564124863083
4.38,3.65,2.0,0.3549114,12.032565867760853,348.4359936359914
4.38,4.38,0.01,0.3549114,0.06263148848343651,35.90200983647847
4.38,4.38,0.20900000000000002,0.3549114,1.3089981093038232,68.4445378852619
4.38,4.38,0.40800000000000003,0.3549114,2.7727042230169086,106.66178188472888
4.38,4.38,0.607,0.3549114,4.754588656475799,158.40861839967886
4.38,4.38,0.806,0.3549114,7.024553144563715,217.67720100558992
4.38,4.38,1.0050000000000001,0.3549114,9.237483349031331,275.45662324451825
4.38,4.38,1.2040000000000002,0.3549114,11.042249876540373,322.5789260740902
4.38,4.38,1.4030000000000002,0.3549114,12.802781930335957,368.5462705009765
4.38,4.38,1.6020000000000003,0.3549114,14.56331398413154,414.51361492786276
4.38,4.38,1.8010000000000004,0.3549114,16.323846037927122,460.480959354749
4.38,4.38,2.0,0.3549114,18.084378091722705,506.4483037816352
4.38,5.109999999999999,0.01,0.3549114,0.08609534466858652,36.51464915566632
4.38,5.109999999999999,0.20900000000000002,0.3549114,1.7993927035734585,81.248699656288
4.38,5.109999999999999,0.40800000000000003,0.3549114,3.891443783092381,135.87197807008246
4.38,5.109999999999999,0.607,0.3549114,6.800301112225164,211.82199922910908
4.38,5.109999999999999,0.806,0.3549114,10.13706255885449,298.9445610460806
4.38,5.109999999999999,1.0050000000000001,0.3549114,13.389985778181568,383.8781137721733
4.38,5.109999999999999,1.2040000000000002,0.3549114,15.864844980608517,448.4964802033577
4.38,5.109999999999999,1.4030000000000002,0.3549114,18.279045869250492,511.5310631435816
4.38,5.109999999999999,1.6020000000000003,0.3549114,20.693246757892464,574.5656460838055
4.38,5.109999999999999,1.8010000000000004,0.3549114,23.10744764653444,637.6002290240294
4.38,5.109999999999999,2.0,0.3549114,25.521648535176407,700.6348119642532
4.38,5.84,0.01,0.3549114,0.11341817050107664,37.228045849040996
4.38,5.84,0.20900000000000002,0.3549114,2.3704397634725023,96.15869054781876
4.38,5.84,0.40800000000000003,0.3549114,5.220290361110896,170.56805089112223
4.38,5.84,0.607,0.3549114,9.272572357472425,276.3727943151514
4.38,5.84,0.806,0.3549114,13.92923240442598,397.95779800522814
4.38,5.84,1.0050000000000001,0.3549114,18.468890942662107,516.4879021051019
4.38,5.84,1.2040000000000002,0.3549114,21.717934830621722,601.3201658142012
4.38,5.84,1.4030000000000002,0.3549114,24.887345289954872,684.0732073735677
4.38,5.84,1.6020000000000003,0.3549114,28.056755749288023,766.8262489329343
4.38,5.84,1.8010000000000004,0.3549114,31.226166208621173,849.5792904923007
4.38,5.84,2.0,0.3549114,34.395576667954316,932.3323320516669
4.38,6.57,0.01,0.3549114,0.14463324787652454,38.043068904108715
4.38,6.57,0.20900000000000002,0.3549114,3.0228348806193632,113.19267239873403
4.38,6.57,0.40800000000000003,0.3549114,6.765234992113336,210.90642577083554
4.38,6.57,0.607,0.3549114,12.190582647549423,352.5617985175946
4.38,6.57,0.806,0.3549114,18.43686275245905,515.651648742228
4.38,6.57,1.0050000000000001,0.3549114,24.52620114619004,674.6437640365943
4.38,6.57,1.2040000000000002,0.3549114,28.652264995211407,782.3749454521138
4.38,6.57,1.4030000000000002,0.3549114,32.677199828325385,887.4656567348999
4.38,6.57,1.6020000000000003,0.3549114,36.70213466143936,992.556368017686
4.38,6.57,1.8010000000000004,0.3549114,40.72706949455334,1097.6470793004721
4.38,6.57,2.0,0.3549114,44.75200432766731,1202.7377905832582
5.109999999999999,0.0,0.01,0.48307384999999986,0.0,37.61301775147929
5.109999999999999,0.0,0.20900000000000002,0.48307384999999986,0.0,37.61301775147929
5.109999999999999,0.0,0.40800000000000003,0.48307384999999986,0.0,37.61301775147929
5.109999999999999,0.0,0.607,0.48307384999999986,0.0,37.61301775147929
5.109999999999999,0.0,0.806,0.48307384999999986,0.0,37.61301775147929
5.109999999999999,0.0,1.0050000000000001,0.48307384999999986,0.0,37.61301775147929
5.109999999999999,0.0,1.2040000000000002,0.48307384999999986,0.0,37.61301775147929
5.109999999999999,0.0,1.4030000000000002,0.48307384999999986,0.0,37.61301775147929
5.109999999999999,0.0,1.6020000000000003,0.48307384999999986,0.0,37.61301775147929
5.109999999999999,0.0,1.8010000000000004,0.48307384999999986,0.0,37.61301775147929
5.109999999999999,0.0,2.0,0.48307384999999986,0.0,37.61301775147929
5.109999999999999,0.73,0.01,0.48307384999999986,0.0015509103966364194,37.6535118919999
5.109999999999999,0.73,0.20900000000000002,0.48307384999999986,0.03241402728970117,38.459345288359906
5.109999999999999,0.73,0.40800000000000003,0.48307384999999986,0.054732638842625574,39.04208236614916
5.109999999999999,0.73,0.607,0.48307384999999986,0.07493563007555344,39.569580774630396
5.109999999999999,0.73,0.806,0.48307384999999986,0.09950984080268895,40.21121135788376
5.109999999999999,0.73,1.0050000000000001,0.48307384999999986,0.12346660904924313,40.83672056969861
5.109999999999999,0.73,1.2040000000000002,0.48307384999999986,0.1655784770212438,41.93625791430709
5.109999999999999,0.73,1.4030000000000002,0.48307384999999986,0.20665819136647973,43.008845814194785
5.109999999999999,0.73,1.6020000000000003,0.48307384999999986,0.24773790571171567,44.081433714082465
5.109999999999999,0.73,1.8010000000000004,0.48307384999999986,0.28881762005695155,45.15402161397016
5.109999999999999,0.73,2.0,0.48307384999999986,0.3298973344021874,46.22660951385784
5.109999999999999,1.46,0.01,0.48307384999999986,0.006485627737739501,37.78235694834452
5.109999999999999,1.46,0.20900000000000002,0.48307384999999986,0.1355496197187556,41.152206965962606
5.109999999999999,1.46,0.40800000000000003,0.48307384999999986,0.24903742848815633,44.115364144901065
5.109999999999999,1.46,0.607,0.48307384999999986,0.3724709808317261,47.33820385530475
5.109999999999999,1.46,0.806,0.48307384999999986,0.5157405270725982,51.07895970450359
5.109999999999999,1.46,1.0050000000000001,0.48307384999999986,0.6554103359707346,54.72572671327029
5.109999999999999,1.46,1.2040000000000002,0.48307384999999986,0.8384568315476165,59.50505537711184
5.109999999999999,1.46,1.4030000000000002,0.48307384999999986,1.0170168934093786,64.16724363252587
5.109999999999999,1.46,1.6020000000000003,0.48307384999999986,1.1955769552711408,68.82943188793993
5.109999999999999,1.46,1.8010000000000004,0.48307384999999986,1.3741370171329026,73.49162014335397
5.109999999999999,1.46,2.0,0.48307384999999986,1.5526970789946646,78.153808398768
5.109999999999999,2.19,0.01,0.48307384999999986,0.014977089431227759,38.00406830174519
5.109999999999999,2.19,0.20900000000000002,0.48307384999999986,0.3130211691126602,45.78597425203668
5.109999999999999,2.19,0.40800000000000003,0.48307384999999986,0.6053829694322502,53.41951636425293
5.109999999999999,2.19,0.607,0.48307384999999986,0.9527235996796665,62.4885511197477
5.109999999999999,2.19,0.806,0.48307384999999986,1.3514524013067193,72.89932672465382
5.109999999999999,2.19,1.0050000000000001,0.48307384999999986,1.7401628913351026,83.04852505305479
5.109999999999999,2.19,1.2040000000000002,0.48307384999999986,2.169006762974762,94.24560261294366
5.109999999999999,2.19,1.4030000000000002,0.48307384999999986,2.5873397554075668,105.16824199734508
5.109999999999999,2.19,1.6020000000000003,0.48307384999999986,3.005672747840372,116.0908813817465
5.109999999999999,2.19,1.8010000000000004,0.48307384999999986,3.4240057402731763,127.01352076614789
5.109999999999999,2.19,2.0,0.48307384999999986,3.8423387327059806,137.9361601505493
5.109999999999999,2.92,0.01,0.48307384999999986,0.02712172620917501,38.32116375053737
5.109999999999999,2.92,0.20900000000000002,0.48307384999999986,0.5668440777717577,52.41326913179327
5.109999999999999,2.92,0.40800000000000003,0.48307384999999986,1.1379042744949275,67.32360302470136
5.109999999999999,2.92,0.607,0.48307384999999986,1.8560425997656667,86.07413453175238
5.109999999999999,2.92,0.806,0.48307384999999986,2.6779372232569085,107.53373429261799
5.109999999999999,2.92,1.0050000000000001,0.48307384999999986,3.479181228067465,128.4541481298437
5.109999999999999,2.92,1.2040000000000002,0.48307384999999986,4.26024696206812,148.84770900676236
5.109999999999999,2.92,1.4030000000000002,0.48307384999999986,5.022168928078561,168.74142770532512
5.109999999999999,2.92,1.6020000000000003,0.48307384999999986,5.784090894089003,188.6351464038879
5.109999999999999,2.92,1.8010000000000004,0.48307384999999986,6.546012860099445,208.52886510245065
5.109999999999999,2.92,2.0,0.48307384999999986,7.307934826109885,228.42258380101336
5.109999999999999,3.65,0.01,0.48307384999999986,0.04298849866219196,38.73544384996438
5.109999999999999,3.65,0.20900000000000002,0.48307384999999986,0.8984596220398121,61.07172320981765
5.109999999999999,3.65,0.40800000000000003,0.48307384999999986,1.857389330061695,86.10929754695236
5.109999999999999,3.65,0.607,0.48307384999999986,3.114353407577487,118.92852430219585
5.109999999999999,3.65,0.806,0.48307384999999986,4.552618455634877,156.48150420885005
5.109999999999999,3.65,1.0050000000000001,0.48307384999999986,5.954746190927005,193.09094190679428
5.109999999999999,3.65,1.2040000000000002,0.48307384999999986,7.1946214050011115,225.46397986928366
5.109999999999999,3.65,1.4030000000000002,0.48307384999999986,8.404107520691046,257.0435610189669
5.109999999999999,3.65,1.6020000000000003,0.48307384999999986,9.613593636380983,288.62314216865013
5.109999999999999,3.65,1.8010000000000004,0.48307384999999986,10.823079752070921,320.20272331833337
5.109999999999999,3.65,2.0,0.48307384999999986,12.032565867760853,351.78230446801655
5.109999999999999,4.38,0.01,0.48307384999999986,0.06263148848343651,39.24832066850358
5.109999999999999,4.38,0.20900000000000002,0.48307384999999986,1.3089981093038232,71.790848717287
5.109999999999999,4.38,0.40800000000000003,0.48307384999999986,2.7727042230169086,110.00809271675399
5.109999999999999,4.38,0.607,0.48307384999999986,4.754588656475799,161.75492923170398
5.109999999999999,4.38,0.806,0.48307384999999986,7.024553144563715,221.02351183761505
5.109999999999999,4.38,1.0050000000000001,0.48307384999999986,9.237483349031331,278.8029340765434
5.109999999999999,4.38,1.2040000000000002,0.48307384999999986,11.042249876540373,325.9252369061153
5.109999999999999,4.38,1.4030000000000002,0.48307384999999986,12.802781930335957,371.8925813330016
5.109999999999999,4.38,1.6020000000000003,0.48307384999999986,14.56331398413154,417.85992575988786
5.109999999999999,4.38,1.8010000000000004,0.48307384999999986,16.323846037927122,463.8272701867741
5.109999999999999,4.38,2.0,0.48307384999999986,18.084378091722705,509.7946146136603
5.109999999999999,5.109999999999999,0.01,0.48307384999999986,0.08609534466858652,39.86095998769144
5.109999999999999,5.109999999999999,0.20900000000000002,0.48307384999999986,1.7993927035734585,84.59501048831311
5.109999999999999,5.109999999999999,0.40800000000000003,0.48307384999999986,3.891443783092381,139.2182889021076
5.109999999999999,5.109999999999999,0.607,0.48307384999999986,6.800301112225164,215.16831006113418
5.109999999999999,5.109999999999999,0.806,0.48307384999999986,10.13706255885449,302.2908718781057
5.109999999999999,5.109999999999999,1.0050000000000001,0.48307384999999986,13.389985778181568,387.2244246041984
5.109999999999999,5.109999999999999,1.2040000000000002,0.48307384999999986,15.864844980608517,451.8427910353828
5.109999999999999,5.109999999999999,1.4030000000000002,0.48307384999999986,18.279045869250492,514.8773739756067
5.109999999999999,5.109999999999999,1.6020000000000003,0.48307384999999986,20.693246757892464,577.9119569158306
5.109999999999999,5.109999999999999,1.8010000000000004,0.48307384999999986,23.10744764653444,640.9465398560546
5.109999999999999,5.109999999999999,2.0,0.48307384999999986,25.521648535176407,703.9811227962783
5.109999999999999,5.84,0.01,0.48307384999999986,0.11341817050107664,40.57435668106611
5.109999999999999,5.84,0.20900000000000002,0.48307384999999986,2.3704397634725023,99.50500137984388
5.109999999999999,5.84,0.40800000000000003,0.48307384999999986,5.220290361110896,173.91436172314735
5.109999999999999,5.84,0.607,0.48307384999999986,9.272572357472425,279.7191051471765
5.109999999999999,5.84,0.806,0.48307384999999986,13.92923240442598,401.30410883725324
5.109999999999999,5.84,1.0050000000000001,0.48307384999999986,18.468890942662107,519.834212937127
5.109999999999999,5.84,1.2040000000000002,0.48307384999999986,21.717934830621722,604.6664766462264
5.109999999999999,5.84,1.4030000000000002,0.48307384999999986,24.887345289954872,687.4195182055929
5.109999999999999,5.84,1.6020000000000003,0.48307384999999986,28.056755749288023,770.1725597649594
5.109999999999999,5.84,1.8010000000000004,0.48307384999999986,31.226166208621173,852.9256013243258
5.109999999999999,5.84,2.0,0.48307384999999986,34.395576667954316,935.6786428836921
5.109999999999999,6.57,0.01,0.48307384999999986,0.14463324787652454,41.389379736133826
5.109999999999999,6.57,0.20900000000000002,0.48307384999999986,3.0228348806193632,116.53898323075914
5.109999999999999,6.57,0.40800000000000003,0.48307384999999986,6.765234992113336,214.25273660286067
5.109999999999999,6.57,0.607,0.48307384999999986,12.190582647549423,355.9081093496197
5.109999999999999,6.57,0.806,0.48307384999999986,18.43686275245905,518.9979595742532
5.109999999999999,6.57,1.0050000000000001,0.48307384999999986,24.52620114619004,677.9900748686194
5.109999999999999,6.57,1.2040000000000002,0.48307384999999986,28.652264995211407,785.721256284139
5.109999999999999,6.57,1.4030000000000002,0.48307384999999986,32.677199828325385,890.8119675669251
5.109999999999999,6.57,1.6020000000000003,0.48307384999999986,36.70213466143936,995.9026788497113
5.109999999999999,6.57,1.8010000000000004,0.48307384999999986,40.72706949455334,1100.9933901324973
5.109999999999999,6.57,2.0,0.48307384999999986,44.75200432766731,1206.0841014152834
5.84,0.0,0.01,0.6309535999999999,0.0,41.4741456345852
5.84,0.0,0.20900000000000002,0.6309535999999999,0.0,41.4741456345852
5.84,0.0,0.40800000000000003,0.6309535999999999,0.0,41.4741456345852
5.84,0.0,0.607,0.6309535999999999,0.0,41.4741456345852
5.84,0.0,0.806,0.6309535999999999,0.0,41.4741456345852
5.84,0.0,1.0050000000000001,0.6309535999999999,0.0,41.4741456345852
5.84,0.0,1.2040000000000002,0.6309535999999999,0.0,41.4741456345852
5.84,0.0,1.4030000000000002,0.6309535999999999,0.0,41.4741456345852
5.84,0.0,1.6020000000000003,0.6309535999999999,0.0,41.4741456345852
5.84,0.0,1.8010000000000004,0.6309535999999999,0.0,41.4741456345852
5.84,0.0,2.0,0.6309535999999999,0.0,41.4741456345852
5.84,0.73,0.01,0.6309535999999999,0.0015509103966364194,41.5146397751058
5.84,0.73,0.20900000000000002,0.6309535999999999,0.03241402728970117,42.32047317146581
5.84,0.73,0.40800000000000003,0.6309535999999999,0.054732638842625574,42.90321024925507
5.84,0.73,0.607,0.6309535999999999,0.07493563007555344,43.430708657736304
5.84,0.73,0.806,0.6309535999999999,0.09950984080268895,44.07233924098967
5.84,0.73,1.0050000000000001,0.6309535999999999,0.12346660904924313,44.69784845280452
5.84,0.73,1.2040000000000002,0.6309535999999999,0.1655784770212438,45.797385797413
5.84,0.73,1.4030000000000002,0.6309535999999999,0.20665819136647973,46.86997369730069
5.84,0.73,1.6020000000000003,0.6309535999999999,0.24773790571171567,47.94256159718837
5.84,0.73,1.8010000000000004,0.6309535999999999,0.28881762005695155,49.01514949707607
5.84,0.73,2.0,0.6309535999999999,0.3298973344021874,50.087737396963746
5.84,1.46,0.01,0.6309535999999999,0.006485627737739501,41.64348483145043
5.84,1.46,0.20900000000000002,0.6309535999999999,0.1355496197187556,45.013334849068514
5.84,1.46,0.40800000000000003,0.6309535999999999,0.24903742848815633,47.97649202800697
5.84,1.46,0.607,0.6309535999999999,0.3724709808317261,51.199331738410656
5.84,1.46,0.806,0.6309535999999999,0.5157405270725982,54.9400875876095
5.84,1.46,1.0050000000000001,0.6309535999999999,0.6554103359707346,58.5868545963762
5.84,1.46,1.2040000000000002,0.6309535999999999,0.8384568315476165,63.366183260217745
5.84,1.46,1.4030000000000002,0.6309535999999999,1.0170168934093786,68.02837151563179
5.84,1.46,1.6020000000000003,0.6309535999999999,1.1955769552711408,72.69055977104583
5.84,1.46,1.8010000000000004,0.6309535999999999,1.3741370171329026,77.35274802645986
5.84,1.46,2.0,0.6309535999999999,1.5526970789946646,82.0149362818739
5.84,2.19,0.01,0.6309535999999999,0.014977089431227759,41.8651961848511
5.84,2.19,0.20900000000000002,0.6309535999999999,0.3130211691126602,49.64710213514259
5.84,2.19,0.40800000000000003,0.6309535999999999,0.6053829694322502,57.28064424735883
5.84,2.19,0.607,0.6309535999999999,0.9527235996796665,66.3496790028536
5.84,2.19,0.806,0.6309535999999999,1.3514524013067193,76.76045460775973
5.84,2.19,1.0050000000000001,0.6309535999999999,1.7401628913351026,86.90965293616068
5.84,2.19,1.2040000000000002,0.6309535999999999,2.169006762974762,98.10673049604956
5.84,2.19,1.4030000000000002,0.6309535999999999,2.5873397554075668,109.02936988045099
5.84,2.19,1.6020000000000003,0.6309535999999999,3.005672747840372,119.9520092648524
5.84,2.19,1.8010000000000004,0.6309535999999999,3.4240057402731763,130.8746486492538
5.84,2.19,2.0,0.6309535999999999,3.8423387327059806,141.7972880336552
5.84,2.92,0.01,0.6309535999999999,0.02712172620917501,42.18229163364328
5.84,2.92,0.20900000000000002,0.6309535999999999,0.5668440777717577,56.27439701489918
5.84,2.92,0.40800000000000003,0.6309535999999999,1.1379042744949275,71.18473090780726
5.84,2.92,0.607,0.6309535999999999,1.8560425997656667,89.9352624148583
5.84,2.92,0.806,0.6309535999999999,2.6779372232569085,111.39486217572389
5.84,2.92,1.0050000000000001,0.6309535999999999,3.479181228067465,132.31527601294962
5.84,2.92,1.2040000000000002,0.6309535999999999,4.26024696206812,152.70883688986828
5.84,2.92,1.4030000000000002,0.6309535999999999,5.022168928078561,172.60255558843102
5.84,2.92,1.6020000000000003,0.6309535999999999,5.784090894089003,192.49627428699378
5.84,2.92,1.8010000000000004,0.6309535999999999,6.546012860099445,212.38999298555655
5.84,2.92,2.0,0.6309535999999999,7.307934826109885,232.28371168411928
5.84,3.65,0.01,0.6309535999999999,0.04298849866219196,42.59657173307029
5.84,3.65,0.20900000000000002,0.6309535999999999,0.8984596220398121,64.93285109292356
5.84,3.65,0.40800000000000003,0.6309535999999999,1.857389330061695,89.97042543005827
5.84,3.65,0.607,0.6309535999999999,3.114353407577487,122.78965218530176
5.84,3.65,0.806,0.6309535999999999,4.552618455634877,160.34263209195595
5.84,3.65,1.0050000000000001,0.6309535999999999,5.954746190927005,196.9520697899002
5.84,3.65,1.2040000000000002,0.6309535999999999,7.1946214050011115,229.32510775238956
5.84,3.65,1.4030000000000002,0.6309535999999999,8.404107520691046,260.9046889020728
5.84,3.65,1.6020000000000003,0.6309535999999999,9.613593636380983,292.484270051756
5.84,3.65,1.8010000000000004,0.6309535999999999,10.823079752070921,324.06385120143926
5.84,3.65,2.0,0.6309535999999999,12.032565867760853,355.64343235112244
5.84,4.38,0.01,0.6309535999999999,0.06263148848343651,43.10944855160949
5.84,4.38,0.20900000000000002,0.6309535999999999,1.3089981093038232,75.65197660039291
5.84,4.38,0.40800000000000003,0.6309535999999999,2.7727042230169086,113.8692205998599
5.84,4.38,0.607,0.6309535999999999,4.754588656475799,165.61605711480988
5.84,4.38,0.806,0.6309535999999999,7.024553144563715,224.88463972072094
5.84,4.38,1.0050000000000001,0.6309535999999999,9.237483349031331,282.6640619596493
5.84,4.38,1.2040000000000002,0.6309535999999999,11.042249876540373,329.7863647892212
5.84,4.38,1.4030000000000002,0.6309535999999999,12.802781930335957,375.7537092161075
5.84,4.38,1.6020000000000003,0.6309535999999999,14.56331398413154,421.72105364299375
5.84,4.38,1.8010000000000004,0.6309535999999999,16.323846037927122,467.68839806988
5.84,4.38,2.0,0.6309535999999999,18.084378091722705,513.6557424967663
5.84,5.109999999999999,0.01,0.6309535999999999,0.08609534466858652,43.72208787079734
5.84,5.109999999999999,0.20900000000000002,0.6309535999999999,1.7993927035734585,88.45613837141902
5.84,5.109999999999999,0.40800000000000003,0.6309535999999999,3.891443783092381,143.07941678521348
5.84,5.109999999999999,0.607,0.6309535999999999,6.800301112225164,219.0294379442401
5.84,5.109999999999999,0.806,0.6309535999999999,10.13706255885449,306.1519997612116
5.84,5.109999999999999,1.0050000000000001,0.6309535999999999,13.389985778181568,391.0855524873043
5.84,5.109999999999999,1.2040000000000002,0.6309535999999999,15.864844980608517,455.7039189184886
5.84,5.109999999999999,1.4030000000000002,0.6309535999999999,18.279045869250492,518.7385018587127
5.84,5.109999999999999,1.6020000000000003,0.6309535999999999,20.693246757892464,581.7730847989366
5.84,5.109999999999999,1.8010000000000004,0.6309535999999999,23.10744764653444,644.8076677391605
5.84,5.109999999999999,2.0,0.6309535999999999,25.521648535176407,707.8422506793843
5.84,5.84,0.01,0.6309535999999999,0.11341817050107664,44.435484564172015
5.84,5.84,0.20900000000000002,0.6309535999999999,2.3704397634725023,103.36612926294978
5.84,5.84,0.40800000000000003,0.6309535999999999,5.220290361110896,177.77548960625325
5.84,5.84,0.607,0.6309535999999999,9.272572357472425,283.5802330302824
5.84,5.84,0.806,0.6309535999999999,13.92923240442598,405.16523672035913
5.84,5.84,1.0050000000000001,0.6309535999999999,18.468890942662107,523.6953408202329
5.84,5.84,1.2040000000000002,0.6309535999999999,21.717934830621722,608.5276045293323
5.84,5.84,1.4030000000000002,0.6309535999999999,24.887345289954872,691.2806460886987
5.84,5.84,1.6020000000000003,0.6309535999999999,28.056755749288023,774.0336876480652
5.84,5.84,1.8010000000000004,0.6309535999999999,31.226166208621173,856.7867292074317
5.84,5.84,2.0,0.6309535999999999,34.395576667954316,939.539770766798
5.84,6.57,0.01,0.6309535999999999,0.14463324787652454,45.250507619239734
5.84,6.57,0.20900000000000002,0.6309535999999999,3.0228348806193632,120.40011111386505
5.84,6.57,0.40800000000000003,0.6309535999999999,6.765234992113336,218.11386448596656
5.84,6.57,0.607,0.6309535999999999,12.190582647549423,359.7692372327256
5.84,6.57,0.806,0.6309535999999999,18.43686275245905,522.859087457359
5.84,6.57,1.0050000000000001,0.6309535999999999,24.52620114619004,681.8512027517253
5.84,6.57,1.2040000000000002,0.6309535999999999,28.652264995211407,789.5823841672449
5.84,6.57,1.4030000000000002,0.6309535999999999,32.677199828325385,894.673095450031
5.84,6.57,1.6020000000000003,0.6309535999999999,36.70213466143936,999.7638067328172
5.84,6.57,1.8010000000000004,0.6309535999999999,40.72706949455334,1104.8545180156034
5.84,6.57,2.0,0.6309535999999999,44.75200432766731,1209.9452292983892
6.57,0.0,0.01,0.79855065,0.0,45.85009056877189
6.57,0.0,0.20900000000000002,0.79855065,0.0,45.85009056877189
6.57,0.0,0.40800000000000003,0.79855065,0.0,45.85009056877189
6.57,0.0,0.607,0.79855065,0.0,45.85009056877189
6.57,0.0,0.806,0.79855065,0.0,45.85009056877189
6.57,0.0,1.0050000000000001,0.79855065,0.0,45.85009056877189
6.57,0.0,1.2040000000000002,0.79855065,0.0,45.85009056877189
6.57,0.0,1.4030000000000002,0.79855065,0.0,45.85009056877189
6.57,0.0,1.6020000000000003,0.79855065,0.0,45.85009056877189
6.57,0.0,1.8010000000000004,0.79855065,0.0,45.85009056877189
6.57,0.0,2.0,0.79855065,0.0,45.85009056877189
6.57,0.73,0.01,0.79855065,0.0015509103966364194,45.8905847092925
6.57,0.73,0.20900000000000002,0.79855065,0.03241402728970117,46.69641810565251
6.57,0.73,0.40800000000000003,0.79855065,0.054732638842625574,47.279155183441766
6.57,0.73,0.607,0.79855065,0.07493563007555344,47.806653591922995
6.57,0.73,0.806,0.79855065,0.09950984080268895,48.44828417517637
6.57,0.73,1.0050000000000001,0.79855065,0.12346660904924313,49.07379338699121
6.57,0.73,1.2040000000000002,0.79855065,0.1655784770212438,50.1733307315997
6.57,0.73,1.4030000000000002,0.79855065,0.20665819136647973,51.245918631487385
6.57,0.73,1.6020000000000003,0.79855065,0.24773790571171567,52.31850653137507
6.57,0.73,1.8010000000000004,0.79855065,0.28881762005695155,53.39109443126276
6.57,0.73,2.0,0.79855065,0.3298973344021874,54.46368233115044
6.57,1.46,0.01,0.79855065,0.006485627737739501,46.01942976563713
6.57,1.46,0.20900000000000002,0.79855065,0.1355496197187556,49.38927978325521
6.57,1.46,0.40800000000000003,0.79855065,0.24903742848815633,52.352436962193664
6.57,1.46,0.607,0.79855065,0.3724709808317261,55.575276672597354
6.57,1.46,0.806,0.79855065,0.5157405270725982,59.316032521796195
6.57,1.46,1.0050000000000001,0.79855065,0.6554103359707346,62.962799530562904
6.57,1.46,1.2040000000000002,0.79855065,0.8384568315476165,67.74212819440443
6.57,1.46,1.4030000000000002,0.79855065,1.0170168934093786,72.40431644981848
6.57,1.46,1.6020000000000003,0.79855065,1.1955769552711408,77.06650470523253
6.57,1.46,1.8010000000000004,0.79855065,1.3741370171329026,81.72869296064657
6.57,1.46,2.0,0.79855065,1.5526970789946646,86.3908812160606
6.57,2.19,0.01,0.79855065,0.014977089431227759,46.2411411190378
6.57,2.19,0.20900000000000002,0.79855065,0.3130211691126602,54.02304706932928
6.57,2.19,0.40800000000000003,0.79855065,0.6053829694322502,61.65658918154553
6.57,2.19,0.607,0.79855065,0.9527235996796665,70.7256239370403
6.57,2.19,0.806,0.79855065,1.3514524013067193,81.13639954194643
6.57,2.19,1.0050000000000001,0.79855065,1.7401628913351026,91.28559787034737
6.57,2.19,1.2040000000000002,0.79855065,2.169006762974762,102.48267543023627
6.57,2.19,1.4030000000000002,0.79855065,2.5873397554075668,113.40531481463769
6.57,2.19,1.6020000000000003,0.79855065,3.005672747840372,124.3279541990391
6.57,2.19,1.8010000000000004,0.79855065,3.4240057402731763,135.2505935834405
6.57,2.19,2.0,0.79855065,3.8423387327059806,146.1732329678419
6.57,2.92,0.01,0.79855065,0.02712172620917501,46.55823656782998
6.57,2.92,0.20900000000000002,0.79855065,0.5668440777717577,60.65034194908588
6.57,2.92,0.40800000000000003,0.79855065,1.1379042744949275,75.56067584199397
6.57,2.92,0.607,0.79855065,1.8560425997656667,94.31120734904499
6.57,2.92,0.806,0.79855065,2.6779372232569085,115.77080710991059
6.57,2.92,1.0050000000000001,0.79855065,3.479181228067465,136.69122094713634
6.57,2.92,1.2040000000000002,0.79855065,4.26024696206812,157.08478182405497
6.57,2.92,1.4030000000000002,0.79855065,5.022168928078561,176.97850052261774
6.57,2.92,1.6020000000000003,0.79855065,5.784090894089003,196.8722192211805
6.57,2.92,1.8010000000000004,0.79855065,6.546012860099445,216.76593791974327
6.57,2.92,2.0,0.79855065,7.307934826109885,236.65965661830597
6.57,3.65,0.01,0.79855065,0.04298849866219196,46.97251666725698
6.57,3.65,0.20900000000000002,0.79855065,0.8984596220398121,69.30879602711025
6.57,3.65,0.40800000000000003,0.79855065,1.857389330061695,94.34637036424498
6.57,3.65,0.607,0.79855065,3.114353407577487,127.16559711948845
6.57,3.65,0.806,0.79855065,4.552618455634877,164.71857702614264
6.57,3.65,1.0050000000000001,0.79855065,5.954746190927005,201.3280147240869
6.57,3.65,1.2040000000000002,0.79855065,7.1946214050011115,233.70105268657628
6.57,3.65,1.4030000000000002,0.79855065,8.404107520691046,265.2806338362594
6.57,3.65,1.6020000000000003,0.79855065,9.613593636380983,296.8602149859427
6.57,3.65,1.8010000000000004,0.79855065,10.823079752070921,328.43979613562595
6.57,3.65,2.0,0.79855065,12.032565867760853,360.0193772853091
6.57,4.38,0.01,0.79855065,0.06263148848343651,47.48539348579619
6.57,4.38,0.20900000000000002,0.79855065,1.3089981093038232,80.02792153457962
6.57,4.38,0.40800000000000003,0.79855065,2.7727042230169086,118.2451655340466
6.57,4.38,0.607,0.79855065,4.754588656475799,169.9920020489966
6.57,4.38,0.806,0.79855065,7.024553144563715,229.26058465490766
6.57,4.38,1.0050000000000001,0.79855065,9.237483349031331,287.04000689383594
6.57,4.38,1.2040000000000002,0.79855065,11.042249876540373,334.1623097234079
6.57,4.38,1.4030000000000002,0.79855065,12.802781930335957,380.1296541502942
6.57,4.38,1.6020000000000003,0.79855065,14.56331398413154,426.09699857718044
6.57,4.38,1.8010000000000004,0.79855065,16.323846037927122,472.06434300406676
6.57,4.38,2.0,0.79855065,18.084378091722705,518.031687430953
6.57,5.109999999999999,0.01,0.79855065,0.08609534466858652,48.098032804984044
6.57,5.109999999999999,0.20900000000000002,0.79855065,1.7993927035734585,92.8320833056057
6.57,5.109999999999999,0.40800000000000003,0.79855065,3.891443783092381,147.45536171940017
6.57,5.109999999999999,0.607,0.79855065,6.800301112225164,223.4053828784268
6.57,5.109999999999999,0.806,0.79855065,10.13706255885449,310.5279446953982
6.57,5.109999999999999,1.0050000000000001,0.79855065,13.389985778181568,395.46149742149095
6.57,5.109999999999999,1.2040000000000002,0.79855065,15.864844980608517,460.0798638526754
6.57,5.109999999999999,1.4030000000000002,0.79855065,18.279045869250492,523.1144467928993
6.57,5.109999999999999,1.6020000000000003,0.79855065,20.693246757892464,586.1490297331233
6.57,5.109999999999999,1.8010000000000004,0.79855065,23.10744764653444,649.1836126733472
6.57,5.109999999999999,2.0,0.79855065,25.521648535176407,712.218195613571
6.57,5.84,0.01,0.79855065,0.11341817050107664,48.81142949835871
6.57,5.84,0.20900000000000002,0.79855065,2.3704397634725023,107.74207419713649
6.57,5.84,0.40800000000000003,0.79855065,5.220290361110896,182.15143454043996
6.57,5.84,0.607,0.79855065,9.272572357472425,287.956177964469
6.57,5.84,0.806,0.79855065,13.92923240442598,409.5411816545458
6.57,5.84,1.0050000000000001,0.79855065,18.468890942662107,528.0712857544196
6.57,5.84,1.2040000000000002,0.79855065,21.717934830621722,612.903549463519
6.57,5.84,1.4030000000000002,0.79855065,24.887345289954872,695.6565910228854
6.57,5.84,1.6020000000000003,0.79855065,28.056755749288023,778.4096325822519
6.57,5.84,1.8010000000000004,0.79855065,31.226166208621173,861.1626741416184
6.57,5.84,2.0,0.79855065,34.395576667954316,943.9157157009846
6.57,6.57,0.01,0.79855065,0.14463324787652454,49.62645255342643
6.57,6.57,0.20900000000000002,0.79855065,3.0228348806193632,124.77605604805176
6.57,6.57,0.40800000000000003,0.79855065,6.765234992113336,222.48980942015328
6.57,6.57,0.607,0.79855065,12.190582647549423,364.1451821669122
6.57,6.57,0.806,0.79855065,18.43686275245905,527.2350323915457
6.57,6.57,1.0050000000000001,0.79855065,24.52620114619004,686.227147685912
6.57,6.57,1.2040000000000002,0.79855065,28.652264995211407,793.9583291014316
6.57,6.57,1.4030000000000002,0.79855065,32.677199828325385,899.0490403842176
6.57,6.57,1.6020000000000003,0.79855065,36.70213466143936,1004.1397516670038
6.57,6.57,1.8010000000000004,0.79855065,40.72706949455334,1109.2304629497899
6.57,6.57,2.0,0.79855065,44.75200432766731,1214.321174232576
