0.0,0.62,0.01,0.0,0.0014875441631279297,25.031955835942597
0.0,0.62,0.20900000000000002,0.0,0.031089673009373733,25.667876971200293
0.0,0.62,0.40800000000000003,0.0,0.04769728149028675,26.024646218910565
0.0,0.62,0.607,0.0,0.062270846457578424,26.337719580184284
0.0,0.62,0.806,0.0,0.08450968439188211,26.81546045954634
0.0,0.62,1.0050000000000001,0.0,0.10618975755396712,27.281197799225932
0.0,0.62,1.2040000000000002,0.0,0.15832149332205364,28.401106193814257
0.0,0.62,1.4030000000000002,0.0,0.2091754904683733,29.4935658532411
0.0,0.62,1.6020000000000003,0.0,0.26002948761469297,30.58602551266795
0.0,0.62,1.8010000000000004,0.0,0.31088348476101263,31.678485172094796
0.0,0.62,2.0,0.0,0.36173748190733224,32.77094483152164
0.0,1.24,0.01,0.0,0.005647728945086999,25.12132607830477
0.0,1.24,0.20900000000000002,0.0,0.11803753495231831,27.535715036569673
0.0,1.24,0.40800000000000003,0.0,0.20245882381716399,29.349276558907928
0.0,1.24,0.607,0.0,0.2975971797217981,31.39306508532327
0.0,1.24,0.806,0.0,0.4222126263275993,34.07008864291298
0.0,1.24,1.0050000000000001,0.0,0.5436970315613953,36.67985030207079
0.0,1.24,1.2040000000000002,0.0,0.7730246967130898,41.60633075645735
0.0,1.24,1.4030000000000002,0.0,0.996731585758125,46.41206414088346
0.0,1.24,1.6020000000000003,0.0,1.2204384748031603,51.217797525309564
0.0,1.24,1.8010000000000004,0.0,1.4441453638481954,56.02353090973567
0.0,1.24,2.0,0.0,1.66785225289323,60.82926429416177
0.0,1.8599999999999999,0.01,0.0,0.012325468737790828,25.264779135076065
0.0,1.8599999999999999,0.20900000000000002,0.0,0.25760229661982825,30.53388392308976
0.0,1.8599999999999999,0.40800000000000003,0.0,0.47347738214292223,35.17137233389737
0.0,1.8599999999999999,0.607,0.0,0.7440562161315059,40.9840218288186
0.0,1.8599999999999999,0.806,0.0,1.0829707970219387,48.264678775981494
0.0,1.8599999999999999,1.0050000000000001,0.0,1.4133699361814556,55.36240464406994
0.0,1.8599999999999999,1.2040000000000002,0.0,1.9569304135793673,67.0393214517587
0.0,1.8599999999999999,1.4030000000000002,0.0,2.4871683302567416,78.43003931808252
0.0,1.8599999999999999,1.6020000000000003,0.0,3.017406246934116,89.82075718440636
0.0,1.8599999999999999,1.8010000000000004,0.0,3.54764416361149,101.21147505073019
0.0,1.8599999999999999,2.0,0.0,4.077882080288863,112.60219291705398
0.0,2.48,0.01,0.0,0.021442618664915817,25.460636276367687
0.0,2.48,0.20900000000000002,0.0,0.4481507300967406,34.62729817608465
0.0,2.48,0.40800000000000003,0.0,0.8666016923117451,43.616577708093345
0.0,2.48,0.607,0.0,1.4264001336376342,55.6423229567698
0.0,2.48,0.806,0.0,2.11371306288107,70.4073697718812
0.0,2.48,1.0050000000000001,0.0,2.783756823048038,84.80143551123604
0.0,2.48,1.2040000000000002,0.0,3.784613457315423,106.30211508733454
0.0,2.48,1.4030000000000002,0.0,4.760939291723313,127.27581722284238
0.0,2.48,1.6020000000000003,0.0,5.737265126131202,148.2495193583502
0.0,2.48,1.8010000000000004,0.0,6.713590960539092,169.22322149385803
0.0,2.48,2.0,0.0,7.6899167949469796,190.19692362936584
0.0,3.1,0.01,0.0,0.03294611732380691,25.70775762242335
0.0,3.1,0.20900000000000002,0.0,0.6885738520675644,39.792134308648
0.0,3.1,0.40800000000000003,0.0,1.3863004459292332,54.780890352937334
0.0,3.1,0.607,0.0,2.3638736781110006,75.78138943310421
0.0,3.1,0.806,0.0,3.551563253728144,101.29566603067978
0.0,3.1,1.0050000000000001,0.0,4.709411382721741,126.16888040218562
0.0,3.1,1.2040000000000002,0.0,6.314570086479995,160.6513445001073
0.0,3.1,1.4030000000000002,0.0,7.880386665146135,194.28865016425638
0.0,3.1,1.6020000000000003,0.0,9.446203243812274,227.92595582840545
0.0,3.1,1.8010000000000004,0.0,11.012019822478415,261.56326149255455
0.0,3.1,2.0,0.0,12.57783640114455,295.2005671567035
0.0,3.7199999999999998,0.01,0.0,0.04679585875676594,26.005281605945562
0.0,3.7199999999999998,0.20900000000000002,0.0,0.9780334480164081,46.01038556426226
0.0,3.7199999999999998,0.40800000000000003,0.0,2.036243476468848,68.74314664809556
0.0,3.7199999999999998,0.607,0.0,3.5725094579335286,101.74563819406077
0.0,3.7199999999999998,0.806,0.0,5.427826186336534,141.60206630153672
0.0,3.7199999999999998,1.0050000000000001,0.0,7.236526916538459,180.45707661736753
0.0,3.7199999999999998,1.2040000000000002,0.0,9.595836437576487,231.14041756340467
0.0,3.7199999999999998,1.4030000000000002,0.0,11.89731974486358,280.5815197607643
0.0,3.7199999999999998,1.6020000000000003,0.0,14.198803052150675,330.0226219581241
0.0,3.7199999999999998,1.8010000000000004,0.0,16.50028635943777,379.4637241554838
0.0,3.7199999999999998,2.0,0.0,18.80176966672486,428.90482635284343
0.0,4.34,0.01,0.0,0.06295967461429966,26.352517177535976
0.0,4.34,0.20900000000000002,0.0,1.315857199438863,53.26760901050189
0.0,4.34,0.40800000000000003,0.0,2.819570076915438,85.57078575543369
0.0,4.34,0.607,0.0,5.066190801950593,133.833314757263
0.0,4.34,0.806,0.0,7.7698646365467665,191.91438531786824
0.0,4.34,1.0050000000000001,0.0,10.405606967761125,248.5361324975537
0.0,4.34,1.2040000000000002,0.0,13.671079094637054,318.68590965922783
0.0,4.34,1.4030000000000002,0.0,16.856515139971904,387.11632953752746
0.0,4.34,1.6020000000000003,0.0,20.041951185306754,455.54674941582715
0.0,4.34,1.8010000000000004,0.0,23.2273872306416,523.9771692941267
0.0,4.34,2.0,0.0,26.412823275976447,592.4075891724264
0.0,4.96,0.01,0.0,0.08141075814358391,26.748888467101693
0.0,4.96,0.20900000000000002,0.0,1.7014848452009037,61.55176896242543
0.0,4.96,0.40800000000000003,0.0,3.7390378815855563,105.32304793953934
0.0,4.96,0.607,0.0,6.857244008650181,172.30921608271066
0.0,4.96,0.806,0.0,10.602157863438814,252.75849330695624
0.0,4.96,1.0050000000000001,0.0,14.252978405293057,331.1864319074771
0.0,4.96,1.2040000000000002,0.0,18.578327640552946,424.10478282605686
0.0,4.96,1.4030000000000002,0.0,22.797663414164308,514.7457231829067
0.0,4.96,1.6020000000000003,0.0,27.01699918777567,605.3866635397566
0.0,4.96,1.8010000000000004,0.0,31.23633496138703,696.0276038966065
0.0,4.96,2.0,0.0,35.45567073499838,786.668544253456
0.0,5.58,0.01,0.0,0.10212616429942867,27.193902562823386
0.0,5.58,0.20900000000000002,0.0,2.1344368338580595,70.8525635630088
0.0,5.58,0.40800000000000003,0.0,4.797115007397641,128.05295397202238
0.0,5.58,0.607,0.0,8.956806526605025,217.41259992706821
0.0,5.58,0.806,0.0,13.946965905397779,324.612586582122
0.0,5.58,1.0050000000000001,0.0,18.81174439527614,429.11910623579246
0.0,5.58,1.2040000000000002,0.0,24.352056858519695,548.1376339101976
0.0,5.58,1.4030000000000002,0.0,29.75657734962493,664.2390408082692
0.0,5.58,1.6020000000000003,0.0,35.161097840730164,780.3404477063409
0.0,5.58,1.8010000000000004,0.0,40.5656183318354,896.4418546044125
0.0,5.58,2.0,0.0,45.97013882294062,1012.5432615024838
0.62,0.0,0.01,0.0146072,0.0,25.313795918367347
0.62,0.0,0.20900000000000002,0.0146072,0.0,25.313795918367347
0.62,0.0,0.40800000000000003,0.0146072,0.0,25.313795918367347
0.62,0.0,0.607,0.0146072,0.0,25.313795918367347
0.62,0.0,0.806,0.0146072,0.0,25.313795918367347
0.62,0.0,1.0050000000000001,0.0146072,0.0,25.313795918367347
0.62,0.0,1.2040000000000002,0.0146072,0.0,25.313795918367347
0.62,0.0,1.4030000000000002,0.0146072,0.0,25.313795918367347
0.62,0.0,1.6020000000000003,0.0146072,0.0,25.313795918367347
0.62,0.0,1.8010000000000004,0.0146072,0.0,25.313795918367347
0.62,0.0,2.0,0.0146072,0.0,25.313795918367347
0.62,0.62,0.01,0.0146072,0.0014875441631279297,25.345751754309944
0.62,0.62,0.20900000000000002,0.0146072,0.031089673009373733,25.98167288956764
0.62,0.62,0.40800000000000003,0.0146072,0.04769728149028675,26.338442137277912
0.62,0.62,0.607,0.0146072,0.062270846457578424,26.651515498551632
0.62,0.62,0.806,0.0146072,0.08450968439188211,27.129256377913688
0.62,0.62,1.0050000000000001,0.0146072,0.10618975755396712,27.59499371759328
0.62,0.62,1.2040000000000002,0.0146072,0.15832149332205364,28.714902112181605
0.62,0.62,1.4030000000000002,0.0146072,0.2091754904683733,29.80736177160845
0.62,0.62,1.6020000000000003,0.0146072,0.26002948761469297,30.899821431035296
0.62,0.62,1.8010000000000004,0.0146072,0.31088348476101263,31.99228109046214
0.62,0.62,2.0,0.0146072,0.36173748190733224,33.08474074988898
0.62,1.24,0.01,0.0146072,0.005647728945086999,25.435121996672116
0.62,1.24,0.20900000000000002,0.0146072,0.11803753495231831,27.84951095493702
0.62,1.24,0.40800000000000003,0.0146072,0.20245882381716399,29.663072477275275
0.62,1.24,0.607,0.0146072,0.2975971797217981,31.706861003690612
0.62,1.24,0.806,0.0146072,0.4222126263275993,34.383884561280325
0.62,1.24,1.0050000000000001,0.0146072,0.5436970315613953,36.99364622043814
0.62,1.24,1.2040000000000002,0.0146072,0.7730246967130898,41.9201266748247
0.62,1.24,1.4030000000000002,0.0146072,0.996731585758125,46.725860059250806
0.62,1.24,1.6020000000000003,0.0146072,1.2204384748031603,51.53159344367691
0.62,1.24,1.8010000000000004,0.0146072,1.4441453638481954,56.337326828103016
0.62,1.24,2.0,0.0146072,1.66785225289323,61.14306021252911
0.62,1.8599999999999999,0.01,0.0146072,0.012325468737790828,25.578575053443412
0.62,1.8599999999999999,0.20900000000000002,0.0146072,0.25760229661982825,30.847679841457104
0.62,1.8599999999999999,0.40800000000000003,0.0146072,0.47347738214292223,35.485168252264714
0.62,1.8599999999999999,0.607,0.0146072,0.7440562161315059,41.297817747185945
0.62,1.8599999999999999,0.806,0.0146072,1.0829707970219387,48.57847469434884
0.62,1.8599999999999999,1.0050000000000001,0.0146072,1.4133699361814556,55.67620056243729
0.62,1.8599999999999999,1.2040000000000002,0.0146072,1.9569304135793673,67.35311737012604
0.62,1.8599999999999999,1.4030000000000002,0.0146072,2.4871683302567416,78.74383523644988
0.62,1.8599999999999999,1.6020000000000003,0.0146072,3.017406246934116,90.13455310277371
0.62,1.8599999999999999,1.8010000000000004,0.0146072,3.54764416361149,101.52527096909753
0.62,1.8599999999999999,2.0,0.0146072,4.077882080288863,112.91598883542133
0.62,2.48,0.01,0.0146072,0.021442618664915817,25.774432194735034
0.62,2.48,0.20900000000000002,0.0146072,0.4481507300967406,34.941094094452
0.62,2.48,0.40800000000000003,0.0146072,0.8666016923117451,43.93037362646069
0.62,2.48,0.607,0.0146072,1.4264001336376342,55.95611887513714
0.62,2.48,0.806,0.0146072,2.11371306288107,70.72116569024854
0.62,2.48,1.0050000000000001,0.0146072,2.783756823048038,85.1152314296034
0.62,2.48,1.2040000000000002,0.0146072,3.784613457315423,106.61591100570189
0.62,2.48,1.4030000000000002,0.0146072,4.760939291723313,127.58961314120974
0.62,2.48,1.6020000000000003,0.0146072,5.737265126131202,148.56331527671756
0.62,2.48,1.8010000000000004,0.0146072,6.713590960539092,169.5370174122254
0.62,2.48,2.0,0.0146072,7.6899167949469796,190.51071954773317
0.62,3.1,0.01,0.0146072,0.03294611732380691,26.021553540790695
0.62,3.1,0.20900000000000002,0.0146072,0.6885738520675644,40.10593022701535
0.62,3.1,0.40800000000000003,0.0146072,1.3863004459292332,55.09468627130468
0.62,3.1,0.607,0.0146072,2.3638736781110006,76.09518535147154
0.62,3.1,0.806,0.0146072,3.551563253728144,101.60946194904713
0.62,3.1,1.0050000000000001,0.0146072,4.709411382721741,126.48267632055298
0.62,3.1,1.2040000000000002,0.0146072,6.314570086479995,160.96514041847468
0.62,3.1,1.4030000000000002,0.0146072,7.880386665146135,194.60244608262374
0.62,3.1,1.6020000000000003,0.0146072,9.446203243812274,228.2397517467728
0.62,3.1,1.8010000000000004,0.0146072,11.012019822478415,261.8770574109219
0.62,3.1,2.0,0.0146072,12.57783640114455,295.5143630750709
0.62,3.7199999999999998,0.01,0.0146072,0.04679585875676594,26.31907752431291
0.62,3.7199999999999998,0.20900000000000002,0.0146072,0.9780334480164081,46.324181482629605
0.62,3.7199999999999998,0.40800000000000003,0.0146072,2.036243476468848,69.05694256646291
0.62,3.7199999999999998,0.607,0.0146072,3.5725094579335286,102.05943411242811
0.62,3.7199999999999998,0.806,0.0146072,5.427826186336534,141.91586221990406
0.62,3.7199999999999998,1.0050000000000001,0.0146072,7.236526916538459,180.7708725357349
0.62,3.7199999999999998,1.2040000000000002,0.0146072,9.595836437576487,231.454213481772
0.62,3.7199999999999998,1.4030000000000002,0.0146072,11.89731974486358,280.8953156791317
0.62,3.7199999999999998,1.6020000000000003,0.0146072,14.198803052150675,330.33641787649145
0.62,3.7199999999999998,1.8010000000000004,0.0146072,16.50028635943777,379.7775200738511
0.62,3.7199999999999998,2.0,0.0146072,18.80176966672486,429.21862227121073
0.62,4.34,0.01,0.0146072,0.06295967461429966,26.666313095903323
0.62,4.34,0.20900000000000002,0.0146072,1.315857199438863,53.58140492886923
0.62,4.34,0.40800000000000003,0.0146072,2.819570076915438,85.88458167380104
0.62,4.34,0.607,0.0146072,5.066190801950593,134.14711067563036
0.62,4.34,0.806,0.0146072,7.7698646365467665,192.2281812362356
0.62,4.34,1.0050000000000001,0.0146072,10.405606967761125,248.84992841592106
0.62,4.34,1.2040000000000002,0.0146072,13.671079094637054,318.99970557759514
0.62,4.34,1.4030000000000002,0.0146072,16.856515139971904,387.43012545589477
0.62,4.34,1.6020000000000003,0.0146072,20.041951185306754,455.86054533419446
0.62,4.34,1.8010000000000004,0.0146072,23.2273872306416,524.290965212494
0.62,4.34,2.0,0.0146072,26.412823275976447,592.7213850907937
0.62,4.96,0.01,0.0146072,0.08141075814358391,27.06268438546904
0.62,4.96,0.20900000000000002,0.0146072,1.7014848452009037,61.865564880792775
0.62,4.96,0.40800000000000003,0.0146072,3.7390378815855563,105.63684385790668
0.62,4.96,0.607,0.0146072,6.857244008650181,172.62301200107802
0.62,4.96,0.806,0.0146072,10.602157863438814,253.0722892253236
0.62,4.96,1.0050000000000001,0.0146072,14.252978405293057,331.50022782584443
0.62,4.96,1.2040000000000002,0.0146072,18.578327640552946,424.41857874442417
0.62,4.96,1.4030000000000002,0.0146072,22.797663414164308,515.059519101274
0.62,4.96,1.6020000000000003,0.0146072,27.01699918777567,605.7004594581239
0.62,4.96,1.8010000000000004,0.0146072,31.23633496138703,696.3413998149738
0.62,4.96,2.0,0.0146072,35.45567073499838,786.9823401718234
0.62,5.58,0.01,0.0146072,0.10212616429942867,27.507698481190733
0.62,5.58,0.20900000000000002,0.0146072,2.1344368338580595,71.16635948137613
0.62,5.58,0.40800000000000003,0.0146072,4.797115007397641,128.3667498903897
0.62,5.58,0.607,0.0146072,8.956806526605025,217.72639584543558
0.62,5.58,0.806,0.0146072,13.946965905397779,324.92638250048935
0.62,5.58,1.0050000000000001,0.0146072,18.81174439527614,429.43290215415976
0.62,5.58,1.2040000000000002,0.0146072,24.352056858519695,548.4514298285649
0.62,5.58,1.4030000000000002,0.0146072,29.75657734962493,664.5528367266365
0.62,5.58,1.6020000000000003,0.0146072,35.161097840730164,780.6542436247082
0.62,5.58,1.8010000000000004,0.0146072,40.5656183318354,896.7556505227798
0.62,5.58,2.0,0.0146072,45.97013882294062,1012.8570574208511
1.24,0.0,0.01,0.0584288,0.0,26.25518367346939
1.24,0.0,0.20900000000000002,0.0584288,0.0,26.25518367346939
1.24,0.0,0.40800000000000003,0.0584288,0.0,26.25518367346939
1.24,0.0,0.607,0.0584288,0.0,26.25518367346939
1.24,0.0,0.806,0.0584288,0.0,26.25518367346939
1.24,0.0,1.0050000000000001,0.0584288,0.0,26.25518367346939
1.24,0.0,1.2040000000000002,0.0584288,0.0,26.25518367346939
1.24,0.0,1.4030000000000002,0.0584288,0.0,26.25518367346939
1.24,0.0,1.6020000000000003,0.0584288,0.0,26.25518367346939
1.24,0.0,1.8010000000000004,0.0584288,0.0,26.25518367346939
1.24,0.0,2.0,0.0584288,0.0,26.25518367346939
1.24,0.62,0.01,0.0584288,0.0014875441631279297,26.287139509411986
1.24,0.62,0.20900000000000002,0.0584288,0.031089673009373733,26.923060644669683
1.24,0.62,0.40800000000000003,0.0584288,0.04769728149028675,27.27982989237995
1.24,0.62,0.607,0.0584288,0.062270846457578424,27.592903253653674
1.24,0.62,0.806,0.0584288,0.08450968439188211,28.070644133015726
1.24,0.62,1.0050000000000001,0.0584288,0.10618975755396712,28.536381472695318
1.24,0.62,1.2040000000000002,0.0584288,0.15832149332205364,29.656289867283643
1.24,0.62,1.4030000000000002,0.0584288,0.2091754904683733,30.74874952671049
1.24,0.62,1.6020000000000003,0.0584288,0.26002948761469297,31.841209186137338
1.24,0.62,1.8010000000000004,0.0584288,0.31088348476101263,32.933668845564185
1.24,0.62,2.0,0.0584288,0.36173748190733224,34.02612850499102
1.24,1.24,0.01,0.0584288,0.005647728945086999,26.376509751774158
1.24,1.24,0.20900000000000002,0.0584288,0.11803753495231831,28.790898710039063
1.24,1.24,0.40800000000000003,0.0584288,0.20245882381716399,30.604460232377313
1.24,1.24,0.607,0.0584288,0.2975971797217981,32.648248758792654
1.24,1.24,0.806,0.0584288,0.4222126263275993,35.32527231638237
1.24,1.24,1.0050000000000001,0.0584288,0.5436970315613953,37.93503397554018
1.24,1.24,1.2040000000000002,0.0584288,0.7730246967130898,42.86151442992674
1.24,1.24,1.4030000000000002,0.0584288,0.996731585758125,47.66724781435285
1.24,1.24,1.6020000000000003,0.0584288,1.2204384748031603,52.47298119877895
1.24,1.24,1.8010000000000004,0.0584288,1.4441453638481954,57.27871458320505
1.24,1.24,2.0,0.0584288,1.66785225289323,62.08444796763115
1.24,1.8599999999999999,0.01,0.0584288,0.012325468737790828,26.519962808545454
1.24,1.8599999999999999,0.20900000000000002,0.0584288,0.25760229661982825,31.789067596559146
1.24,1.8599999999999999,0.40800000000000003,0.0584288,0.47347738214292223,36.42655600736675
1.24,1.8599999999999999,0.607,0.0584288,0.7440562161315059,42.23920550228799
1.24,1.8599999999999999,0.806,0.0584288,1.0829707970219387,49.51986244945088
1.24,1.8599999999999999,1.0050000000000001,0.0584288,1.4133699361814556,56.61758831753933
1.24,1.8599999999999999,1.2040000000000002,0.0584288,1.9569304135793673,68.29450512522808
1.24,1.8599999999999999,1.4030000000000002,0.0584288,2.4871683302567416,79.68522299155191
1.24,1.8599999999999999,1.6020000000000003,0.0584288,3.017406246934116,91.07594085787575
1.24,1.8599999999999999,1.8010000000000004,0.0584288,3.54764416361149,102.46665872419958
1.24,1.8599999999999999,2.0,0.0584288,4.077882080288863,113.85737659052337
1.24,2.48,0.01,0.0584288,0.021442618664915817,26.715819949837076
1.24,2.48,0.20900000000000002,0.0584288,0.4481507300967406,35.88248184955404
1.24,2.48,0.40800000000000003,0.0584288,0.8666016923117451,44.871761381562735
1.24,2.48,0.607,0.0584288,1.4264001336376342,56.897506630239185
1.24,2.48,0.806,0.0584288,2.11371306288107,71.6625534453506
1.24,2.48,1.0050000000000001,0.0584288,2.783756823048038,86.05661918470543
1.24,2.48,1.2040000000000002,0.0584288,3.784613457315423,107.55729876080395
1.24,2.48,1.4030000000000002,0.0584288,4.760939291723313,128.53100089631175
1.24,2.48,1.6020000000000003,0.0584288,5.737265126131202,149.5047030318196
1.24,2.48,1.8010000000000004,0.0584288,6.713590960539092,170.47840516732742
1.24,2.48,2.0,0.0584288,7.6899167949469796,191.4521073028352
1.24,3.1,0.01,0.0584288,0.03294611732380691,26.962941295892737
1.24,3.1,0.20900000000000002,0.0584288,0.6885738520675644,41.04731798211739
1.24,3.1,0.40800000000000003,0.0584288,1.3863004459292332,56.03607402640672
1.24,3.1,0.607,0.0584288,2.3638736781110006,77.0365731065736
1.24,3.1,0.806,0.0584288,3.551563253728144,102.55084970414917
1.24,3.1,1.0050000000000001,0.0584288,4.709411382721741,127.424064075655
1.24,3.1,1.2040000000000002,0.0584288,6.314570086479995,161.9065281735767
1.24,3.1,1.4030000000000002,0.0584288,7.880386665146135,195.54383383772577
1.24,3.1,1.6020000000000003,0.0584288,9.446203243812274,229.18113950187484
1.24,3.1,1.8010000000000004,0.0584288,11.012019822478415,262.81844516602393
1.24,3.1,2.0,0.0584288,12.57783640114455,296.4557508301729
1.24,3.7199999999999998,0.01,0.0584288,0.04679585875676594,27.26046527941495
1.24,3.7199999999999998,0.20900000000000002,0.0584288,0.9780334480164081,47.26556923773164
1.24,3.7199999999999998,0.40800000000000003,0.0584288,2.036243476468848,69.99833032156495
1.24,3.7199999999999998,0.607,0.0584288,3.5725094579335286,103.00082186753016
1.24,3.7199999999999998,0.806,0.0584288,5.427826186336534,142.85724997500608
1.24,3.7199999999999998,1.0050000000000001,0.0584288,7.236526916538459,181.71226029083692
1.24,3.7199999999999998,1.2040000000000002,0.0584288,9.595836437576487,232.39560123687403
1.24,3.7199999999999998,1.4030000000000002,0.0584288,11.89731974486358,281.83670343423375
1.24,3.7199999999999998,1.6020000000000003,0.0584288,14.198803052150675,331.2778056315934
1.24,3.7199999999999998,1.8010000000000004,0.0584288,16.50028635943777,380.7189078289532
1.24,3.7199999999999998,2.0,0.0584288,18.80176966672486,430.1600100263128
1.24,4.34,0.01,0.0584288,0.06295967461429966,27.60770085100536
1.24,4.34,0.20900000000000002,0.0584288,1.315857199438863,54.522792683971275
1.24,4.34,0.40800000000000003,0.0584288,2.819570076915438,86.82596942890308
1.24,4.34,0.607,0.0584288,5.066190801950593,135.0884984307324
1.24,4.34,0.806,0.0584288,7.7698646365467665,193.16956899133763
1.24,4.34,1.0050000000000001,0.0584288,10.405606967761125,249.79131617102308
1.24,4.34,1.2040000000000002,0.0584288,13.671079094637054,319.94109333269716
1.24,4.34,1.4030000000000002,0.0584288,16.856515139971904,388.3715132109969
1.24,4.34,1.6020000000000003,0.0584288,20.041951185306754,456.80193308929654
1.24,4.34,1.8010000000000004,0.0584288,23.2273872306416,525.2323529675962
1.24,4.34,2.0,0.0584288,26.412823275976447,593.6627728458958
1.24,4.96,0.01,0.0584288,0.08141075814358391,28.004072140571083
1.24,4.96,0.20900000000000002,0.0584288,1.7014848452009037,62.80695263589482
1.24,4.96,0.40800000000000003,0.0584288,3.7390378815855563,106.57823161300873
1.24,4.96,0.607,0.0584288,6.857244008650181,173.56439975618005
1.24,4.96,0.806,0.0584288,10.602157863438814,254.01367698042563
1.24,4.96,1.0050000000000001,0.0584288,14.252978405293057,332.44161558094646
1.24,4.96,1.2040000000000002,0.0584288,18.578327640552946,425.3599664995263
1.24,4.96,1.4030000000000002,0.0584288,22.797663414164308,516.0009068563761
1.24,4.96,1.6020000000000003,0.0584288,27.01699918777567,606.641847213226
1.24,4.96,1.8010000000000004,0.0584288,31.23633496138703,697.2827875700759
1.24,4.96,2.0,0.0584288,35.45567073499838,787.9237279269255
1.24,5.58,0.01,0.0584288,0.10212616429942867,28.449086236292775
1.24,5.58,0.20900000000000002,0.0584288,2.1344368338580595,72.10774723647819
1.24,5.58,0.40800000000000003,0.0584288,4.797115007397641,129.30813764549174
1.24,5.58,0.607,0.0584288,8.956806526605025,218.6677836005376
1.24,5.58,0.806,0.0584288,13.946965905397779,325.8677702555914
1.24,5.58,1.0050000000000001,0.0584288,18.81174439527614,430.3742899092619
1.24,5.58,1.2040000000000002,0.0584288,24.352056858519695,549.392817583667
1.24,5.58,1.4030000000000002,0.0584288,29.75657734962493,665.4942244817387
1.24,5.58,1.6020000000000003,0.0584288,35.161097840730164,781.5956313798102
1.24,5.58,1.8010000000000004,0.0584288,40.5656183318354,897.6970382778819
1.24,5.58,2.0,0.0584288,45.97013882294062,1013.7984451759532
1.8599999999999999,0.0,0.01,0.1314648,0.0,27.824163265306122
1.8599999999999999,0.0,0.20900000000000002,0.1314648,0.0,27.824163265306122
1.8599999999999999,0.0,0.40800000000000003,0.1314648,0.0,27.824163265306122
1.8599999999999999,0.0,0.607,0.1314648,0.0,27.824163265306122
1.8599999999999999,0.0,0.806,0.1314648,0.0,27.824163265306122
1.8599999999999999,0.0,1.0050000000000001,0.1314648,0.0,27.824163265306122
1.8599999999999999,0.0,1.2040000000000002,0.1314648,0.0,27.824163265306122
1.8599999999999999,0.0,1.4030000000000002,0.1314648,0.0,27.824163265306122
1.8599999999999999,0.0,1.6020000000000003,0.1314648,0.0,27.824163265306122
1.8599999999999999,0.0,1.8010000000000004,0.1314648,0.0,27.824163265306122
1.8599999999999999,0.0,2.0,0.1314648,0.0,27.824163265306122
1.8599999999999999,0.62,0.01,0.1314648,0.0014875441631279297,27.85611910124872
1.8599999999999999,0.62,0.20900000000000002,0.1314648,0.031089673009373733,28.49204023650642
1.8599999999999999,0.62,0.40800000000000003,0.1314648,0.04769728149028675,28.848809484216687
1.8599999999999999,0.62,0.607,0.1314648,0.062270846457578424,29.161882845490407
1.8599999999999999,0.62,0.806,0.1314648,0.08450968439188211,29.639623724852463
1.8599999999999999,0.62,1.0050000000000001,0.1314648,0.10618975755396712,30.105361064532055
1.8599999999999999,0.62,1.2040000000000002,0.1314648,0.15832149332205364,31.22526945912038
1.8599999999999999,0.62,1.4030000000000002,0.1314648,0.2091754904683733,32.31772911854723
1.8599999999999999,0.62,1.6020000000000003,0.1314648,0.26002948761469297,33.41018877797407
1.8599999999999999,0.62,1.8010000000000004,0.1314648,0.31088348476101263,34.502648437400914
1.8599999999999999,0.62,2.0,0.1314648,0.36173748190733224,35.59510809682776
1.8599999999999999,1.24,0.01,0.1314648,0.005647728945086999,27.94548934361089
1.8599999999999999,1.24,0.20900000000000002,0.1314648,0.11803753495231831,30.359878301875796
1.8599999999999999,1.24,0.40800000000000003,0.1314648,0.20245882381716399,32.17343982421405
1.8599999999999999,1.24,0.607,0.1314648,0.2975971797217981,34.21722835062939
1.8599999999999999,1.24,0.806,0.1314648,0.4222126263275993,36.894251908219104
1.8599999999999999,1.24,1.0050000000000001,0.1314648,0.5436970315613953,39.504013567376916
1.8599999999999999,1.24,1.2040000000000002,0.1314648,0.7730246967130898,44.43049402176348
1.8599999999999999,1.24,1.4030000000000002,0.1314648,0.996731585758125,49.236227406189585
1.8599999999999999,1.24,1.6020000000000003,0.1314648,1.2204384748031603,54.04196079061569
1.8599999999999999,1.24,1.8010000000000004,0.1314648,1.4441453638481954,58.84769417504179
1.8599999999999999,1.24,2.0,0.1314648,1.66785225289323,63.653427559467886
1.8599999999999999,1.8599999999999999,0.01,0.1314648,0.012325468737790828,28.088942400382187
1.8599999999999999,1.8599999999999999,0.20900000000000002,0.1314648,0.25760229661982825,33.35804718839588
1.8599999999999999,1.8599999999999999,0.40800000000000003,0.1314648,0.47347738214292223,37.995535599203485
1.8599999999999999,1.8599999999999999,0.607,0.1314648,0.7440562161315059,43.808185094124724
1.8599999999999999,1.8599999999999999,0.806,0.1314648,1.0829707970219387,51.08884204128762
1.8599999999999999,1.8599999999999999,1.0050000000000001,0.1314648,1.4133699361814556,58.18656790937606
1.8599999999999999,1.8599999999999999,1.2040000000000002,0.1314648,1.9569304135793673,69.86348471706482
1.8599999999999999,1.8599999999999999,1.4030000000000002,0.1314648,2.4871683302567416,81.25420258338866
1.8599999999999999,1.8599999999999999,1.6020000000000003,0.1314648,3.017406246934116,92.64492044971249
1.8599999999999999,1.8599999999999999,1.8010000000000004,0.1314648,3.54764416361149,104.03563831603631
1.8599999999999999,1.8599999999999999,2.0,0.1314648,4.077882080288863,115.42635618236011
1.8599999999999999,2.48,0.01,0.1314648,0.021442618664915817,28.28479954167381
1.8599999999999999,2.48,0.20900000000000002,0.1314648,0.4481507300967406,37.45146144139078
1.8599999999999999,2.48,0.40800000000000003,0.1314648,0.8666016923117451,46.440740973399464
1.8599999999999999,2.48,0.607,0.1314648,1.4264001336376342,58.46648622207592
1.8599999999999999,2.48,0.806,0.1314648,2.11371306288107,73.23153303718733
1.8599999999999999,2.48,1.0050000000000001,0.1314648,2.783756823048038,87.62559877654218
1.8599999999999999,2.48,1.2040000000000002,0.1314648,3.784613457315423,109.12627835264067
1.8599999999999999,2.48,1.4030000000000002,0.1314648,4.760939291723313,130.0999804881485
1.8599999999999999,2.48,1.6020000000000003,0.1314648,5.737265126131202,151.07368262365634
1.8599999999999999,2.48,1.8010000000000004,0.1314648,6.713590960539092,172.04738475916415
1.8599999999999999,2.48,2.0,0.1314648,7.6899167949469796,193.02108689467195
1.8599999999999999,3.1,0.01,0.1314648,0.03294611732380691,28.53192088772947
1.8599999999999999,3.1,0.20900000000000002,0.1314648,0.6885738520675644,42.61629757395412
1.8599999999999999,3.1,0.40800000000000003,0.1314648,1.3863004459292332,57.60505361824346
1.8599999999999999,3.1,0.607,0.1314648,2.3638736781110006,78.60555269841032
1.8599999999999999,3.1,0.806,0.1314648,3.551563253728144,104.11982929598591
1.8599999999999999,3.1,1.0050000000000001,0.1314648,4.709411382721741,128.99304366749175
1.8599999999999999,3.1,1.2040000000000002,0.1314648,6.314570086479995,163.47550776541343
1.8599999999999999,3.1,1.4030000000000002,0.1314648,7.880386665146135,197.11281342956252
1.8599999999999999,3.1,1.6020000000000003,0.1314648,9.446203243812274,230.75011909371156
1.8599999999999999,3.1,1.8010000000000004,0.1314648,11.012019822478415,264.3874247578607
1.8599999999999999,3.1,2.0,0.1314648,12.57783640114455,298.02473042200967
1.8599999999999999,3.7199999999999998,0.01,0.1314648,0.04679585875676594,28.829444871251685
1.8599999999999999,3.7199999999999998,0.20900000000000002,0.1314648,0.9780334480164081,48.83454882956838
1.8599999999999999,3.7199999999999998,0.40800000000000003,0.1314648,2.036243476468848,71.56730991340169
1.8599999999999999,3.7199999999999998,0.607,0.1314648,3.5725094579335286,104.5698014593669
1.8599999999999999,3.7199999999999998,0.806,0.1314648,5.427826186336534,144.42622956684284
1.8599999999999999,3.7199999999999998,1.0050000000000001,0.1314648,7.236526916538459,183.28123988267365
1.8599999999999999,3.7199999999999998,1.2040000000000002,0.1314648,9.595836437576487,233.96458082871078
1.8599999999999999,3.7199999999999998,1.4030000000000002,0.1314648,11.89731974486358,283.40568302607045
1.8599999999999999,3.7199999999999998,1.6020000000000003,0.1314648,14.198803052150675,332.8467852234302
1.8599999999999999,3.7199999999999998,1.8010000000000004,0.1314648,16.50028635943777,382.28788742078996
1.8599999999999999,3.7199999999999998,2.0,0.1314648,18.80176966672486,431.72898961814957
1.8599999999999999,4.34,0.01,0.1314648,0.06295967461429966,29.1766804428421
1.8599999999999999,4.34,0.20900000000000002,0.1314648,1.315857199438863,56.09177227580801
1.8599999999999999,4.34,0.40800000000000003,0.1314648,2.819570076915438,88.39494902073982
1.8599999999999999,4.34,0.607,0.1314648,5.066190801950593,136.65747802256914
1.8599999999999999,4.34,0.806,0.1314648,7.7698646365467665,194.73854858317435
1.8599999999999999,4.34,1.0050000000000001,0.1314648,10.405606967761125,251.36029576285983
1.8599999999999999,4.34,1.2040000000000002,0.1314648,13.671079094637054,321.5100729245339
1.8599999999999999,4.34,1.4030000000000002,0.1314648,16.856515139971904,389.9404928028336
1.8599999999999999,4.34,1.6020000000000003,0.1314648,20.041951185306754,458.3709126811333
1.8599999999999999,4.34,1.8010000000000004,0.1314648,23.2273872306416,526.8013325594329
1.8599999999999999,4.34,2.0,0.1314648,26.412823275976447,595.2317524377326
1.8599999999999999,4.96,0.01,0.1314648,0.08141075814358391,29.57305173240782
1.8599999999999999,4.96,0.20900000000000002,0.1314648,1.7014848452009037,64.37593222773155
1.8599999999999999,4.96,0.40800000000000003,0.1314648,3.7390378815855563,108.14721120484546
1.8599999999999999,4.96,0.607,0.1314648,6.857244008650181,175.13337934801677
1.8599999999999999,4.96,0.806,0.1314648,10.602157863438814,255.58265657226238
1.8599999999999999,4.96,1.0050000000000001,0.1314648,14.252978405293057,334.01059517278316
1.8599999999999999,4.96,1.2040000000000002,0.1314648,18.578327640552946,426.928946091363
1.8599999999999999,4.96,1.4030000000000002,0.1314648,22.797663414164308,517.5698864482129
1.8599999999999999,4.96,1.6020000000000003,0.1314648,27.01699918777567,608.2108268050628
1.8599999999999999,4.96,1.8010000000000004,0.1314648,31.23633496138703,698.8517671619127
1.8599999999999999,4.96,2.0,0.1314648,35.45567073499838,789.4927075187621
1.8599999999999999,5.58,0.01,0.1314648,0.10212616429942867,30.018065828129508
1.8599999999999999,5.58,0.20900000000000002,0.1314648,2.1344368338580595,73.67672682831491
1.8599999999999999,5.58,0.40800000000000003,0.1314648,4.797115007397641,130.8771172373285
1.8599999999999999,5.58,0.607,0.1314648,8.956806526605025,220.23676319237433
1.8599999999999999,5.58,0.806,0.1314648,13.946965905397779,327.43674984742813
1.8599999999999999,5.58,1.0050000000000001,0.1314648,18.81174439527614,431.9432695010986
1.8599999999999999,5.58,1.2040000000000002,0.1314648,24.352056858519695,550.9617971755038
1.8599999999999999,5.58,1.4030000000000002,0.1314648,29.75657734962493,667.0632040735753
1.8599999999999999,5.58,1.6020000000000003,0.1314648,35.161097840730164,783.164610971647
1.8599999999999999,5.58,1.8010000000000004,0.1314648,40.5656183318354,899.2660178697187
1.8599999999999999,5.58,2.0,0.1314648,45.97013882294062,1015.36742476779
2.48,0.0,0.01,0.2337152,0.0,30.02073469387755
2.48,0.0,0.20900000000000002,0.2337152,0.0,30.02073469387755
2.48,0.0,0.40800000000000003,0.2337152,0.0,30.02073469387755
2.48,0.0,0.607,0.2337152,0.0,30.02073469387755
2.48,0.0,0.806,0.2337152,0.0,30.02073469387755
2.48,0.0,1.0050000000000001,0.2337152,0.0,30.02073469387755
2.48,0.0,1.2040000000000002,0.2337152,0.0,30.02073469387755
2.48,0.0,1.4030000000000002,0.2337152,0.0,30.02073469387755
2.48,0.0,1.6020000000000003,0.2337152,0.0,30.02073469387755
2.48,0.0,1.8010000000000004,0.2337152,0.0,30.02073469387755
2.48,0.0,2.0,0.2337152,0.0,30.02073469387755
2.48,0.62,0.01,0.2337152,0.0014875441631279297,30.052690529820147
2.48,0.62,0.20900000000000002,0.2337152,0.031089673009373733,30.688611665077847
2.48,0.62,0.40800000000000003,0.2337152,0.04769728149028675,31.045380912788115
2.48,0.62,0.607,0.2337152,0.062270846457578424,31.358454274061835
2.48,0.62,0.806,0.2337152,0.08450968439188211,31.83619515342389
2.48,0.62,1.0050000000000001,0.2337152,0.10618975755396712,32.30193249310348
2.48,0.62,1.2040000000000002,0.2337152,0.15832149332205364,33.42184088769181
2.48,0.62,1.4030000000000002,0.2337152,0.2091754904683733,34.51430054711865
2.48,0.62,1.6020000000000003,0.2337152,0.26002948761469297,35.6067602065455
2.48,0.62,1.8010000000000004,0.2337152,0.31088348476101263,36.699219865972346
2.48,0.62,2.0,0.2337152,0.36173748190733224,37.79167952539919
2.48,1.24,0.01,0.2337152,0.005647728945086999,30.14206077218232
2.48,1.24,0.20900000000000002,0.2337152,0.11803753495231831,32.55644973044723
2.48,1.24,0.40800000000000003,0.2337152,0.20245882381716399,34.370011252785474
2.48,1.24,0.607,0.2337152,0.2975971797217981,36.41379977920082
2.48,1.24,0.806,0.2337152,0.4222126263275993,39.090823336790535
2.48,1.24,1.0050000000000001,0.2337152,0.5436970315613953,41.70058499594834
2.48,1.24,1.2040000000000002,0.2337152,0.7730246967130898,46.627065450334904
2.48,1.24,1.4030000000000002,0.2337152,0.996731585758125,51.432798834761016
2.48,1.24,1.6020000000000003,0.2337152,1.2204384748031603,56.23853221918712
2.48,1.24,1.8010000000000004,0.2337152,1.4441453638481954,61.04426560361322
2.48,1.24,2.0,0.2337152,1.66785225289323,65.84999898803932
2.48,1.8599999999999999,0.01,0.2337152,0.012325468737790828,30.28551382895362
2.48,1.8599999999999999,0.20900000000000002,0.2337152,0.25760229661982825,35.55461861696731
2.48,1.8599999999999999,0.40800000000000003,0.2337152,0.47347738214292223,40.19210702777491
2.48,1.8599999999999999,0.607,0.2337152,0.7440562161315059,46.004756522696155
2.48,1.8599999999999999,0.806,0.2337152,1.0829707970219387,53.28541346985905
2.48,1.8599999999999999,1.0050000000000001,0.2337152,1.4133699361814556,60.38313933794749
2.48,1.8599999999999999,1.2040000000000002,0.2337152,1.9569304135793673,72.06005614563625
2.48,1.8599999999999999,1.4030000000000002,0.2337152,2.4871683302567416,83.45077401196008
2.48,1.8599999999999999,1.6020000000000003,0.2337152,3.017406246934116,94.84149187828392
2.48,1.8599999999999999,1.8010000000000004,0.2337152,3.54764416361149,106.23220974460774
2.48,1.8599999999999999,2.0,0.2337152,4.077882080288863,117.62292761093153
2.48,2.48,0.01,0.2337152,0.021442618664915817,30.481370970245237
2.48,2.48,0.20900000000000002,0.2337152,0.4481507300967406,39.64803286996221
2.48,2.48,0.40800000000000003,0.2337152,0.8666016923117451,48.63731240197089
2.48,2.48,0.607,0.2337152,1.4264001336376342,60.66305765064735
2.48,2.48,0.806,0.2337152,2.11371306288107,75.42810446575876
2.48,2.48,1.0050000000000001,0.2337152,2.783756823048038,89.8221702051136
2.48,2.48,1.2040000000000002,0.2337152,3.784613457315423,111.3228497812121
2.48,2.48,1.4030000000000002,0.2337152,4.760939291723313,132.29655191671992
2.48,2.48,1.6020000000000003,0.2337152,5.737265126131202,153.27025405222776
2.48,2.48,1.8010000000000004,0.2337152,6.713590960539092,174.2439561877356
2.48,2.48,2.0,0.2337152,7.6899167949469796,195.21765832324337
2.48,3.1,0.01,0.2337152,0.03294611732380691,30.7284923163009
2.48,3.1,0.20900000000000002,0.2337152,0.6885738520675644,44.81286900252555
2.48,3.1,0.40800000000000003,0.2337152,1.3863004459292332,59.80162504681489
2.48,3.1,0.607,0.2337152,2.3638736781110006,80.80212412698175
2.48,3.1,0.806,0.2337152,3.551563253728144,106.31640072455734
2.48,3.1,1.0050000000000001,0.2337152,4.709411382721741,131.18961509606316
2.48,3.1,1.2040000000000002,0.2337152,6.314570086479995,165.67207919398487
2.48,3.1,1.4030000000000002,0.2337152,7.880386665146135,199.30938485813394
2.48,3.1,1.6020000000000003,0.2337152,9.446203243812274,232.946690522283
2.48,3.1,1.8010000000000004,0.2337152,11.012019822478415,266.58399618643216
2.48,3.1,2.0,0.2337152,12.57783640114455,300.22130185058114
2.48,3.7199999999999998,0.01,0.2337152,0.04679585875676594,31.026016299823112
2.48,3.7199999999999998,0.20900000000000002,0.2337152,0.9780334480164081,51.03112025813981
2.48,3.7199999999999998,0.40800000000000003,0.2337152,2.036243476468848,73.7638813419731
2.48,3.7199999999999998,0.607,0.2337152,3.5725094579335286,106.76637288793832
2.48,3.7199999999999998,0.806,0.2337152,5.427826186336534,146.62280099541425
2.48,3.7199999999999998,1.0050000000000001,0.2337152,7.236526916538459,185.4778113112451
2.48,3.7199999999999998,1.2040000000000002,0.2337152,9.595836437576487,236.16115225728223
2.48,3.7199999999999998,1.4030000000000002,0.2337152,11.89731974486358,285.6022544546419
2.48,3.7199999999999998,1.6020000000000003,0.2337152,14.198803052150675,335.04335665200165
2.48,3.7199999999999998,1.8010000000000004,0.2337152,16.50028635943777,384.4844588493613
2.48,3.7199999999999998,2.0,0.2337152,18.80176966672486,433.92556104672093
2.48,4.34,0.01,0.2337152,0.06295967461429966,31.373251871413526
2.48,4.34,0.20900000000000002,0.2337152,1.315857199438863,58.28834370437944
2.48,4.34,0.40800000000000003,0.2337152,2.819570076915438,90.59152044931125
2.48,4.34,0.607,0.2337152,5.066190801950593,138.85404945114055
2.48,4.34,0.806,0.2337152,7.7698646365467665,196.9351200117458
2.48,4.34,1.0050000000000001,0.2337152,10.405606967761125,253.55686719143128
2.48,4.34,1.2040000000000002,0.2337152,13.671079094637054,323.7066443531054
2.48,4.34,1.4030000000000002,0.2337152,16.856515139971904,392.137064231405
2.48,4.34,1.6020000000000003,0.2337152,20.041951185306754,460.56748410970465
2.48,4.34,1.8010000000000004,0.2337152,23.2273872306416,528.9979039880043
2.48,4.34,2.0,0.2337152,26.412823275976447,597.4283238663039
2.48,4.96,0.01,0.2337152,0.08141075814358391,31.769623160979247
2.48,4.96,0.20900000000000002,0.2337152,1.7014848452009037,66.57250365630298
2.48,4.96,0.40800000000000003,0.2337152,3.7390378815855563,110.3437826334169
2.48,4.96,0.607,0.2337152,6.857244008650181,177.3299507765882
2.48,4.96,0.806,0.2337152,10.602157863438814,257.7792280008338
2.48,4.96,1.0050000000000001,0.2337152,14.252978405293057,336.20716660135463
2.48,4.96,1.2040000000000002,0.2337152,18.578327640552946,429.12551751993436
2.48,4.96,1.4030000000000002,0.2337152,22.797663414164308,519.7664578767842
2.48,4.96,1.6020000000000003,0.2337152,27.01699918777567,610.4073982336341
2.48,4.96,1.8010000000000004,0.2337152,31.23633496138703,701.048338590484
2.48,4.96,2.0,0.2337152,35.45567073499838,791.6892789473335
2.48,5.58,0.01,0.2337152,0.10212616429942867,32.21463725670094
2.48,5.58,0.20900000000000002,0.2337152,2.1344368338580595,75.87329825688636
2.48,5.58,0.40800000000000003,0.2337152,4.797115007397641,133.0736886658999
2.48,5.58,0.607,0.2337152,8.956806526605025,222.43333462094577
2.48,5.58,0.806,0.2337152,13.946965905397779,329.63332127599955
2.48,5.58,1.0050000000000001,0.2337152,18.81174439527614,434.13984092966996
2.48,5.58,1.2040000000000002,0.2337152,24.352056858519695,553.1583686040751
2.48,5.58,1.4030000000000002,0.2337152,29.75657734962493,669.2597755021467
2.48,5.58,1.6020000000000003,0.2337152,35.161097840730164,785.3611824002184
2.48,5.58,1.8010000000000004,0.2337152,40.5656183318354,901.46258929829
2.48,5.58,2.0,0.2337152,45.97013882294062,1017.5639961963614
3.1,0.0,0.01,0.36518000000000006,0.0,32.844897959183676
3.1,0.0,0.20900000000000002,0.36518000000000006,0.0,32.844897959183676
3.1,0.0,0.40800000000000003,0.36518000000000006,0.0,32.844897959183676
3.1,0.0,0.607,0.36518000000000006,0.0,32.844897959183676
3.1,0.0,0.806,0.36518000000000006,0.0,32.844897959183676
3.1,0.0,1.0050000000000001,0.36518000000000006,0.0,32.844897959183676
3.1,0.0,1.2040000000000002,0.36518000000000006,0.0,32.844897959183676
3.1,0.0,1.4030000000000002,0.36518000000000006,0.0,32.844897959183676
3.1,0.0,1.6020000000000003,0.36518000000000006,0.0,32.844897959183676
3.1,0.0,1.8010000000000004,0.36518000000000006,0.0,32.844897959183676
3.1,0.0,2.0,0.36518000000000006,0.0,32.844897959183676
3.1,0.62,0.01,0.36518000000000006,0.0014875441631279297,32.87685379512627
3.1,0.62,0.20900000000000002,0.36518000000000006,0.031089673009373733,33.51277493038397
3.1,0.62,0.40800000000000003,0.36518000000000006,0.04769728149028675,33.86954417809424
3.1,0.62,0.607,0.36518000000000006,0.062270846457578424,34.18261753936796
3.1,0.62,0.806,0.36518000000000006,0.08450968439188211,34.66035841873001
3.1,0.62,1.0050000000000001,0.36518000000000006,0.10618975755396712,35.126095758409605
3.1,0.62,1.2040000000000002,0.36518000000000006,0.15832149332205364,36.246004152997926
3.1,0.62,1.4030000000000002,0.36518000000000006,0.2091754904683733,37.33846381242478
3.1,0.62,1.6020000000000003,0.36518000000000006,0.26002948761469297,38.43092347185162
3.1,0.62,1.8010000000000004,0.36518000000000006,0.31088348476101263,39.523383131278464
3.1,0.62,2.0,0.36518000000000006,0.36173748190733224,40.615842790705315
3.1,1.24,0.01,0.36518000000000006,0.005647728945086999,32.966224037488445
3.1,1.24,0.20900000000000002,0.36518000000000006,0.11803753495231831,35.38061299575335
3.1,1.24,0.40800000000000003,0.36518000000000006,0.20245882381716399,37.1941745180916
3.1,1.24,0.607,0.36518000000000006,0.2975971797217981,39.23796304450694
3.1,1.24,0.806,0.36518000000000006,0.4222126263275993,41.91498660209666
3.1,1.24,1.0050000000000001,0.36518000000000006,0.5436970315613953,44.524748261254466
3.1,1.24,1.2040000000000002,0.36518000000000006,0.7730246967130898,49.45122871564104
3.1,1.24,1.4030000000000002,0.36518000000000006,0.996731585758125,54.256962100067135
3.1,1.24,1.6020000000000003,0.36518000000000006,1.2204384748031603,59.06269548449324
3.1,1.24,1.8010000000000004,0.36518000000000006,1.4441453638481954,63.868428868919345
3.1,1.24,2.0,0.36518000000000006,1.66785225289323,68.67416225334543
3.1,1.8599999999999999,0.01,0.36518000000000006,0.012325468737790828,33.10967709425974
3.1,1.8599999999999999,0.20900000000000002,0.36518000000000006,0.25760229661982825,38.37878188227344
3.1,1.8599999999999999,0.40800000000000003,0.36518000000000006,0.47347738214292223,43.016270293081035
3.1,1.8599999999999999,0.607,0.36518000000000006,0.7440562161315059,48.828919788002274
3.1,1.8599999999999999,0.806,0.36518000000000006,1.0829707970219387,56.10957673516517
3.1,1.8599999999999999,1.0050000000000001,0.36518000000000006,1.4133699361814556,63.207302603253616
3.1,1.8599999999999999,1.2040000000000002,0.36518000000000006,1.9569304135793673,74.88421941094238
3.1,1.8599999999999999,1.4030000000000002,0.36518000000000006,2.4871683302567416,86.27493727726622
3.1,1.8599999999999999,1.6020000000000003,0.36518000000000006,3.017406246934116,97.66565514359004
3.1,1.8599999999999999,1.8010000000000004,0.36518000000000006,3.54764416361149,109.05637300991386
3.1,1.8599999999999999,2.0,0.36518000000000006,4.077882080288863,120.44709087623767
3.1,2.48,0.01,0.36518000000000006,0.021442618664915817,33.30553423555136
3.1,2.48,0.20900000000000002,0.36518000000000006,0.4481507300967406,42.472196135268334
3.1,2.48,0.40800000000000003,0.36518000000000006,0.8666016923117451,51.46147566727702
3.1,2.48,0.607,0.36518000000000006,1.4264001336376342,63.48722091595347
3.1,2.48,0.806,0.36518000000000006,2.11371306288107,78.25226773106488
3.1,2.48,1.0050000000000001,0.36518000000000006,2.783756823048038,92.64633347041972
3.1,2.48,1.2040000000000002,0.36518000000000006,3.784613457315423,114.14701304651823
3.1,2.48,1.4030000000000002,0.36518000000000006,4.760939291723313,135.12071518202606
3.1,2.48,1.6020000000000003,0.36518000000000006,5.737265126131202,156.0944173175339
3.1,2.48,1.8010000000000004,0.36518000000000006,6.713590960539092,177.06811945304173
3.1,2.48,2.0,0.36518000000000006,7.6899167949469796,198.0418215885495
3.1,3.1,0.01,0.36518000000000006,0.03294611732380691,33.55265558160703
3.1,3.1,0.20900000000000002,0.36518000000000006,0.6885738520675644,47.63703226783167
3.1,3.1,0.40800000000000003,0.36518000000000006,1.3863004459292332,62.62578831212102
3.1,3.1,0.607,0.36518000000000006,2.3638736781110006,83.62628739228788
3.1,3.1,0.806,0.36518000000000006,3.551563253728144,109.14056398986345
3.1,3.1,1.0050000000000001,0.36518000000000006,4.709411382721741,134.0137783613693
3.1,3.1,1.2040000000000002,0.36518000000000006,6.314570086479995,168.496242459291
3.1,3.1,1.4030000000000002,0.36518000000000006,7.880386665146135,202.13354812344005
3.1,3.1,1.6020000000000003,0.36518000000000006,9.446203243812274,235.77085378758912
3.1,3.1,1.8010000000000004,0.36518000000000006,11.012019822478415,269.40815945173824
3.1,3.1,2.0,0.36518000000000006,12.57783640114455,303.0454651158872
3.1,3.7199999999999998,0.01,0.36518000000000006,0.04679585875676594,33.85017956512924
3.1,3.7199999999999998,0.20900000000000002,0.36518000000000006,0.9780334480164081,53.855283523445934
3.1,3.7199999999999998,0.40800000000000003,0.36518000000000006,2.036243476468848,76.58804460727923
3.1,3.7199999999999998,0.607,0.36518000000000006,3.5725094579335286,109.59053615324444
3.1,3.7199999999999998,0.806,0.36518000000000006,5.427826186336534,149.4469642607204
3.1,3.7199999999999998,1.0050000000000001,0.36518000000000006,7.236526916538459,188.30197457655123
3.1,3.7199999999999998,1.2040000000000002,0.36518000000000006,9.595836437576487,238.98531552258834
3.1,3.7199999999999998,1.4030000000000002,0.36518000000000006,11.89731974486358,288.426417719948
3.1,3.7199999999999998,1.6020000000000003,0.36518000000000006,14.198803052150675,337.86751991730773
3.1,3.7199999999999998,1.8010000000000004,0.36518000000000006,16.50028635943777,387.30862211466746
3.1,3.7199999999999998,2.0,0.36518000000000006,18.80176966672486,436.74972431202707
3.1,4.34,0.01,0.36518000000000006,0.06295967461429966,34.19741513671965
3.1,4.34,0.20900000000000002,0.36518000000000006,1.315857199438863,61.11250696968557
3.1,4.34,0.40800000000000003,0.36518000000000006,2.819570076915438,93.41568371461737
3.1,4.34,0.607,0.36518000000000006,5.066190801950593,141.6782127164467
3.1,4.34,0.806,0.36518000000000006,7.7698646365467665,199.75928327705194
3.1,4.34,1.0050000000000001,0.36518000000000006,10.405606967761125,256.3810304567374
3.1,4.34,1.2040000000000002,0.36518000000000006,13.671079094637054,326.5308076184115
3.1,4.34,1.4030000000000002,0.36518000000000006,16.856515139971904,394.96122749671116
3.1,4.34,1.6020000000000003,0.36518000000000006,20.041951185306754,463.3916473750108
3.1,4.34,1.8010000000000004,0.36518000000000006,23.2273872306416,531.8220672533105
3.1,4.34,2.0,0.36518000000000006,26.412823275976447,600.25248713161
3.1,4.96,0.01,0.36518000000000006,0.08141075814358391,34.59378642628537
3.1,4.96,0.20900000000000002,0.36518000000000006,1.7014848452009037,69.39666692160911
3.1,4.96,0.40800000000000003,0.36518000000000006,3.7390378815855563,113.167945898723
3.1,4.96,0.607,0.36518000000000006,6.857244008650181,180.15411404189433
3.1,4.96,0.806,0.36518000000000006,10.602157863438814,260.60339126613997
3.1,4.96,1.0050000000000001,0.36518000000000006,14.252978405293057,339.03132986666077
3.1,4.96,1.2040000000000002,0.36518000000000006,18.578327640552946,431.94968078524056
3.1,4.96,1.4030000000000002,0.36518000000000006,22.797663414164308,522.5906211420904
3.1,4.96,1.6020000000000003,0.36518000000000006,27.01699918777567,613.2315614989403
3.1,4.96,1.8010000000000004,0.36518000000000006,31.23633496138703,703.8725018557901
3.1,4.96,2.0,0.36518000000000006,35.45567073499838,794.5134422126397
3.1,5.58,0.01,0.36518000000000006,0.10212616429942867,35.038800522007065
3.1,5.58,0.20900000000000002,0.36518000000000006,2.1344368338580595,78.69746152219247
3.1,5.58,0.40800000000000003,0.36518000000000006,4.797115007397641,135.89785193120605
3.1,5.58,0.607,0.36518000000000006,8.956806526605025,225.25749788625188
3.1,5.58,0.806,0.36518000000000006,13.946965905397779,332.4574845413057
3.1,5.58,1.0050000000000001,0.36518000000000006,18.81174439527614,436.96400419497616
3.1,5.58,1.2040000000000002,0.36518000000000006,24.352056858519695,555.9825318693812
3.1,5.58,1.4030000000000002,0.36518000000000006,29.75657734962493,672.0839387674529
3.1,5.58,1.6020000000000003,0.36518000000000006,35.161097840730164,788.1853456655246
3.1,5.58,1.8010000000000004,0.36518000000000006,40.5656183318354,904.2867525635962
3.1,5.58,2.0,0.36518000000000006,45.97013882294062,1020.3881594616676
3.7199999999999998,0.0,0.01,0.5258592,0.0,36.29665306122449
3.7199999999999998,0.0,0.20900000000000002,0.5258592,0.0,36.29665306122449
3.7199999999999998,0.0,0.40800000000000003,0.5258592,0.0,36.29665306122449
3.7199999999999998,0.0,0.607,0.5258592,0.0,36.29665306122449
3.7199999999999998,0.0,0.806,0.5258592,0.0,36.29665306122449
3.7199999999999998,0.0,1.0050000000000001,0.5258592,0.0,36.29665306122449
3.7199999999999998,0.0,1.2040000000000002,0.5258592,0.0,36.29665306122449
3.7199999999999998,0.0,1.4030000000000002,0.5258592,0.0,36.29665306122449
3.7199999999999998,0.0,1.6020000000000003,0.5258592,0.0,36.29665306122449
3.7199999999999998,0.0,1.8010000000000004,0.5258592,0.0,36.29665306122449
3.7199999999999998,0.0,2.0,0.5258592,0.0,36.29665306122449
3.7199999999999998,0.62,0.01,0.5258592,0.0014875441631279297,36.328608897167086
3.7199999999999998,0.62,0.20900000000000002,0.5258592,0.031089673009373733,36.96453003242479
3.7199999999999998,0.62,0.40800000000000003,0.5258592,0.04769728149028675,37.32129928013505
3.7199999999999998,0.62,0.607,0.5258592,0.062270846457578424,37.634372641408774
3.7199999999999998,0.62,0.806,0.5258592,0.08450968439188211,38.11211352077083
3.7199999999999998,0.62,1.0050000000000001,0.5258592,0.10618975755396712,38.57785086045042
3.7199999999999998,0.62,1.2040000000000002,0.5258592,0.15832149332205364,39.69775925503875
3.7199999999999998,0.62,1.4030000000000002,0.5258592,0.2091754904683733,40.79021891446559
3.7199999999999998,0.62,1.6020000000000003,0.5258592,0.26002948761469297,41.882678573892434
3.7199999999999998,0.62,1.8010000000000004,0.5258592,0.31088348476101263,42.975138233319285
3.7199999999999998,0.62,2.0,0.5258592,0.36173748190733224,44.06759789274612
3.7199999999999998,1.24,0.01,0.5258592,0.005647728945086999,36.41797913952926
3.7199999999999998,1.24,0.20900000000000002,0.5258592,0.11803753495231831,38.83236809779416
3.7199999999999998,1.24,0.40800000000000003,0.5258592,0.20245882381716399,40.64592962013242
3.7199999999999998,1.24,0.607,0.5258592,0.2975971797217981,42.68971814654776
3.7199999999999998,1.24,0.806,0.5258592,0.4222126263275993,45.36674170413747
3.7199999999999998,1.24,1.0050000000000001,0.5258592,0.5436970315613953,47.97650336329528
3.7199999999999998,1.24,1.2040000000000002,0.5258592,0.7730246967130898,52.90298381768184
3.7199999999999998,1.24,1.4030000000000002,0.5258592,0.996731585758125,57.70871720210795
3.7199999999999998,1.24,1.6020000000000003,0.5258592,1.2204384748031603,62.51445058653405
3.7199999999999998,1.24,1.8010000000000004,0.5258592,1.4441453638481954,67.32018397096016
3.7199999999999998,1.24,2.0,0.5258592,1.66785225289323,72.12591735538626
3.7199999999999998,1.8599999999999999,0.01,0.5258592,0.012325468737790828,36.56143219630056
3.7199999999999998,1.8599999999999999,0.20900000000000002,0.5258592,0.25760229661982825,41.83053698431425
3.7199999999999998,1.8599999999999999,0.40800000000000003,0.5258592,0.47347738214292223,46.468025395121856
3.7199999999999998,1.8599999999999999,0.607,0.5258592,0.7440562161315059,52.28067489004309
3.7199999999999998,1.8599999999999999,0.806,0.5258592,1.0829707970219387,59.561331837205984
3.7199999999999998,1.8599999999999999,1.0050000000000001,0.5258592,1.4133699361814556,66.65905770529443
3.7199999999999998,1.8599999999999999,1.2040000000000002,0.5258592,1.9569304135793673,78.33597451298319
3.7199999999999998,1.8599999999999999,1.4030000000000002,0.5258592,2.4871683302567416,89.72669237930701
3.7199999999999998,1.8599999999999999,1.6020000000000003,0.5258592,3.017406246934116,101.11741024563085
3.7199999999999998,1.8599999999999999,1.8010000000000004,0.5258592,3.54764416361149,112.50812811195468
3.7199999999999998,1.8599999999999999,2.0,0.5258592,4.077882080288863,123.89884597827847
3.7199999999999998,2.48,0.01,0.5258592,0.021442618664915817,36.75728933759218
3.7199999999999998,2.48,0.20900000000000002,0.5258592,0.4481507300967406,45.92395123730914
3.7199999999999998,2.48,0.40800000000000003,0.5258592,0.8666016923117451,54.913230769317835
3.7199999999999998,2.48,0.607,0.5258592,1.4264001336376342,66.93897601799429
3.7199999999999998,2.48,0.806,0.5258592,2.11371306288107,81.70402283310568
3.7199999999999998,2.48,1.0050000000000001,0.5258592,2.783756823048038,96.09808857246053
3.7199999999999998,2.48,1.2040000000000002,0.5258592,3.784613457315423,117.59876814855903
3.7199999999999998,2.48,1.4030000000000002,0.5258592,4.760939291723313,138.57247028406687
3.7199999999999998,2.48,1.6020000000000003,0.5258592,5.737265126131202,159.5461724195747
3.7199999999999998,2.48,1.8010000000000004,0.5258592,6.713590960539092,180.51987455508254
3.7199999999999998,2.48,2.0,0.5258592,7.6899167949469796,201.49357669059034
3.7199999999999998,3.1,0.01,0.5258592,0.03294611732380691,37.00441068364784
3.7199999999999998,3.1,0.20900000000000002,0.5258592,0.6885738520675644,51.08878736987249
3.7199999999999998,3.1,0.40800000000000003,0.5258592,1.3863004459292332,66.07754341416182
3.7199999999999998,3.1,0.607,0.5258592,2.3638736781110006,87.07804249432868
3.7199999999999998,3.1,0.806,0.5258592,3.551563253728144,112.59231909190427
3.7199999999999998,3.1,1.0050000000000001,0.5258592,4.709411382721741,137.4655334634101
3.7199999999999998,3.1,1.2040000000000002,0.5258592,6.314570086479995,171.94799756133182
3.7199999999999998,3.1,1.4030000000000002,0.5258592,7.880386665146135,205.58530322548089
3.7199999999999998,3.1,1.6020000000000003,0.5258592,9.446203243812274,239.22260888962995
3.7199999999999998,3.1,1.8010000000000004,0.5258592,11.012019822478415,272.85991455377905
3.7199999999999998,3.1,2.0,0.5258592,12.57783640114455,306.49722021792803
3.7199999999999998,3.7199999999999998,0.01,0.5258592,0.04679585875676594,37.30193466717005
3.7199999999999998,3.7199999999999998,0.20900000000000002,0.5258592,0.9780334480164081,57.30703862548675
3.7199999999999998,3.7199999999999998,0.40800000000000003,0.5258592,2.036243476468848,80.03979970932005
3.7199999999999998,3.7199999999999998,0.607,0.5258592,3.5725094579335286,113.04229125528526
3.7199999999999998,3.7199999999999998,0.806,0.5258592,5.427826186336534,152.8987193627612
3.7199999999999998,3.7199999999999998,1.0050000000000001,0.5258592,7.236526916538459,191.75372967859204
3.7199999999999998,3.7199999999999998,1.2040000000000002,0.5258592,9.595836437576487,242.43707062462917
3.7199999999999998,3.7199999999999998,1.4030000000000002,0.5258592,11.89731974486358,291.87817282198887
3.7199999999999998,3.7199999999999998,1.6020000000000003,0.5258592,14.198803052150675,341.3192750193486
3.7199999999999998,3.7199999999999998,1.8010000000000004,0.5258592,16.50028635943777,390.76037721670826
3.7199999999999998,3.7199999999999998,2.0,0.5258592,18.80176966672486,440.2014794140679
3.7199999999999998,4.34,0.01,0.5258592,0.06295967461429966,37.64917023876046
3.7199999999999998,4.34,0.20900000000000002,0.5258592,1.315857199438863,64.56426207172638
3.7199999999999998,4.34,0.40800000000000003,0.5258592,2.819570076915438,96.86743881665818
3.7199999999999998,4.34,0.607,0.5258592,5.066190801950593,145.1299678184875
3.7199999999999998,4.34,0.806,0.5258592,7.7698646365467665,203.21103837909274
3.7199999999999998,4.34,1.0050000000000001,0.5258592,10.405606967761125,259.83278555877826
3.7199999999999998,4.34,1.2040000000000002,0.5258592,13.671079094637054,329.98256272045234
3.7199999999999998,4.34,1.4030000000000002,0.5258592,16.856515139971904,398.4129825987519
3.7199999999999998,4.34,1.6020000000000003,0.5258592,20.041951185306754,466.8434024770516
3.7199999999999998,4.34,1.8010000000000004,0.5258592,23.2273872306416,535.2738223553513
3.7199999999999998,4.34,2.0,0.5258592,26.412823275976447,603.7042422336508
3.7199999999999998,4.96,0.01,0.5258592,0.08141075814358391,38.04554152832618
3.7199999999999998,4.96,0.20900000000000002,0.5258592,1.7014848452009037,72.84842202364992
3.7199999999999998,4.96,0.40800000000000003,0.5258592,3.7390378815855563,116.61970100076384
3.7199999999999998,4.96,0.607,0.5258592,6.857244008650181,183.60586914393514
3.7199999999999998,4.96,0.806,0.5258592,10.602157863438814,264.0551463681808
3.7199999999999998,4.96,1.0050000000000001,0.5258592,14.252978405293057,342.4830849687016
3.7199999999999998,4.96,1.2040000000000002,0.5258592,18.578327640552946,435.4014358872813
3.7199999999999998,4.96,1.4030000000000002,0.5258592,22.797663414164308,526.0423762441312
3.7199999999999998,4.96,1.6020000000000003,0.5258592,27.01699918777567,616.683316600981
3.7199999999999998,4.96,1.8010000000000004,0.5258592,31.23633496138703,707.3242569578309
3.7199999999999998,4.96,2.0,0.5258592,35.45567073499838,797.9651973146805
3.7199999999999998,5.58,0.01,0.5258592,0.10212616429942867,38.49055562404788
3.7199999999999998,5.58,0.20900000000000002,0.5258592,2.1344368338580595,82.14921662423328
3.7199999999999998,5.58,0.40800000000000003,0.5258592,4.797115007397641,139.34960703324685
3.7199999999999998,5.58,0.607,0.5258592,8.956806526605025,228.70925298829272
3.7199999999999998,5.58,0.806,0.5258592,13.946965905397779,335.9092396433465
3.7199999999999998,5.58,1.0050000000000001,0.5258592,18.81174439527614,440.4157592970169
3.7199999999999998,5.58,1.2040000000000002,0.5258592,24.352056858519695,559.434286971422
3.7199999999999998,5.58,1.4030000000000002,0.5258592,29.75657734962493,675.5356938694937
3.7199999999999998,5.58,1.6020000000000003,0.5258592,35.161097840730164,791.6371007675654
3.7199999999999998,5.58,1.8010000000000004,0.5258592,40.5656183318354,907.7385076656369
3.7199999999999998,5.58,2.0,0.5258592,45.97013882294062,1023.8399145637084
4.34,0.0,0.01,0.7157528,0.0,40.376
4.34,0.0,0.20900000000000002,0.7157528,0.0,40.376
4.34,0.0,0.40800000000000003,0.7157528,0.0,40.376
4.34,0.0,0.607,0.7157528,0.0,40.376
4.34,0.0,0.806,0.7157528,0.0,40.376
4.34,0.0,1.0050000000000001,0.7157528,0.0,40.376
4.34,0.0,1.2040000000000002,0.7157528,0.0,40.376
4.34,0.0,1.4030000000000002,0.7157528,0.0,40.376
4.34,0.0,1.6020000000000003,0.7157528,0.0,40.376
4.34,0.0,1.8010000000000004,0.7157528,0.0,40.376
4.34,0.0,2.0,0.7157528,0.0,40.376
4.34,0.62,0.01,0.7157528,0.0014875441631279297,40.4079558359426
4.34,0.62,0.20900000000000002,0.7157528,0.031089673009373733,41.04387697120029
4.34,0.62,0.40800000000000003,0.7157528,0.04769728149028675,41.400646218910566
4.34,0.62,0.607,0.7157528,0.062270846457578424,41.71371958018428
4.34,0.62,0.806,0.7157528,0.08450968439188211,42.19146045954634
4.34,0.62,1.0050000000000001,0.7157528,0.10618975755396712,42.657197799225926
4.34,0.62,1.2040000000000002,0.7157528,0.15832149332205364,43.777106193814255
4.34,0.62,1.4030000000000002,0.7157528,0.2091754904683733,44.8695658532411
4.34,0.62,1.6020000000000003,0.7157528,0.26002948761469297,45.96202551266795
4.34,0.62,1.8010000000000004,0.7157528,0.31088348476101263,47.05448517209479
4.34,0.62,2.0,0.7157528,0.36173748190733224,48.14694483152164
4.34,1.24,0.01,0.7157528,0.005647728945086999,40.497326078304766
4.34,1.24,0.20900000000000002,0.7157528,0.11803753495231831,42.911715036569674
4.34,1.24,0.40800000000000003,0.7157528,0.20245882381716399,44.72527655890792
4.34,1.24,0.607,0.7157528,0.2975971797217981,46.76906508532326
4.34,1.24,0.806,0.7157528,0.4222126263275993,49.44608864291298
4.34,1.24,1.0050000000000001,0.7157528,0.5436970315613953,52.055850302070795
4.34,1.24,1.2040000000000002,0.7157528,0.7730246967130898,56.98233075645736
4.34,1.24,1.4030000000000002,0.7157528,0.996731585758125,61.788064140883456
4.34,1.24,1.6020000000000003,0.7157528,1.2204384748031603,66.59379752530957
4.34,1.24,1.8010000000000004,0.7157528,1.4441453638481954,71.39953090973567
4.34,1.24,2.0,0.7157528,1.66785225289323,76.20526429416176
4.34,1.8599999999999999,0.01,0.7157528,0.012325468737790828,40.640779135076066
4.34,1.8599999999999999,0.20900000000000002,0.7157528,0.25760229661982825,45.90988392308976
4.34,1.8599999999999999,0.40800000000000003,0.7157528,0.47347738214292223,50.547372333897364
4.34,1.8599999999999999,0.607,0.7157528,0.7440562161315059,56.3600218288186
4.34,1.8599999999999999,0.806,0.7157528,1.0829707970219387,63.64067877598149
4.34,1.8599999999999999,1.0050000000000001,0.7157528,1.4133699361814556,70.73840464406993
4.34,1.8599999999999999,1.2040000000000002,0.7157528,1.9569304135793673,82.4153214517587
4.34,1.8599999999999999,1.4030000000000002,0.7157528,2.4871683302567416,93.80603931808254
4.34,1.8599999999999999,1.6020000000000003,0.7157528,3.017406246934116,105.19675718440637
4.34,1.8599999999999999,1.8010000000000004,0.7157528,3.54764416361149,116.58747505073018
4.34,1.8599999999999999,2.0,0.7157528,4.077882080288863,127.97819291705399
4.34,2.48,0.01,0.7157528,0.021442618664915817,40.836636276367685
4.34,2.48,0.20900000000000002,0.7157528,0.4481507300967406,50.003298176084655
4.34,2.48,0.40800000000000003,0.7157528,0.8666016923117451,58.99257770809334
4.34,2.48,0.607,0.7157528,1.4264001336376342,71.0183229567698
4.34,2.48,0.806,0.7157528,2.11371306288107,85.78336977188121
4.34,2.48,1.0050000000000001,0.7157528,2.783756823048038,100.17743551123604
4.34,2.48,1.2040000000000002,0.7157528,3.784613457315423,121.67811508733455
4.34,2.48,1.4030000000000002,0.7157528,4.760939291723313,142.6518172228424
4.34,2.48,1.6020000000000003,0.7157528,5.737265126131202,163.6255193583502
4.34,2.48,1.8010000000000004,0.7157528,6.713590960539092,184.59922149385804
4.34,2.48,2.0,0.7157528,7.6899167949469796,205.57292362936585
4.34,3.1,0.01,0.7157528,0.03294611732380691,41.08375762242335
4.34,3.1,0.20900000000000002,0.7157528,0.6885738520675644,55.16813430864799
4.34,3.1,0.40800000000000003,0.7157528,1.3863004459292332,70.15689035293734
4.34,3.1,0.607,0.7157528,2.3638736781110006,91.1573894331042
4.34,3.1,0.806,0.7157528,3.551563253728144,116.67166603067979
4.34,3.1,1.0050000000000001,0.7157528,4.709411382721741,141.54488040218564
4.34,3.1,1.2040000000000002,0.7157528,6.314570086479995,176.02734450010732
4.34,3.1,1.4030000000000002,0.7157528,7.880386665146135,209.6646501642564
4.34,3.1,1.6020000000000003,0.7157528,9.446203243812274,243.30195582840545
4.34,3.1,1.8010000000000004,0.7157528,11.012019822478415,276.9392614925546
4.34,3.1,2.0,0.7157528,12.57783640114455,310.57656715670356
4.34,3.7199999999999998,0.01,0.7157528,0.04679585875676594,41.38128160594556
4.34,3.7199999999999998,0.20900000000000002,0.7157528,0.9780334480164081,61.386385564262255
4.34,3.7199999999999998,0.40800000000000003,0.7157528,2.036243476468848,84.11914664809555
4.34,3.7199999999999998,0.607,0.7157528,3.5725094579335286,117.12163819406076
4.34,3.7199999999999998,0.806,0.7157528,5.427826186336534,156.97806630153673
4.34,3.7199999999999998,1.0050000000000001,0.7157528,7.236526916538459,195.83307661736754
4.34,3.7199999999999998,1.2040000000000002,0.7157528,9.595836437576487,246.51641756340467
4.34,3.7199999999999998,1.4030000000000002,0.7157528,11.89731974486358,295.95751976076434
4.34,3.7199999999999998,1.6020000000000003,0.7157528,14.198803052150675,345.39862195812407
4.34,3.7199999999999998,1.8010000000000004,0.7157528,16.50028635943777,394.83972415548374
4.34,3.7199999999999998,2.0,0.7157528,18.80176966672486,444.28082635284335
4.34,4.34,0.01,0.7157528,0.06295967461429966,41.72851717753598
4.34,4.34,0.20900000000000002,0.7157528,1.315857199438863,68.64360901050189
4.34,4.34,0.40800000000000003,0.7157528,2.819570076915438,100.9467857554337
4.34,4.34,0.607,0.7157528,5.066190801950593,149.209314757263
4.34,4.34,0.806,0.7157528,7.7698646365467665,207.29038531786824
4.34,4.34,1.0050000000000001,0.7157528,10.405606967761125,263.91213249755367
4.34,4.34,1.2040000000000002,0.7157528,13.671079094637054,334.0619096592278
4.34,4.34,1.4030000000000002,0.7157528,16.856515139971904,402.49232953752744
4.34,4.34,1.6020000000000003,0.7157528,20.041951185306754,470.92274941582707
4.34,4.34,1.8010000000000004,0.7157528,23.2273872306416,539.3531692941267
4.34,4.34,2.0,0.7157528,26.412823275976447,607.7835891724263
4.34,4.96,0.01,0.7157528,0.08141075814358391,42.1248884671017
4.34,4.96,0.20900000000000002,0.7157528,1.7014848452009037,76.92776896242543
4.34,4.96,0.40800000000000003,0.7157528,3.7390378815855563,120.69904793953933
4.34,4.96,0.607,0.7157528,6.857244008650181,187.68521608271067
4.34,4.96,0.806,0.7157528,10.602157863438814,268.13449330695624
4.34,4.96,1.0050000000000001,0.7157528,14.252978405293057,346.56243190747705
4.34,4.96,1.2040000000000002,0.7157528,18.578327640552946,439.48078282605684
4.34,4.96,1.4030000000000002,0.7157528,22.797663414164308,530.1217231829066
4.34,4.96,1.6020000000000003,0.7157528,27.01699918777567,620.7626635397565
4.34,4.96,1.8010000000000004,0.7157528,31.23633496138703,711.4036038966065
4.34,4.96,2.0,0.7157528,35.45567073499838,802.044544253456
4.34,5.58,0.01,0.7157528,0.10212616429942867,42.56990256282339
4.34,5.58,0.20900000000000002,0.7157528,2.1344368338580595,86.22856356300879
4.34,5.58,0.40800000000000003,0.7157528,4.797115007397641,143.42895397202238
4.34,5.58,0.607,0.7157528,8.956806526605025,232.78859992706822
4.34,5.58,0.806,0.7157528,13.946965905397779,339.988586582122
4.34,5.58,1.0050000000000001,0.7157528,18.81174439527614,444.49510623579243
4.34,5.58,1.2040000000000002,0.7157528,24.352056858519695,563.5136339101975
4.34,5.58,1.4030000000000002,0.7157528,29.75657734962493,679.6150408082692
4.34,5.58,1.6020000000000003,0.7157528,35.161097840730164,795.7164477063409
4.34,5.58,1.8010000000000004,0.7157528,40.5656183318354,911.8178546044126
4.34,5.58,2.0,0.7157528,45.97013882294062,1027.919261502484
4.96,0.0,0.01,0.9348608,0.0,45.0829387755102
4.96,0.0,0.20900000000000002,0.9348608,0.0,45.0829387755102
4.96,0.0,0.40800000000000003,0.9348608,0.0,45.0829387755102
4.96,0.0,0.607,0.9348608,0.0,45.0829387755102
4.96,0.0,0.806,0.9348608,0.0,45.0829387755102
4.96,0.0,1.0050000000000001,0.9348608,0.0,45.0829387755102
4.96,0.0,1.2040000000000002,0.9348608,0.0,45.0829387755102
4.96,0.0,1.4030000000000002,0.9348608,0.0,45.0829387755102
4.96,0.0,1.6020000000000003,0.9348608,0.0,45.0829387755102
4.96,0.0,1.8010000000000004,0.9348608,0.0,45.0829387755102
4.96,0.0,2.0,0.9348608,0.0,45.0829387755102
4.96,0.62,0.01,0.9348608,0.0014875441631279297,45.114894611452804
4.96,0.62,0.20900000000000002,0.9348608,0.031089673009373733,45.7508157467105
4.96,0.62,0.40800000000000003,0.9348608,0.04769728149028675,46.10758499442077
4.96,0.62,0.607,0.9348608,0.062270846457578424,46.420658355694485
4.96,0.62,0.806,0.9348608,0.08450968439188211,46.898399235056544
4.96,0.62,1.0050000000000001,0.9348608,0.10618975755396712,47.364136574736136
4.96,0.62,1.2040000000000002,0.9348608,0.15832149332205364,48.48404496932446
4.96,0.62,1.4030000000000002,0.9348608,0.2091754904683733,49.57650462875131
4.96,0.62,1.6020000000000003,0.9348608,0.26002948761469297,50.66896428817816
4.96,0.62,1.8010000000000004,0.9348608,0.31088348476101263,51.761423947604996
4.96,0.62,2.0,0.9348608,0.36173748190733224,52.85388360703184
4.96,1.24,0.01,0.9348608,0.005647728945086999,45.204264853814976
4.96,1.24,0.20900000000000002,0.9348608,0.11803753495231831,47.61865381207988
4.96,1.24,0.40800000000000003,0.9348608,0.20245882381716399,49.43221533441813
4.96,1.24,0.607,0.9348608,0.2975971797217981,51.47600386083347
4.96,1.24,0.806,0.9348608,0.4222126263275993,54.15302741842319
4.96,1.24,1.0050000000000001,0.9348608,0.5436970315613953,56.76278907758099
4.96,1.24,1.2040000000000002,0.9348608,0.7730246967130898,61.68926953196756
4.96,1.24,1.4030000000000002,0.9348608,0.996731585758125,66.49500291639367
4.96,1.24,1.6020000000000003,0.9348608,1.2204384748031603,71.30073630081978
4.96,1.24,1.8010000000000004,0.9348608,1.4441453638481954,76.10646968524587
4.96,1.24,2.0,0.9348608,1.66785225289323,80.91220306967197
4.96,1.8599999999999999,0.01,0.9348608,0.012325468737790828,45.34771791058627
4.96,1.8599999999999999,0.20900000000000002,0.9348608,0.25760229661982825,50.61682269859996
4.96,1.8599999999999999,0.40800000000000003,0.9348608,0.47347738214292223,55.25431110940757
4.96,1.8599999999999999,0.607,0.9348608,0.7440562161315059,61.066960604328806
4.96,1.8599999999999999,0.806,0.9348608,1.0829707970219387,68.34761755149171
4.96,1.8599999999999999,1.0050000000000001,0.9348608,1.4133699361814556,75.44534341958014
4.96,1.8599999999999999,1.2040000000000002,0.9348608,1.9569304135793673,87.1222602272689
4.96,1.8599999999999999,1.4030000000000002,0.9348608,2.4871683302567416,98.51297809359274
4.96,1.8599999999999999,1.6020000000000003,0.9348608,3.017406246934116,109.90369595991656
4.96,1.8599999999999999,1.8010000000000004,0.9348608,3.54764416361149,121.29441382624039
4.96,1.8599999999999999,2.0,0.9348608,4.077882080288863,132.6851316925642
4.96,2.48,0.01,0.9348608,0.021442618664915817,45.543575051877895
4.96,2.48,0.20900000000000002,0.9348608,0.4481507300967406,54.71023695159486
4.96,2.48,0.40800000000000003,0.9348608,0.8666016923117451,63.699516483603546
4.96,2.48,0.607,0.9348608,1.4264001336376342,75.72526173228
4.96,2.48,0.806,0.9348608,2.11371306288107,90.49030854739141
4.96,2.48,1.0050000000000001,0.9348608,2.783756823048038,104.88437428674625
4.96,2.48,1.2040000000000002,0.9348608,3.784613457315423,126.38505386284476
4.96,2.48,1.4030000000000002,0.9348608,4.760939291723313,147.3587559983526
4.96,2.48,1.6020000000000003,0.9348608,5.737265126131202,168.33245813386043
4.96,2.48,1.8010000000000004,0.9348608,6.713590960539092,189.30616026936826
4.96,2.48,2.0,0.9348608,7.6899167949469796,210.27986240487604
4.96,3.1,0.01,0.9348608,0.03294611732380691,45.79069639793356
4.96,3.1,0.20900000000000002,0.9348608,0.6885738520675644,59.8750730841582
4.96,3.1,0.40800000000000003,0.9348608,1.3863004459292332,74.86382912844755
4.96,3.1,0.607,0.9348608,2.3638736781110006,95.86432820861441
4.96,3.1,0.806,0.9348608,3.551563253728144,121.37860480618998
4.96,3.1,1.0050000000000001,0.9348608,4.709411382721741,146.25181917769584
4.96,3.1,1.2040000000000002,0.9348608,6.314570086479995,180.73428327561754
4.96,3.1,1.4030000000000002,0.9348608,7.880386665146135,214.37158893976658
4.96,3.1,1.6020000000000003,0.9348608,9.446203243812274,248.00889460391565
4.96,3.1,1.8010000000000004,0.9348608,11.012019822478415,281.6462002680648
4.96,3.1,2.0,0.9348608,12.57783640114455,315.28350593221376
4.96,3.7199999999999998,0.01,0.9348608,0.04679585875676594,46.08822038145577
4.96,3.7199999999999998,0.20900000000000002,0.9348608,0.9780334480164081,66.09332433977247
4.96,3.7199999999999998,0.40800000000000003,0.9348608,2.036243476468848,88.82608542360576
4.96,3.7199999999999998,0.607,0.9348608,3.5725094579335286,121.82857696957097
4.96,3.7199999999999998,0.806,0.9348608,5.427826186336534,161.68500507704692
4.96,3.7199999999999998,1.0050000000000001,0.9348608,7.236526916538459,200.54001539287776
4.96,3.7199999999999998,1.2040000000000002,0.9348608,9.595836437576487,251.22335633891487
4.96,3.7199999999999998,1.4030000000000002,0.9348608,11.89731974486358,300.66445853627454
4.96,3.7199999999999998,1.6020000000000003,0.9348608,14.198803052150675,350.10556073363426
4.96,3.7199999999999998,1.8010000000000004,0.9348608,16.50028635943777,399.546662930994
4.96,3.7199999999999998,2.0,0.9348608,18.80176966672486,448.9877651283536
4.96,4.34,0.01,0.9348608,0.06295967461429966,46.43545595304618
4.96,4.34,0.20900000000000002,0.9348608,1.315857199438863,73.3505477860121
4.96,4.34,0.40800000000000003,0.9348608,2.819570076915438,105.65372453094389
4.96,4.34,0.607,0.9348608,5.066190801950593,153.91625353277323
4.96,4.34,0.806,0.9348608,7.7698646365467665,211.99732409337847
4.96,4.34,1.0050000000000001,0.9348608,10.405606967761125,268.6190712730639
4.96,4.34,1.2040000000000002,0.9348608,13.671079094637054,338.768848434738
4.96,4.34,1.4030000000000002,0.9348608,16.856515139971904,407.19926831303763
4.96,4.34,1.6020000000000003,0.9348608,20.041951185306754,475.6296881913373
4.96,4.34,1.8010000000000004,0.9348608,23.2273872306416,544.060108069637
4.96,4.34,2.0,0.9348608,26.412823275976447,612.4905279479366
4.96,4.96,0.01,0.9348608,0.08141075814358391,46.831827242611894
4.96,4.96,0.20900000000000002,0.9348608,1.7014848452009037,81.63470773793563
4.96,4.96,0.40800000000000003,0.9348608,3.7390378815855563,125.40598671504954
4.96,4.96,0.607,0.9348608,6.857244008650181,192.39215485822086
4.96,4.96,0.806,0.9348608,10.602157863438814,272.84143208246644
4.96,4.96,1.0050000000000001,0.9348608,14.252978405293057,351.2693706829873
4.96,4.96,1.2040000000000002,0.9348608,18.578327640552946,444.18772160156703
4.96,4.96,1.4030000000000002,0.9348608,22.797663414164308,534.8286619584169
4.96,4.96,1.6020000000000003,0.9348608,27.01699918777567,625.4696023152668
4.96,4.96,1.8010000000000004,0.9348608,31.23633496138703,716.1105426721166
4.96,4.96,2.0,0.9348608,35.45567073499838,806.7514830289663
4.96,5.58,0.01,0.9348608,0.10212616429942867,47.2768413383336
4.96,5.58,0.20900000000000002,0.9348608,2.1344368338580595,90.935502338519
4.96,5.58,0.40800000000000003,0.9348608,4.797115007397641,148.13589274753258
4.96,5.58,0.607,0.9348608,8.956806526605025,237.49553870257841
4.96,5.58,0.806,0.9348608,13.946965905397779,344.6955253576322
4.96,5.58,1.0050000000000001,0.9348608,18.81174439527614,449.20204501130263
4.96,5.58,1.2040000000000002,0.9348608,24.352056858519695,568.2205726857077
4.96,5.58,1.4030000000000002,0.9348608,29.75657734962493,684.3219795837794
4.96,5.58,1.6020000000000003,0.9348608,35.161097840730164,800.4233864818511
4.96,5.58,1.8010000000000004,0.9348608,40.5656183318354,916.5247933799227
4.96,5.58,2.0,0.9348608,45.97013882294062,1032.626200277994
5.58,0.0,0.01,1.1831832000000002,0.0,50.417469387755105
5.58,0.0,0.20900000000000002,1.1831832000000002,0.0,50.417469387755105
5.58,0.0,0.40800000000000003,1.1831832000000002,0.0,50.417469387755105
5.58,0.0,0.607,1.1831832000000002,0.0,50.417469387755105
5.58,0.0,0.806,1.1831832000000002,0.0,50.417469387755105
5.58,0.0,1.0050000000000001,1.1831832000000002,0.0,50.417469387755105
5.58,0.0,1.2040000000000002,1.1831832000000002,0.0,50.417469387755105
5.58,0.0,1.4030000000000002,1.1831832000000002,0.0,50.417469387755105
5.58,0.0,1.6020000000000003,1.1831832000000002,0.0,50.417469387755105
5.58,0.0,1.8010000000000004,1.1831832000000002,0.0,50.417469387755105
5.58,0.0,2.0,1.1831832000000002,0.0,50.417469387755105
5.58,0.62,0.01,1.1831832000000002,0.0014875441631279297,50.4494252236977
5.58,0.62,0.20900000000000002,1.1831832000000002,0.031089673009373733,51.0853463589554
5.58,0.62,0.40800000000000003,1.1831832000000002,0.04769728149028675,51.442115606665666
5.58,0.62,0.607,1.1831832000000002,0.062270846457578424,51.75518896793939
5.58,0.62,0.806,1.1831832000000002,0.08450968439188211,52.23292984730145
5.58,0.62,1.0050000000000001,1.1831832000000002,0.10618975755396712,52.69866718698104
5.58,0.62,1.2040000000000002,1.1831832000000002,0.15832149332205364,53.81857558156936
5.58,0.62,1.4030000000000002,1.1831832000000002,0.2091754904683733,54.911035240996206
5.58,0.62,1.6020000000000003,1.1831832000000002,0.26002948761469297,56.00349490042305
5.58,0.62,1.8010000000000004,1.1831832000000002,0.31088348476101263,57.0959545598499
5.58,0.62,2.0,1.1831832000000002,0.36173748190733224,58.188414219276744
5.58,1.24,0.01,1.1831832000000002,0.005647728945086999,50.538795466059874
5.58,1.24,0.20900000000000002,1.1831832000000002,0.11803753495231831,52.953184424324775
5.58,1.24,0.40800000000000003,1.1831832000000002,0.20245882381716399,54.76674594666303
5.58,1.24,0.607,1.1831832000000002,0.2975971797217981,56.81053447307838
5.58,1.24,0.806,1.1831832000000002,0.4222126263275993,59.48755803066809
5.58,1.24,1.0050000000000001,1.1831832000000002,0.5436970315613953,62.097319689825895
5.58,1.24,1.2040000000000002,1.1831832000000002,0.7730246967130898,67.02380014421246
5.58,1.24,1.4030000000000002,1.1831832000000002,0.996731585758125,71.82953352863856
5.58,1.24,1.6020000000000003,1.1831832000000002,1.2204384748031603,76.63526691306467
5.58,1.24,1.8010000000000004,1.1831832000000002,1.4441453638481954,81.44100029749077
5.58,1.24,2.0,1.1831832000000002,1.66785225289323,86.24673368191688
5.58,1.8599999999999999,0.01,1.1831832000000002,0.012325468737790828,50.68224852283117
5.58,1.8599999999999999,0.20900000000000002,1.1831832000000002,0.25760229661982825,55.951353310844866
5.58,1.8599999999999999,0.40800000000000003,1.1831832000000002,0.47347738214292223,60.58884172165247
5.58,1.8599999999999999,0.607,1.1831832000000002,0.7440562161315059,66.4014912165737
5.58,1.8599999999999999,0.806,1.1831832000000002,1.0829707970219387,73.6821481637366
5.58,1.8599999999999999,1.0050000000000001,1.1831832000000002,1.4133699361814556,80.77987403182505
5.58,1.8599999999999999,1.2040000000000002,1.1831832000000002,1.9569304135793673,92.4567908395138
5.58,1.8599999999999999,1.4030000000000002,1.1831832000000002,2.4871683302567416,103.84750870583764
5.58,1.8599999999999999,1.6020000000000003,1.1831832000000002,3.017406246934116,115.23822657216147
5.58,1.8599999999999999,1.8010000000000004,1.1831832000000002,3.54764416361149,126.62894443848529
5.58,1.8599999999999999,2.0,1.1831832000000002,4.077882080288863,138.01966230480912
5.58,2.48,0.01,1.1831832000000002,0.021442618664915817,50.8781056641228
5.58,2.48,0.20900000000000002,1.1831832000000002,0.4481507300967406,60.04476756383976
5.58,2.48,0.40800000000000003,1.1831832000000002,0.8666016923117451,69.03404709584845
5.58,2.48,0.607,1.1831832000000002,1.4264001336376342,81.05979234452491
5.58,2.48,0.806,1.1831832000000002,2.11371306288107,95.82483915963631
5.58,2.48,1.0050000000000001,1.1831832000000002,2.783756823048038,110.21890489899114
5.58,2.48,1.2040000000000002,1.1831832000000002,3.784613457315423,131.71958447508968
5.58,2.48,1.4030000000000002,1.1831832000000002,4.760939291723313,152.69328661059748
5.58,2.48,1.6020000000000003,1.1831832000000002,5.737265126131202,173.66698874610532
5.58,2.48,1.8010000000000004,1.1831832000000002,6.713590960539092,194.64069088161315
5.58,2.48,2.0,1.1831832000000002,7.6899167949469796,215.61439301712093
5.58,3.1,0.01,1.1831832000000002,0.03294611732380691,51.125227010178456
5.58,3.1,0.20900000000000002,1.1831832000000002,0.6885738520675644,65.20960369640311
5.58,3.1,0.40800000000000003,1.1831832000000002,1.3863004459292332,80.19835974069244
5.58,3.1,0.607,1.1831832000000002,2.3638736781110006,101.1988588208593
5.58,3.1,0.806,1.1831832000000002,3.551563253728144,126.71313541843489
5.58,3.1,1.0050000000000001,1.1831832000000002,4.709411382721741,151.58634978994073
5.58,3.1,1.2040000000000002,1.1831832000000002,6.314570086479995,186.06881388786243
5.58,3.1,1.4030000000000002,1.1831832000000002,7.880386665146135,219.7061195520115
5.58,3.1,1.6020000000000003,1.1831832000000002,9.446203243812274,253.34342521616054
5.58,3.1,1.8010000000000004,1.1831832000000002,11.012019822478415,286.98073088030964
5.58,3.1,2.0,1.1831832000000002,12.57783640114455,320.6180365444586
5.58,3.7199999999999998,0.01,1.1831832000000002,0.04679585875676594,51.42275099370067
5.58,3.7199999999999998,0.20900000000000002,1.1831832000000002,0.9780334480164081,71.42785495201736
5.58,3.7199999999999998,0.40800000000000003,1.1831832000000002,2.036243476468848,94.16061603585067
5.58,3.7199999999999998,0.607,1.1831832000000002,3.5725094579335286,127.16310758181586
5.58,3.7199999999999998,0.806,1.1831832000000002,5.427826186336534,167.01953568929184
5.58,3.7199999999999998,1.0050000000000001,1.1831832000000002,7.236526916538459,205.87454600512265
5.58,3.7199999999999998,1.2040000000000002,1.1831832000000002,9.595836437576487,256.55788695115973
5.58,3.7199999999999998,1.4030000000000002,1.1831832000000002,11.89731974486358,305.99898914851946
5.58,3.7199999999999998,1.6020000000000003,1.1831832000000002,14.198803052150675,355.4400913458792
5.58,3.7199999999999998,1.8010000000000004,1.1831832000000002,16.50028635943777,404.8811935432389
5.58,3.7199999999999998,2.0,1.1831832000000002,18.80176966672486,454.3222957405985
5.58,4.34,0.01,1.1831832000000002,0.06295967461429966,51.769986565291084
5.58,4.34,0.20900000000000002,1.1831832000000002,1.315857199438863,78.685078398257
5.58,4.34,0.40800000000000003,1.1831832000000002,2.819570076915438,110.9882551431888
5.58,4.34,0.607,1.1831832000000002,5.066190801950593,159.25078414501812
5.58,4.34,0.806,1.1831832000000002,7.7698646365467665,217.33185470562333
5.58,4.34,1.0050000000000001,1.1831832000000002,10.405606967761125,273.9536018853088
5.58,4.34,1.2040000000000002,1.1831832000000002,13.671079094637054,344.1033790469829
5.58,4.34,1.4030000000000002,1.1831832000000002,16.856515139971904,412.53379892528255
5.58,4.34,1.6020000000000003,1.1831832000000002,20.041951185306754,480.96421880358224
5.58,4.34,1.8010000000000004,1.1831832000000002,23.2273872306416,549.3946386818819
5.58,4.34,2.0,1.1831832000000002,26.412823275976447,617.8250585601814
5.58,4.96,0.01,1.1831832000000002,0.08141075814358391,52.1663578548568
5.58,4.96,0.20900000000000002,1.1831832000000002,1.7014848452009037,86.96923835018055
5.58,4.96,0.40800000000000003,1.1831832000000002,3.7390378815855563,130.74051732729444
5.58,4.96,0.607,1.1831832000000002,6.857244008650181,197.72668547046578
5.58,4.96,0.806,1.1831832000000002,10.602157863438814,278.1759626947113
5.58,4.96,1.0050000000000001,1.1831832000000002,14.252978405293057,356.60390129523216
5.58,4.96,1.2040000000000002,1.1831832000000002,18.578327640552946,449.52225221381195
5.58,4.96,1.4030000000000002,1.1831832000000002,22.797663414164308,540.1631925706619
5.58,4.96,1.6020000000000003,1.1831832000000002,27.01699918777567,630.8041329275117
5.58,4.96,1.8010000000000004,1.1831832000000002,31.23633496138703,721.4450732843616
5.58,4.96,2.0,1.1831832000000002,35.45567073499838,812.0860136412111
5.58,5.58,0.01,1.1831832000000002,0.10212616429942867,52.611371950578494
5.58,5.58,0.20900000000000002,1.1831832000000002,2.1344368338580595,96.27003295076389
5.58,5.58,0.40800000000000003,1.1831832000000002,4.797115007397641,153.47042335977747
5.58,5.58,0.607,1.1831832000000002,8.956806526605025,242.8300693148233
5.58,5.58,0.806,1.1831832000000002,13.946965905397779,350.0300559698771
5.58,5.58,1.0050000000000001,1.1831832000000002,18.81174439527614,454.53657562354755
5.58,5.58,1.2040000000000002,1.1831832000000002,24.352056858519695,573.5551032979527
5.58,5.58,1.4030000000000002,1.1831832000000002,29.75657734962493,689.6565101960243
5.58,5.58,1.6020000000000003,1.1831832000000002,35.161097840730164,805.757917094096
5.58,5.58,1.8010000000000004,1.1831832000000002,40.5656183318354,921.8593239921676
5.58,5.58,2.0,1.1831832000000002,45.97013882294062,1037.960730890239
