0.0,0.45999999999999996,0.01,0.0,0.000908933099723598,25.021651780858406
0.0,0.45999999999999996,0.20900000000000002,0.0,0.0189967017842232,25.452522219940715
0.0,0.45999999999999996,0.40800000000000003,0.0,0.031759763729155205,25.756552318963383
0.0,0.45999999999999996,0.607,0.0,0.046882543293924515,26.116793473351926
0.0,0.45999999999999996,0.806,0.0,0.0678918415377029,26.617257942850884
0.0,0.45999999999999996,1.0050000000000001,0.0,0.088373267966311,27.105147928191574
0.0,0.45999999999999996,1.2040000000000002,0.0,0.13745686292302559,28.274372860223195
0.0,0.45999999999999996,1.4030000000000002,0.0,0.1853374285915854,29.41494031843051
0.0,0.45999999999999996,1.6020000000000003,0.0,0.2332179942601452,30.555507776637825
0.0,0.45999999999999996,1.8010000000000004,0.0,0.281098559928705,31.69607523484514
0.0,0.45999999999999996,2.0,0.0,0.3289791255972647,32.836642693052454
0.0,0.9199999999999999,0.01,0.0,0.003982121415425364,25.094858488776104
0.0,0.9199999999999999,0.20900000000000002,0.0,0.0832263375823901,26.98254241542059
0.0,0.9199999999999999,0.40800000000000003,0.0,0.1518068879691475,28.616206156541452
0.0,0.9199999999999999,0.607,0.0,0.23669833262793777,30.638413244240958
0.0,0.9199999999999999,0.806,0.0,0.34333962818220637,33.1787255758084
0.0,0.9199999999999999,1.0050000000000001,0.0,0.44730149419993553,35.65521096437163
0.0,0.9199999999999999,1.2040000000000002,0.0,0.6631222574234973,40.796297664186824
0.0,0.9199999999999999,1.4030000000000002,0.0,0.8736532960582463,45.81137733704576
0.0,0.9199999999999999,1.6020000000000003,0.0,1.0841843346929951,50.8264570099047
0.0,0.9199999999999999,1.8010000000000004,0.0,1.2947153733277441,55.84153668276363
0.0,0.9199999999999999,2.0,0.0,1.5052464119624924,60.85661635562255
0.0,1.38,0.01,0.0,0.009449661400666625,25.225101273015145
0.0,1.38,0.20900000000000002,0.0,0.19749792327393245,29.70461660601655
0.0,1.38,0.40800000000000003,0.0,0.37987511207821095,34.049040774047654
0.0,1.38,0.607,0.0,0.6102845261070381,39.53764509683366
0.0,1.38,0.806,0.0,0.8861012112525913,46.1079002956815
0.0,1.38,1.0050000000000001,0.0,1.154987828932176,52.51307370561358
0.0,1.38,1.2040000000000002,0.0,1.6667993533253038,64.70498416672154
0.0,1.38,1.4030000000000002,0.0,2.166066477610757,76.59807329299844
0.0,1.38,1.6020000000000003,0.0,2.66533360189621,88.49116241927531
0.0,1.38,1.8010000000000004,0.0,3.164600726181663,100.38425154555219
0.0,1.38,2.0,0.0,3.6638678504671147,112.27734067182905
0.0,1.8399999999999999,0.01,0.0,0.017446048528776674,25.41558396289571
0.0,1.8399999999999999,0.20900000000000002,0.0,0.36462241425143255,33.6857048245203
0.0,1.8399999999999999,0.40800000000000003,0.0,0.7289103689414383,42.363442456370194
0.0,1.8399999999999999,0.607,0.0,1.1950363254771885,53.46707270858199
0.0,1.8399999999999999,0.806,0.0,1.7363270560632373,66.36121011308438
0.0,1.8399999999999999,1.0050000000000001,0.0,2.264017517036571,78.93137421596612
0.0,1.8399999999999999,1.2040000000000002,0.0,3.2071602164224577,101.39806516551987
0.0,1.8399999999999999,1.4030000000000002,0.0,4.127186673176338,123.31410192513357
0.0,1.8399999999999999,1.6020000000000003,0.0,5.047213129930216,145.23013868474726
0.0,1.8399999999999999,1.8010000000000004,0.0,5.967239586684096,167.14617544436098
0.0,1.8399999999999999,2.0,0.0,6.8872660434379736,189.0622122039746
0.0,2.3,0.01,0.0,0.028069878541185193,25.66865521684783
0.0,2.3,0.20900000000000002,0.0,0.5866604615107706,38.974894032119664
0.0,2.3,0.40800000000000003,0.0,1.2090267208643268,53.800339232968554
0.0,2.3,0.607,0.0,2.01259692683345,72.9422606893217
0.0,2.3,0.806,0.0,2.925764945368047,94.69492194704206
0.0,2.3,1.0050000000000001,0.0,3.81598904383896,115.90103392693022
0.0,2.3,1.2040000000000002,0.0,5.329930337002391,151.96477186543922
0.0,2.3,1.4030000000000002,0.0,6.806765225921621,187.14459465839647
0.0,2.3,1.6020000000000003,0.0,8.28360011484085,222.32441745135375
0.0,2.3,1.8010000000000004,0.0,9.76043500376008,257.50424024431106
0.0,2.3,2.0,0.0,11.237269892679306,292.68406303726823
0.0,2.76,0.01,0.0,0.04139985554883632,25.986189852900846
0.0,2.76,0.20900000000000002,0.0,0.865256980970679,45.61136792562766
0.0,2.76,0.40800000000000003,0.0,1.8286784151949083,68.56112052508618
0.0,2.76,0.607,0.0,3.0811962650564744,98.39746603246515
0.0,2.76,0.806,0.0,4.48117251838333,131.74643203802157
0.0,2.76,1.0050000000000001,0.0,5.8459734889632795,164.25748432484536
0.0,2.76,1.2040000000000002,0.0,8.073261981075447,217.3139329835312
0.0,2.76,1.4030000000000002,0.0,10.245960068969177,269.0699784888178
0.0,2.76,1.6020000000000003,0.0,12.418658156862907,320.82602399410445
0.0,2.76,1.8010000000000004,0.0,14.591356244756641,372.58206949939114
0.0,2.76,2.0,0.0,16.764054332650364,424.3381150046776
0.0,3.2199999999999998,0.01,0.0,0.057501864765761475,26.36975732893504
0.0,3.2199999999999998,0.20900000000000002,0.0,1.2017889736044152,53.62792817474238
0.0,3.2199999999999998,0.40800000000000003,0.0,2.5952051652916874,86.8206263349743
0.0,3.2199999999999998,0.607,0.0,4.416752648274676,130.21188025313904
0.0,3.2199999999999998,0.806,0.0,6.425925894952801,178.07258513546583
0.0,3.2199999999999998,1.0050000000000001,0.0,8.38461740176464,224.73075974436722
0.0,3.2199999999999998,1.2040000000000002,0.0,11.470229868202841,298.23342452531324
0.0,3.2199999999999998,1.4030000000000002,0.0,14.480214578110695,369.93455340476555
0.0,3.2199999999999998,1.6020000000000003,0.0,17.490199288018548,441.6356822842178
0.0,3.2199999999999998,1.8010000000000004,0.0,20.5001839979264,513.33681116367
0.0,3.2199999999999998,2.0,0.0,23.510168707834247,585.037940043122
0.0,3.6799999999999997,0.01,0.0,0.07643277979657459,26.820712436435187
0.0,3.6799999999999997,0.20900000000000002,0.0,1.5974450977484091,63.05288992149542
0.0,3.6799999999999997,0.40800000000000003,0.0,3.515137027948537,108.73440975970558
0.0,3.6799999999999997,0.607,0.0,6.033494054126074,168.72442934487404
0.0,3.6799999999999997,0.806,0.0,8.78092739375735,234.17129733864425
0.0,3.6799999999999997,1.0050000000000001,0.0,11.459329744955678,297.9737716642292
0.0,3.6799999999999997,1.2040000000000002,0.0,15.55022472370969,395.4233657231057
0.0,3.6799999999999997,1.4030000000000002,0.0,19.54085266867071,490.48448933936265
0.0,3.6799999999999997,1.6020000000000003,0.0,23.53148061363173,585.5456129556195
0.0,3.6799999999999997,1.8010000000000004,0.0,27.522108558592752,680.6067365718766
0.0,3.6799999999999997,2.0,0.0,31.512736503553757,775.6678601881332
0.0,4.14,0.01,0.0,0.0982427646373569,27.340250136670118
0.0,4.14,0.20900000000000002,0.0,2.0532737809207595,73.91122785640547
0.0,4.14,0.40800000000000003,0.0,4.594384446344807,134.4432640221633
0.0,4.14,0.607,0.0,7.944348006759554,214.2430610763217
0.0,4.14,0.806,0.0,11.56517539182484,300.49513077363383
0.0,4.14,1.0050000000000001,0.0,15.095027214451294,384.5800630413652
0.0,4.14,1.2040000000000002,0.0,20.33982098766287,509.5167888132061
0.0,4.14,1.4030000000000002,0.0,25.456065893883963,631.3913399337764
0.0,4.14,1.6020000000000003,0.0,30.572310800105054,753.2658910543466
0.0,4.14,1.8010000000000004,0.0,35.68855570632614,875.1404421749169
0.0,4.14,2.0,0.0,40.804800612547226,997.0149932954869
0.45999999999999996,0.0,0.01,0.013140359999999997,0.0,25.31301775147929
0.45999999999999996,0.0,0.20900000000000002,0.013140359999999997,0.0,25.31301775147929
0.45999999999999996,0.0,0.40800000000000003,0.013140359999999997,0.0,25.31301775147929
0.45999999999999996,0.0,0.607,0.013140359999999997,0.0,25.31301775147929
0.45999999999999996,0.0,0.806,0.013140359999999997,0.0,25.31301775147929
0.45999999999999996,0.0,1.0050000000000001,0.013140359999999997,0.0,25.31301775147929
0.45999999999999996,0.0,1.2040000000000002,0.013140359999999997,0.0,25.31301775147929
0.45999999999999996,0.0,1.4030000000000002,0.013140359999999997,0.0,25.31301775147929
0.45999999999999996,0.0,1.6020000000000003,0.013140359999999997,0.0,25.31301775147929
0.45999999999999996,0.0,1.8010000000000004,0.013140359999999997,0.0,25.31301775147929
0.45999999999999996,0.0,2.0,0.013140359999999997,0.0,25.31301775147929
0.45999999999999996,0.45999999999999996,0.01,0.013140359999999997,0.000908933099723598,25.334669532337696
0.45999999999999996,0.45999999999999996,0.20900000000000002,0.013140359999999997,0.0189967017842232,25.765539971420004
0.45999999999999996,0.45999999999999996,0.40800000000000003,0.013140359999999997,0.031759763729155205,26.069570070442673
0.45999999999999996,0.45999999999999996,0.607,0.013140359999999997,0.046882543293924515,26.429811224831216
0.45999999999999996,0.45999999999999996,0.806,0.013140359999999997,0.0678918415377029,26.930275694330174
0.45999999999999996,0.45999999999999996,1.0050000000000001,0.013140359999999997,0.088373267966311,27.418165679670864
0.45999999999999996,0.45999999999999996,1.2040000000000002,0.013140359999999997,0.13745686292302559,28.58739061170248
0.45999999999999996,0.45999999999999996,1.4030000000000002,0.013140359999999997,0.1853374285915854,29.727958069909796
0.45999999999999996,0.45999999999999996,1.6020000000000003,0.013140359999999997,0.2332179942601452,30.868525528117114
0.45999999999999996,0.45999999999999996,1.8010000000000004,0.013140359999999997,0.281098559928705,32.00909298632443
0.45999999999999996,0.45999999999999996,2.0,0.013140359999999997,0.3289791255972647,33.14966044453174
0.45999999999999996,0.9199999999999999,0.01,0.013140359999999997,0.003982121415425364,25.407876240255394
0.45999999999999996,0.9199999999999999,0.20900000000000002,0.013140359999999997,0.0832263375823901,27.29556016689988
0.45999999999999996,0.9199999999999999,0.40800000000000003,0.013140359999999997,0.1518068879691475,28.92922390802074
0.45999999999999996,0.9199999999999999,0.607,0.013140359999999997,0.23669833262793777,30.951430995720248
0.45999999999999996,0.9199999999999999,0.806,0.013140359999999997,0.34333962818220637,33.49174332728769
0.45999999999999996,0.9199999999999999,1.0050000000000001,0.013140359999999997,0.44730149419993553,35.96822871585093
0.45999999999999996,0.9199999999999999,1.2040000000000002,0.013140359999999997,0.6631222574234973,41.10931541566612
0.45999999999999996,0.9199999999999999,1.4030000000000002,0.013140359999999997,0.8736532960582463,46.12439508852505
0.45999999999999996,0.9199999999999999,1.6020000000000003,0.013140359999999997,1.0841843346929951,51.13947476138399
0.45999999999999996,0.9199999999999999,1.8010000000000004,0.013140359999999997,1.2947153733277441,56.154554434242925
0.45999999999999996,0.9199999999999999,2.0,0.013140359999999997,1.5052464119624924,61.16963410710184
0.45999999999999996,1.38,0.01,0.013140359999999997,0.009449661400666625,25.538119024494435
0.45999999999999996,1.38,0.20900000000000002,0.013140359999999997,0.19749792327393245,30.017634357495844
0.45999999999999996,1.38,0.40800000000000003,0.013140359999999997,0.37987511207821095,34.36205852552695
0.45999999999999996,1.38,0.607,0.013140359999999997,0.6102845261070381,39.85066284831294
0.45999999999999996,1.38,0.806,0.013140359999999997,0.8861012112525913,46.4209180471608
0.45999999999999996,1.38,1.0050000000000001,0.013140359999999997,1.154987828932176,52.82609145709287
0.45999999999999996,1.38,1.2040000000000002,0.013140359999999997,1.6667993533253038,65.01800191820084
0.45999999999999996,1.38,1.4030000000000002,0.013140359999999997,2.166066477610757,76.91109104447771
0.45999999999999996,1.38,1.6020000000000003,0.013140359999999997,2.66533360189621,88.80418017075459
0.45999999999999996,1.38,1.8010000000000004,0.013140359999999997,3.164600726181663,100.69726929703148
0.45999999999999996,1.38,2.0,0.013140359999999997,3.6638678504671147,112.59035842330833
0.45999999999999996,1.8399999999999999,0.01,0.013140359999999997,0.017446048528776674,25.728601714375
0.45999999999999996,1.8399999999999999,0.20900000000000002,0.013140359999999997,0.36462241425143255,33.998722575999594
0.45999999999999996,1.8399999999999999,0.40800000000000003,0.013140359999999997,0.7289103689414383,42.67646020784949
0.45999999999999996,1.8399999999999999,0.607,0.013140359999999997,1.1950363254771885,53.78009046006128
0.45999999999999996,1.8399999999999999,0.806,0.013140359999999997,1.7363270560632373,66.67422786456368
0.45999999999999996,1.8399999999999999,1.0050000000000001,0.013140359999999997,2.264017517036571,79.2443919674454
0.45999999999999996,1.8399999999999999,1.2040000000000002,0.013140359999999997,3.2071602164224577,101.71108291699915
0.45999999999999996,1.8399999999999999,1.4030000000000002,0.013140359999999997,4.127186673176338,123.62711967661286
0.45999999999999996,1.8399999999999999,1.6020000000000003,0.013140359999999997,5.047213129930216,145.54315643622655
0.45999999999999996,1.8399999999999999,1.8010000000000004,0.013140359999999997,5.967239586684096,167.45919319584027
0.45999999999999996,1.8399999999999999,2.0,0.013140359999999997,6.8872660434379736,189.3752299554539
0.45999999999999996,2.3,0.01,0.013140359999999997,0.028069878541185193,25.98167296832712
0.45999999999999996,2.3,0.20900000000000002,0.013140359999999997,0.5866604615107706,39.28791178359895
0.45999999999999996,2.3,0.40800000000000003,0.013140359999999997,1.2090267208643268,54.11335698444785
0.45999999999999996,2.3,0.607,0.013140359999999997,2.01259692683345,73.25527844080099
0.45999999999999996,2.3,0.806,0.013140359999999997,2.925764945368047,95.00793969852134
0.45999999999999996,2.3,1.0050000000000001,0.013140359999999997,3.81598904383896,116.21405167840952
0.45999999999999996,2.3,1.2040000000000002,0.013140359999999997,5.329930337002391,152.27778961691848
0.45999999999999996,2.3,1.4030000000000002,0.013140359999999997,6.806765225921621,187.45761240987576
0.45999999999999996,2.3,1.6020000000000003,0.013140359999999997,8.28360011484085,222.63743520283302
0.45999999999999996,2.3,1.8010000000000004,0.013140359999999997,9.76043500376008,257.8172579957903
0.45999999999999996,2.3,2.0,0.013140359999999997,11.237269892679306,292.9970807887475
0.45999999999999996,2.76,0.01,0.013140359999999997,0.04139985554883632,26.299207604380136
0.45999999999999996,2.76,0.20900000000000002,0.013140359999999997,0.865256980970679,45.924385677106955
0.45999999999999996,2.76,0.40800000000000003,0.013140359999999997,1.8286784151949083,68.87413827656547
0.45999999999999996,2.76,0.607,0.013140359999999997,3.0811962650564744,98.71048378394444
0.45999999999999996,2.76,0.806,0.013140359999999997,4.48117251838333,132.05944978950083
0.45999999999999996,2.76,1.0050000000000001,0.013140359999999997,5.8459734889632795,164.57050207632466
0.45999999999999996,2.76,1.2040000000000002,0.013140359999999997,8.073261981075447,217.6269507350105
0.45999999999999996,2.76,1.4030000000000002,0.013140359999999997,10.245960068969177,269.3829962402971
0.45999999999999996,2.76,1.6020000000000003,0.013140359999999997,12.418658156862907,321.1390417455837
0.45999999999999996,2.76,1.8010000000000004,0.013140359999999997,14.591356244756641,372.8950872508704
0.45999999999999996,2.76,2.0,0.013140359999999997,16.764054332650364,424.6511327561569
0.45999999999999996,3.2199999999999998,0.01,0.013140359999999997,0.057501864765761475,26.68277508041433
0.45999999999999996,3.2199999999999998,0.20900000000000002,0.013140359999999997,1.2017889736044152,53.94094592622167
0.45999999999999996,3.2199999999999998,0.40800000000000003,0.013140359999999997,2.5952051652916874,87.13364408645359
0.45999999999999996,3.2199999999999998,0.607,0.013140359999999997,4.416752648274676,130.52489800461836
0.45999999999999996,3.2199999999999998,0.806,0.013140359999999997,6.425925894952801,178.38560288694512
0.45999999999999996,3.2199999999999998,1.0050000000000001,0.013140359999999997,8.38461740176464,225.0437774958465
0.45999999999999996,3.2199999999999998,1.2040000000000002,0.013140359999999997,11.470229868202841,298.54644227679256
0.45999999999999996,3.2199999999999998,1.4030000000000002,0.013140359999999997,14.480214578110695,370.2475711562448
0.45999999999999996,3.2199999999999998,1.6020000000000003,0.013140359999999997,17.490199288018548,441.94870003569713
0.45999999999999996,3.2199999999999998,1.8010000000000004,0.013140359999999997,20.5001839979264,513.6498289151493
0.45999999999999996,3.2199999999999998,2.0,0.013140359999999997,23.510168707834247,585.3509577946014
0.45999999999999996,3.6799999999999997,0.01,0.013140359999999997,0.07643277979657459,27.133730187914477
0.45999999999999996,3.6799999999999997,0.20900000000000002,0.013140359999999997,1.5974450977484091,63.36590767297471
0.45999999999999996,3.6799999999999997,0.40800000000000003,0.013140359999999997,3.515137027948537,109.04742751118488
0.45999999999999996,3.6799999999999997,0.607,0.013140359999999997,6.033494054126074,169.03744709635333
0.45999999999999996,3.6799999999999997,0.806,0.013140359999999997,8.78092739375735,234.48431509012352
0.45999999999999996,3.6799999999999997,1.0050000000000001,0.013140359999999997,11.459329744955678,298.2867894157085
0.45999999999999996,3.6799999999999997,1.2040000000000002,0.013140359999999997,15.55022472370969,395.73638347458495
0.45999999999999996,3.6799999999999997,1.4030000000000002,0.013140359999999997,19.54085266867071,490.7975070908419
0.45999999999999996,3.6799999999999997,1.6020000000000003,0.013140359999999997,23.53148061363173,585.8586307070989
0.45999999999999996,3.6799999999999997,1.8010000000000004,0.013140359999999997,27.522108558592752,680.9197543233558
0.45999999999999996,3.6799999999999997,2.0,0.013140359999999997,31.512736503553757,775.9808779396126
0.45999999999999996,4.14,0.01,0.013140359999999997,0.0982427646373569,27.653267888149408
0.45999999999999996,4.14,0.20900000000000002,0.013140359999999997,2.0532737809207595,74.22424560788477
0.45999999999999996,4.14,0.40800000000000003,0.013140359999999997,4.594384446344807,134.7562817736426
0.45999999999999996,4.14,0.607,0.013140359999999997,7.944348006759554,214.556078827801
0.45999999999999996,4.14,0.806,0.013140359999999997,11.56517539182484,300.8081485251131
0.45999999999999996,4.14,1.0050000000000001,0.013140359999999997,15.095027214451294,384.89308079284444
0.45999999999999996,4.14,1.2040000000000002,0.013140359999999997,20.33982098766287,509.82980656468544
0.45999999999999996,4.14,1.4030000000000002,0.013140359999999997,25.456065893883963,631.7043576852558
0.45999999999999996,4.14,1.6020000000000003,0.013140359999999997,30.572310800105054,753.578908805826
0.45999999999999996,4.14,1.8010000000000004,0.013140359999999997,35.68855570632614,875.4534599263961
0.45999999999999996,4.14,2.0,0.013140359999999997,40.804800612547226,997.3280110469661
0.9199999999999999,0.0,0.01,0.05256143999999999,0.0,26.25207100591716
0.9199999999999999,0.0,0.20900000000000002,0.05256143999999999,0.0,26.25207100591716
0.9199999999999999,0.0,0.40800000000000003,0.05256143999999999,0.0,26.25207100591716
0.9199999999999999,0.0,0.607,0.05256143999999999,0.0,26.25207100591716
0.9199999999999999,0.0,0.806,0.05256143999999999,0.0,26.25207100591716
0.9199999999999999,0.0,1.0050000000000001,0.05256143999999999,0.0,26.25207100591716
0.9199999999999999,0.0,1.2040000000000002,0.05256143999999999,0.0,26.25207100591716
0.9199999999999999,0.0,1.4030000000000002,0.05256143999999999,0.0,26.25207100591716
0.9199999999999999,0.0,1.6020000000000003,0.05256143999999999,0.0,26.25207100591716
0.9199999999999999,0.0,1.8010000000000004,0.05256143999999999,0.0,26.25207100591716
0.9199999999999999,0.0,2.0,0.05256143999999999,0.0,26.25207100591716
0.9199999999999999,0.45999999999999996,0.01,0.05256143999999999,0.000908933099723598,26.27372278677557
0.9199999999999999,0.45999999999999996,0.20900000000000002,0.05256143999999999,0.0189967017842232,26.704593225857874
0.9199999999999999,0.45999999999999996,0.40800000000000003,0.05256143999999999,0.031759763729155205,27.008623324880542
0.9199999999999999,0.45999999999999996,0.607,0.05256143999999999,0.046882543293924515,27.368864479269085
0.9199999999999999,0.45999999999999996,0.806,0.05256143999999999,0.0678918415377029,27.869328948768043
0.9199999999999999,0.45999999999999996,1.0050000000000001,0.05256143999999999,0.088373267966311,28.357218934108733
0.9199999999999999,0.45999999999999996,1.2040000000000002,0.05256143999999999,0.13745686292302559,29.526443866140355
0.9199999999999999,0.45999999999999996,1.4030000000000002,0.05256143999999999,0.1853374285915854,30.66701132434767
0.9199999999999999,0.45999999999999996,1.6020000000000003,0.05256143999999999,0.2332179942601452,31.807578782554984
0.9199999999999999,0.45999999999999996,1.8010000000000004,0.05256143999999999,0.281098559928705,32.9481462407623
0.9199999999999999,0.45999999999999996,2.0,0.05256143999999999,0.3289791255972647,34.08871369896961
0.9199999999999999,0.9199999999999999,0.01,0.05256143999999999,0.003982121415425364,26.346929494693264
0.9199999999999999,0.9199999999999999,0.20900000000000002,0.05256143999999999,0.0832263375823901,28.234613421337748
0.9199999999999999,0.9199999999999999,0.40800000000000003,0.05256143999999999,0.1518068879691475,29.86827716245861
0.9199999999999999,0.9199999999999999,0.607,0.05256143999999999,0.23669833262793777,31.890484250158117
0.9199999999999999,0.9199999999999999,0.806,0.05256143999999999,0.34333962818220637,34.43079658172556
0.9199999999999999,0.9199999999999999,1.0050000000000001,0.05256143999999999,0.44730149419993553,36.90728197028879
0.9199999999999999,0.9199999999999999,1.2040000000000002,0.05256143999999999,0.6631222574234973,42.04836867010398
0.9199999999999999,0.9199999999999999,1.4030000000000002,0.05256143999999999,0.8736532960582463,47.063448342962914
0.9199999999999999,0.9199999999999999,1.6020000000000003,0.05256143999999999,1.0841843346929951,52.07852801582185
0.9199999999999999,0.9199999999999999,1.8010000000000004,0.05256143999999999,1.2947153733277441,57.09360768868079
0.9199999999999999,0.9199999999999999,2.0,0.05256143999999999,1.5052464119624924,62.10868736153971
0.9199999999999999,1.38,0.01,0.05256143999999999,0.009449661400666625,26.477172278932304
0.9199999999999999,1.38,0.20900000000000002,0.05256143999999999,0.19749792327393245,30.95668761193371
0.9199999999999999,1.38,0.40800000000000003,0.05256143999999999,0.37987511207821095,35.30111177996481
0.9199999999999999,1.38,0.607,0.05256143999999999,0.6102845261070381,40.789716102750816
0.9199999999999999,1.38,0.806,0.05256143999999999,0.8861012112525913,47.35997130159866
0.9199999999999999,1.38,1.0050000000000001,0.05256143999999999,1.154987828932176,53.76514471153074
0.9199999999999999,1.38,1.2040000000000002,0.05256143999999999,1.6667993533253038,65.9570551726387
0.9199999999999999,1.38,1.4030000000000002,0.05256143999999999,2.166066477610757,77.85014429891558
0.9199999999999999,1.38,1.6020000000000003,0.05256143999999999,2.66533360189621,89.74323342519247
0.9199999999999999,1.38,1.8010000000000004,0.05256143999999999,3.164600726181663,101.63632255146935
0.9199999999999999,1.38,2.0,0.05256143999999999,3.6638678504671147,113.5294116777462
0.9199999999999999,1.8399999999999999,0.01,0.05256143999999999,0.017446048528776674,26.66765496881287
0.9199999999999999,1.8399999999999999,0.20900000000000002,0.05256143999999999,0.36462241425143255,34.93777583043746
0.9199999999999999,1.8399999999999999,0.40800000000000003,0.05256143999999999,0.7289103689414383,43.61551346228735
0.9199999999999999,1.8399999999999999,0.607,0.05256143999999999,1.1950363254771885,54.71914371449915
0.9199999999999999,1.8399999999999999,0.806,0.05256143999999999,1.7363270560632373,67.61328111900154
0.9199999999999999,1.8399999999999999,1.0050000000000001,0.05256143999999999,2.264017517036571,80.18344522188326
0.9199999999999999,1.8399999999999999,1.2040000000000002,0.05256143999999999,3.2071602164224577,102.65013617143703
0.9199999999999999,1.8399999999999999,1.4030000000000002,0.05256143999999999,4.127186673176338,124.56617293105074
0.9199999999999999,1.8399999999999999,1.6020000000000003,0.05256143999999999,5.047213129930216,146.48220969066443
0.9199999999999999,1.8399999999999999,1.8010000000000004,0.05256143999999999,5.967239586684096,168.39824645027815
0.9199999999999999,1.8399999999999999,2.0,0.05256143999999999,6.8872660434379736,190.31428320989178
0.9199999999999999,2.3,0.01,0.05256143999999999,0.028069878541185193,26.92072622276499
0.9199999999999999,2.3,0.20900000000000002,0.05256143999999999,0.5866604615107706,40.22696503803682
0.9199999999999999,2.3,0.40800000000000003,0.05256143999999999,1.2090267208643268,55.05241023888571
0.9199999999999999,2.3,0.607,0.05256143999999999,2.01259692683345,74.19433169523887
0.9199999999999999,2.3,0.806,0.05256143999999999,2.925764945368047,95.94699295295922
0.9199999999999999,2.3,1.0050000000000001,0.05256143999999999,3.81598904383896,117.15310493284738
0.9199999999999999,2.3,1.2040000000000002,0.05256143999999999,5.329930337002391,153.21684287135636
0.9199999999999999,2.3,1.4030000000000002,0.05256143999999999,6.806765225921621,188.39666566431364
0.9199999999999999,2.3,1.6020000000000003,0.05256143999999999,8.28360011484085,223.5764884572709
0.9199999999999999,2.3,1.8010000000000004,0.05256143999999999,9.76043500376008,258.7563112502282
0.9199999999999999,2.3,2.0,0.05256143999999999,11.237269892679306,293.93613404318535
0.9199999999999999,2.76,0.01,0.05256143999999999,0.04139985554883632,27.238260858818006
0.9199999999999999,2.76,0.20900000000000002,0.05256143999999999,0.865256980970679,46.86343893154482
0.9199999999999999,2.76,0.40800000000000003,0.05256143999999999,1.8286784151949083,69.81319153100335
0.9199999999999999,2.76,0.607,0.05256143999999999,3.0811962650564744,99.6495370383823
0.9199999999999999,2.76,0.806,0.05256143999999999,4.48117251838333,132.9985030439387
0.9199999999999999,2.76,1.0050000000000001,0.05256143999999999,5.8459734889632795,165.50955533076254
0.9199999999999999,2.76,1.2040000000000002,0.05256143999999999,8.073261981075447,218.56600398944838
0.9199999999999999,2.76,1.4030000000000002,0.05256143999999999,10.245960068969177,270.322049494735
0.9199999999999999,2.76,1.6020000000000003,0.05256143999999999,12.418658156862907,322.0780950000216
0.9199999999999999,2.76,1.8010000000000004,0.05256143999999999,14.591356244756641,373.83414050530826
0.9199999999999999,2.76,2.0,0.05256143999999999,16.764054332650364,425.5901860105948
0.9199999999999999,3.2199999999999998,0.01,0.05256143999999999,0.057501864765761475,27.6218283348522
0.9199999999999999,3.2199999999999998,0.20900000000000002,0.05256143999999999,1.2017889736044152,54.87999918065954
0.9199999999999999,3.2199999999999998,0.40800000000000003,0.05256143999999999,2.5952051652916874,88.07269734089147
0.9199999999999999,3.2199999999999998,0.607,0.05256143999999999,4.416752648274676,131.46395125905622
0.9199999999999999,3.2199999999999998,0.806,0.05256143999999999,6.425925894952801,179.32465614138297
0.9199999999999999,3.2199999999999998,1.0050000000000001,0.05256143999999999,8.38461740176464,225.98283075028436
0.9199999999999999,3.2199999999999998,1.2040000000000002,0.05256143999999999,11.470229868202841,299.4854955312304
0.9199999999999999,3.2199999999999998,1.4030000000000002,0.05256143999999999,14.480214578110695,371.18662441068267
0.9199999999999999,3.2199999999999998,1.6020000000000003,0.05256143999999999,17.490199288018548,442.887753290135
0.9199999999999999,3.2199999999999998,1.8010000000000004,0.05256143999999999,20.5001839979264,514.5888821695871
0.9199999999999999,3.2199999999999998,2.0,0.05256143999999999,23.510168707834247,586.2900110490392
0.9199999999999999,3.6799999999999997,0.01,0.05256143999999999,0.07643277979657459,28.072783442352346
0.9199999999999999,3.6799999999999997,0.20900000000000002,0.05256143999999999,1.5974450977484091,64.30496092741258
0.9199999999999999,3.6799999999999997,0.40800000000000003,0.05256143999999999,3.515137027948537,109.98648076562274
0.9199999999999999,3.6799999999999997,0.607,0.05256143999999999,6.033494054126074,169.9765003507912
0.9199999999999999,3.6799999999999997,0.806,0.05256143999999999,8.78092739375735,235.4233683445614
0.9199999999999999,3.6799999999999997,1.0050000000000001,0.05256143999999999,11.459329744955678,299.2258426701464
0.9199999999999999,3.6799999999999997,1.2040000000000002,0.05256143999999999,15.55022472370969,396.67543672902286
0.9199999999999999,3.6799999999999997,1.4030000000000002,0.05256143999999999,19.54085266867071,491.7365603452798
0.9199999999999999,3.6799999999999997,1.6020000000000003,0.05256143999999999,23.53148061363173,586.7976839615368
0.9199999999999999,3.6799999999999997,1.8010000000000004,0.05256143999999999,27.522108558592752,681.8588075777938
0.9199999999999999,3.6799999999999997,2.0,0.05256143999999999,31.512736503553757,776.9199311940504
0.9199999999999999,4.14,0.01,0.05256143999999999,0.0982427646373569,28.592321142587277
0.9199999999999999,4.14,0.20900000000000002,0.05256143999999999,2.0532737809207595,75.16329886232265
0.9199999999999999,4.14,0.40800000000000003,0.05256143999999999,4.594384446344807,135.69533502808048
0.9199999999999999,4.14,0.607,0.05256143999999999,7.944348006759554,215.49513208223885
0.9199999999999999,4.14,0.806,0.05256143999999999,11.56517539182484,301.747201779551
0.9199999999999999,4.14,1.0050000000000001,0.05256143999999999,15.095027214451294,385.83213404728235
0.9199999999999999,4.14,1.2040000000000002,0.05256143999999999,20.33982098766287,510.7688598191233
0.9199999999999999,4.14,1.4030000000000002,0.05256143999999999,25.456065893883963,632.6434109396936
0.9199999999999999,4.14,1.6020000000000003,0.05256143999999999,30.572310800105054,754.5179620602638
0.9199999999999999,4.14,1.8010000000000004,0.05256143999999999,35.68855570632614,876.392513180834
0.9199999999999999,4.14,2.0,0.05256143999999999,40.804800612547226,998.267064301404
1.38,0.0,0.01,0.11826323999999998,0.0,27.817159763313608
1.38,0.0,0.20900000000000002,0.11826323999999998,0.0,27.817159763313608
1.38,0.0,0.40800000000000003,0.11826323999999998,0.0,27.817159763313608
1.38,0.0,0.607,0.11826323999999998,0.0,27.817159763313608
1.38,0.0,0.806,0.11826323999999998,0.0,27.817159763313608
1.38,0.0,1.0050000000000001,0.11826323999999998,0.0,27.817159763313608
1.38,0.0,1.2040000000000002,0.11826323999999998,0.0,27.817159763313608
1.38,0.0,1.4030000000000002,0.11826323999999998,0.0,27.817159763313608
1.38,0.0,1.6020000000000003,0.11826323999999998,0.0,27.817159763313608
1.38,0.0,1.8010000000000004,0.11826323999999998,0.0,27.817159763313608
1.38,0.0,2.0,0.11826323999999998,0.0,27.817159763313608
1.38,0.45999999999999996,0.01,0.11826323999999998,0.000908933099723598,27.838811544172017
1.38,0.45999999999999996,0.20900000000000002,0.11826323999999998,0.0189967017842232,28.269681983254323
1.38,0.45999999999999996,0.40800000000000003,0.11826323999999998,0.031759763729155205,28.57371208227699
1.38,0.45999999999999996,0.607,0.11826323999999998,0.046882543293924515,28.933953236665534
1.38,0.45999999999999996,0.806,0.11826323999999998,0.0678918415377029,29.434417706164492
1.38,0.45999999999999996,1.0050000000000001,0.11826323999999998,0.088373267966311,29.922307691505182
1.38,0.45999999999999996,1.2040000000000002,0.11826323999999998,0.13745686292302559,31.091532623536803
1.38,0.45999999999999996,1.4030000000000002,0.11826323999999998,0.1853374285915854,32.232100081744115
1.38,0.45999999999999996,1.6020000000000003,0.11826323999999998,0.2332179942601452,33.372667539951436
1.38,0.45999999999999996,1.8010000000000004,0.11826323999999998,0.281098559928705,34.51323499815875
1.38,0.45999999999999996,2.0,0.11826323999999998,0.3289791255972647,35.65380245636606
1.38,0.9199999999999999,0.01,0.11826323999999998,0.003982121415425364,27.912018252089712
1.38,0.9199999999999999,0.20900000000000002,0.11826323999999998,0.0832263375823901,29.799702178734197
1.38,0.9199999999999999,0.40800000000000003,0.11826323999999998,0.1518068879691475,31.43336591985506
1.38,0.9199999999999999,0.607,0.11826323999999998,0.23669833262793777,33.45557300755457
1.38,0.9199999999999999,0.806,0.11826323999999998,0.34333962818220637,35.99588533912201
1.38,0.9199999999999999,1.0050000000000001,0.11826323999999998,0.44730149419993553,38.472370727685245
1.38,0.9199999999999999,1.2040000000000002,0.11826323999999998,0.6631222574234973,43.613457427500435
1.38,0.9199999999999999,1.4030000000000002,0.11826323999999998,0.8736532960582463,48.62853710035937
1.38,0.9199999999999999,1.6020000000000003,0.11826323999999998,1.0841843346929951,53.643616773218305
1.38,0.9199999999999999,1.8010000000000004,0.11826323999999998,1.2947153733277441,58.658696446077236
1.38,0.9199999999999999,2.0,0.11826323999999998,1.5052464119624924,63.67377611893616
1.38,1.38,0.01,0.11826323999999998,0.009449661400666625,28.042261036328753
1.38,1.38,0.20900000000000002,0.11826323999999998,0.19749792327393245,32.52177636933016
1.38,1.38,0.40800000000000003,0.11826323999999998,0.37987511207821095,36.866200537361266
1.38,1.38,0.607,0.11826323999999998,0.6102845261070381,42.35480486014727
1.38,1.38,0.806,0.11826323999999998,0.8861012112525913,48.925060058995115
1.38,1.38,1.0050000000000001,0.11826323999999998,1.154987828932176,55.33023346892719
1.38,1.38,1.2040000000000002,0.11826323999999998,1.6667993533253038,67.52214393003516
1.38,1.38,1.4030000000000002,0.11826323999999998,2.166066477610757,79.41523305631203
1.38,1.38,1.6020000000000003,0.11826323999999998,2.66533360189621,91.30832218258891
1.38,1.38,1.8010000000000004,0.11826323999999998,3.164600726181663,103.2014113088658
1.38,1.38,2.0,0.11826323999999998,3.6638678504671147,115.09450043514265
1.38,1.8399999999999999,0.01,0.11826323999999998,0.017446048528776674,28.232743726209318
1.38,1.8399999999999999,0.20900000000000002,0.11826323999999998,0.36462241425143255,36.50286458783391
1.38,1.8399999999999999,0.40800000000000003,0.11826323999999998,0.7289103689414383,45.180602219683806
1.38,1.8399999999999999,0.607,0.11826323999999998,1.1950363254771885,56.28423247189559
1.38,1.8399999999999999,0.806,0.11826323999999998,1.7363270560632373,69.178369876398
1.38,1.8399999999999999,1.0050000000000001,0.11826323999999998,2.264017517036571,81.74853397927971
1.38,1.8399999999999999,1.2040000000000002,0.11826323999999998,3.2071602164224577,104.21522492883346
1.38,1.8399999999999999,1.4030000000000002,0.11826323999999998,4.127186673176338,126.13126168844718
1.38,1.8399999999999999,1.6020000000000003,0.11826323999999998,5.047213129930216,148.04729844806087
1.38,1.8399999999999999,1.8010000000000004,0.11826323999999998,5.967239586684096,169.9633352076746
1.38,1.8399999999999999,2.0,0.11826323999999998,6.8872660434379736,191.87937196728822
1.38,2.3,0.01,0.11826323999999998,0.028069878541185193,28.48581498016144
1.38,2.3,0.20900000000000002,0.11826323999999998,0.5866604615107706,41.792053795433276
1.38,2.3,0.40800000000000003,0.11826323999999998,1.2090267208643268,56.617498996282166
1.38,2.3,0.607,0.11826323999999998,2.01259692683345,75.75942045263531
1.38,2.3,0.806,0.11826323999999998,2.925764945368047,97.51208171035566
1.38,2.3,1.0050000000000001,0.11826323999999998,3.81598904383896,118.71819369024382
1.38,2.3,1.2040000000000002,0.11826323999999998,5.329930337002391,154.78193162875283
1.38,2.3,1.4030000000000002,0.11826323999999998,6.806765225921621,189.96175442171008
1.38,2.3,1.6020000000000003,0.11826323999999998,8.28360011484085,225.14157721466736
1.38,2.3,1.8010000000000004,0.11826323999999998,9.76043500376008,260.3214000076247
1.38,2.3,2.0,0.11826323999999998,11.237269892679306,295.50122280058184
1.38,2.76,0.01,0.11826323999999998,0.04139985554883632,28.803349616214454
1.38,2.76,0.20900000000000002,0.11826323999999998,0.865256980970679,48.42852768894127
1.38,2.76,0.40800000000000003,0.11826323999999998,1.8286784151949083,71.3782802883998
1.38,2.76,0.607,0.11826323999999998,3.0811962650564744,101.21462579577876
1.38,2.76,0.806,0.11826323999999998,4.48117251838333,134.56359180133518
1.38,2.76,1.0050000000000001,0.11826323999999998,5.8459734889632795,167.07464408815898
1.38,2.76,1.2040000000000002,0.11826323999999998,8.073261981075447,220.1310927468448
1.38,2.76,1.4030000000000002,0.11826323999999998,10.245960068969177,271.8871382521314
1.38,2.76,1.6020000000000003,0.11826323999999998,12.418658156862907,323.64318375741806
1.38,2.76,1.8010000000000004,0.11826323999999998,14.591356244756641,375.39922926270475
1.38,2.76,2.0,0.11826323999999998,16.764054332650364,427.1552747679912
1.38,3.2199999999999998,0.01,0.11826323999999998,0.057501864765761475,29.18691709224865
1.38,3.2199999999999998,0.20900000000000002,0.11826323999999998,1.2017889736044152,56.445087938055984
1.38,3.2199999999999998,0.40800000000000003,0.11826323999999998,2.5952051652916874,89.6377860982879
1.38,3.2199999999999998,0.607,0.11826323999999998,4.416752648274676,133.02904001645265
1.38,3.2199999999999998,0.806,0.11826323999999998,6.425925894952801,180.88974489877944
1.38,3.2199999999999998,1.0050000000000001,0.11826323999999998,8.38461740176464,227.54791950768086
1.38,3.2199999999999998,1.2040000000000002,0.11826323999999998,11.470229868202841,301.0505842886269
1.38,3.2199999999999998,1.4030000000000002,0.11826323999999998,14.480214578110695,372.75171316807916
1.38,3.2199999999999998,1.6020000000000003,0.11826323999999998,17.490199288018548,444.4528420475314
1.38,3.2199999999999998,1.8010000000000004,0.11826323999999998,20.5001839979264,516.1539709269836
1.38,3.2199999999999998,2.0,0.11826323999999998,23.510168707834247,587.8550998064356
1.38,3.6799999999999997,0.01,0.11826323999999998,0.07643277979657459,29.637872199748795
1.38,3.6799999999999997,0.20900000000000002,0.11826323999999998,1.5974450977484091,65.87004968480903
1.38,3.6799999999999997,0.40800000000000003,0.11826323999999998,3.515137027948537,111.5515695230192
1.38,3.6799999999999997,0.607,0.11826323999999998,6.033494054126074,171.54158910818765
1.38,3.6799999999999997,0.806,0.11826323999999998,8.78092739375735,236.98845710195786
1.38,3.6799999999999997,1.0050000000000001,0.11826323999999998,11.459329744955678,300.79093142754283
1.38,3.6799999999999997,1.2040000000000002,0.11826323999999998,15.55022472370969,398.2405254864193
1.38,3.6799999999999997,1.4030000000000002,0.11826323999999998,19.54085266867071,493.30164910267627
1.38,3.6799999999999997,1.6020000000000003,0.11826323999999998,23.53148061363173,588.3627727189331
1.38,3.6799999999999997,1.8010000000000004,0.11826323999999998,27.522108558592752,683.4238963351902
1.38,3.6799999999999997,2.0,0.11826323999999998,31.512736503553757,778.4850199514468
1.38,4.14,0.01,0.11826323999999998,0.0982427646373569,30.157409899983726
1.38,4.14,0.20900000000000002,0.11826323999999998,2.0532737809207595,76.72838761971909
1.38,4.14,0.40800000000000003,0.11826323999999998,4.594384446344807,137.26042378547692
1.38,4.14,0.607,0.11826323999999998,7.944348006759554,217.06022083963532
1.38,4.14,0.806,0.11826323999999998,11.56517539182484,303.31229053694744
1.38,4.14,1.0050000000000001,0.11826323999999998,15.095027214451294,387.3972228046788
1.38,4.14,1.2040000000000002,0.11826323999999998,20.33982098766287,512.3339485765198
1.38,4.14,1.4030000000000002,0.11826323999999998,25.456065893883963,634.20849969709
1.38,4.14,1.6020000000000003,0.11826323999999998,30.572310800105054,756.0830508176603
1.38,4.14,1.8010000000000004,0.11826323999999998,35.68855570632614,877.9576019382305
1.38,4.14,2.0,0.11826323999999998,40.804800612547226,999.8321530588005
1.8399999999999999,0.0,0.01,0.21024575999999995,0.0,30.008284023668637
1.8399999999999999,0.0,0.20900000000000002,0.21024575999999995,0.0,30.008284023668637
1.8399999999999999,0.0,0.40800000000000003,0.21024575999999995,0.0,30.008284023668637
1.8399999999999999,0.0,0.607,0.21024575999999995,0.0,30.008284023668637
1.8399999999999999,0.0,0.806,0.21024575999999995,0.0,30.008284023668637
1.8399999999999999,0.0,1.0050000000000001,0.21024575999999995,0.0,30.008284023668637
1.8399999999999999,0.0,1.2040000000000002,0.21024575999999995,0.0,30.008284023668637
1.8399999999999999,0.0,1.4030000000000002,0.21024575999999995,0.0,30.008284023668637
1.8399999999999999,0.0,1.6020000000000003,0.21024575999999995,0.0,30.008284023668637
1.8399999999999999,0.0,1.8010000000000004,0.21024575999999995,0.0,30.008284023668637
1.8399999999999999,0.0,2.0,0.21024575999999995,0.0,30.008284023668637
1.8399999999999999,0.45999999999999996,0.01,0.21024575999999995,0.000908933099723598,30.029935804527046
1.8399999999999999,0.45999999999999996,0.20900000000000002,0.21024575999999995,0.0189967017842232,30.46080624360935
1.8399999999999999,0.45999999999999996,0.40800000000000003,0.21024575999999995,0.031759763729155205,30.76483634263202
1.8399999999999999,0.45999999999999996,0.607,0.21024575999999995,0.046882543293924515,31.125077497020563
1.8399999999999999,0.45999999999999996,0.806,0.21024575999999995,0.0678918415377029,31.62554196651952
1.8399999999999999,0.45999999999999996,1.0050000000000001,0.21024575999999995,0.088373267966311,32.113431951860214
1.8399999999999999,0.45999999999999996,1.2040000000000002,0.21024575999999995,0.13745686292302559,33.28265688389183
1.8399999999999999,0.45999999999999996,1.4030000000000002,0.21024575999999995,0.1853374285915854,34.42322434209915
1.8399999999999999,0.45999999999999996,1.6020000000000003,0.21024575999999995,0.2332179942601452,35.56379180030646
1.8399999999999999,0.45999999999999996,1.8010000000000004,0.21024575999999995,0.281098559928705,36.704359258513776
1.8399999999999999,0.45999999999999996,2.0,0.21024575999999995,0.3289791255972647,37.84492671672109
1.8399999999999999,0.9199999999999999,0.01,0.21024575999999995,0.003982121415425364,30.10314251244474
1.8399999999999999,0.9199999999999999,0.20900000000000002,0.21024575999999995,0.0832263375823901,31.990826439089226
1.8399999999999999,0.9199999999999999,0.40800000000000003,0.21024575999999995,0.1518068879691475,33.62449018021009
1.8399999999999999,0.9199999999999999,0.607,0.21024575999999995,0.23669833262793777,35.646697267909595
1.8399999999999999,0.9199999999999999,0.806,0.21024575999999995,0.34333962818220637,38.18700959947704
1.8399999999999999,0.9199999999999999,1.0050000000000001,0.21024575999999995,0.44730149419993553,40.66349498804027
1.8399999999999999,0.9199999999999999,1.2040000000000002,0.21024575999999995,0.6631222574234973,45.80458168785546
1.8399999999999999,0.9199999999999999,1.4030000000000002,0.21024575999999995,0.8736532960582463,50.8196613607144
1.8399999999999999,0.9199999999999999,1.6020000000000003,0.21024575999999995,1.0841843346929951,55.83474103357334
1.8399999999999999,0.9199999999999999,1.8010000000000004,0.21024575999999995,1.2947153733277441,60.84982070643227
1.8399999999999999,0.9199999999999999,2.0,0.21024575999999995,1.5052464119624924,65.86490037929119
1.8399999999999999,1.38,0.01,0.21024575999999995,0.009449661400666625,30.233385296683785
1.8399999999999999,1.38,0.20900000000000002,0.21024575999999995,0.19749792327393245,34.712900629685194
1.8399999999999999,1.38,0.40800000000000003,0.21024575999999995,0.37987511207821095,39.05732479771629
1.8399999999999999,1.38,0.607,0.21024575999999995,0.6102845261070381,44.545929120502294
1.8399999999999999,1.38,0.806,0.21024575999999995,0.8861012112525913,51.11618431935014
1.8399999999999999,1.38,1.0050000000000001,0.21024575999999995,1.154987828932176,57.52135772928222
1.8399999999999999,1.38,1.2040000000000002,0.21024575999999995,1.6667993533253038,69.71326819039018
1.8399999999999999,1.38,1.4030000000000002,0.21024575999999995,2.166066477610757,81.60635731666707
1.8399999999999999,1.38,1.6020000000000003,0.21024575999999995,2.66533360189621,93.49944644294395
1.8399999999999999,1.38,1.8010000000000004,0.21024575999999995,3.164600726181663,105.39253556922083
1.8399999999999999,1.38,2.0,0.21024575999999995,3.6638678504671147,117.28562469549767
1.8399999999999999,1.8399999999999999,0.01,0.21024575999999995,0.017446048528776674,30.423867986564346
1.8399999999999999,1.8399999999999999,0.20900000000000002,0.21024575999999995,0.36462241425143255,38.69398884818894
1.8399999999999999,1.8399999999999999,0.40800000000000003,0.21024575999999995,0.7289103689414383,47.37172648003883
1.8399999999999999,1.8399999999999999,0.607,0.21024575999999995,1.1950363254771885,58.475356732250624
1.8399999999999999,1.8399999999999999,0.806,0.21024575999999995,1.7363270560632373,71.36949413675302
1.8399999999999999,1.8399999999999999,1.0050000000000001,0.21024575999999995,2.264017517036571,83.93965823963475
1.8399999999999999,1.8399999999999999,1.2040000000000002,0.21024575999999995,3.2071602164224577,106.40634918918849
1.8399999999999999,1.8399999999999999,1.4030000000000002,0.21024575999999995,4.127186673176338,128.3223859488022
1.8399999999999999,1.8399999999999999,1.6020000000000003,0.21024575999999995,5.047213129930216,150.2384227084159
1.8399999999999999,1.8399999999999999,1.8010000000000004,0.21024575999999995,5.967239586684096,172.15445946802961
1.8399999999999999,1.8399999999999999,2.0,0.21024575999999995,6.8872660434379736,194.07049622764325
1.8399999999999999,2.3,0.01,0.21024575999999995,0.028069878541185193,30.676939240516468
1.8399999999999999,2.3,0.20900000000000002,0.21024575999999995,0.5866604615107706,43.9831780557883
1.8399999999999999,2.3,0.40800000000000003,0.21024575999999995,1.2090267208643268,58.80862325663719
1.8399999999999999,2.3,0.607,0.21024575999999995,2.01259692683345,77.95054471299034
1.8399999999999999,2.3,0.806,0.21024575999999995,2.925764945368047,99.7032059707107
1.8399999999999999,2.3,1.0050000000000001,0.21024575999999995,3.81598904383896,120.90931795059886
1.8399999999999999,2.3,1.2040000000000002,0.21024575999999995,5.329930337002391,156.97305588910783
1.8399999999999999,2.3,1.4030000000000002,0.21024575999999995,6.806765225921621,192.1528786820651
1.8399999999999999,2.3,1.6020000000000003,0.21024575999999995,8.28360011484085,227.3327014750224
1.8399999999999999,2.3,1.8010000000000004,0.21024575999999995,9.76043500376008,262.51252426797964
1.8399999999999999,2.3,2.0,0.21024575999999995,11.237269892679306,297.69234706093687
1.8399999999999999,2.76,0.01,0.21024575999999995,0.04139985554883632,30.994473876569483
1.8399999999999999,2.76,0.20900000000000002,0.21024575999999995,0.865256980970679,50.6196519492963
1.8399999999999999,2.76,0.40800000000000003,0.21024575999999995,1.8286784151949083,73.56940454875482
1.8399999999999999,2.76,0.607,0.21024575999999995,3.0811962650564744,103.40575005613378
1.8399999999999999,2.76,0.806,0.21024575999999995,4.48117251838333,136.75471606169017
1.8399999999999999,2.76,1.0050000000000001,0.21024575999999995,5.8459734889632795,169.265768348514
1.8399999999999999,2.76,1.2040000000000002,0.21024575999999995,8.073261981075447,222.32221700719987
1.8399999999999999,2.76,1.4030000000000002,0.21024575999999995,10.245960068969177,274.0782625124865
1.8399999999999999,2.76,1.6020000000000003,0.21024575999999995,12.418658156862907,325.8343080177731
1.8399999999999999,2.76,1.8010000000000004,0.21024575999999995,14.591356244756641,377.5903535230598
1.8399999999999999,2.76,2.0,0.21024575999999995,16.764054332650364,429.3463990283463
1.8399999999999999,3.2199999999999998,0.01,0.21024575999999995,0.057501864765761475,31.37804135260368
1.8399999999999999,3.2199999999999998,0.20900000000000002,0.21024575999999995,1.2017889736044152,58.636212198411016
1.8399999999999999,3.2199999999999998,0.40800000000000003,0.21024575999999995,2.5952051652916874,91.82891035864294
1.8399999999999999,3.2199999999999998,0.607,0.21024575999999995,4.416752648274676,135.22016427680768
1.8399999999999999,3.2199999999999998,0.806,0.21024575999999995,6.425925894952801,183.08086915913447
1.8399999999999999,3.2199999999999998,1.0050000000000001,0.21024575999999995,8.38461740176464,229.73904376803586
1.8399999999999999,3.2199999999999998,1.2040000000000002,0.21024575999999995,11.470229868202841,303.2417085489819
1.8399999999999999,3.2199999999999998,1.4030000000000002,0.21024575999999995,14.480214578110695,374.94283742843413
1.8399999999999999,3.2199999999999998,1.6020000000000003,0.21024575999999995,17.490199288018548,446.64396630788644
1.8399999999999999,3.2199999999999998,1.8010000000000004,0.21024575999999995,20.5001839979264,518.3450951873386
1.8399999999999999,3.2199999999999998,2.0,0.21024575999999995,23.510168707834247,590.0462240667907
1.8399999999999999,3.6799999999999997,0.01,0.21024575999999995,0.07643277979657459,31.828996460103824
1.8399999999999999,3.6799999999999997,0.20900000000000002,0.21024575999999995,1.5974450977484091,68.06117394516406
1.8399999999999999,3.6799999999999997,0.40800000000000003,0.21024575999999995,3.515137027948537,113.74269378337422
1.8399999999999999,3.6799999999999997,0.607,0.21024575999999995,6.033494054126074,173.73271336854268
1.8399999999999999,3.6799999999999997,0.806,0.21024575999999995,8.78092739375735,239.1795813623129
1.8399999999999999,3.6799999999999997,1.0050000000000001,0.21024575999999995,11.459329744955678,302.98205568789786
1.8399999999999999,3.6799999999999997,1.2040000000000002,0.21024575999999995,15.55022472370969,400.4316497467743
1.8399999999999999,3.6799999999999997,1.4030000000000002,0.21024575999999995,19.54085266867071,495.4927733630313
1.8399999999999999,3.6799999999999997,1.6020000000000003,0.21024575999999995,23.53148061363173,590.5538969792882
1.8399999999999999,3.6799999999999997,1.8010000000000004,0.21024575999999995,27.522108558592752,685.6150205955453
1.8399999999999999,3.6799999999999997,2.0,0.21024575999999995,31.512736503553757,780.6761442118019
1.8399999999999999,4.14,0.01,0.21024575999999995,0.0982427646373569,32.34853416033876
1.8399999999999999,4.14,0.20900000000000002,0.21024575999999995,2.0532737809207595,78.91951188007411
1.8399999999999999,4.14,0.40800000000000003,0.21024575999999995,4.594384446344807,139.45154804583194
1.8399999999999999,4.14,0.607,0.21024575999999995,7.944348006759554,219.25134509999032
1.8399999999999999,4.14,0.806,0.21024575999999995,11.56517539182484,305.50341479730247
1.8399999999999999,4.14,1.0050000000000001,0.21024575999999995,15.095027214451294,389.5883470650338
1.8399999999999999,4.14,1.2040000000000002,0.21024575999999995,20.33982098766287,514.5250728368748
1.8399999999999999,4.14,1.4030000000000002,0.21024575999999995,25.456065893883963,636.3996239574451
1.8399999999999999,4.14,1.6020000000000003,0.21024575999999995,30.572310800105054,758.2741750780153
1.8399999999999999,4.14,1.8010000000000004,0.21024575999999995,35.68855570632614,880.1487261985856
1.8399999999999999,4.14,2.0,0.21024575999999995,40.804800612547226,1002.0232773191555
2.3,0.0,0.01,0.32850899999999994,0.0,32.82544378698225
2.3,0.0,0.20900000000000002,0.32850899999999994,0.0,32.82544378698225
2.3,0.0,0.40800000000000003,0.32850899999999994,0.0,32.82544378698225
2.3,0.0,0.607,0.32850899999999994,0.0,32.82544378698225
2.3,0.0,0.806,0.32850899999999994,0.0,32.82544378698225
2.3,0.0,1.0050000000000001,0.32850899999999994,0.0,32.82544378698225
2.3,0.0,1.2040000000000002,0.32850899999999994,0.0,32.82544378698225
2.3,0.0,1.4030000000000002,0.32850899999999994,0.0,32.82544378698225
2.3,0.0,1.6020000000000003,0.32850899999999994,0.0,32.82544378698225
2.3,0.0,1.8010000000000004,0.32850899999999994,0.0,32.82544378698225
2.3,0.0,2.0,0.32850899999999994,0.0,32.82544378698225
2.3,0.45999999999999996,0.01,0.32850899999999994,0.000908933099723598,32.847095567840654
2.3,0.45999999999999996,0.20900000000000002,0.32850899999999994,0.0189967017842232,33.27796600692296
2.3,0.45999999999999996,0.40800000000000003,0.32850899999999994,0.031759763729155205,33.58199610594563
2.3,0.45999999999999996,0.607,0.32850899999999994,0.046882543293924515,33.942237260334174
2.3,0.45999999999999996,0.806,0.32850899999999994,0.0678918415377029,34.44270172983313
2.3,0.45999999999999996,1.0050000000000001,0.32850899999999994,0.088373267966311,34.93059171517382
2.3,0.45999999999999996,1.2040000000000002,0.32850899999999994,0.13745686292302559,36.099816647205444
2.3,0.45999999999999996,1.4030000000000002,0.32850899999999994,0.1853374285915854,37.24038410541276
2.3,0.45999999999999996,1.6020000000000003,0.32850899999999994,0.2332179942601452,38.38095156362007
2.3,0.45999999999999996,1.8010000000000004,0.32850899999999994,0.281098559928705,39.52151902182739
2.3,0.45999999999999996,2.0,0.32850899999999994,0.3289791255972647,40.6620864800347
2.3,0.9199999999999999,0.01,0.32850899999999994,0.003982121415425364,32.92030227575835
2.3,0.9199999999999999,0.20900000000000002,0.32850899999999994,0.0832263375823901,34.80798620240284
2.3,0.9199999999999999,0.40800000000000003,0.32850899999999994,0.1518068879691475,36.4416499435237
2.3,0.9199999999999999,0.607,0.32850899999999994,0.23669833262793777,38.463857031223206
2.3,0.9199999999999999,0.806,0.32850899999999994,0.34333962818220637,41.00416936279065
2.3,0.9199999999999999,1.0050000000000001,0.32850899999999994,0.44730149419993553,43.48065475135388
2.3,0.9199999999999999,1.2040000000000002,0.32850899999999994,0.6631222574234973,48.62174145116907
2.3,0.9199999999999999,1.4030000000000002,0.32850899999999994,0.8736532960582463,53.63682112402801
2.3,0.9199999999999999,1.6020000000000003,0.32850899999999994,1.0841843346929951,58.65190079688694
2.3,0.9199999999999999,1.8010000000000004,0.32850899999999994,1.2947153733277441,63.66698046974588
2.3,0.9199999999999999,2.0,0.32850899999999994,1.5052464119624924,68.6820601426048
2.3,1.38,0.01,0.32850899999999994,0.009449661400666625,33.05054505999739
2.3,1.38,0.20900000000000002,0.32850899999999994,0.19749792327393245,37.5300603929988
2.3,1.38,0.40800000000000003,0.32850899999999994,0.37987511207821095,41.8744845610299
2.3,1.38,0.607,0.32850899999999994,0.6102845261070381,47.363088883815905
2.3,1.38,0.806,0.32850899999999994,0.8861012112525913,53.93334408266375
2.3,1.38,1.0050000000000001,0.32850899999999994,1.154987828932176,60.33851749259583
2.3,1.38,1.2040000000000002,0.32850899999999994,1.6667993533253038,72.53042795370379
2.3,1.38,1.4030000000000002,0.32850899999999994,2.166066477610757,84.42351707998068
2.3,1.38,1.6020000000000003,0.32850899999999994,2.66533360189621,96.31660620625756
2.3,1.38,1.8010000000000004,0.32850899999999994,3.164600726181663,108.20969533253444
2.3,1.38,2.0,0.32850899999999994,3.6638678504671147,120.1027844588113
2.3,1.8399999999999999,0.01,0.32850899999999994,0.017446048528776674,33.24102774987796
2.3,1.8399999999999999,0.20900000000000002,0.32850899999999994,0.36462241425143255,41.51114861150255
2.3,1.8399999999999999,0.40800000000000003,0.32850899999999994,0.7289103689414383,50.18888624335244
2.3,1.8399999999999999,0.607,0.32850899999999994,1.1950363254771885,61.292516495564236
2.3,1.8399999999999999,0.806,0.32850899999999994,1.7363270560632373,74.18665390006663
2.3,1.8399999999999999,1.0050000000000001,0.32850899999999994,2.264017517036571,86.75681800294836
2.3,1.8399999999999999,1.2040000000000002,0.32850899999999994,3.2071602164224577,109.22350895250212
2.3,1.8399999999999999,1.4030000000000002,0.32850899999999994,4.127186673176338,131.13954571211582
2.3,1.8399999999999999,1.6020000000000003,0.32850899999999994,5.047213129930216,153.0555824717295
2.3,1.8399999999999999,1.8010000000000004,0.32850899999999994,5.967239586684096,174.97161923134323
2.3,1.8399999999999999,2.0,0.32850899999999994,6.8872660434379736,196.88765599095686
2.3,2.3,0.01,0.32850899999999994,0.028069878541185193,33.49409900383008
2.3,2.3,0.20900000000000002,0.32850899999999994,0.5866604615107706,46.80033781910191
2.3,2.3,0.40800000000000003,0.32850899999999994,1.2090267208643268,61.6257830199508
2.3,2.3,0.607,0.32850899999999994,2.01259692683345,80.76770447630396
2.3,2.3,0.806,0.32850899999999994,2.925764945368047,102.52036573402431
2.3,2.3,1.0050000000000001,0.32850899999999994,3.81598904383896,123.72647771391247
2.3,2.3,1.2040000000000002,0.32850899999999994,5.329930337002391,159.79021565242144
2.3,2.3,1.4030000000000002,0.32850899999999994,6.806765225921621,194.97003844537872
2.3,2.3,1.6020000000000003,0.32850899999999994,8.28360011484085,230.149861238336
2.3,2.3,1.8010000000000004,0.32850899999999994,9.76043500376008,265.32968403129325
2.3,2.3,2.0,0.32850899999999994,11.237269892679306,300.5095068242505
2.3,2.76,0.01,0.32850899999999994,0.04139985554883632,33.81163363988309
2.3,2.76,0.20900000000000002,0.32850899999999994,0.865256980970679,53.43681171260991
2.3,2.76,0.40800000000000003,0.32850899999999994,1.8286784151949083,76.38656431206843
2.3,2.76,0.607,0.32850899999999994,3.0811962650564744,106.2229098194474
2.3,2.76,0.806,0.32850899999999994,4.48117251838333,139.57187582500381
2.3,2.76,1.0050000000000001,0.32850899999999994,5.8459734889632795,172.0829281118276
2.3,2.76,1.2040000000000002,0.32850899999999994,8.073261981075447,225.13937677051342
2.3,2.76,1.4030000000000002,0.32850899999999994,10.245960068969177,276.8954222758001
2.3,2.76,1.6020000000000003,0.32850899999999994,12.418658156862907,328.6514677810867
2.3,2.76,1.8010000000000004,0.32850899999999994,14.591356244756641,380.4075132863734
2.3,2.76,2.0,0.32850899999999994,16.764054332650364,432.1635587916598
2.3,3.2199999999999998,0.01,0.32850899999999994,0.057501864765761475,34.195201115917286
2.3,3.2199999999999998,0.20900000000000002,0.32850899999999994,1.2017889736044152,61.45337196172463
2.3,3.2199999999999998,0.40800000000000003,0.32850899999999994,2.5952051652916874,94.64607012195655
2.3,3.2199999999999998,0.607,0.32850899999999994,4.416752648274676,138.0373240401213
2.3,3.2199999999999998,0.806,0.32850899999999994,6.425925894952801,185.89802892244808
2.3,3.2199999999999998,1.0050000000000001,0.32850899999999994,8.38461740176464,232.55620353134947
2.3,3.2199999999999998,1.2040000000000002,0.32850899999999994,11.470229868202841,306.0588683122955
2.3,3.2199999999999998,1.4030000000000002,0.32850899999999994,14.480214578110695,377.7599971917478
2.3,3.2199999999999998,1.6020000000000003,0.32850899999999994,17.490199288018548,449.4611260712
2.3,3.2199999999999998,1.8010000000000004,0.32850899999999994,20.5001839979264,521.1622549506521
2.3,3.2199999999999998,2.0,0.32850899999999994,23.510168707834247,592.8633838301042
2.3,3.6799999999999997,0.01,0.32850899999999994,0.07643277979657459,34.646156223417435
2.3,3.6799999999999997,0.20900000000000002,0.32850899999999994,1.5974450977484091,70.87833370847767
2.3,3.6799999999999997,0.40800000000000003,0.32850899999999994,3.515137027948537,116.55985354668783
2.3,3.6799999999999997,0.607,0.32850899999999994,6.033494054126074,176.5498731318563
2.3,3.6799999999999997,0.806,0.32850899999999994,8.78092739375735,241.9967411256265
2.3,3.6799999999999997,1.0050000000000001,0.32850899999999994,11.459329744955678,305.79921545121147
2.3,3.6799999999999997,1.2040000000000002,0.32850899999999994,15.55022472370969,403.24880951008794
2.3,3.6799999999999997,1.4030000000000002,0.32850899999999994,19.54085266867071,498.30993312634484
2.3,3.6799999999999997,1.6020000000000003,0.32850899999999994,23.53148061363173,593.3710567426018
2.3,3.6799999999999997,1.8010000000000004,0.32850899999999994,27.522108558592752,688.4321803588588
2.3,3.6799999999999997,2.0,0.32850899999999994,31.512736503553757,783.4933039751154
2.3,4.14,0.01,0.32850899999999994,0.0982427646373569,35.16569392365237
2.3,4.14,0.20900000000000002,0.32850899999999994,2.0532737809207595,81.73667164338772
2.3,4.14,0.40800000000000003,0.32850899999999994,4.594384446344807,142.26870780914555
2.3,4.14,0.607,0.32850899999999994,7.944348006759554,222.06850486330393
2.3,4.14,0.806,0.32850899999999994,11.56517539182484,308.3205745606161
2.3,4.14,1.0050000000000001,0.32850899999999994,15.095027214451294,392.4055068283474
2.3,4.14,1.2040000000000002,0.32850899999999994,20.33982098766287,517.3422326001883
2.3,4.14,1.4030000000000002,0.32850899999999994,25.456065893883963,639.2167837207586
2.3,4.14,1.6020000000000003,0.32850899999999994,30.572310800105054,761.0913348413288
2.3,4.14,1.8010000000000004,0.32850899999999994,35.68855570632614,882.9658859618992
2.3,4.14,2.0,0.32850899999999994,40.804800612547226,1004.8404370824691
2.76,0.0,0.01,0.4730529599999999,0.0,36.26863905325443
2.76,0.0,0.20900000000000002,0.4730529599999999,0.0,36.26863905325443
2.76,0.0,0.40800000000000003,0.4730529599999999,0.0,36.26863905325443
2.76,0.0,0.607,0.4730529599999999,0.0,36.26863905325443
2.76,0.0,0.806,0.4730529599999999,0.0,36.26863905325443
2.76,0.0,1.0050000000000001,0.4730529599999999,0.0,36.26863905325443
2.76,0.0,1.2040000000000002,0.4730529599999999,0.0,36.26863905325443
2.76,0.0,1.4030000000000002,0.4730529599999999,0.0,36.26863905325443
2.76,0.0,1.6020000000000003,0.4730529599999999,0.0,36.26863905325443
2.76,0.0,1.8010000000000004,0.4730529599999999,0.0,36.26863905325443
2.76,0.0,2.0,0.4730529599999999,0.0,36.26863905325443
2.76,0.45999999999999996,0.01,0.4730529599999999,0.000908933099723598,36.290290834112845
2.76,0.45999999999999996,0.20900000000000002,0.4730529599999999,0.0189967017842232,36.72116127319515
2.76,0.45999999999999996,0.40800000000000003,0.4730529599999999,0.031759763729155205,37.02519137221782
2.76,0.45999999999999996,0.607,0.4730529599999999,0.046882543293924515,37.38543252660636
2.76,0.45999999999999996,0.806,0.4730529599999999,0.0678918415377029,37.885896996105316
2.76,0.45999999999999996,1.0050000000000001,0.4730529599999999,0.088373267966311,38.37378698144601
2.76,0.45999999999999996,1.2040000000000002,0.4730529599999999,0.13745686292302559,39.54301191347763
2.76,0.45999999999999996,1.4030000000000002,0.4730529599999999,0.1853374285915854,40.68357937168494
2.76,0.45999999999999996,1.6020000000000003,0.4730529599999999,0.2332179942601452,41.82414682989226
2.76,0.45999999999999996,1.8010000000000004,0.4730529599999999,0.281098559928705,42.96471428809957
2.76,0.45999999999999996,2.0,0.4730529599999999,0.3289791255972647,44.105281746306886
2.76,0.9199999999999999,0.01,0.4730529599999999,0.003982121415425364,36.363497542030544
2.76,0.9199999999999999,0.20900000000000002,0.4730529599999999,0.0832263375823901,38.25118146867502
2.76,0.9199999999999999,0.40800000000000003,0.4730529599999999,0.1518068879691475,39.884845209795884
2.76,0.9199999999999999,0.607,0.4730529599999999,0.23669833262793777,41.9070522974954
2.76,0.9199999999999999,0.806,0.4730529599999999,0.34333962818220637,44.44736462906283
2.76,0.9199999999999999,1.0050000000000001,0.4730529599999999,0.44730149419993553,46.923850017626066
2.76,0.9199999999999999,1.2040000000000002,0.4730529599999999,0.6631222574234973,52.06493671744126
2.76,0.9199999999999999,1.4030000000000002,0.4730529599999999,0.8736532960582463,57.080016390300194
2.76,0.9199999999999999,1.6020000000000003,0.4730529599999999,1.0841843346929951,62.09509606315913
2.76,0.9199999999999999,1.8010000000000004,0.4730529599999999,1.2947153733277441,67.11017573601806
2.76,0.9199999999999999,2.0,0.4730529599999999,1.5052464119624924,72.125255408877
2.76,1.38,0.01,0.4730529599999999,0.009449661400666625,36.49374032626958
2.76,1.38,0.20900000000000002,0.4730529599999999,0.19749792327393245,40.97325565927099
2.76,1.38,0.40800000000000003,0.4730529599999999,0.37987511207821095,45.317679827302086
2.76,1.38,0.607,0.4730529599999999,0.6102845261070381,50.80628415008809
2.76,1.38,0.806,0.4730529599999999,0.8861012112525913,57.37653934893594
2.76,1.38,1.0050000000000001,0.4730529599999999,1.154987828932176,63.78171275886802
2.76,1.38,1.2040000000000002,0.4730529599999999,1.6667993533253038,75.97362321997599
2.76,1.38,1.4030000000000002,0.4730529599999999,2.166066477610757,87.86671234625287
2.76,1.38,1.6020000000000003,0.4730529599999999,2.66533360189621,99.75980147252974
2.76,1.38,1.8010000000000004,0.4730529599999999,3.164600726181663,111.65289059880664
2.76,1.38,2.0,0.4730529599999999,3.6638678504671147,123.54597972508347
2.76,1.8399999999999999,0.01,0.4730529599999999,0.017446048528776674,36.68422301615014
2.76,1.8399999999999999,0.20900000000000002,0.4730529599999999,0.36462241425143255,44.95434387777474
2.76,1.8399999999999999,0.40800000000000003,0.4730529599999999,0.7289103689414383,53.63208150962463
2.76,1.8399999999999999,0.607,0.4730529599999999,1.1950363254771885,64.73571176183643
2.76,1.8399999999999999,0.806,0.4730529599999999,1.7363270560632373,77.62984916633883
2.76,1.8399999999999999,1.0050000000000001,0.4730529599999999,2.264017517036571,90.20001326922055
2.76,1.8399999999999999,1.2040000000000002,0.4730529599999999,3.2071602164224577,112.6667042187743
2.76,1.8399999999999999,1.4030000000000002,0.4730529599999999,4.127186673176338,134.58274097838802
2.76,1.8399999999999999,1.6020000000000003,0.4730529599999999,5.047213129930216,156.4987777380017
2.76,1.8399999999999999,1.8010000000000004,0.4730529599999999,5.967239586684096,178.4148144976154
2.76,1.8399999999999999,2.0,0.4730529599999999,6.8872660434379736,200.33085125722906
2.76,2.3,0.01,0.4730529599999999,0.028069878541185193,36.937294270102264
2.76,2.3,0.20900000000000002,0.4730529599999999,0.5866604615107706,50.2435330853741
2.76,2.3,0.40800000000000003,0.4730529599999999,1.2090267208643268,65.068978286223
2.76,2.3,0.607,0.4730529599999999,2.01259692683345,84.21089974257615
2.76,2.3,0.806,0.4730529599999999,2.925764945368047,105.9635610002965
2.76,2.3,1.0050000000000001,0.4730529599999999,3.81598904383896,127.16967298018466
2.76,2.3,1.2040000000000002,0.4730529599999999,5.329930337002391,163.23341091869364
2.76,2.3,1.4030000000000002,0.4730529599999999,6.806765225921621,198.41323371165092
2.76,2.3,1.6020000000000003,0.4730529599999999,8.28360011484085,233.59305650460817
2.76,2.3,1.8010000000000004,0.4730529599999999,9.76043500376008,268.77287929756545
2.76,2.3,2.0,0.4730529599999999,11.237269892679306,303.9527020905226
2.76,2.76,0.01,0.4730529599999999,0.04139985554883632,37.25482890615528
2.76,2.76,0.20900000000000002,0.4730529599999999,0.865256980970679,56.88000697888209
2.76,2.76,0.40800000000000003,0.4730529599999999,1.8286784151949083,79.82975957834063
2.76,2.76,0.607,0.4730529599999999,3.0811962650564744,109.6661050857196
2.76,2.76,0.806,0.4730529599999999,4.48117251838333,143.01507109127598
2.76,2.76,1.0050000000000001,0.4730529599999999,5.8459734889632795,175.5261233780998
2.76,2.76,1.2040000000000002,0.4730529599999999,8.073261981075447,228.58257203678565
2.76,2.76,1.4030000000000002,0.4730529599999999,10.245960068969177,280.33861754207226
2.76,2.76,1.6020000000000003,0.4730529599999999,12.418658156862907,332.0946630473589
2.76,2.76,1.8010000000000004,0.4730529599999999,14.591356244756641,383.85070855264553
2.76,2.76,2.0,0.4730529599999999,16.764054332650364,435.60675405793205
2.76,3.2199999999999998,0.01,0.4730529599999999,0.057501864765761475,37.63839638218948
2.76,3.2199999999999998,0.20900000000000002,0.4730529599999999,1.2017889736044152,64.89656722799681
2.76,3.2199999999999998,0.40800000000000003,0.4730529599999999,2.5952051652916874,98.08926538822874
2.76,3.2199999999999998,0.607,0.4730529599999999,4.416752648274676,141.4805193063935
2.76,3.2199999999999998,0.806,0.4730529599999999,6.425925894952801,189.34122418872025
2.76,3.2199999999999998,1.0050000000000001,0.4730529599999999,8.38461740176464,235.99939879762164
2.76,3.2199999999999998,1.2040000000000002,0.4730529599999999,11.470229868202841,309.5020635785677
2.76,3.2199999999999998,1.4030000000000002,0.4730529599999999,14.480214578110695,381.20319245801994
2.76,3.2199999999999998,1.6020000000000003,0.4730529599999999,17.490199288018548,452.90432133747225
2.76,3.2199999999999998,1.8010000000000004,0.4730529599999999,20.5001839979264,524.6054502169244
2.76,3.2199999999999998,2.0,0.4730529599999999,23.510168707834247,596.3065790963765
2.76,3.6799999999999997,0.01,0.4730529599999999,0.07643277979657459,38.08935148968962
2.76,3.6799999999999997,0.20900000000000002,0.4730529599999999,1.5974450977484091,74.32152897474984
2.76,3.6799999999999997,0.40800000000000003,0.4730529599999999,3.515137027948537,120.00304881296002
2.76,3.6799999999999997,0.607,0.4730529599999999,6.033494054126074,179.9930683981285
2.76,3.6799999999999997,0.806,0.4730529599999999,8.78092739375735,245.43993639189867
2.76,3.6799999999999997,1.0050000000000001,0.4730529599999999,11.459329744955678,309.24241071748366
2.76,3.6799999999999997,1.2040000000000002,0.4730529599999999,15.55022472370969,406.69200477636014
2.76,3.6799999999999997,1.4030000000000002,0.4730529599999999,19.54085266867071,501.7531283926171
2.76,3.6799999999999997,1.6020000000000003,0.4730529599999999,23.53148061363173,596.814252008874
2.76,3.6799999999999997,1.8010000000000004,0.4730529599999999,27.522108558592752,691.875375625131
2.76,3.6799999999999997,2.0,0.4730529599999999,31.512736503553757,786.9364992413877
2.76,4.14,0.01,0.4730529599999999,0.0982427646373569,38.608889189924554
2.76,4.14,0.20900000000000002,0.4730529599999999,2.0532737809207595,85.17986690965992
2.76,4.14,0.40800000000000003,0.4730529599999999,4.594384446344807,145.71190307541775
2.76,4.14,0.607,0.4730529599999999,7.944348006759554,225.51170012957613
2.76,4.14,0.806,0.4730529599999999,11.56517539182484,311.7637698268883
2.76,4.14,1.0050000000000001,0.4730529599999999,15.095027214451294,395.8487020946196
2.76,4.14,1.2040000000000002,0.4730529599999999,20.33982098766287,520.7854278664606
2.76,4.14,1.4030000000000002,0.4730529599999999,25.456065893883963,642.6599789870309
2.76,4.14,1.6020000000000003,0.4730529599999999,30.572310800105054,764.5345301076011
2.76,4.14,1.8010000000000004,0.4730529599999999,35.68855570632614,886.4090812281714
2.76,4.14,2.0,0.4730529599999999,40.804800612547226,1008.2836323487413
3.2199999999999998,0.0,0.01,0.6438776399999998,0.0,40.3378698224852
3.2199999999999998,0.0,0.20900000000000002,0.6438776399999998,0.0,40.3378698224852
3.2199999999999998,0.0,0.40800000000000003,0.6438776399999998,0.0,40.3378698224852
3.2199999999999998,0.0,0.607,0.6438776399999998,0.0,40.3378698224852
3.2199999999999998,0.0,0.806,0.6438776399999998,0.0,40.3378698224852
3.2199999999999998,0.0,1.0050000000000001,0.6438776399999998,0.0,40.3378698224852
3.2199999999999998,0.0,1.2040000000000002,0.6438776399999998,0.0,40.3378698224852
3.2199999999999998,0.0,1.4030000000000002,0.6438776399999998,0.0,40.3378698224852
3.2199999999999998,0.0,1.6020000000000003,0.6438776399999998,0.0,40.3378698224852
3.2199999999999998,0.0,1.8010000000000004,0.6438776399999998,0.0,40.3378698224852
3.2199999999999998,0.0,2.0,0.6438776399999998,0.0,40.3378698224852
3.2199999999999998,0.45999999999999996,0.01,0.6438776399999998,0.000908933099723598,40.35952160334361
3.2199999999999998,0.45999999999999996,0.20900000000000002,0.6438776399999998,0.0189967017842232,40.790392042425914
3.2199999999999998,0.45999999999999996,0.40800000000000003,0.6438776399999998,0.031759763729155205,41.09442214144859
3.2199999999999998,0.45999999999999996,0.607,0.6438776399999998,0.046882543293924515,41.45466329583713
3.2199999999999998,0.45999999999999996,0.806,0.6438776399999998,0.0678918415377029,41.95512776533609
3.2199999999999998,0.45999999999999996,1.0050000000000001,0.6438776399999998,0.088373267966311,42.44301775067677
3.2199999999999998,0.45999999999999996,1.2040000000000002,0.6438776399999998,0.13745686292302559,43.6122426827084
3.2199999999999998,0.45999999999999996,1.4030000000000002,0.6438776399999998,0.1853374285915854,44.75281014091571
3.2199999999999998,0.45999999999999996,1.6020000000000003,0.6438776399999998,0.2332179942601452,45.89337759912303
3.2199999999999998,0.45999999999999996,1.8010000000000004,0.6438776399999998,0.281098559928705,47.03394505733034
3.2199999999999998,0.45999999999999996,2.0,0.6438776399999998,0.3289791255972647,48.17451251553766
3.2199999999999998,0.9199999999999999,0.01,0.6438776399999998,0.003982121415425364,40.43272831126131
3.2199999999999998,0.9199999999999999,0.20900000000000002,0.6438776399999998,0.0832263375823901,42.320412237905785
3.2199999999999998,0.9199999999999999,0.40800000000000003,0.6438776399999998,0.1518068879691475,43.954075979026655
3.2199999999999998,0.9199999999999999,0.607,0.6438776399999998,0.23669833262793777,45.976283066726154
3.2199999999999998,0.9199999999999999,0.806,0.6438776399999998,0.34333962818220637,48.5165953982936
3.2199999999999998,0.9199999999999999,1.0050000000000001,0.6438776399999998,0.44730149419993553,50.99308078685684
3.2199999999999998,0.9199999999999999,1.2040000000000002,0.6438776399999998,0.6631222574234973,56.13416748667203
3.2199999999999998,0.9199999999999999,1.4030000000000002,0.6438776399999998,0.8736532960582463,61.14924715953096
3.2199999999999998,0.9199999999999999,1.6020000000000003,0.6438776399999998,1.0841843346929951,66.1643268323899
3.2199999999999998,0.9199999999999999,1.8010000000000004,0.6438776399999998,1.2947153733277441,71.17940650524883
3.2199999999999998,0.9199999999999999,2.0,0.6438776399999998,1.5052464119624924,76.19448617810775
3.2199999999999998,1.38,0.01,0.6438776399999998,0.009449661400666625,40.562971095500345
3.2199999999999998,1.38,0.20900000000000002,0.6438776399999998,0.19749792327393245,45.04248642850175
3.2199999999999998,1.38,0.40800000000000003,0.6438776399999998,0.37987511207821095,49.38691059653286
3.2199999999999998,1.38,0.607,0.6438776399999998,0.6102845261070381,54.87551491931886
3.2199999999999998,1.38,0.806,0.6438776399999998,0.8861012112525913,61.445770118166706
3.2199999999999998,1.38,1.0050000000000001,0.6438776399999998,1.154987828932176,67.85094352809878
3.2199999999999998,1.38,1.2040000000000002,0.6438776399999998,1.6667993533253038,80.04285398920675
3.2199999999999998,1.38,1.4030000000000002,0.6438776399999998,2.166066477610757,91.93594311548362
3.2199999999999998,1.38,1.6020000000000003,0.6438776399999998,2.66533360189621,103.82903224176052
3.2199999999999998,1.38,1.8010000000000004,0.6438776399999998,3.164600726181663,115.72212136803739
3.2199999999999998,1.38,2.0,0.6438776399999998,3.6638678504671147,127.61521049431425
3.2199999999999998,1.8399999999999999,0.01,0.6438776399999998,0.017446048528776674,40.75345378538091
3.2199999999999998,1.8399999999999999,0.20900000000000002,0.6438776399999998,0.36462241425143255,49.0235746470055
3.2199999999999998,1.8399999999999999,0.40800000000000003,0.6438776399999998,0.7289103689414383,57.7013122788554
3.2199999999999998,1.8399999999999999,0.607,0.6438776399999998,1.1950363254771885,68.80494253106718
3.2199999999999998,1.8399999999999999,0.806,0.6438776399999998,1.7363270560632373,81.69907993556959
3.2199999999999998,1.8399999999999999,1.0050000000000001,0.6438776399999998,2.264017517036571,94.2692440384513
3.2199999999999998,1.8399999999999999,1.2040000000000002,0.6438776399999998,3.2071602164224577,116.73593498800506
3.2199999999999998,1.8399999999999999,1.4030000000000002,0.6438776399999998,4.127186673176338,138.65197174761877
3.2199999999999998,1.8399999999999999,1.6020000000000003,0.6438776399999998,5.047213129930216,160.56800850723246
3.2199999999999998,1.8399999999999999,1.8010000000000004,0.6438776399999998,5.967239586684096,182.48404526684618
3.2199999999999998,1.8399999999999999,2.0,0.6438776399999998,6.8872660434379736,204.4000820264598
3.2199999999999998,2.3,0.01,0.6438776399999998,0.028069878541185193,41.00652503933303
3.2199999999999998,2.3,0.20900000000000002,0.6438776399999998,0.5866604615107706,54.31276385460487
3.2199999999999998,2.3,0.40800000000000003,0.6438776399999998,1.2090267208643268,69.13820905545376
3.2199999999999998,2.3,0.607,0.6438776399999998,2.01259692683345,88.2801305118069
3.2199999999999998,2.3,0.806,0.6438776399999998,2.925764945368047,110.03279176952726
3.2199999999999998,2.3,1.0050000000000001,0.6438776399999998,3.81598904383896,131.23890374941544
3.2199999999999998,2.3,1.2040000000000002,0.6438776399999998,5.329930337002391,167.3026416879244
3.2199999999999998,2.3,1.4030000000000002,0.6438776399999998,6.806765225921621,202.48246448088167
3.2199999999999998,2.3,1.6020000000000003,0.6438776399999998,8.28360011484085,237.66228727383898
3.2199999999999998,2.3,1.8010000000000004,0.6438776399999998,9.76043500376008,272.84211006679624
3.2199999999999998,2.3,2.0,0.6438776399999998,11.237269892679306,308.02193285975346
3.2199999999999998,2.76,0.01,0.6438776399999998,0.04139985554883632,41.324059675386046
3.2199999999999998,2.76,0.20900000000000002,0.6438776399999998,0.865256980970679,60.949237748112864
3.2199999999999998,2.76,0.40800000000000003,0.6438776399999998,1.8286784151949083,83.89899034757138
3.2199999999999998,2.76,0.607,0.6438776399999998,3.0811962650564744,113.73533585495035
3.2199999999999998,2.76,0.806,0.6438776399999998,4.48117251838333,147.08430186050674
3.2199999999999998,2.76,1.0050000000000001,0.6438776399999998,5.8459734889632795,179.59535414733057
3.2199999999999998,2.76,1.2040000000000002,0.6438776399999998,8.073261981075447,232.6518028060164
3.2199999999999998,2.76,1.4030000000000002,0.6438776399999998,10.245960068969177,284.40784831130304
3.2199999999999998,2.76,1.6020000000000003,0.6438776399999998,12.418658156862907,336.1638938165897
3.2199999999999998,2.76,1.8010000000000004,0.6438776399999998,14.591356244756641,387.9199393218763
3.2199999999999998,2.76,2.0,0.6438776399999998,16.764054332650364,439.6759848271628
3.2199999999999998,3.2199999999999998,0.01,0.6438776399999998,0.057501864765761475,41.70762715142024
3.2199999999999998,3.2199999999999998,0.20900000000000002,0.6438776399999998,1.2017889736044152,68.96579799722758
3.2199999999999998,3.2199999999999998,0.40800000000000003,0.6438776399999998,2.5952051652916874,102.15849615745951
3.2199999999999998,3.2199999999999998,0.607,0.6438776399999998,4.416752648274676,145.54975007562425
3.2199999999999998,3.2199999999999998,0.806,0.6438776399999998,6.425925894952801,193.410454957951
3.2199999999999998,3.2199999999999998,1.0050000000000001,0.6438776399999998,8.38461740176464,240.06862956685245
3.2199999999999998,3.2199999999999998,1.2040000000000002,0.6438776399999998,11.470229868202841,313.57129434779847
3.2199999999999998,3.2199999999999998,1.4030000000000002,0.6438776399999998,14.480214578110695,385.2724232272507
3.2199999999999998,3.2199999999999998,1.6020000000000003,0.6438776399999998,17.490199288018548,456.973552106703
3.2199999999999998,3.2199999999999998,1.8010000000000004,0.6438776399999998,20.5001839979264,528.6746809861552
3.2199999999999998,3.2199999999999998,2.0,0.6438776399999998,23.510168707834247,600.3758098656073
3.2199999999999998,3.6799999999999997,0.01,0.6438776399999998,0.07643277979657459,42.15858225892039
3.2199999999999998,3.6799999999999997,0.20900000000000002,0.6438776399999998,1.5974450977484091,78.39075974398062
3.2199999999999998,3.6799999999999997,0.40800000000000003,0.6438776399999998,3.515137027948537,124.0722795821908
3.2199999999999998,3.6799999999999997,0.607,0.6438776399999998,6.033494054126074,184.06229916735924
3.2199999999999998,3.6799999999999997,0.806,0.6438776399999998,8.78092739375735,249.50916716112948
3.2199999999999998,3.6799999999999997,1.0050000000000001,0.6438776399999998,11.459329744955678,313.31164148671445
3.2199999999999998,3.6799999999999997,1.2040000000000002,0.6438776399999998,15.55022472370969,410.7612355455909
3.2199999999999998,3.6799999999999997,1.4030000000000002,0.6438776399999998,19.54085266867071,505.8223591618478
3.2199999999999998,3.6799999999999997,1.6020000000000003,0.6438776399999998,23.53148061363173,600.8834827781047
3.2199999999999998,3.6799999999999997,1.8010000000000004,0.6438776399999998,27.522108558592752,695.9446063943617
3.2199999999999998,3.6799999999999997,2.0,0.6438776399999998,31.512736503553757,791.0057300106184
3.2199999999999998,4.14,0.01,0.6438776399999998,0.0982427646373569,42.678119959155325
3.2199999999999998,4.14,0.20900000000000002,0.6438776399999998,2.0532737809207595,89.24909767889068
3.2199999999999998,4.14,0.40800000000000003,0.6438776399999998,4.594384446344807,149.78113384464848
3.2199999999999998,4.14,0.607,0.6438776399999998,7.944348006759554,229.58093089880688
3.2199999999999998,4.14,0.806,0.6438776399999998,11.56517539182484,315.83300059611906
3.2199999999999998,4.14,1.0050000000000001,0.6438776399999998,15.095027214451294,399.9179328638504
3.2199999999999998,4.14,1.2040000000000002,0.6438776399999998,20.33982098766287,524.8546586356913
3.2199999999999998,4.14,1.4030000000000002,0.6438776399999998,25.456065893883963,646.7292097562616
3.2199999999999998,4.14,1.6020000000000003,0.6438776399999998,30.572310800105054,768.6037608768319
3.2199999999999998,4.14,1.8010000000000004,0.6438776399999998,35.68855570632614,890.4783119974021
3.2199999999999998,4.14,2.0,0.6438776399999998,40.804800612547226,1012.3528631179721
3.6799999999999997,0.0,0.01,0.8409830399999998,0.0,45.033136094674546
3.6799999999999997,0.0,0.20900000000000002,0.8409830399999998,0.0,45.033136094674546
3.6799999999999997,0.0,0.40800000000000003,0.8409830399999998,0.0,45.033136094674546
3.6799999999999997,0.0,0.607,0.8409830399999998,0.0,45.033136094674546
3.6799999999999997,0.0,0.806,0.8409830399999998,0.0,45.033136094674546
3.6799999999999997,0.0,1.0050000000000001,0.8409830399999998,0.0,45.033136094674546
3.6799999999999997,0.0,1.2040000000000002,0.8409830399999998,0.0,45.033136094674546
3.6799999999999997,0.0,1.4030000000000002,0.8409830399999998,0.0,45.033136094674546
3.6799999999999997,0.0,1.6020000000000003,0.8409830399999998,0.0,45.033136094674546
3.6799999999999997,0.0,1.8010000000000004,0.8409830399999998,0.0,45.033136094674546
3.6799999999999997,0.0,2.0,0.8409830399999998,0.0,45.033136094674546
3.6799999999999997,0.45999999999999996,0.01,0.8409830399999998,0.000908933099723598,45.05478787553296
3.6799999999999997,0.45999999999999996,0.20900000000000002,0.8409830399999998,0.0189967017842232,45.485658314615264
3.6799999999999997,0.45999999999999996,0.40800000000000003,0.8409830399999998,0.031759763729155205,45.78968841363793
3.6799999999999997,0.45999999999999996,0.607,0.8409830399999998,0.046882543293924515,46.14992956802648
3.6799999999999997,0.45999999999999996,0.806,0.8409830399999998,0.0678918415377029,46.65039403752543
3.6799999999999997,0.45999999999999996,1.0050000000000001,0.8409830399999998,0.088373267966311,47.13828402286613
3.6799999999999997,0.45999999999999996,1.2040000000000002,0.8409830399999998,0.13745686292302559,48.30750895489774
3.6799999999999997,0.45999999999999996,1.4030000000000002,0.8409830399999998,0.1853374285915854,49.448076413105056
3.6799999999999997,0.45999999999999996,1.6020000000000003,0.8409830399999998,0.2332179942601452,50.58864387131237
3.6799999999999997,0.45999999999999996,1.8010000000000004,0.8409830399999998,0.281098559928705,51.72921132951969
3.6799999999999997,0.45999999999999996,2.0,0.8409830399999998,0.3289791255972647,52.869778787727
3.6799999999999997,0.9199999999999999,0.01,0.8409830399999998,0.003982121415425364,45.12799458345066
3.6799999999999997,0.9199999999999999,0.20900000000000002,0.8409830399999998,0.0832263375823901,47.01567851009514
3.6799999999999997,0.9199999999999999,0.40800000000000003,0.8409830399999998,0.1518068879691475,48.649342251216
3.6799999999999997,0.9199999999999999,0.607,0.8409830399999998,0.23669833262793777,50.67154933891551
3.6799999999999997,0.9199999999999999,0.806,0.8409830399999998,0.34333962818220637,53.211861670482946
3.6799999999999997,0.9199999999999999,1.0050000000000001,0.8409830399999998,0.44730149419993553,55.688347059046194
3.6799999999999997,0.9199999999999999,1.2040000000000002,0.8409830399999998,0.6631222574234973,60.82943375886138
3.6799999999999997,0.9199999999999999,1.4030000000000002,0.8409830399999998,0.8736532960582463,65.84451343172032
3.6799999999999997,0.9199999999999999,1.6020000000000003,0.8409830399999998,1.0841843346929951,70.85959310457925
3.6799999999999997,0.9199999999999999,1.8010000000000004,0.8409830399999998,1.2947153733277441,75.87467277743818
3.6799999999999997,0.9199999999999999,2.0,0.8409830399999998,1.5052464119624924,80.8897524502971
3.6799999999999997,1.38,0.01,0.8409830399999998,0.009449661400666625,45.2582373676897
3.6799999999999997,1.38,0.20900000000000002,0.8409830399999998,0.19749792327393245,49.737752700691104
3.6799999999999997,1.38,0.40800000000000003,0.8409830399999998,0.37987511207821095,54.08217686872221
3.6799999999999997,1.38,0.607,0.8409830399999998,0.6102845261070381,59.5707811915082
3.6799999999999997,1.38,0.806,0.8409830399999998,0.8861012112525913,66.14103639035605
3.6799999999999997,1.38,1.0050000000000001,0.8409830399999998,1.154987828932176,72.54620980028812
3.6799999999999997,1.38,1.2040000000000002,0.8409830399999998,1.6667993533253038,84.7381202613961
3.6799999999999997,1.38,1.4030000000000002,0.8409830399999998,2.166066477610757,96.63120938767298
3.6799999999999997,1.38,1.6020000000000003,0.8409830399999998,2.66533360189621,108.52429851394987
3.6799999999999997,1.38,1.8010000000000004,0.8409830399999998,3.164600726181663,120.41738764022675
3.6799999999999997,1.38,2.0,0.8409830399999998,3.6638678504671147,132.3104767665036
3.6799999999999997,1.8399999999999999,0.01,0.8409830399999998,0.017446048528776674,45.448720057570256
3.6799999999999997,1.8399999999999999,0.20900000000000002,0.8409830399999998,0.36462241425143255,53.718840919194854
3.6799999999999997,1.8399999999999999,0.40800000000000003,0.8409830399999998,0.7289103689414383,62.396578551044755
3.6799999999999997,1.8399999999999999,0.607,0.8409830399999998,1.1950363254771885,73.50020880325654
3.6799999999999997,1.8399999999999999,0.806,0.8409830399999998,1.7363270560632373,86.39434620775894
3.6799999999999997,1.8399999999999999,1.0050000000000001,0.8409830399999998,2.264017517036571,98.96451031064066
3.6799999999999997,1.8399999999999999,1.2040000000000002,0.8409830399999998,3.2071602164224577,121.43120126019441
3.6799999999999997,1.8399999999999999,1.4030000000000002,0.8409830399999998,4.127186673176338,143.34723801980812
3.6799999999999997,1.8399999999999999,1.6020000000000003,0.8409830399999998,5.047213129930216,165.2632747794218
3.6799999999999997,1.8399999999999999,1.8010000000000004,0.8409830399999998,5.967239586684096,187.17931153903552
3.6799999999999997,1.8399999999999999,2.0,0.8409830399999998,6.8872660434379736,209.09534829864918
3.6799999999999997,2.3,0.01,0.8409830399999998,0.028069878541185193,45.701791311522385
3.6799999999999997,2.3,0.20900000000000002,0.8409830399999998,0.5866604615107706,59.00803012679421
3.6799999999999997,2.3,0.40800000000000003,0.8409830399999998,1.2090267208643268,73.8334753276431
3.6799999999999997,2.3,0.607,0.8409830399999998,2.01259692683345,92.97539678399626
3.6799999999999997,2.3,0.806,0.8409830399999998,2.925764945368047,114.72805804171662
3.6799999999999997,2.3,1.0050000000000001,0.8409830399999998,3.81598904383896,135.93417002160479
3.6799999999999997,2.3,1.2040000000000002,0.8409830399999998,5.329930337002391,171.99790796011376
3.6799999999999997,2.3,1.4030000000000002,0.8409830399999998,6.806765225921621,207.17773075307105
3.6799999999999997,2.3,1.6020000000000003,0.8409830399999998,8.28360011484085,242.3575535460283
3.6799999999999997,2.3,1.8010000000000004,0.8409830399999998,9.76043500376008,277.53737633898555
3.6799999999999997,2.3,2.0,0.8409830399999998,11.237269892679306,312.7171991319428
3.6799999999999997,2.76,0.01,0.8409830399999998,0.04139985554883632,46.019325947575396
3.6799999999999997,2.76,0.20900000000000002,0.8409830399999998,0.865256980970679,65.64450402030221
3.6799999999999997,2.76,0.40800000000000003,0.8409830399999998,1.8286784151949083,88.59425661976073
3.6799999999999997,2.76,0.607,0.8409830399999998,3.0811962650564744,118.4306021271397
3.6799999999999997,2.76,0.806,0.8409830399999998,4.48117251838333,151.7795681326961
3.6799999999999997,2.76,1.0050000000000001,0.8409830399999998,5.8459734889632795,184.29062041951994
3.6799999999999997,2.76,1.2040000000000002,0.8409830399999998,8.073261981075447,237.34706907820575
3.6799999999999997,2.76,1.4030000000000002,0.8409830399999998,10.245960068969177,289.10311458349236
3.6799999999999997,2.76,1.6020000000000003,0.8409830399999998,12.418658156862907,340.859160088779
3.6799999999999997,2.76,1.8010000000000004,0.8409830399999998,14.591356244756641,392.6152055940656
3.6799999999999997,2.76,2.0,0.8409830399999998,16.764054332650364,444.37125109935215
3.6799999999999997,3.2199999999999998,0.01,0.8409830399999998,0.057501864765761475,46.4028934236096
3.6799999999999997,3.2199999999999998,0.20900000000000002,0.8409830399999998,1.2017889736044152,73.66106426941693
3.6799999999999997,3.2199999999999998,0.40800000000000003,0.8409830399999998,2.5952051652916874,106.85376242964885
3.6799999999999997,3.2199999999999998,0.607,0.8409830399999998,4.416752648274676,150.2450163478136
3.6799999999999997,3.2199999999999998,0.806,0.8409830399999998,6.425925894952801,198.10572123014038
3.6799999999999997,3.2199999999999998,1.0050000000000001,0.8409830399999998,8.38461740176464,244.76389583904177
3.6799999999999997,3.2199999999999998,1.2040000000000002,0.8409830399999998,11.470229868202841,318.2665606199878
3.6799999999999997,3.2199999999999998,1.4030000000000002,0.8409830399999998,14.480214578110695,389.96768949944004
3.6799999999999997,3.2199999999999998,1.6020000000000003,0.8409830399999998,17.490199288018548,461.6688183788923
3.6799999999999997,3.2199999999999998,1.8010000000000004,0.8409830399999998,20.5001839979264,533.3699472583445
3.6799999999999997,3.2199999999999998,2.0,0.8409830399999998,23.510168707834247,605.0710761377966
3.6799999999999997,3.6799999999999997,0.01,0.8409830399999998,0.07643277979657459,46.85384853110973
3.6799999999999997,3.6799999999999997,0.20900000000000002,0.8409830399999998,1.5974450977484091,83.08602601616997
3.6799999999999997,3.6799999999999997,0.40800000000000003,0.8409830399999998,3.515137027948537,128.76754585438013
3.6799999999999997,3.6799999999999997,0.607,0.8409830399999998,6.033494054126074,188.7575654395486
3.6799999999999997,3.6799999999999997,0.806,0.8409830399999998,8.78092739375735,254.2044334333188
3.6799999999999997,3.6799999999999997,1.0050000000000001,0.8409830399999998,11.459329744955678,318.00690775890376
3.6799999999999997,3.6799999999999997,1.2040000000000002,0.8409830399999998,15.55022472370969,415.45650181778024
3.6799999999999997,3.6799999999999997,1.4030000000000002,0.8409830399999998,19.54085266867071,510.51762543403714
3.6799999999999997,3.6799999999999997,1.6020000000000003,0.8409830399999998,23.53148061363173,605.578749050294
3.6799999999999997,3.6799999999999997,1.8010000000000004,0.8409830399999998,27.522108558592752,700.6398726665511
3.6799999999999997,3.6799999999999997,2.0,0.8409830399999998,31.512736503553757,795.7009962828078
3.6799999999999997,4.14,0.01,0.8409830399999998,0.0982427646373569,47.37338623134467
3.6799999999999997,4.14,0.20900000000000002,0.8409830399999998,2.0532737809207595,93.94436395108004
3.6799999999999997,4.14,0.40800000000000003,0.8409830399999998,4.594384446344807,154.47640011683785
3.6799999999999997,4.14,0.607,0.8409830399999998,7.944348006759554,234.27619717099626
3.6799999999999997,4.14,0.806,0.8409830399999998,11.56517539182484,320.5282668683084
3.6799999999999997,4.14,1.0050000000000001,0.8409830399999998,15.095027214451294,404.6131991360397
3.6799999999999997,4.14,1.2040000000000002,0.8409830399999998,20.33982098766287,529.5499249078807
3.6799999999999997,4.14,1.4030000000000002,0.8409830399999998,25.456065893883963,651.424476028451
3.6799999999999997,4.14,1.6020000000000003,0.8409830399999998,30.572310800105054,773.2990271490212
3.6799999999999997,4.14,1.8010000000000004,0.8409830399999998,35.68855570632614,895.1735782695914
3.6799999999999997,4.14,2.0,0.8409830399999998,40.804800612547226,1017.0481293901614
4.14,0.0,0.01,1.06436916,0.0,50.35443786982248
4.14,0.0,0.20900000000000002,1.06436916,0.0,50.35443786982248
4.14,0.0,0.40800000000000003,1.06436916,0.0,50.35443786982248
4.14,0.0,0.607,1.06436916,0.0,50.35443786982248
4.14,0.0,0.806,1.06436916,0.0,50.35443786982248
4.14,0.0,1.0050000000000001,1.06436916,0.0,50.35443786982248
4.14,0.0,1.2040000000000002,1.06436916,0.0,50.35443786982248
4.14,0.0,1.4030000000000002,1.06436916,0.0,50.35443786982248
4.14,0.0,1.6020000000000003,1.06436916,0.0,50.35443786982248
4.14,0.0,1.8010000000000004,1.06436916,0.0,50.35443786982248
4.14,0.0,2.0,1.06436916,0.0,50.35443786982248
4.14,0.45999999999999996,0.01,1.06436916,0.000908933099723598,50.37608965068089
4.14,0.45999999999999996,0.20900000000000002,1.06436916,0.0189967017842232,50.806960089763194
4.14,0.45999999999999996,0.40800000000000003,1.06436916,0.031759763729155205,51.11099018878586
4.14,0.45999999999999996,0.607,1.06436916,0.046882543293924515,51.47123134317441
4.14,0.45999999999999996,0.806,1.06436916,0.0678918415377029,51.97169581267337
4.14,0.45999999999999996,1.0050000000000001,1.06436916,0.088373267966311,52.45958579801406
4.14,0.45999999999999996,1.2040000000000002,1.06436916,0.13745686292302559,53.62881073004567
4.14,0.45999999999999996,1.4030000000000002,1.06436916,0.1853374285915854,54.76937818825299
4.14,0.45999999999999996,1.6020000000000003,1.06436916,0.2332179942601452,55.9099456464603
4.14,0.45999999999999996,1.8010000000000004,1.06436916,0.281098559928705,57.05051310466762
4.14,0.45999999999999996,2.0,1.06436916,0.3289791255972647,58.19108056287494
4.14,0.9199999999999999,0.01,1.06436916,0.003982121415425364,50.44929635859859
4.14,0.9199999999999999,0.20900000000000002,1.06436916,0.0832263375823901,52.33698028524307
4.14,0.9199999999999999,0.40800000000000003,1.06436916,0.1518068879691475,53.970644026363935
4.14,0.9199999999999999,0.607,1.06436916,0.23669833262793777,55.99285111406344
4.14,0.9199999999999999,0.806,1.06436916,0.34333962818220637,58.53316344563088
4.14,0.9199999999999999,1.0050000000000001,1.06436916,0.44730149419993553,61.009648834194124
4.14,0.9199999999999999,1.2040000000000002,1.06436916,0.6631222574234973,66.1507355340093
4.14,0.9199999999999999,1.4030000000000002,1.06436916,0.8736532960582463,71.16581520686825
4.14,0.9199999999999999,1.6020000000000003,1.06436916,1.0841843346929951,76.18089487972718
4.14,0.9199999999999999,1.8010000000000004,1.06436916,1.2947153733277441,81.19597455258611
4.14,0.9199999999999999,2.0,1.06436916,1.5052464119624924,86.21105422544503
4.14,1.38,0.01,1.06436916,0.009449661400666625,50.57953914283763
4.14,1.38,0.20900000000000002,1.06436916,0.19749792327393245,55.059054475839034
4.14,1.38,0.40800000000000003,1.06436916,0.37987511207821095,59.40347864387014
4.14,1.38,0.607,1.06436916,0.6102845261070381,64.89208296665615
4.14,1.38,0.806,1.06436916,0.8861012112525913,71.46233816550398
4.14,1.38,1.0050000000000001,1.06436916,1.154987828932176,77.86751157543607
4.14,1.38,1.2040000000000002,1.06436916,1.6667993533253038,90.05942203654403
4.14,1.38,1.4030000000000002,1.06436916,2.166066477610757,101.95251116282091
4.14,1.38,1.6020000000000003,1.06436916,2.66533360189621,113.8456002890978
4.14,1.38,1.8010000000000004,1.06436916,3.164600726181663,125.73868941537468
4.14,1.38,2.0,1.06436916,3.6638678504671147,137.63177854165153
4.14,1.8399999999999999,0.01,1.06436916,0.017446048528776674,50.770021832718186
4.14,1.8399999999999999,0.20900000000000002,1.06436916,0.36462241425143255,59.040142694342784
4.14,1.8399999999999999,0.40800000000000003,1.06436916,0.7289103689414383,67.71788032619268
4.14,1.8399999999999999,0.607,1.06436916,1.1950363254771885,78.82151057840447
4.14,1.8399999999999999,0.806,1.06436916,1.7363270560632373,91.71564798290687
4.14,1.8399999999999999,1.0050000000000001,1.06436916,2.264017517036571,104.28581208578859
4.14,1.8399999999999999,1.2040000000000002,1.06436916,3.2071602164224577,126.75250303534236
4.14,1.8399999999999999,1.4030000000000002,1.06436916,4.127186673176338,148.66853979495608
4.14,1.8399999999999999,1.6020000000000003,1.06436916,5.047213129930216,170.58457655456974
4.14,1.8399999999999999,1.8010000000000004,1.06436916,5.967239586684096,192.50061331418345
4.14,1.8399999999999999,2.0,1.06436916,6.8872660434379736,214.41665007379711
4.14,2.3,0.01,1.06436916,0.028069878541185193,51.023093086670315
4.14,2.3,0.20900000000000002,1.06436916,0.5866604615107706,64.32933190194214
4.14,2.3,0.40800000000000003,1.06436916,1.2090267208643268,79.15477710279103
4.14,2.3,0.607,1.06436916,2.01259692683345,98.29669855914419
4.14,2.3,0.806,1.06436916,2.925764945368047,120.04935981686455
4.14,2.3,1.0050000000000001,1.06436916,3.81598904383896,141.25547179675272
4.14,2.3,1.2040000000000002,1.06436916,5.329930337002391,177.3192097352617
4.14,2.3,1.4030000000000002,1.06436916,6.806765225921621,212.49903252821898
4.14,2.3,1.6020000000000003,1.06436916,8.28360011484085,247.67885532117623
4.14,2.3,1.8010000000000004,1.06436916,9.76043500376008,282.8586781141335
4.14,2.3,2.0,1.06436916,11.237269892679306,318.03850090709074
4.14,2.76,0.01,1.06436916,0.04139985554883632,51.340627722723326
4.14,2.76,0.20900000000000002,1.06436916,0.865256980970679,70.96580579545014
4.14,2.76,0.40800000000000003,1.06436916,1.8286784151949083,93.91555839490867
4.14,2.76,0.607,1.06436916,3.0811962650564744,123.75190390228762
4.14,2.76,0.806,1.06436916,4.48117251838333,157.10086990784404
4.14,2.76,1.0050000000000001,1.06436916,5.8459734889632795,189.61192219466787
4.14,2.76,1.2040000000000002,1.06436916,8.073261981075447,242.66837085335368
4.14,2.76,1.4030000000000002,1.06436916,10.245960068969177,294.4244163586403
4.14,2.76,1.6020000000000003,1.06436916,12.418658156862907,346.18046186392695
4.14,2.76,1.8010000000000004,1.06436916,14.591356244756641,397.9365073692136
4.14,2.76,2.0,1.06436916,16.764054332650364,449.69255287450005
4.14,3.2199999999999998,0.01,1.06436916,0.057501864765761475,51.72419519875753
4.14,3.2199999999999998,0.20900000000000002,1.06436916,1.2017889736044152,78.98236604456486
4.14,3.2199999999999998,0.40800000000000003,1.06436916,2.5952051652916874,112.17506420479678
4.14,3.2199999999999998,0.607,1.06436916,4.416752648274676,155.56631812296155
4.14,3.2199999999999998,0.806,1.06436916,6.425925894952801,203.4270230052883
4.14,3.2199999999999998,1.0050000000000001,1.06436916,8.38461740176464,250.08519761418972
4.14,3.2199999999999998,1.2040000000000002,1.06436916,11.470229868202841,323.58786239513574
4.14,3.2199999999999998,1.4030000000000002,1.06436916,14.480214578110695,395.288991274588
4.14,3.2199999999999998,1.6020000000000003,1.06436916,17.490199288018548,466.99012015404026
4.14,3.2199999999999998,1.8010000000000004,1.06436916,20.5001839979264,538.6912490334925
4.14,3.2199999999999998,2.0,1.06436916,23.510168707834247,610.3923779129445
4.14,3.6799999999999997,0.01,1.06436916,0.07643277979657459,52.17515030625767
4.14,3.6799999999999997,0.20900000000000002,1.06436916,1.5974450977484091,88.4073277913179
4.14,3.6799999999999997,0.40800000000000003,1.06436916,3.515137027948537,134.08884762952806
4.14,3.6799999999999997,0.607,1.06436916,6.033494054126074,194.07886721469654
4.14,3.6799999999999997,0.806,1.06436916,8.78092739375735,259.52573520846676
4.14,3.6799999999999997,1.0050000000000001,1.06436916,11.459329744955678,323.3282095340517
4.14,3.6799999999999997,1.2040000000000002,1.06436916,15.55022472370969,420.77780359292814
4.14,3.6799999999999997,1.4030000000000002,1.06436916,19.54085266867071,515.838927209185
4.14,3.6799999999999997,1.6020000000000003,1.06436916,23.53148061363173,610.900050825442
4.14,3.6799999999999997,1.8010000000000004,1.06436916,27.522108558592752,705.961174441699
4.14,3.6799999999999997,2.0,1.06436916,31.512736503553757,801.0222980579557
4.14,4.14,0.01,1.06436916,0.0982427646373569,52.6946880064926
4.14,4.14,0.20900000000000002,1.06436916,2.0532737809207595,99.26566572622797
4.14,4.14,0.40800000000000003,1.06436916,4.594384446344807,159.79770189198578
4.14,4.14,0.607,1.06436916,7.944348006759554,239.59749894614416
4.14,4.14,0.806,1.06436916,11.56517539182484,325.84956864345634
4.14,4.14,1.0050000000000001,1.06436916,15.095027214451294,409.9345009111877
4.14,4.14,1.2040000000000002,1.06436916,20.33982098766287,534.8712266830286
4.14,4.14,1.4030000000000002,1.06436916,25.456065893883963,656.7457778035989
4.14,4.14,1.6020000000000003,1.06436916,30.572310800105054,778.6203289241691
4.14,4.14,1.8010000000000004,1.06436916,35.68855570632614,900.4948800447395
4.14,4.14,2.0,1.06436916,40.804800612547226,1022.3694311653094
