0.0,0.67,0.01,0.0,0.001524952139758248,25.040247354537755
0.0,0.67,0.20900000000000002,0.0,0.03187149972094739,25.84116970983907
0.0,0.67,0.40800000000000003,0.0,0.054474799918336106,26.437728128329383
0.0,0.67,0.607,0.0,0.07541823129953859,26.990478399016578
0.0,0.67,0.806,0.0,0.10054425407804532,27.653617864528307
0.0,0.67,1.0050000000000001,0.0,0.12503896975156442,28.300095534424166
0.0,0.67,1.2040000000000002,0.0,0.16466241318344532,29.34585869920282
0.0,0.67,1.4030000000000002,0.0,0.20331469378611344,30.365990413864353
0.0,0.67,1.6020000000000003,0.0,0.2419669743887816,31.386122128525887
0.0,0.67,1.8010000000000004,0.0,0.2806192549914497,32.406253843187415
0.0,0.67,2.0,0.0,0.3192715355941177,33.426385557848945
0.0,1.34,0.01,0.0,0.006402028307269047,25.168965763793903
0.0,1.34,0.20900000000000002,0.0,0.13380239162192312,28.53138446329255
0.0,1.34,0.40800000000000003,0.0,0.2460696054027452,31.494400966039276
0.0,1.34,0.607,0.0,0.36577294218290296,34.65367561416495
0.0,1.34,0.806,0.0,0.5028335026217652,38.27105141587419
0.0,1.34,1.0050000000000001,0.0,0.6364503303862841,41.7975383783445
0.0,1.34,1.2040000000000002,0.0,0.8097022101593805,46.37009488537406
0.0,1.34,1.4030000000000002,0.0,0.978707720330195,50.830578928996026
0.0,1.34,1.6020000000000003,0.0,1.1477132305010096,55.29106297261799
0.0,1.34,1.8010000000000004,0.0,1.316718740671824,59.751547016239954
0.0,1.34,2.0,0.0,1.4857242508426383,64.21203105986191
0.0,2.0100000000000002,0.01,0.0,0.014817847843952424,25.391080585490766
0.0,2.0100000000000002,0.20900000000000002,0.0,0.3096930199386057,33.17358423675704
0.0,2.0100000000000002,0.40800000000000003,0.0,0.5953353237729831,40.7124090783194
0.0,2.0100000000000002,0.607,0.0,0.9217462574187328,49.32722145762633
0.0,2.0100000000000002,0.806,0.0,1.2898995497992327,59.04372055052805
0.0,2.0100000000000002,1.0050000000000001,0.0,1.6488027594566044,68.51608650039205
0.0,2.0100000000000002,1.2040000000000002,0.0,2.057510816908046,79.30292869813657
0.0,2.0100000000000002,1.4030000000000002,0.0,2.456201520010187,89.82538750868147
0.0,2.0100000000000002,1.6020000000000003,0.0,2.8548922231123277,100.34784631922636
0.0,2.0100000000000002,1.8010000000000004,0.0,3.253582926214469,110.87030512977127
0.0,2.0100000000000002,2.0,0.0,3.652273629316609,121.39276394031614
0.0,2.68,0.01,0.0,0.026876887069761882,25.7093492146838
0.0,2.68,0.20900000000000002,0.0,0.5617269397580232,39.82539858689144
0.0,2.68,0.40800000000000003,0.0,1.1150160639759723,54.42810182177047
0.0,2.68,0.607,0.0,1.7763627936733124,71.88271931995176
0.0,2.68,0.806,0.0,2.517260269643989,91.43688276815446
0.0,2.68,1.0050000000000001,0.0,3.2395422311430404,110.49973557695509
0.0,2.68,1.2040000000000002,0.0,3.9890889034399923,130.28217325222005
0.0,2.68,1.4030000000000002,0.0,4.720264333768882,149.57974725897364
0.0,2.68,1.6020000000000003,0.0,5.451439764097771,168.8773212657272
0.0,2.68,1.8010000000000004,0.0,6.182615194426661,188.17489527248077
0.0,2.68,2.0,0.0,6.913790624755548,207.47246927923428
0.0,3.35,0.01,0.0,0.042654016088505074,26.125747663297354
0.0,3.35,0.20900000000000002,0.0,0.8914689362497563,48.52812616291469
0.0,3.35,0.40800000000000003,0.0,1.814761746023273,72.89616505953556
0.0,3.35,0.607,0.0,2.955313970771383,102.99823092865788
0.0,3.35,0.806,0.0,4.228711514388253,136.6064216837977
0.0,3.35,1.0050000000000001,0.0,5.470114144848921,169.37018553554205
0.0,3.35,1.2040000000000002,0.0,6.667995286308663,200.9853069137535
0.0,3.35,1.4030000000000002,0.0,7.836516595869884,231.8255478660284
0.0,3.35,1.6020000000000003,0.0,9.005037905431104,262.6657888183033
0.0,3.35,1.8010000000000004,0.0,10.173559214992322,293.50602977057815
0.0,3.35,2.0,0.0,11.34208052455354,324.346270722853
0.0,4.0200000000000005,0.01,0.0,0.06220803845347431,26.641827906239836
0.0,4.0200000000000005,0.20900000000000002,0.0,1.3001480036776134,59.3142032404126
0.0,4.0200000000000005,0.40800000000000003,0.0,2.7024580750788445,96.3247225505442
0.0,4.0200000000000005,0.607,0.0,4.480006209710819,143.2387260246458
0.0,4.0200000000000005,0.806,0.0,6.461107350156561,195.52500957142638
0.0,4.0200000000000005,1.0050000000000001,0.0,8.39243208003834,246.49756740095114
0.0,4.0200000000000005,1.2040000000000002,0.0,10.147516795308333,292.8187042665734
0.0,4.0200000000000005,1.4030000000000002,0.0,11.859584728341316,338.00451915019505
0.0,4.0200000000000005,1.6020000000000003,0.0,13.571652661374301,383.1903340338167
0.0,4.0200000000000005,1.8010000000000004,0.0,15.283720594407285,428.3761489174384
0.0,4.0200000000000005,2.0,0.0,16.995788527440265,473.56196380106
0.0,4.69,0.01,0.0,0.08558755806434012,27.25887272369232
0.0,4.69,0.20900000000000002,0.0,1.7887799635447088,72.21043992516947
0.0,4.69,0.40800000000000003,0.0,3.7848297990036617,124.8912574460909
0.0,4.69,0.607,0.0,6.368975598164207,193.09341897264957
0.0,4.69,0.806,0.0,9.246606902668006,269.04140732044505
0.0,4.69,1.0050000000000001,0.0,12.05193591308879,343.08115475497937
0.0,4.69,1.2040000000000002,0.0,14.474020095479547,407.00609919580745
0.0,4.69,1.4030000000000002,0.0,16.836739469478374,469.36425578269365
0.0,4.69,1.6020000000000003,0.0,19.199458843477203,531.72241236958
0.0,4.69,1.8010000000000004,0.0,21.562178217476024,594.0805689564661
0.0,4.69,2.0,0.0,23.924897591474846,656.4387255433521
0.0,5.36,0.01,0.0,0.1128340931795845,27.977977887794363
0.0,5.36,0.20900000000000002,0.0,2.358232547453316,87.23973785490219
0.0,5.36,0.40800000000000003,0.0,5.06777177215156,158.75134990304858
0.0,5.36,0.607,0.0,8.638677290433149,252.99660302809875
0.0,5.36,0.806,0.0,12.613939681776861,357.9138595594257
0.0,5.36,1.0050000000000001,0.0,16.489321108513945,460.1950041176036
0.0,5.36,1.2040000000000002,0.0,19.68883203655717,544.6382120787334
0.0,5.36,1.4030000000000002,0.0,22.809923579109142,627.0117335702276
0.0,5.36,1.6020000000000003,0.0,25.931015121661112,709.3852550617219
0.0,5.36,1.8010000000000004,0.0,29.05210666421308,791.7587765532161
0.0,5.36,2.0,0.0,32.17319820676504,874.1322980447101
0.0,6.03,0.01,0.0,0.14398393825089742,28.80010130117572
0.0,6.03,0.20900000000000002,0.0,3.0092643094437563,104.42211719457254
0.0,6.03,0.40800000000000003,0.0,6.556552253916933,198.0440426481461
0.0,6.03,0.607,0.0,11.3039767406637,323.3406152275353
0.0,6.03,0.806,0.0,16.58919872674537,462.831027771424
0.0,6.03,1.0050000000000001,0.0,21.74162619056368,598.8166560805415
0.0,6.03,1.2040000000000002,0.0,25.829414772623377,706.703764172749
0.0,6.03,1.4030000000000002,0.0,29.81701245806396,811.9465803999514
0.0,6.03,1.6020000000000003,0.0,33.80461014350454,917.1893966271537
0.0,6.03,1.8010000000000004,0.0,37.79220782894513,1022.4322128543562
0.0,6.03,2.0,0.0,41.77980551438571,1127.6750290815583
0.67,0.0,0.01,0.009875800000000002,0.0,25.26064740891276
0.67,0.0,0.20900000000000002,0.009875800000000002,0.0,25.26064740891276
0.67,0.0,0.40800000000000003,0.009875800000000002,0.0,25.26064740891276
0.67,0.0,0.607,0.009875800000000002,0.0,25.26064740891276
0.67,0.0,0.806,0.009875800000000002,0.0,25.26064740891276
0.67,0.0,1.0050000000000001,0.009875800000000002,0.0,25.26064740891276
0.67,0.0,1.2040000000000002,0.009875800000000002,0.0,25.26064740891276
0.67,0.0,1.4030000000000002,0.009875800000000002,0.0,25.26064740891276
0.67,0.0,1.6020000000000003,0.009875800000000002,0.0,25.26064740891276
0.67,0.0,1.8010000000000004,0.009875800000000002,0.0,25.26064740891276
0.67,0.0,2.0,0.009875800000000002,0.0,25.26064740891276
0.67,0.67,0.01,0.009875800000000002,0.001524952139758248,25.300894763450515
0.67,0.67,0.20900000000000002,0.009875800000000002,0.03187149972094739,26.10181711875183
0.67,0.67,0.40800000000000003,0.009875800000000002,0.054474799918336106,26.69837553724214
0.67,0.67,0.607,0.009875800000000002,0.07541823129953859,27.251125807929334
0.67,0.67,0.806,0.009875800000000002,0.10054425407804532,27.914265273441067
0.67,0.67,1.0050000000000001,0.009875800000000002,0.12503896975156442,28.560742943336926
0.67,0.67,1.2040000000000002,0.009875800000000002,0.16466241318344532,29.606506108115582
0.67,0.67,1.4030000000000002,0.009875800000000002,0.20331469378611344,30.626637822777113
0.67,0.67,1.6020000000000003,0.009875800000000002,0.2419669743887816,31.646769537438644
0.67,0.67,1.8010000000000004,0.009875800000000002,0.2806192549914497,32.666901252100175
0.67,0.67,2.0,0.009875800000000002,0.3192715355941177,33.687032966761706
0.67,1.34,0.01,0.009875800000000002,0.006402028307269047,25.429613172706663
0.67,1.34,0.20900000000000002,0.009875800000000002,0.13380239162192312,28.79203187220531
0.67,1.34,0.40800000000000003,0.009875800000000002,0.2460696054027452,31.755048374952036
0.67,1.34,0.607,0.009875800000000002,0.36577294218290296,34.91432302307771
0.67,1.34,0.806,0.009875800000000002,0.5028335026217652,38.53169882478695
0.67,1.34,1.0050000000000001,0.009875800000000002,0.6364503303862841,42.05818578725726
0.67,1.34,1.2040000000000002,0.009875800000000002,0.8097022101593805,46.63074229428682
0.67,1.34,1.4030000000000002,0.009875800000000002,0.978707720330195,51.091226337908786
0.67,1.34,1.6020000000000003,0.009875800000000002,1.1477132305010096,55.551710381530754
0.67,1.34,1.8010000000000004,0.009875800000000002,1.316718740671824,60.012194425152714
0.67,1.34,2.0,0.009875800000000002,1.4857242508426383,64.47267846877467
0.67,2.0100000000000002,0.01,0.009875800000000002,0.014817847843952424,25.651727994403526
0.67,2.0100000000000002,0.20900000000000002,0.009875800000000002,0.3096930199386057,33.4342316456698
0.67,2.0100000000000002,0.40800000000000003,0.009875800000000002,0.5953353237729831,40.973056487232164
0.67,2.0100000000000002,0.607,0.009875800000000002,0.9217462574187328,49.58786886653909
0.67,2.0100000000000002,0.806,0.009875800000000002,1.2898995497992327,59.30436795944081
0.67,2.0100000000000002,1.0050000000000001,0.009875800000000002,1.6488027594566044,68.7767339093048
0.67,2.0100000000000002,1.2040000000000002,0.009875800000000002,2.057510816908046,79.56357610704933
0.67,2.0100000000000002,1.4030000000000002,0.009875800000000002,2.456201520010187,90.08603491759422
0.67,2.0100000000000002,1.6020000000000003,0.009875800000000002,2.8548922231123277,100.60849372813912
0.67,2.0100000000000002,1.8010000000000004,0.009875800000000002,3.253582926214469,111.13095253868403
0.67,2.0100000000000002,2.0,0.009875800000000002,3.652273629316609,121.6534113492289
0.67,2.68,0.01,0.009875800000000002,0.026876887069761882,25.96999662359656
0.67,2.68,0.20900000000000002,0.009875800000000002,0.5617269397580232,40.0860459958042
0.67,2.68,0.40800000000000003,0.009875800000000002,1.1150160639759723,54.68874923068323
0.67,2.68,0.607,0.009875800000000002,1.7763627936733124,72.14336672886452
0.67,2.68,0.806,0.009875800000000002,2.517260269643989,91.69753017706722
0.67,2.68,1.0050000000000001,0.009875800000000002,3.2395422311430404,110.76038298586785
0.67,2.68,1.2040000000000002,0.009875800000000002,3.9890889034399923,130.54282066113282
0.67,2.68,1.4030000000000002,0.009875800000000002,4.720264333768882,149.84039466788641
0.67,2.68,1.6020000000000003,0.009875800000000002,5.451439764097771,169.13796867463995
0.67,2.68,1.8010000000000004,0.009875800000000002,6.182615194426661,188.4355426813935
0.67,2.68,2.0,0.009875800000000002,6.913790624755548,207.73311668814705
0.67,3.35,0.01,0.009875800000000002,0.042654016088505074,26.386395072210114
0.67,3.35,0.20900000000000002,0.009875800000000002,0.8914689362497563,48.78877357182745
0.67,3.35,0.40800000000000003,0.009875800000000002,1.814761746023273,73.15681246844832
0.67,3.35,0.607,0.009875800000000002,2.955313970771383,103.25887833757064
0.67,3.35,0.806,0.009875800000000002,4.228711514388253,136.86706909271047
0.67,3.35,1.0050000000000001,0.009875800000000002,5.470114144848921,169.6308329444548
0.67,3.35,1.2040000000000002,0.009875800000000002,6.667995286308663,201.24595432266625
0.67,3.35,1.4030000000000002,0.009875800000000002,7.836516595869884,232.08619527494113
0.67,3.35,1.6020000000000003,0.009875800000000002,9.005037905431104,262.9264362272161
0.67,3.35,1.8010000000000004,0.009875800000000002,10.173559214992322,293.7666771794909
0.67,3.35,2.0,0.009875800000000002,11.34208052455354,324.6069181317657
0.67,4.0200000000000005,0.01,0.009875800000000002,0.06220803845347431,26.902475315152596
0.67,4.0200000000000005,0.20900000000000002,0.009875800000000002,1.3001480036776134,59.57485064932536
0.67,4.0200000000000005,0.40800000000000003,0.009875800000000002,2.7024580750788445,96.58536995945695
0.67,4.0200000000000005,0.607,0.009875800000000002,4.480006209710819,143.49937343355856
0.67,4.0200000000000005,0.806,0.009875800000000002,6.461107350156561,195.78565698033913
0.67,4.0200000000000005,1.0050000000000001,0.009875800000000002,8.39243208003834,246.7582148098639
0.67,4.0200000000000005,1.2040000000000002,0.009875800000000002,10.147516795308333,293.0793516754861
0.67,4.0200000000000005,1.4030000000000002,0.009875800000000002,11.859584728341316,338.2651665591078
0.67,4.0200000000000005,1.6020000000000003,0.009875800000000002,13.571652661374301,383.45098144272947
0.67,4.0200000000000005,1.8010000000000004,0.009875800000000002,15.283720594407285,428.6367963263512
0.67,4.0200000000000005,2.0,0.009875800000000002,16.995788527440265,473.8226112099728
0.67,4.69,0.01,0.009875800000000002,0.08558755806434012,27.519520132605077
0.67,4.69,0.20900000000000002,0.009875800000000002,1.7887799635447088,72.47108733408223
0.67,4.69,0.40800000000000003,0.009875800000000002,3.7848297990036617,125.15190485500366
0.67,4.69,0.607,0.009875800000000002,6.368975598164207,193.35406638156232
0.67,4.69,0.806,0.009875800000000002,9.246606902668006,269.30205472935785
0.67,4.69,1.0050000000000001,0.009875800000000002,12.05193591308879,343.3418021638921
0.67,4.69,1.2040000000000002,0.009875800000000002,14.474020095479547,407.2667466047202
0.67,4.69,1.4030000000000002,0.009875800000000002,16.836739469478374,469.62490319160645
0.67,4.69,1.6020000000000003,0.009875800000000002,19.199458843477203,531.9830597784928
0.67,4.69,1.8010000000000004,0.009875800000000002,21.562178217476024,594.3412163653788
0.67,4.69,2.0,0.009875800000000002,23.924897591474846,656.699372952265
0.67,5.36,0.01,0.009875800000000002,0.1128340931795845,28.23862529670712
0.67,5.36,0.20900000000000002,0.009875800000000002,2.358232547453316,87.50038526381493
0.67,5.36,0.40800000000000003,0.009875800000000002,5.06777177215156,159.01199731196135
0.67,5.36,0.607,0.009875800000000002,8.638677290433149,253.2572504370115
0.67,5.36,0.806,0.009875800000000002,12.613939681776861,358.17450696833845
0.67,5.36,1.0050000000000001,0.009875800000000002,16.489321108513945,460.4556515265164
0.67,5.36,1.2040000000000002,0.009875800000000002,19.68883203655717,544.8988594876462
0.67,5.36,1.4030000000000002,0.009875800000000002,22.809923579109142,627.2723809791404
0.67,5.36,1.6020000000000003,0.009875800000000002,25.931015121661112,709.6459024706346
0.67,5.36,1.8010000000000004,0.009875800000000002,29.05210666421308,792.0194239621288
0.67,5.36,2.0,0.009875800000000002,32.17319820676504,874.3929454536229
0.67,6.03,0.01,0.009875800000000002,0.14398393825089742,29.06074871008848
0.67,6.03,0.20900000000000002,0.009875800000000002,3.0092643094437563,104.68276460348528
0.67,6.03,0.40800000000000003,0.009875800000000002,6.556552253916933,198.30469005705885
0.67,6.03,0.607,0.009875800000000002,11.3039767406637,323.60126263644804
0.67,6.03,0.806,0.009875800000000002,16.58919872674537,463.0916751803368
0.67,6.03,1.0050000000000001,0.009875800000000002,21.74162619056368,599.0773034894543
0.67,6.03,1.2040000000000002,0.009875800000000002,25.829414772623377,706.9644115816618
0.67,6.03,1.4030000000000002,0.009875800000000002,29.81701245806396,812.2072278088641
0.67,6.03,1.6020000000000003,0.009875800000000002,33.80461014350454,917.4500440360664
0.67,6.03,1.8010000000000004,0.009875800000000002,37.79220782894513,1022.6928602632689
0.67,6.03,2.0,0.009875800000000002,41.77980551438571,1127.935676490471
1.34,0.0,0.01,0.03950320000000001,0.0,26.042589635651037
1.34,0.0,0.20900000000000002,0.03950320000000001,0.0,26.042589635651037
1.34,0.0,0.40800000000000003,0.03950320000000001,0.0,26.042589635651037
1.34,0.0,0.607,0.03950320000000001,0.0,26.042589635651037
1.34,0.0,0.806,0.03950320000000001,0.0,26.042589635651037
1.34,0.0,1.0050000000000001,0.03950320000000001,0.0,26.042589635651037
1.34,0.0,1.2040000000000002,0.03950320000000001,0.0,26.042589635651037
1.34,0.0,1.4030000000000002,0.03950320000000001,0.0,26.042589635651037
1.34,0.0,1.6020000000000003,0.03950320000000001,0.0,26.042589635651037
1.34,0.0,1.8010000000000004,0.03950320000000001,0.0,26.042589635651037
1.34,0.0,2.0,0.03950320000000001,0.0,26.042589635651037
1.34,0.67,0.01,0.03950320000000001,0.001524952139758248,26.08283699018879
1.34,0.67,0.20900000000000002,0.03950320000000001,0.03187149972094739,26.883759345490105
1.34,0.67,0.40800000000000003,0.03950320000000001,0.054474799918336106,27.48031776398042
1.34,0.67,0.607,0.03950320000000001,0.07541823129953859,28.033068034667615
1.34,0.67,0.806,0.03950320000000001,0.10054425407804532,28.696207500179344
1.34,0.67,1.0050000000000001,0.03950320000000001,0.12503896975156442,29.342685170075203
1.34,0.67,1.2040000000000002,0.03950320000000001,0.16466241318344532,30.38844833485386
1.34,0.67,1.4030000000000002,0.03950320000000001,0.20331469378611344,31.408580049515393
1.34,0.67,1.6020000000000003,0.03950320000000001,0.2419669743887816,32.428711764176924
1.34,0.67,1.8010000000000004,0.03950320000000001,0.2806192549914497,33.448843478838455
1.34,0.67,2.0,0.03950320000000001,0.3192715355941177,34.468975193499986
1.34,1.34,0.01,0.03950320000000001,0.006402028307269047,26.21155539944494
1.34,1.34,0.20900000000000002,0.03950320000000001,0.13380239162192312,29.573974098943587
1.34,1.34,0.40800000000000003,0.03950320000000001,0.2460696054027452,32.53699060169031
1.34,1.34,0.607,0.03950320000000001,0.36577294218290296,35.69626524981599
1.34,1.34,0.806,0.03950320000000001,0.5028335026217652,39.31364105152523
1.34,1.34,1.0050000000000001,0.03950320000000001,0.6364503303862841,42.84012801399554
1.34,1.34,1.2040000000000002,0.03950320000000001,0.8097022101593805,47.4126845210251
1.34,1.34,1.4030000000000002,0.03950320000000001,0.978707720330195,51.87316856464706
1.34,1.34,1.6020000000000003,0.03950320000000001,1.1477132305010096,56.333652608269034
1.34,1.34,1.8010000000000004,0.03950320000000001,1.316718740671824,60.794136651890994
1.34,1.34,2.0,0.03950320000000001,1.4857242508426383,65.25462069551295
1.34,2.0100000000000002,0.01,0.03950320000000001,0.014817847843952424,26.433670221141806
1.34,2.0100000000000002,0.20900000000000002,0.03950320000000001,0.3096930199386057,34.21617387240807
1.34,2.0100000000000002,0.40800000000000003,0.03950320000000001,0.5953353237729831,41.754998713970444
1.34,2.0100000000000002,0.607,0.03950320000000001,0.9217462574187328,50.36981109327736
1.34,2.0100000000000002,0.806,0.03950320000000001,1.2898995497992327,60.08631018617909
1.34,2.0100000000000002,1.0050000000000001,0.03950320000000001,1.6488027594566044,69.55867613604309
1.34,2.0100000000000002,1.2040000000000002,0.03950320000000001,2.057510816908046,80.34551833378761
1.34,2.0100000000000002,1.4030000000000002,0.03950320000000001,2.456201520010187,90.86797714433251
1.34,2.0100000000000002,1.6020000000000003,0.03950320000000001,2.8548922231123277,101.3904359548774
1.34,2.0100000000000002,1.8010000000000004,0.03950320000000001,3.253582926214469,111.91289476542231
1.34,2.0100000000000002,2.0,0.03950320000000001,3.652273629316609,122.43535357596718
1.34,2.68,0.01,0.03950320000000001,0.026876887069761882,26.751938850334838
1.34,2.68,0.20900000000000002,0.03950320000000001,0.5617269397580232,40.86798822254248
1.34,2.68,0.40800000000000003,0.03950320000000001,1.1150160639759723,55.47069145742151
1.34,2.68,0.607,0.03950320000000001,1.7763627936733124,72.9253089556028
1.34,2.68,0.806,0.03950320000000001,2.517260269643989,92.4794724038055
1.34,2.68,1.0050000000000001,0.03950320000000001,3.2395422311430404,111.54232521260613
1.34,2.68,1.2040000000000002,0.03950320000000001,3.9890889034399923,131.3247628878711
1.34,2.68,1.4030000000000002,0.03950320000000001,4.720264333768882,150.62233689462468
1.34,2.68,1.6020000000000003,0.03950320000000001,5.451439764097771,169.91991090137824
1.34,2.68,1.8010000000000004,0.03950320000000001,6.182615194426661,189.2174849081318
1.34,2.68,2.0,0.03950320000000001,6.913790624755548,208.51505891488532
1.34,3.35,0.01,0.03950320000000001,0.042654016088505074,27.16833729894839
1.34,3.35,0.20900000000000002,0.03950320000000001,0.8914689362497563,49.57071579856573
1.34,3.35,0.40800000000000003,0.03950320000000001,1.814761746023273,73.9387546951866
1.34,3.35,0.607,0.03950320000000001,2.955313970771383,104.04082056430892
1.34,3.35,0.806,0.03950320000000001,4.228711514388253,137.64901131944873
1.34,3.35,1.0050000000000001,0.03950320000000001,5.470114144848921,170.4127751711931
1.34,3.35,1.2040000000000002,0.03950320000000001,6.667995286308663,202.02789654940455
1.34,3.35,1.4030000000000002,0.03950320000000001,7.836516595869884,232.86813750167943
1.34,3.35,1.6020000000000003,0.03950320000000001,9.005037905431104,263.7083784539543
1.34,3.35,1.8010000000000004,0.03950320000000001,10.173559214992322,294.54861940622914
1.34,3.35,2.0,0.03950320000000001,11.34208052455354,325.388860358504
1.34,4.0200000000000005,0.01,0.03950320000000001,0.06220803845347431,27.684417541890873
1.34,4.0200000000000005,0.20900000000000002,0.03950320000000001,1.3001480036776134,60.35679287606364
1.34,4.0200000000000005,0.40800000000000003,0.03950320000000001,2.7024580750788445,97.36731218619524
1.34,4.0200000000000005,0.607,0.03950320000000001,4.480006209710819,144.28131566029685
1.34,4.0200000000000005,0.806,0.03950320000000001,6.461107350156561,196.56759920707742
1.34,4.0200000000000005,1.0050000000000001,0.03950320000000001,8.39243208003834,247.54015703660215
1.34,4.0200000000000005,1.2040000000000002,0.03950320000000001,10.147516795308333,293.86129390222436
1.34,4.0200000000000005,1.4030000000000002,0.03950320000000001,11.859584728341316,339.0471087858461
1.34,4.0200000000000005,1.6020000000000003,0.03950320000000001,13.571652661374301,384.23292366946777
1.34,4.0200000000000005,1.8010000000000004,0.03950320000000001,15.283720594407285,429.41873855308944
1.34,4.0200000000000005,2.0,0.03950320000000001,16.995788527440265,474.604553436711
1.34,4.69,0.01,0.03950320000000001,0.08558755806434012,28.301462359343358
1.34,4.69,0.20900000000000002,0.03950320000000001,1.7887799635447088,73.25302956082051
1.34,4.69,0.40800000000000003,0.03950320000000001,3.7848297990036617,125.93384708174194
1.34,4.69,0.607,0.03950320000000001,6.368975598164207,194.1360086083006
1.34,4.69,0.806,0.03950320000000001,9.246606902668006,270.08399695609614
1.34,4.69,1.0050000000000001,0.03950320000000001,12.05193591308879,344.12374439063035
1.34,4.69,1.2040000000000002,0.03950320000000001,14.474020095479547,408.04868883145843
1.34,4.69,1.4030000000000002,0.03950320000000001,16.836739469478374,470.40684541834463
1.34,4.69,1.6020000000000003,0.03950320000000001,19.199458843477203,532.7650020052309
1.34,4.69,1.8010000000000004,0.03950320000000001,21.562178217476024,595.1231585921171
1.34,4.69,2.0,0.03950320000000001,23.924897591474846,657.4813151790032
1.34,5.36,0.01,0.03950320000000001,0.1128340931795845,29.0205675234454
1.34,5.36,0.20900000000000002,0.03950320000000001,2.358232547453316,88.28232749055323
1.34,5.36,0.40800000000000003,0.03950320000000001,5.06777177215156,159.79393953869962
1.34,5.36,0.607,0.03950320000000001,8.638677290433149,254.03919266374976
1.34,5.36,0.806,0.03950320000000001,12.613939681776861,358.9564491950767
1.34,5.36,1.0050000000000001,0.03950320000000001,16.489321108513945,461.23759375325466
1.34,5.36,1.2040000000000002,0.03950320000000001,19.68883203655717,545.6808017143844
1.34,5.36,1.4030000000000002,0.03950320000000001,22.809923579109142,628.0543232058786
1.34,5.36,1.6020000000000003,0.03950320000000001,25.931015121661112,710.4278446973728
1.34,5.36,1.8010000000000004,0.03950320000000001,29.05210666421308,792.8013661888671
1.34,5.36,2.0,0.03950320000000001,32.17319820676504,875.174887680361
1.34,6.03,0.01,0.03950320000000001,0.14398393825089742,29.842690936826756
1.34,6.03,0.20900000000000002,0.03950320000000001,3.0092643094437563,105.46470683022358
1.34,6.03,0.40800000000000003,0.03950320000000001,6.556552253916933,199.08663228379714
1.34,6.03,0.607,0.03950320000000001,11.3039767406637,324.38320486318634
1.34,6.03,0.806,0.03950320000000001,16.58919872674537,463.87361740707496
1.34,6.03,1.0050000000000001,0.03950320000000001,21.74162619056368,599.8592457161925
1.34,6.03,1.2040000000000002,0.03950320000000001,25.829414772623377,707.7463538083999
1.34,6.03,1.4030000000000002,0.03950320000000001,29.81701245806396,812.9891700356023
1.34,6.03,1.6020000000000003,0.03950320000000001,33.80461014350454,918.2319862628046
1.34,6.03,1.8010000000000004,0.03950320000000001,37.79220782894513,1023.4748024900072
1.34,6.03,2.0,0.03950320000000001,41.77980551438571,1128.7176187172092
2.0100000000000002,0.0,0.01,0.08888220000000001,0.0,27.345826680214834
2.0100000000000002,0.0,0.20900000000000002,0.08888220000000001,0.0,27.345826680214834
2.0100000000000002,0.0,0.40800000000000003,0.08888220000000001,0.0,27.345826680214834
2.0100000000000002,0.0,0.607,0.08888220000000001,0.0,27.345826680214834
2.0100000000000002,0.0,0.806,0.08888220000000001,0.0,27.345826680214834
2.0100000000000002,0.0,1.0050000000000001,0.08888220000000001,0.0,27.345826680214834
2.0100000000000002,0.0,1.2040000000000002,0.08888220000000001,0.0,27.345826680214834
2.0100000000000002,0.0,1.4030000000000002,0.08888220000000001,0.0,27.345826680214834
2.0100000000000002,0.0,1.6020000000000003,0.08888220000000001,0.0,27.345826680214834
2.0100000000000002,0.0,1.8010000000000004,0.08888220000000001,0.0,27.345826680214834
2.0100000000000002,0.0,2.0,0.08888220000000001,0.0,27.345826680214834
2.0100000000000002,0.67,0.01,0.08888220000000001,0.001524952139758248,27.38607403475259
2.0100000000000002,0.67,0.20900000000000002,0.08888220000000001,0.03187149972094739,28.186996390053903
2.0100000000000002,0.67,0.40800000000000003,0.08888220000000001,0.054474799918336106,28.783554808544217
2.0100000000000002,0.67,0.607,0.08888220000000001,0.07541823129953859,29.336305079231412
2.0100000000000002,0.67,0.806,0.08888220000000001,0.10054425407804532,29.99944454474314
2.0100000000000002,0.67,1.0050000000000001,0.08888220000000001,0.12503896975156442,30.645922214639
2.0100000000000002,0.67,1.2040000000000002,0.08888220000000001,0.16466241318344532,31.691685379417656
2.0100000000000002,0.67,1.4030000000000002,0.08888220000000001,0.20331469378611344,32.71181709407919
2.0100000000000002,0.67,1.6020000000000003,0.08888220000000001,0.2419669743887816,33.731948808740725
2.0100000000000002,0.67,1.8010000000000004,0.08888220000000001,0.2806192549914497,34.752080523402256
2.0100000000000002,0.67,2.0,0.08888220000000001,0.3192715355941177,35.77221223806378
2.0100000000000002,1.34,0.01,0.08888220000000001,0.006402028307269047,27.514792444008737
2.0100000000000002,1.34,0.20900000000000002,0.08888220000000001,0.13380239162192312,30.877211143507385
2.0100000000000002,1.34,0.40800000000000003,0.08888220000000001,0.2460696054027452,33.840227646254114
2.0100000000000002,1.34,0.607,0.08888220000000001,0.36577294218290296,36.99950229437979
2.0100000000000002,1.34,0.806,0.08888220000000001,0.5028335026217652,40.616878096089025
2.0100000000000002,1.34,1.0050000000000001,0.08888220000000001,0.6364503303862841,44.14336505855934
2.0100000000000002,1.34,1.2040000000000002,0.08888220000000001,0.8097022101593805,48.71592156558889
2.0100000000000002,1.34,1.4030000000000002,0.08888220000000001,0.978707720330195,53.17640560921086
2.0100000000000002,1.34,1.6020000000000003,0.08888220000000001,1.1477132305010096,57.63688965283283
2.0100000000000002,1.34,1.8010000000000004,0.08888220000000001,1.316718740671824,62.09737369645479
2.0100000000000002,1.34,2.0,0.08888220000000001,1.4857242508426383,66.55785774007674
2.0100000000000002,2.0100000000000002,0.01,0.08888220000000001,0.014817847843952424,27.736907265705604
2.0100000000000002,2.0100000000000002,0.20900000000000002,0.08888220000000001,0.3096930199386057,35.51941091697187
2.0100000000000002,2.0100000000000002,0.40800000000000003,0.08888220000000001,0.5953353237729831,43.05823575853424
2.0100000000000002,2.0100000000000002,0.607,0.08888220000000001,0.9217462574187328,51.673048137841164
2.0100000000000002,2.0100000000000002,0.806,0.08888220000000001,1.2898995497992327,61.389547230742885
2.0100000000000002,2.0100000000000002,1.0050000000000001,0.08888220000000001,1.6488027594566044,70.86191318060688
2.0100000000000002,2.0100000000000002,1.2040000000000002,0.08888220000000001,2.057510816908046,81.64875537835141
2.0100000000000002,2.0100000000000002,1.4030000000000002,0.08888220000000001,2.456201520010187,92.1712141888963
2.0100000000000002,2.0100000000000002,1.6020000000000003,0.08888220000000001,2.8548922231123277,102.6936729994412
2.0100000000000002,2.0100000000000002,1.8010000000000004,0.08888220000000001,3.253582926214469,113.21613180998611
2.0100000000000002,2.0100000000000002,2.0,0.08888220000000001,3.652273629316609,123.73859062053099
2.0100000000000002,2.68,0.01,0.08888220000000001,0.026876887069761882,28.055175894898635
2.0100000000000002,2.68,0.20900000000000002,0.08888220000000001,0.5617269397580232,42.17122526710628
2.0100000000000002,2.68,0.40800000000000003,0.08888220000000001,1.1150160639759723,56.7739285019853
2.0100000000000002,2.68,0.607,0.08888220000000001,1.7763627936733124,74.2285460001666
2.0100000000000002,2.68,0.806,0.08888220000000001,2.517260269643989,93.7827094483693
2.0100000000000002,2.68,1.0050000000000001,0.08888220000000001,3.2395422311430404,112.84556225716993
2.0100000000000002,2.68,1.2040000000000002,0.08888220000000001,3.9890889034399923,132.62799993243488
2.0100000000000002,2.68,1.4030000000000002,0.08888220000000001,4.720264333768882,151.9255739391885
2.0100000000000002,2.68,1.6020000000000003,0.08888220000000001,5.451439764097771,171.22314794594203
2.0100000000000002,2.68,1.8010000000000004,0.08888220000000001,6.182615194426661,190.5207219526956
2.0100000000000002,2.68,2.0,0.08888220000000001,6.913790624755548,209.81829595944913
2.0100000000000002,3.35,0.01,0.08888220000000001,0.042654016088505074,28.471574343512188
2.0100000000000002,3.35,0.20900000000000002,0.08888220000000001,0.8914689362497563,50.87395284312953
2.0100000000000002,3.35,0.40800000000000003,0.08888220000000001,1.814761746023273,75.2419917397504
2.0100000000000002,3.35,0.607,0.08888220000000001,2.955313970771383,105.34405760887272
2.0100000000000002,3.35,0.806,0.08888220000000001,4.228711514388253,138.95224836401255
2.0100000000000002,3.35,1.0050000000000001,0.08888220000000001,5.470114144848921,171.71601221575688
2.0100000000000002,3.35,1.2040000000000002,0.08888220000000001,6.667995286308663,203.33113359396833
2.0100000000000002,3.35,1.4030000000000002,0.08888220000000001,7.836516595869884,234.17137454624321
2.0100000000000002,3.35,1.6020000000000003,0.08888220000000001,9.005037905431104,265.01161549851815
2.0100000000000002,3.35,1.8010000000000004,0.08888220000000001,10.173559214992322,295.851856450793
2.0100000000000002,3.35,2.0,0.08888220000000001,11.34208052455354,326.6920974030678
2.0100000000000002,4.0200000000000005,0.01,0.08888220000000001,0.06220803845347431,28.98765458645467
2.0100000000000002,4.0200000000000005,0.20900000000000002,0.08888220000000001,1.3001480036776134,61.66002992062744
2.0100000000000002,4.0200000000000005,0.40800000000000003,0.08888220000000001,2.7024580750788445,98.67054923075904
2.0100000000000002,4.0200000000000005,0.607,0.08888220000000001,4.480006209710819,145.58455270486064
2.0100000000000002,4.0200000000000005,0.806,0.08888220000000001,6.461107350156561,197.8708362516412
2.0100000000000002,4.0200000000000005,1.0050000000000001,0.08888220000000001,8.39243208003834,248.84339408116597
2.0100000000000002,4.0200000000000005,1.2040000000000002,0.08888220000000001,10.147516795308333,295.1645309467882
2.0100000000000002,4.0200000000000005,1.4030000000000002,0.08888220000000001,11.859584728341316,340.3503458304099
2.0100000000000002,4.0200000000000005,1.6020000000000003,0.08888220000000001,13.571652661374301,385.53616071403155
2.0100000000000002,4.0200000000000005,1.8010000000000004,0.08888220000000001,15.283720594407285,430.7219755976533
2.0100000000000002,4.0200000000000005,2.0,0.08888220000000001,16.995788527440265,475.90779048127484
2.0100000000000002,4.69,0.01,0.08888220000000001,0.08558755806434012,29.604699403907155
2.0100000000000002,4.69,0.20900000000000002,0.08888220000000001,1.7887799635447088,74.55626660538431
2.0100000000000002,4.69,0.40800000000000003,0.08888220000000001,3.7848297990036617,127.23708412630573
2.0100000000000002,4.69,0.607,0.08888220000000001,6.368975598164207,195.4392456528644
2.0100000000000002,4.69,0.806,0.08888220000000001,9.246606902668006,271.38723400065993
2.0100000000000002,4.69,1.0050000000000001,0.08888220000000001,12.05193591308879,345.4269814351942
2.0100000000000002,4.69,1.2040000000000002,0.08888220000000001,14.474020095479547,409.3519258760223
2.0100000000000002,4.69,1.4030000000000002,0.08888220000000001,16.836739469478374,471.7100824629085
2.0100000000000002,4.69,1.6020000000000003,0.08888220000000001,19.199458843477203,534.0682390497948
2.0100000000000002,4.69,1.8010000000000004,0.08888220000000001,21.562178217476024,596.4263956366809
2.0100000000000002,4.69,2.0,0.08888220000000001,23.924897591474846,658.784552223567
2.0100000000000002,5.36,0.01,0.08888220000000001,0.1128340931795845,30.323804568009198
2.0100000000000002,5.36,0.20900000000000002,0.08888220000000001,2.358232547453316,89.58556453511702
2.0100000000000002,5.36,0.40800000000000003,0.08888220000000001,5.06777177215156,161.09717658326343
2.0100000000000002,5.36,0.607,0.08888220000000001,8.638677290433149,255.34242970831357
2.0100000000000002,5.36,0.806,0.08888220000000001,12.613939681776861,360.25968623964053
2.0100000000000002,5.36,1.0050000000000001,0.08888220000000001,16.489321108513945,462.54083079781844
2.0100000000000002,5.36,1.2040000000000002,0.08888220000000001,19.68883203655717,546.9840387589483
2.0100000000000002,5.36,1.4030000000000002,0.08888220000000001,22.809923579109142,629.3575602504425
2.0100000000000002,5.36,1.6020000000000003,0.08888220000000001,25.931015121661112,711.7310817419367
2.0100000000000002,5.36,1.8010000000000004,0.08888220000000001,29.05210666421308,794.1046032334309
2.0100000000000002,5.36,2.0,0.08888220000000001,32.17319820676504,876.4781247249249
2.0100000000000002,6.03,0.01,0.08888220000000001,0.14398393825089742,31.145927981390553
2.0100000000000002,6.03,0.20900000000000002,0.08888220000000001,3.0092643094437563,106.76794387478736
2.0100000000000002,6.03,0.40800000000000003,0.08888220000000001,6.556552253916933,200.38986932836093
2.0100000000000002,6.03,0.607,0.08888220000000001,11.3039767406637,325.6864419077501
2.0100000000000002,6.03,0.806,0.08888220000000001,16.58919872674537,465.1768544516388
2.0100000000000002,6.03,1.0050000000000001,0.08888220000000001,21.74162619056368,601.1624827607563
2.0100000000000002,6.03,1.2040000000000002,0.08888220000000001,25.829414772623377,709.0495908529638
2.0100000000000002,6.03,1.4030000000000002,0.08888220000000001,29.81701245806396,814.2924070801662
2.0100000000000002,6.03,1.6020000000000003,0.08888220000000001,33.80461014350454,919.5352233073685
2.0100000000000002,6.03,1.8010000000000004,0.08888220000000001,37.79220782894513,1024.778039534571
2.0100000000000002,6.03,2.0,0.08888220000000001,41.77980551438571,1130.020855761773
2.68,0.0,0.01,0.15801280000000004,0.0,29.170358542604152
2.68,0.0,0.20900000000000002,0.15801280000000004,0.0,29.170358542604152
2.68,0.0,0.40800000000000003,0.15801280000000004,0.0,29.170358542604152
2.68,0.0,0.607,0.15801280000000004,0.0,29.170358542604152
2.68,0.0,0.806,0.15801280000000004,0.0,29.170358542604152
2.68,0.0,1.0050000000000001,0.15801280000000004,0.0,29.170358542604152
2.68,0.0,1.2040000000000002,0.15801280000000004,0.0,29.170358542604152
2.68,0.0,1.4030000000000002,0.15801280000000004,0.0,29.170358542604152
2.68,0.0,1.6020000000000003,0.15801280000000004,0.0,29.170358542604152
2.68,0.0,1.8010000000000004,0.15801280000000004,0.0,29.170358542604152
2.68,0.0,2.0,0.15801280000000004,0.0,29.170358542604152
2.68,0.67,0.01,0.15801280000000004,0.001524952139758248,29.210605897141907
2.68,0.67,0.20900000000000002,0.15801280000000004,0.03187149972094739,30.01152825244322
2.68,0.67,0.40800000000000003,0.15801280000000004,0.054474799918336106,30.60808667093353
2.68,0.67,0.607,0.15801280000000004,0.07541823129953859,31.16083694162073
2.68,0.67,0.806,0.15801280000000004,0.10054425407804532,31.82397640713246
2.68,0.67,1.0050000000000001,0.15801280000000004,0.12503896975156442,32.470454077028315
2.68,0.67,1.2040000000000002,0.15801280000000004,0.16466241318344532,33.51621724180697
2.68,0.67,1.4030000000000002,0.15801280000000004,0.20331469378611344,34.5363489564685
2.68,0.67,1.6020000000000003,0.15801280000000004,0.2419669743887816,35.55648067113004
2.68,0.67,1.8010000000000004,0.15801280000000004,0.2806192549914497,36.57661238579157
2.68,0.67,2.0,0.15801280000000004,0.3192715355941177,37.5967441004531
2.68,1.34,0.01,0.15801280000000004,0.006402028307269047,29.339324306398055
2.68,1.34,0.20900000000000002,0.15801280000000004,0.13380239162192312,32.7017430058967
2.68,1.34,0.40800000000000003,0.15801280000000004,0.2460696054027452,35.66475950864343
2.68,1.34,0.607,0.15801280000000004,0.36577294218290296,38.8240341567691
2.68,1.34,0.806,0.15801280000000004,0.5028335026217652,42.441409958478346
2.68,1.34,1.0050000000000001,0.15801280000000004,0.6364503303862841,45.967896920948654
2.68,1.34,1.2040000000000002,0.15801280000000004,0.8097022101593805,50.54045342797821
2.68,1.34,1.4030000000000002,0.15801280000000004,0.978707720330195,55.00093747160018
2.68,1.34,1.6020000000000003,0.15801280000000004,1.1477132305010096,59.46142151522214
2.68,1.34,1.8010000000000004,0.15801280000000004,1.316718740671824,63.92190555884411
2.68,1.34,2.0,0.15801280000000004,1.4857242508426383,68.38238960246606
2.68,2.0100000000000002,0.01,0.15801280000000004,0.014817847843952424,29.561439128094918
2.68,2.0100000000000002,0.20900000000000002,0.15801280000000004,0.3096930199386057,37.343942779361186
2.68,2.0100000000000002,0.40800000000000003,0.15801280000000004,0.5953353237729831,44.88276762092356
2.68,2.0100000000000002,0.607,0.15801280000000004,0.9217462574187328,53.497580000230485
2.68,2.0100000000000002,0.806,0.15801280000000004,1.2898995497992327,63.2140790931322
2.68,2.0100000000000002,1.0050000000000001,0.15801280000000004,1.6488027594566044,72.68644504299618
2.68,2.0100000000000002,1.2040000000000002,0.15801280000000004,2.057510816908046,83.47328724074072
2.68,2.0100000000000002,1.4030000000000002,0.15801280000000004,2.456201520010187,93.99574605128562
2.68,2.0100000000000002,1.6020000000000003,0.15801280000000004,2.8548922231123277,104.51820486183053
2.68,2.0100000000000002,1.8010000000000004,0.15801280000000004,3.253582926214469,115.04066367237542
2.68,2.0100000000000002,2.0,0.15801280000000004,3.652273629316609,125.56312248292029
2.68,2.68,0.01,0.15801280000000004,0.026876887069761882,29.879707757287953
2.68,2.68,0.20900000000000002,0.15801280000000004,0.5617269397580232,43.99575712949559
2.68,2.68,0.40800000000000003,0.15801280000000004,1.1150160639759723,58.59846036437462
2.68,2.68,0.607,0.15801280000000004,1.7763627936733124,76.05307786255591
2.68,2.68,0.806,0.15801280000000004,2.517260269643989,95.60724131075862
2.68,2.68,1.0050000000000001,0.15801280000000004,3.2395422311430404,114.67009411955924
2.68,2.68,1.2040000000000002,0.15801280000000004,3.9890889034399923,134.4525317948242
2.68,2.68,1.4030000000000002,0.15801280000000004,4.720264333768882,153.7501058015778
2.68,2.68,1.6020000000000003,0.15801280000000004,5.451439764097771,173.04767980833137
2.68,2.68,1.8010000000000004,0.15801280000000004,6.182615194426661,192.34525381508493
2.68,2.68,2.0,0.15801280000000004,6.913790624755548,211.64282782183844
2.68,3.35,0.01,0.15801280000000004,0.042654016088505074,30.296106205901506
2.68,3.35,0.20900000000000002,0.15801280000000004,0.8914689362497563,52.698484705518844
2.68,3.35,0.40800000000000003,0.15801280000000004,1.814761746023273,77.06652360213971
2.68,3.35,0.607,0.15801280000000004,2.955313970771383,107.16858947126202
2.68,3.35,0.806,0.15801280000000004,4.228711514388253,140.77678022640185
2.68,3.35,1.0050000000000001,0.15801280000000004,5.470114144848921,173.5405440781462
2.68,3.35,1.2040000000000002,0.15801280000000004,6.667995286308663,205.15566545635767
2.68,3.35,1.4030000000000002,0.15801280000000004,7.836516595869884,235.99590640863255
2.68,3.35,1.6020000000000003,0.15801280000000004,9.005037905431104,266.8361473609075
2.68,3.35,1.8010000000000004,0.15801280000000004,10.173559214992322,297.6763883131823
2.68,3.35,2.0,0.15801280000000004,11.34208052455354,328.51662926545714
2.68,4.0200000000000005,0.01,0.15801280000000004,0.06220803845347431,30.81218644884399
2.68,4.0200000000000005,0.20900000000000002,0.15801280000000004,1.3001480036776134,63.48456178301675
2.68,4.0200000000000005,0.40800000000000003,0.15801280000000004,2.7024580750788445,100.49508109314834
2.68,4.0200000000000005,0.607,0.15801280000000004,4.480006209710819,147.40908456724998
2.68,4.0200000000000005,0.806,0.15801280000000004,6.461107350156561,199.69536811403054
2.68,4.0200000000000005,1.0050000000000001,0.15801280000000004,8.39243208003834,250.6679259435553
2.68,4.0200000000000005,1.2040000000000002,0.15801280000000004,10.147516795308333,296.98906280917754
2.68,4.0200000000000005,1.4030000000000002,0.15801280000000004,11.859584728341316,342.1748776927992
2.68,4.0200000000000005,1.6020000000000003,0.15801280000000004,13.571652661374301,387.3606925764209
2.68,4.0200000000000005,1.8010000000000004,0.15801280000000004,15.283720594407285,432.54650746004256
2.68,4.0200000000000005,2.0,0.15801280000000004,16.995788527440265,477.7323223436642
2.68,4.69,0.01,0.15801280000000004,0.08558755806434012,31.42923126629647
2.68,4.69,0.20900000000000002,0.15801280000000004,1.7887799635447088,76.38079846777362
2.68,4.69,0.40800000000000003,0.15801280000000004,3.7848297990036617,129.06161598869505
2.68,4.69,0.607,0.15801280000000004,6.368975598164207,197.26377751525374
2.68,4.69,0.806,0.15801280000000004,9.246606902668006,273.2117658630492
2.68,4.69,1.0050000000000001,0.15801280000000004,12.05193591308879,347.25151329758353
2.68,4.69,1.2040000000000002,0.15801280000000004,14.474020095479547,411.1764577384116
2.68,4.69,1.4030000000000002,0.15801280000000004,16.836739469478374,473.5346143252978
2.68,4.69,1.6020000000000003,0.15801280000000004,19.199458843477203,535.8927709121841
2.68,4.69,1.8010000000000004,0.15801280000000004,21.562178217476024,598.2509274990703
2.68,4.69,2.0,0.15801280000000004,23.924897591474846,660.6090840859563
2.68,5.36,0.01,0.15801280000000004,0.1128340931795845,32.148336430398516
2.68,5.36,0.20900000000000002,0.15801280000000004,2.358232547453316,91.41009639750632
2.68,5.36,0.40800000000000003,0.15801280000000004,5.06777177215156,162.92170844565274
2.68,5.36,0.607,0.15801280000000004,8.638677290433149,257.16696157070294
2.68,5.36,0.806,0.15801280000000004,12.613939681776861,362.08421810202987
2.68,5.36,1.0050000000000001,0.15801280000000004,16.489321108513945,464.3653626602078
2.68,5.36,1.2040000000000002,0.15801280000000004,19.68883203655717,548.8085706213376
2.68,5.36,1.4030000000000002,0.15801280000000004,22.809923579109142,631.1820921128318
2.68,5.36,1.6020000000000003,0.15801280000000004,25.931015121661112,713.555613604326
2.68,5.36,1.8010000000000004,0.15801280000000004,29.05210666421308,795.9291350958202
2.68,5.36,2.0,0.15801280000000004,32.17319820676504,878.3026565873142
2.68,6.03,0.01,0.15801280000000004,0.14398393825089742,32.97045984377987
2.68,6.03,0.20900000000000002,0.15801280000000004,3.0092643094437563,108.59247573717668
2.68,6.03,0.40800000000000003,0.15801280000000004,6.556552253916933,202.21440119075027
2.68,6.03,0.607,0.15801280000000004,11.3039767406637,327.51097377013946
2.68,6.03,0.806,0.15801280000000004,16.58919872674537,467.00138631402814
2.68,6.03,1.0050000000000001,0.15801280000000004,21.74162619056368,602.9870146231457
2.68,6.03,1.2040000000000002,0.15801280000000004,25.829414772623377,710.8741227153531
2.68,6.03,1.4030000000000002,0.15801280000000004,29.81701245806396,816.1169389425555
2.68,6.03,1.6020000000000003,0.15801280000000004,33.80461014350454,921.3597551697577
2.68,6.03,1.8010000000000004,0.15801280000000004,37.79220782894513,1026.6025713969602
2.68,6.03,2.0,0.15801280000000004,41.77980551438571,1131.8453876241622
3.35,0.0,0.01,0.246895,0.0,31.516185222818986
3.35,0.0,0.20900000000000002,0.246895,0.0,31.516185222818986
3.35,0.0,0.40800000000000003,0.246895,0.0,31.516185222818986
3.35,0.0,0.607,0.246895,0.0,31.516185222818986
3.35,0.0,0.806,0.246895,0.0,31.516185222818986
3.35,0.0,1.0050000000000001,0.246895,0.0,31.516185222818986
3.35,0.0,1.2040000000000002,0.246895,0.0,31.516185222818986
3.35,0.0,1.4030000000000002,0.246895,0.0,31.516185222818986
3.35,0.0,1.6020000000000003,0.246895,0.0,31.516185222818986
3.35,0.0,1.8010000000000004,0.246895,0.0,31.516185222818986
3.35,0.0,2.0,0.246895,0.0,31.516185222818986
3.35,0.67,0.01,0.246895,0.001524952139758248,31.55643257735674
3.35,0.67,0.20900000000000002,0.246895,0.03187149972094739,32.357354932658055
3.35,0.67,0.40800000000000003,0.246895,0.054474799918336106,32.953913351148366
3.35,0.67,0.607,0.246895,0.07541823129953859,33.506663621835564
3.35,0.67,0.806,0.246895,0.10054425407804532,34.16980308734729
3.35,0.67,1.0050000000000001,0.246895,0.12503896975156442,34.81628075724315
3.35,0.67,1.2040000000000002,0.246895,0.16466241318344532,35.862043922021805
3.35,0.67,1.4030000000000002,0.246895,0.20331469378611344,36.88217563668334
3.35,0.67,1.6020000000000003,0.246895,0.2419669743887816,37.902307351344874
3.35,0.67,1.8010000000000004,0.246895,0.2806192549914497,38.922439066006405
3.35,0.67,2.0,0.246895,0.3192715355941177,39.942570780667936
3.35,1.34,0.01,0.246895,0.006402028307269047,31.68515098661289
3.35,1.34,0.20900000000000002,0.246895,0.13380239162192312,35.04756968611154
3.35,1.34,0.40800000000000003,0.246895,0.2460696054027452,38.01058618885826
3.35,1.34,0.607,0.246895,0.36577294218290296,41.169860836983936
3.35,1.34,0.806,0.246895,0.5028335026217652,44.78723663869317
3.35,1.34,1.0050000000000001,0.246895,0.6364503303862841,48.31372360116349
3.35,1.34,1.2040000000000002,0.246895,0.8097022101593805,52.88628010819305
3.35,1.34,1.4030000000000002,0.246895,0.978707720330195,57.346764151815016
3.35,1.34,1.6020000000000003,0.246895,1.1477132305010096,61.807248195436976
3.35,1.34,1.8010000000000004,0.246895,1.316718740671824,66.26773223905894
3.35,1.34,2.0,0.246895,1.4857242508426383,70.7282162826809
3.35,2.0100000000000002,0.01,0.246895,0.014817847843952424,31.907265808309752
3.35,2.0100000000000002,0.20900000000000002,0.246895,0.3096930199386057,39.68976945957602
3.35,2.0100000000000002,0.40800000000000003,0.246895,0.5953353237729831,47.228594301138386
3.35,2.0100000000000002,0.607,0.246895,0.9217462574187328,55.84340668044531
3.35,2.0100000000000002,0.806,0.246895,1.2898995497992327,65.55990577334704
3.35,2.0100000000000002,1.0050000000000001,0.246895,1.6488027594566044,75.03227172321103
3.35,2.0100000000000002,1.2040000000000002,0.246895,2.057510816908046,85.81911392095556
3.35,2.0100000000000002,1.4030000000000002,0.246895,2.456201520010187,96.34157273150046
3.35,2.0100000000000002,1.6020000000000003,0.246895,2.8548922231123277,106.86403154204535
3.35,2.0100000000000002,1.8010000000000004,0.246895,3.253582926214469,117.38649035259026
3.35,2.0100000000000002,2.0,0.246895,3.652273629316609,127.90894916313513
3.35,2.68,0.01,0.246895,0.026876887069761882,32.22553443750279
3.35,2.68,0.20900000000000002,0.246895,0.5617269397580232,46.34158380971043
3.35,2.68,0.40800000000000003,0.246895,1.1150160639759723,60.94428704458945
3.35,2.68,0.607,0.246895,1.7763627936733124,78.39890454277074
3.35,2.68,0.806,0.246895,2.517260269643989,97.95306799097345
3.35,2.68,1.0050000000000001,0.246895,3.2395422311430404,117.01592079977408
3.35,2.68,1.2040000000000002,0.246895,3.9890889034399923,136.79835847503904
3.35,2.68,1.4030000000000002,0.246895,4.720264333768882,156.09593248179263
3.35,2.68,1.6020000000000003,0.246895,5.451439764097771,175.3935064885462
3.35,2.68,1.8010000000000004,0.246895,6.182615194426661,194.69108049529976
3.35,2.68,2.0,0.246895,6.913790624755548,213.9886545020533
3.35,3.35,0.01,0.246895,0.042654016088505074,32.64193288611634
3.35,3.35,0.20900000000000002,0.246895,0.8914689362497563,55.04431138573368
3.35,3.35,0.40800000000000003,0.246895,1.814761746023273,79.41235028235455
3.35,3.35,0.607,0.246895,2.955313970771383,109.51441615147687
3.35,3.35,0.806,0.246895,4.228711514388253,143.1226069066167
3.35,3.35,1.0050000000000001,0.246895,5.470114144848921,175.88637075836104
3.35,3.35,1.2040000000000002,0.246895,6.667995286308663,207.5014921365725
3.35,3.35,1.4030000000000002,0.246895,7.836516595869884,238.34173308884738
3.35,3.35,1.6020000000000003,0.246895,9.005037905431104,269.1819740411223
3.35,3.35,1.8010000000000004,0.246895,10.173559214992322,300.02221499339714
3.35,3.35,2.0,0.246895,11.34208052455354,330.86245594567197
3.35,4.0200000000000005,0.01,0.246895,0.06220803845347431,33.15801312905882
3.35,4.0200000000000005,0.20900000000000002,0.246895,1.3001480036776134,65.83038846323159
3.35,4.0200000000000005,0.40800000000000003,0.246895,2.7024580750788445,102.84090777336318
3.35,4.0200000000000005,0.607,0.246895,4.480006209710819,149.7549112474648
3.35,4.0200000000000005,0.806,0.246895,6.461107350156561,202.04119479424537
3.35,4.0200000000000005,1.0050000000000001,0.246895,8.39243208003834,253.01375262377013
3.35,4.0200000000000005,1.2040000000000002,0.246895,10.147516795308333,299.33488948939237
3.35,4.0200000000000005,1.4030000000000002,0.246895,11.859584728341316,344.52070437301404
3.35,4.0200000000000005,1.6020000000000003,0.246895,13.571652661374301,389.7065192566357
3.35,4.0200000000000005,1.8010000000000004,0.246895,15.283720594407285,434.8923341402574
3.35,4.0200000000000005,2.0,0.246895,16.995788527440265,480.078149023879
3.35,4.69,0.01,0.246895,0.08558755806434012,33.7750579465113
3.35,4.69,0.20900000000000002,0.246895,1.7887799635447088,78.72662514798846
3.35,4.69,0.40800000000000003,0.246895,3.7848297990036617,131.40744266890988
3.35,4.69,0.607,0.246895,6.368975598164207,199.60960419546856
3.35,4.69,0.806,0.246895,9.246606902668006,275.5575925432641
3.35,4.69,1.0050000000000001,0.246895,12.05193591308879,349.59733997779836
3.35,4.69,1.2040000000000002,0.246895,14.474020095479547,413.52228441862644
3.35,4.69,1.4030000000000002,0.246895,16.836739469478374,475.88044100551264
3.35,4.69,1.6020000000000003,0.246895,19.199458843477203,538.238597592399
3.35,4.69,1.8010000000000004,0.246895,21.562178217476024,600.5967541792851
3.35,4.69,2.0,0.246895,23.924897591474846,662.9549107661711
3.35,5.36,0.01,0.246895,0.1128340931795845,34.49416311061335
3.35,5.36,0.20900000000000002,0.246895,2.358232547453316,93.75592307772116
3.35,5.36,0.40800000000000003,0.246895,5.06777177215156,165.2675351258676
3.35,5.36,0.607,0.246895,8.638677290433149,259.51278825091777
3.35,5.36,0.806,0.246895,12.613939681776861,364.4300447822447
3.35,5.36,1.0050000000000001,0.246895,16.489321108513945,466.7111893404226
3.35,5.36,1.2040000000000002,0.246895,19.68883203655717,551.1543973015524
3.35,5.36,1.4030000000000002,0.246895,22.809923579109142,633.5279187930466
3.35,5.36,1.6020000000000003,0.246895,25.931015121661112,715.9014402845409
3.35,5.36,1.8010000000000004,0.246895,29.05210666421308,798.2749617760351
3.35,5.36,2.0,0.246895,32.17319820676504,880.6484832675291
3.35,6.03,0.01,0.246895,0.14398393825089742,35.316286523994705
3.35,6.03,0.20900000000000002,0.246895,3.0092643094437563,110.93830241739151
3.35,6.03,0.40800000000000003,0.246895,6.556552253916933,204.5602278709651
3.35,6.03,0.607,0.246895,11.3039767406637,329.8568004503543
3.35,6.03,0.806,0.246895,16.58919872674537,469.34721299424297
3.35,6.03,1.0050000000000001,0.246895,21.74162619056368,605.3328413033605
3.35,6.03,1.2040000000000002,0.246895,25.829414772623377,713.2199493955679
3.35,6.03,1.4030000000000002,0.246895,29.81701245806396,818.4627656227703
3.35,6.03,1.6020000000000003,0.246895,33.80461014350454,923.7055818499725
3.35,6.03,1.8010000000000004,0.246895,37.79220782894513,1028.9483980771752
3.35,6.03,2.0,0.246895,41.77980551438571,1134.1912143043771
4.0200000000000005,0.0,0.01,0.35552880000000003,0.0,34.38330672085934
4.0200000000000005,0.0,0.20900000000000002,0.35552880000000003,0.0,34.38330672085934
4.0200000000000005,0.0,0.40800000000000003,0.35552880000000003,0.0,34.38330672085934
4.0200000000000005,0.0,0.607,0.35552880000000003,0.0,34.38330672085934
4.0200000000000005,0.0,0.806,0.35552880000000003,0.0,34.38330672085934
4.0200000000000005,0.0,1.0050000000000001,0.35552880000000003,0.0,34.38330672085934
4.0200000000000005,0.0,1.2040000000000002,0.35552880000000003,0.0,34.38330672085934
4.0200000000000005,0.0,1.4030000000000002,0.35552880000000003,0.0,34.38330672085934
4.0200000000000005,0.0,1.6020000000000003,0.35552880000000003,0.0,34.38330672085934
4.0200000000000005,0.0,1.8010000000000004,0.35552880000000003,0.0,34.38330672085934
4.0200000000000005,0.0,2.0,0.35552880000000003,0.0,34.38330672085934
4.0200000000000005,0.67,0.01,0.35552880000000003,0.001524952139758248,34.42355407539709
4.0200000000000005,0.67,0.20900000000000002,0.35552880000000003,0.03187149972094739,35.22447643069841
4.0200000000000005,0.67,0.40800000000000003,0.35552880000000003,0.054474799918336106,35.82103484918872
4.0200000000000005,0.67,0.607,0.35552880000000003,0.07541823129953859,36.37378511987592
4.0200000000000005,0.67,0.806,0.35552880000000003,0.10054425407804532,37.03692458538765
4.0200000000000005,0.67,1.0050000000000001,0.35552880000000003,0.12503896975156442,37.683402255283504
4.0200000000000005,0.67,1.2040000000000002,0.35552880000000003,0.16466241318344532,38.72916542006216
4.0200000000000005,0.67,1.4030000000000002,0.35552880000000003,0.20331469378611344,39.7492971347237
4.0200000000000005,0.67,1.6020000000000003,0.35552880000000003,0.2419669743887816,40.76942884938523
4.0200000000000005,0.67,1.8010000000000004,0.35552880000000003,0.2806192549914497,41.78956056404676
4.0200000000000005,0.67,2.0,0.35552880000000003,0.3192715355941177,42.80969227870828
4.0200000000000005,1.34,0.01,0.35552880000000003,0.006402028307269047,34.552272484653244
4.0200000000000005,1.34,0.20900000000000002,0.35552880000000003,0.13380239162192312,37.91469118415189
4.0200000000000005,1.34,0.40800000000000003,0.35552880000000003,0.2460696054027452,40.87770768689862
4.0200000000000005,1.34,0.607,0.35552880000000003,0.36577294218290296,44.03698233502429
4.0200000000000005,1.34,0.806,0.35552880000000003,0.5028335026217652,47.654358136733535
4.0200000000000005,1.34,1.0050000000000001,0.35552880000000003,0.6364503303862841,51.18084509920384
4.0200000000000005,1.34,1.2040000000000002,0.35552880000000003,0.8097022101593805,55.753401606233396
4.0200000000000005,1.34,1.4030000000000002,0.35552880000000003,0.978707720330195,60.21388564985537
4.0200000000000005,1.34,1.6020000000000003,0.35552880000000003,1.1477132305010096,64.67436969347733
4.0200000000000005,1.34,1.8010000000000004,0.35552880000000003,1.316718740671824,69.13485373709929
4.0200000000000005,1.34,2.0,0.35552880000000003,1.4857242508426383,73.59533778072125
4.0200000000000005,2.0100000000000002,0.01,0.35552880000000003,0.014817847843952424,34.77438730635011
4.0200000000000005,2.0100000000000002,0.20900000000000002,0.35552880000000003,0.3096930199386057,42.556890957616375
4.0200000000000005,2.0100000000000002,0.40800000000000003,0.35552880000000003,0.5953353237729831,50.09571579917875
4.0200000000000005,2.0100000000000002,0.607,0.35552880000000003,0.9217462574187328,58.710528178485674
4.0200000000000005,2.0100000000000002,0.806,0.35552880000000003,1.2898995497992327,68.4270272713874
4.0200000000000005,2.0100000000000002,1.0050000000000001,0.35552880000000003,1.6488027594566044,77.89939322125139
4.0200000000000005,2.0100000000000002,1.2040000000000002,0.35552880000000003,2.057510816908046,88.68623541899592
4.0200000000000005,2.0100000000000002,1.4030000000000002,0.35552880000000003,2.456201520010187,99.20869422954081
4.0200000000000005,2.0100000000000002,1.6020000000000003,0.35552880000000003,2.8548922231123277,109.73115304008572
4.0200000000000005,2.0100000000000002,1.8010000000000004,0.35552880000000003,3.253582926214469,120.2536118506306
4.0200000000000005,2.0100000000000002,2.0,0.35552880000000003,3.652273629316609,130.77607066117548
4.0200000000000005,2.68,0.01,0.35552880000000003,0.026876887069761882,35.09265593554314
4.0200000000000005,2.68,0.20900000000000002,0.35552880000000003,0.5617269397580232,49.208705307750776
4.0200000000000005,2.68,0.40800000000000003,0.35552880000000003,1.1150160639759723,63.811408542629806
4.0200000000000005,2.68,0.607,0.35552880000000003,1.7763627936733124,81.2660260408111
4.0200000000000005,2.68,0.806,0.35552880000000003,2.517260269643989,100.82018948901381
4.0200000000000005,2.68,1.0050000000000001,0.35552880000000003,3.2395422311430404,119.88304229781443
4.0200000000000005,2.68,1.2040000000000002,0.35552880000000003,3.9890889034399923,139.6654799730794
4.0200000000000005,2.68,1.4030000000000002,0.35552880000000003,4.720264333768882,158.96305397983298
4.0200000000000005,2.68,1.6020000000000003,0.35552880000000003,5.451439764097771,178.26062798658654
4.0200000000000005,2.68,1.8010000000000004,0.35552880000000003,6.182615194426661,197.5582019933401
4.0200000000000005,2.68,2.0,0.35552880000000003,6.913790624755548,216.85577600009364
4.0200000000000005,3.35,0.01,0.35552880000000003,0.042654016088505074,35.50905438415669
4.0200000000000005,3.35,0.20900000000000002,0.35552880000000003,0.8914689362497563,57.91143288377403
4.0200000000000005,3.35,0.40800000000000003,0.35552880000000003,1.814761746023273,82.27947178039491
4.0200000000000005,3.35,0.607,0.35552880000000003,2.955313970771383,112.38153764951723
4.0200000000000005,3.35,0.806,0.35552880000000003,4.228711514388253,145.98972840465706
4.0200000000000005,3.35,1.0050000000000001,0.35552880000000003,5.470114144848921,178.7534922564014
4.0200000000000005,3.35,1.2040000000000002,0.35552880000000003,6.667995286308663,210.36861363461284
4.0200000000000005,3.35,1.4030000000000002,0.35552880000000003,7.836516595869884,241.20885458688772
4.0200000000000005,3.35,1.6020000000000003,0.35552880000000003,9.005037905431104,272.04909553916264
4.0200000000000005,3.35,1.8010000000000004,0.35552880000000003,10.173559214992322,302.88933649143746
4.0200000000000005,3.35,2.0,0.35552880000000003,11.34208052455354,333.72957744371234
4.0200000000000005,4.0200000000000005,0.01,0.35552880000000003,0.06220803845347431,36.02513462709918
4.0200000000000005,4.0200000000000005,0.20900000000000002,0.35552880000000003,1.3001480036776134,68.69750996127195
4.0200000000000005,4.0200000000000005,0.40800000000000003,0.35552880000000003,2.7024580750788445,105.70802927140353
4.0200000000000005,4.0200000000000005,0.607,0.35552880000000003,4.480006209710819,152.62203274550518
4.0200000000000005,4.0200000000000005,0.806,0.35552880000000003,6.461107350156561,204.90831629228572
4.0200000000000005,4.0200000000000005,1.0050000000000001,0.35552880000000003,8.39243208003834,255.88087412181048
4.0200000000000005,4.0200000000000005,1.2040000000000002,0.35552880000000003,10.147516795308333,302.2020109874327
4.0200000000000005,4.0200000000000005,1.4030000000000002,0.35552880000000003,11.859584728341316,347.3878258710544
4.0200000000000005,4.0200000000000005,1.6020000000000003,0.35552880000000003,13.571652661374301,392.5736407546761
4.0200000000000005,4.0200000000000005,1.8010000000000004,0.35552880000000003,15.283720594407285,437.75945563829777
4.0200000000000005,4.0200000000000005,2.0,0.35552880000000003,16.995788527440265,482.9452705219193
4.0200000000000005,4.69,0.01,0.35552880000000003,0.08558755806434012,36.64217944455166
4.0200000000000005,4.69,0.20900000000000002,0.35552880000000003,1.7887799635447088,81.59374664602882
4.0200000000000005,4.69,0.40800000000000003,0.35552880000000003,3.7848297990036617,134.27456416695026
4.0200000000000005,4.69,0.607,0.35552880000000003,6.368975598164207,202.4767256935089
4.0200000000000005,4.69,0.806,0.35552880000000003,9.246606902668006,278.42471404130447
4.0200000000000005,4.69,1.0050000000000001,0.35552880000000003,12.05193591308879,352.4644614758387
4.0200000000000005,4.69,1.2040000000000002,0.35552880000000003,14.474020095479547,416.38940591666676
4.0200000000000005,4.69,1.4030000000000002,0.35552880000000003,16.836739469478374,478.74756250355296
4.0200000000000005,4.69,1.6020000000000003,0.35552880000000003,19.199458843477203,541.1057190904393
4.0200000000000005,4.69,1.8010000000000004,0.35552880000000003,21.562178217476024,603.4638756773254
4.0200000000000005,4.69,2.0,0.35552880000000003,23.924897591474846,665.8220322642115
4.0200000000000005,5.36,0.01,0.35552880000000003,0.1128340931795845,37.361284608653705
4.0200000000000005,5.36,0.20900000000000002,0.35552880000000003,2.358232547453316,96.62304457576151
4.0200000000000005,5.36,0.40800000000000003,0.35552880000000003,5.06777177215156,168.13465662390792
4.0200000000000005,5.36,0.607,0.35552880000000003,8.638677290433149,262.3799097489581
4.0200000000000005,5.36,0.806,0.35552880000000003,12.613939681776861,367.297166280285
4.0200000000000005,5.36,1.0050000000000001,0.35552880000000003,16.489321108513945,469.578310838463
4.0200000000000005,5.36,1.2040000000000002,0.35552880000000003,19.68883203655717,554.0215187995927
4.0200000000000005,5.36,1.4030000000000002,0.35552880000000003,22.809923579109142,636.395040291087
4.0200000000000005,5.36,1.6020000000000003,0.35552880000000003,25.931015121661112,718.7685617825812
4.0200000000000005,5.36,1.8010000000000004,0.35552880000000003,29.05210666421308,801.1420832740754
4.0200000000000005,5.36,2.0,0.35552880000000003,32.17319820676504,883.5156047655694
4.0200000000000005,6.03,0.01,0.35552880000000003,0.14398393825089742,38.18340802203506
4.0200000000000005,6.03,0.20900000000000002,0.35552880000000003,3.0092643094437563,113.80542391543187
4.0200000000000005,6.03,0.40800000000000003,0.35552880000000003,6.556552253916933,207.42734936900544
4.0200000000000005,6.03,0.607,0.35552880000000003,11.3039767406637,332.72392194839466
4.0200000000000005,6.03,0.806,0.35552880000000003,16.58919872674537,472.2143344922833
4.0200000000000005,6.03,1.0050000000000001,0.35552880000000003,21.74162619056368,608.1999628014008
4.0200000000000005,6.03,1.2040000000000002,0.35552880000000003,25.829414772623377,716.0870708936083
4.0200000000000005,6.03,1.4030000000000002,0.35552880000000003,29.81701245806396,821.3298871208107
4.0200000000000005,6.03,1.6020000000000003,0.35552880000000003,33.80461014350454,926.572703348013
4.0200000000000005,6.03,1.8010000000000004,0.35552880000000003,37.79220782894513,1031.8155195752156
4.0200000000000005,6.03,2.0,0.35552880000000003,41.77980551438571,1137.0583358024176
4.69,0.0,0.01,0.48391420000000007,0.0,37.77172303672521
4.69,0.0,0.20900000000000002,0.48391420000000007,0.0,37.77172303672521
4.69,0.0,0.40800000000000003,0.48391420000000007,0.0,37.77172303672521
4.69,0.0,0.607,0.48391420000000007,0.0,37.77172303672521
4.69,0.0,0.806,0.48391420000000007,0.0,37.77172303672521
4.69,0.0,1.0050000000000001,0.48391420000000007,0.0,37.77172303672521
4.69,0.0,1.2040000000000002,0.48391420000000007,0.0,37.77172303672521
4.69,0.0,1.4030000000000002,0.48391420000000007,0.0,37.77172303672521
4.69,0.0,1.6020000000000003,0.48391420000000007,0.0,37.77172303672521
4.69,0.0,1.8010000000000004,0.48391420000000007,0.0,37.77172303672521
4.69,0.0,2.0,0.48391420000000007,0.0,37.77172303672521
4.69,0.67,0.01,0.48391420000000007,0.001524952139758248,37.81197039126297
4.69,0.67,0.20900000000000002,0.48391420000000007,0.03187149972094739,38.612892746564285
4.69,0.67,0.40800000000000003,0.48391420000000007,0.054474799918336106,39.209451165054595
4.69,0.67,0.607,0.48391420000000007,0.07541823129953859,39.76220143574179
4.69,0.67,0.806,0.48391420000000007,0.10054425407804532,40.42534090125352
4.69,0.67,1.0050000000000001,0.48391420000000007,0.12503896975156442,41.07181857114938
4.69,0.67,1.2040000000000002,0.48391420000000007,0.16466241318344532,42.117581735928034
4.69,0.67,1.4030000000000002,0.48391420000000007,0.20331469378611344,43.13771345058957
4.69,0.67,1.6020000000000003,0.48391420000000007,0.2419669743887816,44.1578451652511
4.69,0.67,1.8010000000000004,0.48391420000000007,0.2806192549914497,45.177976879912634
4.69,0.67,2.0,0.48391420000000007,0.3192715355941177,46.198108594574165
4.69,1.34,0.01,0.48391420000000007,0.006402028307269047,37.94068880051911
4.69,1.34,0.20900000000000002,0.48391420000000007,0.13380239162192312,41.30310750001776
4.69,1.34,0.40800000000000003,0.48391420000000007,0.2460696054027452,44.26612400276449
4.69,1.34,0.607,0.48391420000000007,0.36577294218290296,47.425398650890166
4.69,1.34,0.806,0.48391420000000007,0.5028335026217652,51.0427744525994
4.69,1.34,1.0050000000000001,0.48391420000000007,0.6364503303862841,54.56926141506972
4.69,1.34,1.2040000000000002,0.48391420000000007,0.8097022101593805,59.14181792209927
4.69,1.34,1.4030000000000002,0.48391420000000007,0.978707720330195,63.60230196572124
4.69,1.34,1.6020000000000003,0.48391420000000007,1.1477132305010096,68.0627860093432
4.69,1.34,1.8010000000000004,0.48391420000000007,1.316718740671824,72.52327005296517
4.69,1.34,2.0,0.48391420000000007,1.4857242508426383,76.98375409658712
4.69,2.0100000000000002,0.01,0.48391420000000007,0.014817847843952424,38.16280362221598
4.69,2.0100000000000002,0.20900000000000002,0.48391420000000007,0.3096930199386057,45.94530727348225
4.69,2.0100000000000002,0.40800000000000003,0.48391420000000007,0.5953353237729831,53.484132115044616
4.69,2.0100000000000002,0.607,0.48391420000000007,0.9217462574187328,62.09894449435154
4.69,2.0100000000000002,0.806,0.48391420000000007,1.2898995497992327,71.81544358725327
4.69,2.0100000000000002,1.0050000000000001,0.48391420000000007,1.6488027594566044,81.28780953711725
4.69,2.0100000000000002,1.2040000000000002,0.48391420000000007,2.057510816908046,92.07465173486179
4.69,2.0100000000000002,1.4030000000000002,0.48391420000000007,2.456201520010187,102.5971105454067
4.69,2.0100000000000002,1.6020000000000003,0.48391420000000007,2.8548922231123277,113.11956935595158
4.69,2.0100000000000002,1.8010000000000004,0.48391420000000007,3.253582926214469,123.64202816649649
4.69,2.0100000000000002,2.0,0.48391420000000007,3.652273629316609,134.16448697704135
4.69,2.68,0.01,0.48391420000000007,0.026876887069761882,38.48107225140902
4.69,2.68,0.20900000000000002,0.48391420000000007,0.5617269397580232,52.59712162361665
4.69,2.68,0.40800000000000003,0.48391420000000007,1.1150160639759723,67.19982485849567
4.69,2.68,0.607,0.48391420000000007,1.7763627936733124,84.65444235667698
4.69,2.68,0.806,0.48391420000000007,2.517260269643989,104.20860580487968
4.69,2.68,1.0050000000000001,0.48391420000000007,3.2395422311430404,123.27145861368031
4.69,2.68,1.2040000000000002,0.48391420000000007,3.9890889034399923,143.05389628894528
4.69,2.68,1.4030000000000002,0.48391420000000007,4.720264333768882,162.35147029569885
4.69,2.68,1.6020000000000003,0.48391420000000007,5.451439764097771,181.6490443024524
4.69,2.68,1.8010000000000004,0.48391420000000007,6.182615194426661,200.94661830920597
4.69,2.68,2.0,0.48391420000000007,6.913790624755548,220.2441923159595
4.69,3.35,0.01,0.48391420000000007,0.042654016088505074,38.897470700022566
4.69,3.35,0.20900000000000002,0.48391420000000007,0.8914689362497563,61.2998491996399
4.69,3.35,0.40800000000000003,0.48391420000000007,1.814761746023273,85.66788809626078
4.69,3.35,0.607,0.48391420000000007,2.955313970771383,115.7699539653831
4.69,3.35,0.806,0.48391420000000007,4.228711514388253,149.37814472052293
4.69,3.35,1.0050000000000001,0.48391420000000007,5.470114144848921,182.14190857226725
4.69,3.35,1.2040000000000002,0.48391420000000007,6.667995286308663,213.7570299504787
4.69,3.35,1.4030000000000002,0.48391420000000007,7.836516595869884,244.5972709027536
4.69,3.35,1.6020000000000003,0.48391420000000007,9.005037905431104,275.43751185502845
4.69,3.35,1.8010000000000004,0.48391420000000007,10.173559214992322,306.27775280730333
4.69,3.35,2.0,0.48391420000000007,11.34208052455354,337.11799375957816
4.69,4.0200000000000005,0.01,0.48391420000000007,0.06220803845347431,39.41355094296505
4.69,4.0200000000000005,0.20900000000000002,0.48391420000000007,1.3001480036776134,72.08592627713782
4.69,4.0200000000000005,0.40800000000000003,0.48391420000000007,2.7024580750788445,109.09644558726941
4.69,4.0200000000000005,0.607,0.48391420000000007,4.480006209710819,156.01044906137105
4.69,4.0200000000000005,0.806,0.48391420000000007,6.461107350156561,208.2967326081516
4.69,4.0200000000000005,1.0050000000000001,0.48391420000000007,8.39243208003834,259.2692904376763
4.69,4.0200000000000005,1.2040000000000002,0.48391420000000007,10.147516795308333,305.59042730329855
4.69,4.0200000000000005,1.4030000000000002,0.48391420000000007,11.859584728341316,350.77624218692023
4.69,4.0200000000000005,1.6020000000000003,0.48391420000000007,13.571652661374301,395.9620570705419
4.69,4.0200000000000005,1.8010000000000004,0.48391420000000007,15.283720594407285,441.14787195416363
4.69,4.0200000000000005,2.0,0.48391420000000007,16.995788527440265,486.3336868377852
4.69,4.69,0.01,0.48391420000000007,0.08558755806434012,40.03059576041753
4.69,4.69,0.20900000000000002,0.48391420000000007,1.7887799635447088,84.98216296189469
4.69,4.69,0.40800000000000003,0.48391420000000007,3.7848297990036617,137.66298048281612
4.69,4.69,0.607,0.48391420000000007,6.368975598164207,205.86514200937478
4.69,4.69,0.806,0.48391420000000007,9.246606902668006,281.8131303571703
4.69,4.69,1.0050000000000001,0.48391420000000007,12.05193591308879,355.85287779170454
4.69,4.69,1.2040000000000002,0.48391420000000007,14.474020095479547,419.7778222325326
4.69,4.69,1.4030000000000002,0.48391420000000007,16.836739469478374,482.1359788194188
4.69,4.69,1.6020000000000003,0.48391420000000007,19.199458843477203,544.4941354063051
4.69,4.69,1.8010000000000004,0.48391420000000007,21.562178217476024,606.8522919931912
4.69,4.69,2.0,0.48391420000000007,23.924897591474846,669.2104485800774
4.69,5.36,0.01,0.48391420000000007,0.1128340931795845,40.74970092451958
4.69,5.36,0.20900000000000002,0.48391420000000007,2.358232547453316,100.0114608916274
4.69,5.36,0.40800000000000003,0.48391420000000007,5.06777177215156,171.5230729397738
4.69,5.36,0.607,0.48391420000000007,8.638677290433149,265.7683260648239
4.69,5.36,0.806,0.48391420000000007,12.613939681776861,370.6855825961509
4.69,5.36,1.0050000000000001,0.48391420000000007,16.489321108513945,472.96672715432885
4.69,5.36,1.2040000000000002,0.48391420000000007,19.68883203655717,557.4099351154586
4.69,5.36,1.4030000000000002,0.48391420000000007,22.809923579109142,639.7834566069528
4.69,5.36,1.6020000000000003,0.48391420000000007,25.931015121661112,722.156978098447
4.69,5.36,1.8010000000000004,0.48391420000000007,29.05210666421308,804.5304995899412
4.69,5.36,2.0,0.48391420000000007,32.17319820676504,886.9040210814353
4.69,6.03,0.01,0.48391420000000007,0.14398393825089742,41.571824337900935
4.69,6.03,0.20900000000000002,0.48391420000000007,3.0092643094437563,117.19384023129774
4.69,6.03,0.40800000000000003,0.48391420000000007,6.556552253916933,210.8157656848713
4.69,6.03,0.607,0.48391420000000007,11.3039767406637,336.1123382642605
4.69,6.03,0.806,0.48391420000000007,16.58919872674537,475.60275080814915
4.69,6.03,1.0050000000000001,0.48391420000000007,21.74162619056368,611.5883791172666
4.69,6.03,1.2040000000000002,0.48391420000000007,25.829414772623377,719.4754872094742
4.69,6.03,1.4030000000000002,0.48391420000000007,29.81701245806396,824.7183034366766
4.69,6.03,1.6020000000000003,0.48391420000000007,33.80461014350454,929.9611196638789
4.69,6.03,1.8010000000000004,0.48391420000000007,37.79220782894513,1035.2039358910813
4.69,6.03,2.0,0.48391420000000007,41.77980551438571,1140.4467521182835
5.36,0.0,0.01,0.6320512000000001,0.0,41.68143417041661
5.36,0.0,0.20900000000000002,0.6320512000000001,0.0,41.68143417041661
5.36,0.0,0.40800000000000003,0.6320512000000001,0.0,41.68143417041661
5.36,0.0,0.607,0.6320512000000001,0.0,41.68143417041661
5.36,0.0,0.806,0.6320512000000001,0.0,41.68143417041661
5.36,0.0,1.0050000000000001,0.6320512000000001,0.0,41.68143417041661
5.36,0.0,1.2040000000000002,0.6320512000000001,0.0,41.68143417041661
5.36,0.0,1.4030000000000002,0.6320512000000001,0.0,41.68143417041661
5.36,0.0,1.6020000000000003,0.6320512000000001,0.0,41.68143417041661
5.36,0.0,1.8010000000000004,0.6320512000000001,0.0,41.68143417041661
5.36,0.0,2.0,0.6320512000000001,0.0,41.68143417041661
5.36,0.67,0.01,0.6320512000000001,0.001524952139758248,41.72168152495436
5.36,0.67,0.20900000000000002,0.6320512000000001,0.03187149972094739,42.52260388025567
5.36,0.67,0.40800000000000003,0.6320512000000001,0.054474799918336106,43.11916229874599
5.36,0.67,0.607,0.6320512000000001,0.07541823129953859,43.67191256943318
5.36,0.67,0.806,0.6320512000000001,0.10054425407804532,44.335052034944916
5.36,0.67,1.0050000000000001,0.6320512000000001,0.12503896975156442,44.98152970484077
5.36,0.67,1.2040000000000002,0.6320512000000001,0.16466241318344532,46.02729286961943
5.36,0.67,1.4030000000000002,0.6320512000000001,0.20331469378611344,47.04742458428096
5.36,0.67,1.6020000000000003,0.6320512000000001,0.2419669743887816,48.06755629894249
5.36,0.67,1.8010000000000004,0.6320512000000001,0.2806192549914497,49.08768801360402
5.36,0.67,2.0,0.6320512000000001,0.3192715355941177,50.107819728265554
5.36,1.34,0.01,0.6320512000000001,0.006402028307269047,41.85039993421051
5.36,1.34,0.20900000000000002,0.6320512000000001,0.13380239162192312,45.21281863370916
5.36,1.34,0.40800000000000003,0.6320512000000001,0.2460696054027452,48.17583513645589
5.36,1.34,0.607,0.6320512000000001,0.36577294218290296,51.33510978458156
5.36,1.34,0.806,0.6320512000000001,0.5028335026217652,54.952485586290805
5.36,1.34,1.0050000000000001,0.6320512000000001,0.6364503303862841,58.478972548761114
5.36,1.34,1.2040000000000002,0.6320512000000001,0.8097022101593805,63.05152905579067
5.36,1.34,1.4030000000000002,0.6320512000000001,0.978707720330195,67.51201309941263
5.36,1.34,1.6020000000000003,0.6320512000000001,1.1477132305010096,71.9724971430346
5.36,1.34,1.8010000000000004,0.6320512000000001,1.316718740671824,76.43298118665656
5.36,1.34,2.0,0.6320512000000001,1.4857242508426383,80.89346523027852
5.36,2.0100000000000002,0.01,0.6320512000000001,0.014817847843952424,42.07251475590738
5.36,2.0100000000000002,0.20900000000000002,0.6320512000000001,0.3096930199386057,49.85501840717364
5.36,2.0100000000000002,0.40800000000000003,0.6320512000000001,0.5953353237729831,57.39384324873601
5.36,2.0100000000000002,0.607,0.6320512000000001,0.9217462574187328,66.00865562804293
5.36,2.0100000000000002,0.806,0.6320512000000001,1.2898995497992327,75.72515472094466
5.36,2.0100000000000002,1.0050000000000001,0.6320512000000001,1.6488027594566044,85.19752067080864
5.36,2.0100000000000002,1.2040000000000002,0.6320512000000001,2.057510816908046,95.98436286855318
5.36,2.0100000000000002,1.4030000000000002,0.6320512000000001,2.456201520010187,106.50682167909807
5.36,2.0100000000000002,1.6020000000000003,0.6320512000000001,2.8548922231123277,117.02928048964297
5.36,2.0100000000000002,1.8010000000000004,0.6320512000000001,3.253582926214469,127.55173930018788
5.36,2.0100000000000002,2.0,0.6320512000000001,3.652273629316609,138.07419811073277
5.36,2.68,0.01,0.6320512000000001,0.026876887069761882,42.390783385100406
5.36,2.68,0.20900000000000002,0.6320512000000001,0.5617269397580232,56.50683275730805
5.36,2.68,0.40800000000000003,0.6320512000000001,1.1150160639759723,71.10953599218706
5.36,2.68,0.607,0.6320512000000001,1.7763627936733124,88.56415349036837
5.36,2.68,0.806,0.6320512000000001,2.517260269643989,108.11831693857107
5.36,2.68,1.0050000000000001,0.6320512000000001,3.2395422311430404,127.18116974737168
5.36,2.68,1.2040000000000002,0.6320512000000001,3.9890889034399923,146.96360742263664
5.36,2.68,1.4030000000000002,0.6320512000000001,4.720264333768882,166.26118142939023
5.36,2.68,1.6020000000000003,0.6320512000000001,5.451439764097771,185.5587554361438
5.36,2.68,1.8010000000000004,0.6320512000000001,6.182615194426661,204.85632944289736
5.36,2.68,2.0,0.6320512000000001,6.913790624755548,224.1539034496509
5.36,3.35,0.01,0.6320512000000001,0.042654016088505074,42.807181833713955
5.36,3.35,0.20900000000000002,0.6320512000000001,0.8914689362497563,65.2095603333313
5.36,3.35,0.40800000000000003,0.6320512000000001,1.814761746023273,89.57759922995217
5.36,3.35,0.607,0.6320512000000001,2.955313970771383,119.6796650990745
5.36,3.35,0.806,0.6320512000000001,4.228711514388253,153.2878558542143
5.36,3.35,1.0050000000000001,0.6320512000000001,5.470114144848921,186.05161970595864
5.36,3.35,1.2040000000000002,0.6320512000000001,6.667995286308663,217.6667410841701
5.36,3.35,1.4030000000000002,0.6320512000000001,7.836516595869884,248.50698203644498
5.36,3.35,1.6020000000000003,0.6320512000000001,9.005037905431104,279.34722298871986
5.36,3.35,1.8010000000000004,0.6320512000000001,10.173559214992322,310.18746394099475
5.36,3.35,2.0,0.6320512000000001,11.34208052455354,341.0277048932696
5.36,4.0200000000000005,0.01,0.6320512000000001,0.06220803845347431,43.32326207665645
5.36,4.0200000000000005,0.20900000000000002,0.6320512000000001,1.3001480036776134,75.9956374108292
5.36,4.0200000000000005,0.40800000000000003,0.6320512000000001,2.7024580750788445,113.00615672096079
5.36,4.0200000000000005,0.607,0.6320512000000001,4.480006209710819,159.92016019506244
5.36,4.0200000000000005,0.806,0.6320512000000001,6.461107350156561,212.20644374184297
5.36,4.0200000000000005,1.0050000000000001,0.6320512000000001,8.39243208003834,263.17900157136773
5.36,4.0200000000000005,1.2040000000000002,0.6320512000000001,10.147516795308333,309.50013843698997
5.36,4.0200000000000005,1.4030000000000002,0.6320512000000001,11.859584728341316,354.68595332061165
5.36,4.0200000000000005,1.6020000000000003,0.6320512000000001,13.571652661374301,399.8717682042333
5.36,4.0200000000000005,1.8010000000000004,0.6320512000000001,15.283720594407285,445.057583087855
5.36,4.0200000000000005,2.0,0.6320512000000001,16.995788527440265,490.24339797147667
5.36,4.69,0.01,0.6320512000000001,0.08558755806434012,43.94030689410893
5.36,4.69,0.20900000000000002,0.6320512000000001,1.7887799635447088,88.89187409558608
5.36,4.69,0.40800000000000003,0.6320512000000001,3.7848297990036617,141.57269161650748
5.36,4.69,0.607,0.6320512000000001,6.368975598164207,209.77485314306617
5.36,4.69,0.806,0.6320512000000001,9.246606902668006,285.7228414908617
5.36,4.69,1.0050000000000001,0.6320512000000001,12.05193591308879,359.76258892539596
5.36,4.69,1.2040000000000002,0.6320512000000001,14.474020095479547,423.68753336622405
5.36,4.69,1.4030000000000002,0.6320512000000001,16.836739469478374,486.0456899531103
5.36,4.69,1.6020000000000003,0.6320512000000001,19.199458843477203,548.4038465399966
5.36,4.69,1.8010000000000004,0.6320512000000001,21.562178217476024,610.7620031268827
5.36,4.69,2.0,0.6320512000000001,23.924897591474846,673.1201597137688
5.36,5.36,0.01,0.6320512000000001,0.1128340931795845,44.65941205821097
5.36,5.36,0.20900000000000002,0.6320512000000001,2.358232547453316,103.92117202531878
5.36,5.36,0.40800000000000003,0.6320512000000001,5.06777177215156,175.4327840734652
5.36,5.36,0.607,0.6320512000000001,8.638677290433149,269.6780371985153
5.36,5.36,0.806,0.6320512000000001,12.613939681776861,374.5952937298423
5.36,5.36,1.0050000000000001,0.6320512000000001,16.489321108513945,476.87643828802027
5.36,5.36,1.2040000000000002,0.6320512000000001,19.68883203655717,561.3196462491501
5.36,5.36,1.4030000000000002,0.6320512000000001,22.809923579109142,643.6931677406443
5.36,5.36,1.6020000000000003,0.6320512000000001,25.931015121661112,726.0666892321385
5.36,5.36,1.8010000000000004,0.6320512000000001,29.05210666421308,808.4402107236327
5.36,5.36,2.0,0.6320512000000001,32.17319820676504,890.8137322151267
5.36,6.03,0.01,0.6320512000000001,0.14398393825089742,45.48153547159232
5.36,6.03,0.20900000000000002,0.6320512000000001,3.0092643094437563,121.10355136498913
5.36,6.03,0.40800000000000003,0.6320512000000001,6.556552253916933,214.7254768185627
5.36,6.03,0.607,0.6320512000000001,11.3039767406637,340.0220493979519
5.36,6.03,0.806,0.6320512000000001,16.58919872674537,479.51246194184057
5.36,6.03,1.0050000000000001,0.6320512000000001,21.74162619056368,615.4980902509582
5.36,6.03,1.2040000000000002,0.6320512000000001,25.829414772623377,723.3851983431656
5.36,6.03,1.4030000000000002,0.6320512000000001,29.81701245806396,828.628014570368
5.36,6.03,1.6020000000000003,0.6320512000000001,33.80461014350454,933.8708307975703
5.36,6.03,1.8010000000000004,0.6320512000000001,37.79220782894513,1039.113647024773
5.36,6.03,2.0,0.6320512000000001,41.77980551438571,1144.356463251975
6.03,0.0,0.01,0.7999398,0.0,46.11244012193352
6.03,0.0,0.20900000000000002,0.7999398,0.0,46.11244012193352
6.03,0.0,0.40800000000000003,0.7999398,0.0,46.11244012193352
6.03,0.0,0.607,0.7999398,0.0,46.11244012193352
6.03,0.0,0.806,0.7999398,0.0,46.11244012193352
6.03,0.0,1.0050000000000001,0.7999398,0.0,46.11244012193352
6.03,0.0,1.2040000000000002,0.7999398,0.0,46.11244012193352
6.03,0.0,1.4030000000000002,0.7999398,0.0,46.11244012193352
6.03,0.0,1.6020000000000003,0.7999398,0.0,46.11244012193352
6.03,0.0,1.8010000000000004,0.7999398,0.0,46.11244012193352
6.03,0.0,2.0,0.7999398,0.0,46.11244012193352
6.03,0.67,0.01,0.7999398,0.001524952139758248,46.15268747647127
6.03,0.67,0.20900000000000002,0.7999398,0.03187149972094739,46.95360983177258
6.03,0.67,0.40800000000000003,0.7999398,0.054474799918336106,47.5501682502629
6.03,0.67,0.607,0.7999398,0.07541823129953859,48.10291852095009
6.03,0.67,0.806,0.7999398,0.10054425407804532,48.766057986461824
6.03,0.67,1.0050000000000001,0.7999398,0.12503896975156442,49.412535656357676
6.03,0.67,1.2040000000000002,0.7999398,0.16466241318344532,50.45829882113634
6.03,0.67,1.4030000000000002,0.7999398,0.20331469378611344,51.47843053579787
6.03,0.67,1.6020000000000003,0.7999398,0.2419669743887816,52.4985622504594
6.03,0.67,1.8010000000000004,0.7999398,0.2806192549914497,53.51869396512093
6.03,0.67,2.0,0.7999398,0.3192715355941177,54.53882567978246
6.03,1.34,0.01,0.7999398,0.006402028307269047,46.281405885727416
6.03,1.34,0.20900000000000002,0.7999398,0.13380239162192312,49.643824585226064
6.03,1.34,0.40800000000000003,0.7999398,0.2460696054027452,52.606841087972796
6.03,1.34,0.607,0.7999398,0.36577294218290296,55.76611573609847
6.03,1.34,0.806,0.7999398,0.5028335026217652,59.38349153780771
6.03,1.34,1.0050000000000001,0.7999398,0.6364503303862841,62.909978500278015
6.03,1.34,1.2040000000000002,0.7999398,0.8097022101593805,67.48253500730758
6.03,1.34,1.4030000000000002,0.7999398,0.978707720330195,71.94301905092954
6.03,1.34,1.6020000000000003,0.7999398,1.1477132305010096,76.40350309455151
6.03,1.34,1.8010000000000004,0.7999398,1.316718740671824,80.86398713817347
6.03,1.34,2.0,0.7999398,1.4857242508426383,85.32447118179542
6.03,2.0100000000000002,0.01,0.7999398,0.014817847843952424,46.503520707424286
6.03,2.0100000000000002,0.20900000000000002,0.7999398,0.3096930199386057,54.286024358690554
6.03,2.0100000000000002,0.40800000000000003,0.7999398,0.5953353237729831,61.82484920025292
6.03,2.0100000000000002,0.607,0.7999398,0.9217462574187328,70.43966157955984
6.03,2.0100000000000002,0.806,0.7999398,1.2898995497992327,80.15616067246157
6.03,2.0100000000000002,1.0050000000000001,0.7999398,1.6488027594566044,89.62852662232555
6.03,2.0100000000000002,1.2040000000000002,0.7999398,2.057510816908046,100.41536882007009
6.03,2.0100000000000002,1.4030000000000002,0.7999398,2.456201520010187,110.93782763061499
6.03,2.0100000000000002,1.6020000000000003,0.7999398,2.8548922231123277,121.4602864411599
6.03,2.0100000000000002,1.8010000000000004,0.7999398,3.253582926214469,131.98274525170478
6.03,2.0100000000000002,2.0,0.7999398,3.652273629316609,142.50520406224967
6.03,2.68,0.01,0.7999398,0.026876887069761882,46.821789336617314
6.03,2.68,0.20900000000000002,0.7999398,0.5617269397580232,60.93783870882495
6.03,2.68,0.40800000000000003,0.7999398,1.1150160639759723,75.54054194370397
6.03,2.68,0.607,0.7999398,1.7763627936733124,92.99515944188528
6.03,2.68,0.806,0.7999398,2.517260269643989,112.54932289008798
6.03,2.68,1.0050000000000001,0.7999398,3.2395422311430404,131.61217569888862
6.03,2.68,1.2040000000000002,0.7999398,3.9890889034399923,151.39461337415358
6.03,2.68,1.4030000000000002,0.7999398,4.720264333768882,170.69218738090717
6.03,2.68,1.6020000000000003,0.7999398,5.451439764097771,189.9897613876607
6.03,2.68,1.8010000000000004,0.7999398,6.182615194426661,209.28733539441427
6.03,2.68,2.0,0.7999398,6.913790624755548,228.5849094011678
6.03,3.35,0.01,0.7999398,0.042654016088505074,47.23818778523086
6.03,3.35,0.20900000000000002,0.7999398,0.8914689362497563,69.6405662848482
6.03,3.35,0.40800000000000003,0.7999398,1.814761746023273,94.00860518146908
6.03,3.35,0.607,0.7999398,2.955313970771383,124.11067105059139
6.03,3.35,0.806,0.7999398,4.228711514388253,157.71886180573122
6.03,3.35,1.0050000000000001,0.7999398,5.470114144848921,190.48262565747555
6.03,3.35,1.2040000000000002,0.7999398,6.667995286308663,222.097747035687
6.03,3.35,1.4030000000000002,0.7999398,7.836516595869884,252.93798798796192
6.03,3.35,1.6020000000000003,0.7999398,9.005037905431104,283.77822894023683
6.03,3.35,1.8010000000000004,0.7999398,10.173559214992322,314.61846989251165
6.03,3.35,2.0,0.7999398,11.34208052455354,345.4587108447865
6.03,4.0200000000000005,0.01,0.7999398,0.06220803845347431,47.75426802817335
6.03,4.0200000000000005,0.20900000000000002,0.7999398,1.3001480036776134,80.42664336234611
6.03,4.0200000000000005,0.40800000000000003,0.7999398,2.7024580750788445,117.43716267247771
6.03,4.0200000000000005,0.607,0.7999398,4.480006209710819,164.35116614657935
6.03,4.0200000000000005,0.806,0.7999398,6.461107350156561,216.6374496933599
6.03,4.0200000000000005,1.0050000000000001,0.7999398,8.39243208003834,267.61000752288464
6.03,4.0200000000000005,1.2040000000000002,0.7999398,10.147516795308333,313.9311443885069
6.03,4.0200000000000005,1.4030000000000002,0.7999398,11.859584728341316,359.11695927212855
6.03,4.0200000000000005,1.6020000000000003,0.7999398,13.571652661374301,404.3027741557502
6.03,4.0200000000000005,1.8010000000000004,0.7999398,15.283720594407285,449.48858903937196
6.03,4.0200000000000005,2.0,0.7999398,16.995788527440265,494.6744039229935
6.03,4.69,0.01,0.7999398,0.08558755806434012,48.37131284562584
6.03,4.69,0.20900000000000002,0.7999398,1.7887799635447088,93.32288004710298
6.03,4.69,0.40800000000000003,0.7999398,3.7848297990036617,146.00369756802442
6.03,4.69,0.607,0.7999398,6.368975598164207,214.20585909458308
6.03,4.69,0.806,0.7999398,9.246606902668006,290.1538474423786
6.03,4.69,1.0050000000000001,0.7999398,12.05193591308879,364.19359487691287
6.03,4.69,1.2040000000000002,0.7999398,14.474020095479547,428.11853931774095
6.03,4.69,1.4030000000000002,0.7999398,16.836739469478374,490.47669590462715
6.03,4.69,1.6020000000000003,0.7999398,19.199458843477203,552.8348524915134
6.03,4.69,1.8010000000000004,0.7999398,21.562178217476024,615.1930090783995
6.03,4.69,2.0,0.7999398,23.924897591474846,677.5511656652857
6.03,5.36,0.01,0.7999398,0.1128340931795845,49.09041800972788
6.03,5.36,0.20900000000000002,0.7999398,2.358232547453316,108.35217797683569
6.03,5.36,0.40800000000000003,0.7999398,5.06777177215156,179.8637900249821
6.03,5.36,0.607,0.7999398,8.638677290433149,274.1090431500322
6.03,5.36,0.806,0.7999398,12.613939681776861,379.0262996813592
6.03,5.36,1.0050000000000001,0.7999398,16.489321108513945,481.3074442395371
6.03,5.36,1.2040000000000002,0.7999398,19.68883203655717,565.7506522006669
6.03,5.36,1.4030000000000002,0.7999398,22.809923579109142,648.1241736921611
6.03,5.36,1.6020000000000003,0.7999398,25.931015121661112,730.4976951836553
6.03,5.36,1.8010000000000004,0.7999398,29.05210666421308,812.8712166751495
6.03,5.36,2.0,0.7999398,32.17319820676504,895.2447381666436
6.03,6.03,0.01,0.7999398,0.14398393825089742,49.91254142310923
6.03,6.03,0.20900000000000002,0.7999398,3.0092643094437563,125.53455731650605
6.03,6.03,0.40800000000000003,0.7999398,6.556552253916933,219.1564827700796
6.03,6.03,0.607,0.7999398,11.3039767406637,344.4530553494688
6.03,6.03,0.806,0.7999398,16.58919872674537,483.9434678933575
6.03,6.03,1.0050000000000001,0.7999398,21.74162619056368,619.929096202475
6.03,6.03,1.2040000000000002,0.7999398,25.829414772623377,727.8162042946825
6.03,6.03,1.4030000000000002,0.7999398,29.81701245806396,833.0590205218849
6.03,6.03,1.6020000000000003,0.7999398,33.80461014350454,938.3018367490872
6.03,6.03,1.8010000000000004,0.7999398,37.79220782894513,1043.5446529762896
6.03,6.03,2.0,0.7999398,41.77980551438571,1148.7874692034918
