0.0,0.51,0.01,0.0,0.002174088729038088,25.06068364648161
0.0,0.51,0.20900000000000002,0.0,0.040531743967364656,26.131331021290457
0.0,0.51,0.40800000000000003,0.0,0.08667927700288072,27.419411191764798
0.0,0.51,0.607,0.0,0.17064356045832058,29.763040881867678
0.0,0.51,0.806,0.0,0.2785444958625319,32.774795706612736
0.0,0.51,1.0050000000000001,0.0,0.38373435248774285,35.71087829958028
0.0,0.51,1.2040000000000002,0.0,0.49434636667095455,38.79830535610286
0.0,0.51,1.4030000000000002,0.0,0.6022473020751657,41.81006018084791
0.0,0.51,1.6020000000000003,0.0,0.710148237479377,44.82181500559297
0.0,0.51,1.8010000000000004,0.0,0.8180491728835884,47.83356983033803
0.0,0.51,2.0,0.0,0.9259501082877993,50.845324655083076
0.0,1.02,0.01,0.0,0.008578110683502654,25.23943412669644
0.0,1.02,0.20900000000000002,0.0,0.17634614996641118,29.922212824170064
0.0,1.02,0.40800000000000003,0.0,0.3873720483315314,35.812414472250545
0.0,1.02,0.607,0.0,0.7508940624599494,45.959121503574146
0.0,1.02,0.806,0.0,1.2124386231025717,58.84185557944577
0.0,1.02,1.0050000000000001,0.0,1.662386586744123,71.40090286949146
0.0,1.02,1.2040000000000002,0.0,2.1355277443878165,84.60732373118901
0.0,1.02,1.4030000000000002,0.0,2.5970723050304385,97.49005780706065
0.0,1.02,1.6020000000000003,0.0,3.058616865673061,110.37279188293228
0.0,1.02,1.8010000000000004,0.0,3.520161426315683,123.25552595880389
0.0,1.02,2.0,0.0,3.9817059869583047,136.13826003467548
0.0,1.53,0.01,0.0,0.019146800171226733,25.534429730178882
0.0,1.53,0.20900000000000002,0.0,0.4173250135687995,36.648468276889226
0.0,1.53,0.40800000000000003,0.0,0.9299919383218164,50.958141110845474
0.0,1.53,0.607,0.0,1.7866537015155437,74.86947412022195
0.0,1.53,0.806,0.0,2.866405899407878,105.00775678986781
0.0,1.53,1.0050000000000001,0.0,3.919028645091862,134.38879617635672
0.0,1.53,1.2040000000000002,0.0,5.025910295192547,165.28432212915953
0.0,1.53,1.4030000000000002,0.0,6.105662493084882,195.42260479880542
0.0,1.53,1.6020000000000003,0.0,7.1854146909772165,225.56088746845128
0.0,1.53,1.8010000000000004,0.0,8.26516688886955,255.69917013809712
0.0,1.53,2.0,0.0,9.344919086761882,285.8374528077429
0.0,2.04,0.01,0.0,0.03384589686501856,25.94471417508272
0.0,2.04,0.20900000000000002,0.0,0.7693981649149212,46.47561211264595
0.0,2.04,0.40800000000000003,0.0,1.731182088879625,73.3211381733021
0.0,2.04,0.607,0.0,3.304945515958937,117.24837176731639
0.0,2.04,0.806,0.0,5.2780973873844435,172.32342414252102
0.0,2.04,1.0050000000000001,0.0,7.201672578623378,226.01468123191648
0.0,2.04,1.2040000000000002,0.0,9.224401130235458,282.47352889293035
0.0,2.04,1.4030000000000002,0.0,11.197553001660962,337.54858126813497
0.0,2.04,1.6020000000000003,0.0,13.17070487308647,392.6236336433396
0.0,2.04,1.8010000000000004,0.0,15.143856744511977,447.69868601854427
0.0,2.04,2.0,0.0,17.11700861593748,502.77373839374883
0.0,2.55,0.01,0.0,0.05265165098110697,26.4696245521793
0.0,2.55,0.20900000000000002,0.0,1.2369728838607075,59.52666130363215
0.0,2.55,0.40800000000000003,0.0,2.8032728381733163,103.24557279153804
0.0,2.55,0.607,0.0,5.325656921480157,173.65091639955108
0.0,2.55,0.806,0.0,8.475046333187333,261.5573717067021
0.0,2.55,1.0050000000000001,0.0,11.545305357665683,347.25512210663817
0.0,2.55,1.2040000000000002,0.0,14.773825156601683,437.370282321004
0.0,2.55,1.4030000000000002,0.0,17.92321456830886,525.2767376281552
0.0,2.55,1.6020000000000003,0.0,21.072603980016037,613.1831929353061
0.0,2.55,1.8010000000000004,0.0,24.221993391723213,701.0896482424571
0.0,2.55,2.0,0.0,27.371382803430382,788.9961035496079
0.0,3.06,0.01,0.0,0.07554584544318897,27.10865238239713
0.0,3.06,0.20900000000000002,0.0,1.8236018434650516,75.90077884770119
0.0,3.06,0.40800000000000003,0.0,4.1561815977423,141.0082619545896
0.0,3.06,0.607,0.0,7.864708018962018,244.52147340138387
0.0,3.06,0.806,0.0,12.479193086376002,373.3220033822915
0.0,3.06,1.0050000000000001,0.0,16.977736317925313,498.8863391425732
0.0,3.06,1.2040000000000002,0.0,21.708163221203968,630.9230633441067
0.0,3.06,1.4030000000000002,0.0,26.322648288617955,759.7235933250143
0.0,3.06,1.6020000000000003,0.0,30.93713335603194,888.524123305922
0.0,3.06,1.8010000000000004,0.0,35.55161842344592,1017.3246532868295
0.0,3.06,2.0,0.0,40.1661034908599,1146.125183267737
0.0,3.5700000000000003,0.01,0.0,0.10251369946454716,27.861385101141252
0.0,3.5700000000000003,0.20900000000000002,0.0,2.532281852424492,95.68161233341965
0.0,3.5700000000000003,0.40800000000000003,0.0,5.7982598879623435,186.8423151502611
0.0,3.5700000000000003,0.607,0.0,10.935455819139031,330.2328666169559
0.0,3.5700000000000003,0.806,0.0,17.3088798030217,508.1292894950038
0.0,3.5700000000000003,1.0050000000000001,0.0,23.52216750590229,681.5559530042564
0.0,3.5700000000000003,1.2040000000000002,0.0,30.055727770787037,863.9221352510995
0.0,3.5700000000000003,1.4030000000000002,0.0,36.429151754669704,1041.8185581291473
0.0,3.5700000000000003,1.6020000000000003,0.0,42.80257573855238,1219.714981007195
0.0,3.5700000000000003,1.8010000000000004,0.0,49.17599972243504,1397.611403885243
0.0,3.5700000000000003,2.0,0.0,55.5494237063177,1575.5078267632905
0.0,4.08,0.01,0.0,0.13354277845826518,28.727475631465595
0.0,4.08,0.20900000000000002,0.0,3.365616090098073,118.94182228003979
0.0,4.08,0.40800000000000003,0.0,7.736752303072433,240.9499450986818
0.0,4.08,0.607,0.0,14.549451886427239,431.1075258725986
0.0,4.08,0.806,0.0,22.9799224713354,666.4206894133242
0.0,4.08,1.0050000000000001,0.0,31.19857218727601,895.8214619103128
0.0,4.08,1.2040000000000002,0.0,39.840863641151714,1137.0470164947753
0.0,4.08,1.4030000000000002,0.0,48.27133422605987,1372.360180035501
0.0,4.08,1.6020000000000003,0.0,56.70180481096803,1607.6733435762264
0.0,4.08,1.8010000000000004,0.0,65.13227539587619,1842.9865071169522
0.0,4.08,2.0,0.0,73.56274598078433,2078.299670657677
0.0,4.59,0.01,0.0,0.16862235285083693,29.70662448713629
0.0,4.59,0.20900000000000002,0.0,4.325912884252525,145.74583924381676
0.0,4.59,0.40800000000000003,0.0,9.978075469647298,303.51025410302117
0.0,4.59,0.607,0.0,18.71690128213297,547.4302971013988
0.0,4.59,0.806,0.0,29.50625826529906,848.5852206265474
0.0,4.59,1.0050000000000001,0.0,40.02452587702881,1142.173437530461
0.0,4.59,1.2040000000000002,0.0,51.084972231631234,1450.8950676768445
0.0,4.59,1.4030000000000002,0.0,61.87432921479732,1752.049991201993
0.0,4.59,1.6020000000000003,0.0,72.6636861979634,2053.2049147271414
0.0,4.59,1.8010000000000004,0.0,83.4530431811295,2354.3598382522905
0.0,4.59,2.0,0.0,94.24240016429556,2655.5147617774383
0.51,0.0,0.01,0.011080260000000001,0.0,25.309274673008325
0.51,0.0,0.20900000000000002,0.011080260000000001,0.0,25.309274673008325
0.51,0.0,0.40800000000000003,0.011080260000000001,0.0,25.309274673008325
0.51,0.0,0.607,0.011080260000000001,0.0,25.309274673008325
0.51,0.0,0.806,0.011080260000000001,0.0,25.309274673008325
0.51,0.0,1.0050000000000001,0.011080260000000001,0.0,25.309274673008325
0.51,0.0,1.2040000000000002,0.011080260000000001,0.0,25.309274673008325
0.51,0.0,1.4030000000000002,0.011080260000000001,0.0,25.309274673008325
0.51,0.0,1.6020000000000003,0.011080260000000001,0.0,25.309274673008325
0.51,0.0,1.8010000000000004,0.011080260000000001,0.0,25.309274673008325
0.51,0.0,2.0,0.011080260000000001,0.0,25.309274673008325
0.51,0.51,0.01,0.011080260000000001,0.002174088729038088,25.369958319489935
0.51,0.51,0.20900000000000002,0.011080260000000001,0.040531743967364656,26.440605694298778
0.51,0.51,0.40800000000000003,0.011080260000000001,0.08667927700288072,27.728685864773123
0.51,0.51,0.607,0.011080260000000001,0.17064356045832058,30.072315554876003
0.51,0.51,0.806,0.011080260000000001,0.2785444958625319,33.08407037962106
0.51,0.51,1.0050000000000001,0.011080260000000001,0.38373435248774285,36.020152972588605
0.51,0.51,1.2040000000000002,0.011080260000000001,0.49434636667095455,39.107580029111176
0.51,0.51,1.4030000000000002,0.011080260000000001,0.6022473020751657,42.11933485385623
0.51,0.51,1.6020000000000003,0.011080260000000001,0.710148237479377,45.13108967860129
0.51,0.51,1.8010000000000004,0.011080260000000001,0.8180491728835884,48.14284450334635
0.51,0.51,2.0,0.011080260000000001,0.9259501082877993,51.1545993280914
0.51,1.02,0.01,0.011080260000000001,0.008578110683502654,25.548708799704762
0.51,1.02,0.20900000000000002,0.011080260000000001,0.17634614996641118,30.23148749717839
0.51,1.02,0.40800000000000003,0.011080260000000001,0.3873720483315314,36.12168914525887
0.51,1.02,0.607,0.011080260000000001,0.7508940624599494,46.26839617658247
0.51,1.02,0.806,0.011080260000000001,1.2124386231025717,59.15113025245409
0.51,1.02,1.0050000000000001,0.011080260000000001,1.662386586744123,71.71017754249979
0.51,1.02,1.2040000000000002,0.011080260000000001,2.1355277443878165,84.91659840419734
0.51,1.02,1.4030000000000002,0.011080260000000001,2.5970723050304385,97.79933248006897
0.51,1.02,1.6020000000000003,0.011080260000000001,3.058616865673061,110.6820665559406
0.51,1.02,1.8010000000000004,0.011080260000000001,3.520161426315683,123.56480063181222
0.51,1.02,2.0,0.011080260000000001,3.9817059869583047,136.44753470768381
0.51,1.53,0.01,0.011080260000000001,0.019146800171226733,25.843704403187207
0.51,1.53,0.20900000000000002,0.011080260000000001,0.4173250135687995,36.95774294989755
0.51,1.53,0.40800000000000003,0.011080260000000001,0.9299919383218164,51.26741578385379
0.51,1.53,0.607,0.011080260000000001,1.7866537015155437,75.17874879323028
0.51,1.53,0.806,0.011080260000000001,2.866405899407878,105.31703146287613
0.51,1.53,1.0050000000000001,0.011080260000000001,3.919028645091862,134.69807084936508
0.51,1.53,1.2040000000000002,0.011080260000000001,5.025910295192547,165.59359680216787
0.51,1.53,1.4030000000000002,0.011080260000000001,6.105662493084882,195.73187947181376
0.51,1.53,1.6020000000000003,0.011080260000000001,7.1854146909772165,225.87016214145962
0.51,1.53,1.8010000000000004,0.011080260000000001,8.26516688886955,256.00844481110545
0.51,1.53,2.0,0.011080260000000001,9.344919086761882,286.1467274807513
0.51,2.04,0.01,0.011080260000000001,0.03384589686501856,26.253988848091044
0.51,2.04,0.20900000000000002,0.011080260000000001,0.7693981649149212,46.784886785654265
0.51,2.04,0.40800000000000003,0.011080260000000001,1.731182088879625,73.63041284631043
0.51,2.04,0.607,0.011080260000000001,3.304945515958937,117.55764644032472
0.51,2.04,0.806,0.011080260000000001,5.2780973873844435,172.63269881552935
0.51,2.04,1.0050000000000001,0.011080260000000001,7.201672578623378,226.3239559049248
0.51,2.04,1.2040000000000002,0.011080260000000001,9.224401130235458,282.7828035659387
0.51,2.04,1.4030000000000002,0.011080260000000001,11.197553001660962,337.85785594114327
0.51,2.04,1.6020000000000003,0.011080260000000001,13.17070487308647,392.93290831634795
0.51,2.04,1.8010000000000004,0.011080260000000001,15.143856744511977,448.0079606915526
0.51,2.04,2.0,0.011080260000000001,17.11700861593748,503.08301306675713
0.51,2.55,0.01,0.011080260000000001,0.05265165098110697,26.778899225187626
0.51,2.55,0.20900000000000002,0.011080260000000001,1.2369728838607075,59.83593597664047
0.51,2.55,0.40800000000000003,0.011080260000000001,2.8032728381733163,103.55484746454637
0.51,2.55,0.607,0.011080260000000001,5.325656921480157,173.9601910725594
0.51,2.55,0.806,0.011080260000000001,8.475046333187333,261.86664637971046
0.51,2.55,1.0050000000000001,0.011080260000000001,11.545305357665683,347.56439677964653
0.51,2.55,1.2040000000000002,0.011080260000000001,14.773825156601683,437.6795569940124
0.51,2.55,1.4030000000000002,0.011080260000000001,17.92321456830886,525.5860123011635
0.51,2.55,1.6020000000000003,0.011080260000000001,21.072603980016037,613.4924676083144
0.51,2.55,1.8010000000000004,0.011080260000000001,24.221993391723213,701.3989229154654
0.51,2.55,2.0,0.011080260000000001,27.371382803430382,789.3053782226162
0.51,3.06,0.01,0.011080260000000001,0.07554584544318897,27.417927055405453
0.51,3.06,0.20900000000000002,0.011080260000000001,1.8236018434650516,76.21005352070952
0.51,3.06,0.40800000000000003,0.011080260000000001,4.1561815977423,141.31753662759795
0.51,3.06,0.607,0.011080260000000001,7.864708018962018,244.83074807439218
0.51,3.06,0.806,0.011080260000000001,12.479193086376002,373.6312780552998
0.51,3.06,1.0050000000000001,0.011080260000000001,16.977736317925313,499.1956138155815
0.51,3.06,1.2040000000000002,0.011080260000000001,21.708163221203968,631.2323380171149
0.51,3.06,1.4030000000000002,0.011080260000000001,26.322648288617955,760.0328679980225
0.51,3.06,1.6020000000000003,0.011080260000000001,30.93713335603194,888.8333979789302
0.51,3.06,1.8010000000000004,0.011080260000000001,35.55161842344592,1017.6339279598378
0.51,3.06,2.0,0.011080260000000001,40.1661034908599,1146.4344579407455
0.51,3.5700000000000003,0.01,0.011080260000000001,0.10251369946454716,28.170659774149577
0.51,3.5700000000000003,0.20900000000000002,0.011080260000000001,2.532281852424492,95.99088700642798
0.51,3.5700000000000003,0.40800000000000003,0.011080260000000001,5.7982598879623435,187.1515898232694
0.51,3.5700000000000003,0.607,0.011080260000000001,10.935455819139031,330.54214128996426
0.51,3.5700000000000003,0.806,0.011080260000000001,17.3088798030217,508.4385641680121
0.51,3.5700000000000003,1.0050000000000001,0.011080260000000001,23.52216750590229,681.8652276772647
0.51,3.5700000000000003,1.2040000000000002,0.011080260000000001,30.055727770787037,864.2314099241078
0.51,3.5700000000000003,1.4030000000000002,0.011080260000000001,36.429151754669704,1042.1278328021558
0.51,3.5700000000000003,1.6020000000000003,0.011080260000000001,42.80257573855238,1220.0242556802036
0.51,3.5700000000000003,1.8010000000000004,0.011080260000000001,49.17599972243504,1397.9206785582512
0.51,3.5700000000000003,2.0,0.011080260000000001,55.5494237063177,1575.8171014362988
0.51,4.08,0.01,0.011080260000000001,0.13354277845826518,29.036750304473916
0.51,4.08,0.20900000000000002,0.011080260000000001,3.365616090098073,119.25109695304812
0.51,4.08,0.40800000000000003,0.011080260000000001,7.736752303072433,241.25921977169014
0.51,4.08,0.607,0.011080260000000001,14.549451886427239,431.4168005456069
0.51,4.08,0.806,0.011080260000000001,22.9799224713354,666.7299640863324
0.51,4.08,1.0050000000000001,0.011080260000000001,31.19857218727601,896.1307365833211
0.51,4.08,1.2040000000000002,0.011080260000000001,39.840863641151714,1137.3562911677836
0.51,4.08,1.4030000000000002,0.011080260000000001,48.27133422605987,1372.6694547085094
0.51,4.08,1.6020000000000003,0.011080260000000001,56.70180481096803,1607.982618249235
0.51,4.08,1.8010000000000004,0.011080260000000001,65.13227539587619,1843.2957817899608
0.51,4.08,2.0,0.011080260000000001,73.56274598078433,2078.6089453306854
0.51,4.59,0.01,0.011080260000000001,0.16862235285083693,30.015899160144613
0.51,4.59,0.20900000000000002,0.011080260000000001,4.325912884252525,146.05511391682506
0.51,4.59,0.40800000000000003,0.011080260000000001,9.978075469647298,303.81952877602953
0.51,4.59,0.607,0.011080260000000001,18.71690128213297,547.7395717744071
0.51,4.59,0.806,0.011080260000000001,29.50625826529906,848.8944952995557
0.51,4.59,1.0050000000000001,0.011080260000000001,40.02452587702881,1142.4827122034692
0.51,4.59,1.2040000000000002,0.011080260000000001,51.084972231631234,1451.2043423498528
0.51,4.59,1.4030000000000002,0.011080260000000001,61.87432921479732,1752.3592658750015
0.51,4.59,1.6020000000000003,0.011080260000000001,72.6636861979634,2053.51418940015
0.51,4.59,1.8010000000000004,0.011080260000000001,83.4530431811295,2354.6691129252986
0.51,4.59,2.0,0.011080260000000001,94.24240016429556,2655.8240364504463
1.02,0.0,0.01,0.044321040000000006,0.0,26.237098692033292
1.02,0.0,0.20900000000000002,0.044321040000000006,0.0,26.237098692033292
1.02,0.0,0.40800000000000003,0.044321040000000006,0.0,26.237098692033292
1.02,0.0,0.607,0.044321040000000006,0.0,26.237098692033292
1.02,0.0,0.806,0.044321040000000006,0.0,26.237098692033292
1.02,0.0,1.0050000000000001,0.044321040000000006,0.0,26.237098692033292
1.02,0.0,1.2040000000000002,0.044321040000000006,0.0,26.237098692033292
1.02,0.0,1.4030000000000002,0.044321040000000006,0.0,26.237098692033292
1.02,0.0,1.6020000000000003,0.044321040000000006,0.0,26.237098692033292
1.02,0.0,1.8010000000000004,0.044321040000000006,0.0,26.237098692033292
1.02,0.0,2.0,0.044321040000000006,0.0,26.237098692033292
1.02,0.51,0.01,0.044321040000000006,0.002174088729038088,26.297782338514907
1.02,0.51,0.20900000000000002,0.044321040000000006,0.040531743967364656,27.36842971332375
1.02,0.51,0.40800000000000003,0.044321040000000006,0.08667927700288072,28.656509883798094
1.02,0.51,0.607,0.044321040000000006,0.17064356045832058,31.000139573900974
1.02,0.51,0.806,0.044321040000000006,0.2785444958625319,34.011894398646035
1.02,0.51,1.0050000000000001,0.044321040000000006,0.38373435248774285,36.94797699161357
1.02,0.51,1.2040000000000002,0.044321040000000006,0.49434636667095455,40.03540404813615
1.02,0.51,1.4030000000000002,0.044321040000000006,0.6022473020751657,43.047158872881205
1.02,0.51,1.6020000000000003,0.044321040000000006,0.710148237479377,46.05891369762627
1.02,0.51,1.8010000000000004,0.044321040000000006,0.8180491728835884,49.07066852237132
1.02,0.51,2.0,0.044321040000000006,0.9259501082877993,52.082423347116375
1.02,1.02,0.01,0.044321040000000006,0.008578110683502654,26.476532818729734
1.02,1.02,0.20900000000000002,0.044321040000000006,0.17634614996641118,31.15931151620336
1.02,1.02,0.40800000000000003,0.044321040000000006,0.3873720483315314,37.04951316428384
1.02,1.02,0.607,0.044321040000000006,0.7508940624599494,47.19622019560744
1.02,1.02,0.806,0.044321040000000006,1.2124386231025717,60.07895427147906
1.02,1.02,1.0050000000000001,0.044321040000000006,1.662386586744123,72.63800156152476
1.02,1.02,1.2040000000000002,0.044321040000000006,2.1355277443878165,85.84442242322231
1.02,1.02,1.4030000000000002,0.044321040000000006,2.5970723050304385,98.72715649909394
1.02,1.02,1.6020000000000003,0.044321040000000006,3.058616865673061,111.60989057496556
1.02,1.02,1.8010000000000004,0.044321040000000006,3.520161426315683,124.49262465083717
1.02,1.02,2.0,0.044321040000000006,3.9817059869583047,137.37535872670878
1.02,1.53,0.01,0.044321040000000006,0.019146800171226733,26.771528422212175
1.02,1.53,0.20900000000000002,0.044321040000000006,0.4173250135687995,37.88556696892252
1.02,1.53,0.40800000000000003,0.044321040000000006,0.9299919383218164,52.195239802878774
1.02,1.53,0.607,0.044321040000000006,1.7866537015155437,76.10657281225525
1.02,1.53,0.806,0.044321040000000006,2.866405899407878,106.2448554819011
1.02,1.53,1.0050000000000001,0.044321040000000006,3.919028645091862,135.62589486839005
1.02,1.53,1.2040000000000002,0.044321040000000006,5.025910295192547,166.52142082119283
1.02,1.53,1.4030000000000002,0.044321040000000006,6.105662493084882,196.65970349083872
1.02,1.53,1.6020000000000003,0.044321040000000006,7.1854146909772165,226.79798616048458
1.02,1.53,1.8010000000000004,0.044321040000000006,8.26516688886955,256.9362688301304
1.02,1.53,2.0,0.044321040000000006,9.344919086761882,287.07455149977625
1.02,2.04,0.01,0.044321040000000006,0.03384589686501856,27.181812867116015
1.02,2.04,0.20900000000000002,0.044321040000000006,0.7693981649149212,47.71271080467924
1.02,2.04,0.40800000000000003,0.044321040000000006,1.731182088879625,74.5582368653354
1.02,2.04,0.607,0.044321040000000006,3.304945515958937,118.48547045934967
1.02,2.04,0.806,0.044321040000000006,5.2780973873844435,173.56052283455432
1.02,2.04,1.0050000000000001,0.044321040000000006,7.201672578623378,227.25177992394975
1.02,2.04,1.2040000000000002,0.044321040000000006,9.224401130235458,283.7106275849637
1.02,2.04,1.4030000000000002,0.044321040000000006,11.197553001660962,338.7856799601683
1.02,2.04,1.6020000000000003,0.044321040000000006,13.17070487308647,393.8607323353729
1.02,2.04,1.8010000000000004,0.044321040000000006,15.143856744511977,448.9357847105776
1.02,2.04,2.0,0.044321040000000006,17.11700861593748,504.0108370857821
1.02,2.55,0.01,0.044321040000000006,0.05265165098110697,27.706723244212597
1.02,2.55,0.20900000000000002,0.044321040000000006,1.2369728838607075,60.763759995665446
1.02,2.55,0.40800000000000003,0.044321040000000006,2.8032728381733163,104.48267148357132
1.02,2.55,0.607,0.044321040000000006,5.325656921480157,174.88801509158438
1.02,2.55,0.806,0.044321040000000006,8.475046333187333,262.79447039873537
1.02,2.55,1.0050000000000001,0.044321040000000006,11.545305357665683,348.4922207986715
1.02,2.55,1.2040000000000002,0.044321040000000006,14.773825156601683,438.60738101303735
1.02,2.55,1.4030000000000002,0.044321040000000006,17.92321456830886,526.5138363201884
1.02,2.55,1.6020000000000003,0.044321040000000006,21.072603980016037,614.4202916273393
1.02,2.55,1.8010000000000004,0.044321040000000006,24.221993391723213,702.3267469344904
1.02,2.55,2.0,0.044321040000000006,27.371382803430382,790.2332022416412
1.02,3.06,0.01,0.044321040000000006,0.07554584544318897,28.345751074430424
1.02,3.06,0.20900000000000002,0.044321040000000006,1.8236018434650516,77.13787753973449
1.02,3.06,0.40800000000000003,0.044321040000000006,4.1561815977423,142.2453606466229
1.02,3.06,0.607,0.044321040000000006,7.864708018962018,245.75857209341714
1.02,3.06,0.806,0.044321040000000006,12.479193086376002,374.5591020743248
1.02,3.06,1.0050000000000001,0.044321040000000006,16.977736317925313,500.1234378346065
1.02,3.06,1.2040000000000002,0.044321040000000006,21.708163221203968,632.1601620361399
1.02,3.06,1.4030000000000002,0.044321040000000006,26.322648288617955,760.9606920170476
1.02,3.06,1.6020000000000003,0.044321040000000006,30.93713335603194,889.7612219979552
1.02,3.06,1.8010000000000004,0.044321040000000006,35.55161842344592,1018.5617519788628
1.02,3.06,2.0,0.044321040000000006,40.1661034908599,1147.3622819597704
1.02,3.5700000000000003,0.01,0.044321040000000006,0.10251369946454716,29.098483793174545
1.02,3.5700000000000003,0.20900000000000002,0.044321040000000006,2.532281852424492,96.91871102545294
1.02,3.5700000000000003,0.40800000000000003,0.044321040000000006,5.7982598879623435,188.0794138422944
1.02,3.5700000000000003,0.607,0.044321040000000006,10.935455819139031,331.46996530898923
1.02,3.5700000000000003,0.806,0.044321040000000006,17.3088798030217,509.36638818703705
1.02,3.5700000000000003,1.0050000000000001,0.044321040000000006,23.52216750590229,682.7930516962896
1.02,3.5700000000000003,1.2040000000000002,0.044321040000000006,30.055727770787037,865.1592339431328
1.02,3.5700000000000003,1.4030000000000002,0.044321040000000006,36.429151754669704,1043.0556568211807
1.02,3.5700000000000003,1.6020000000000003,0.044321040000000006,42.80257573855238,1220.9520796992285
1.02,3.5700000000000003,1.8010000000000004,0.044321040000000006,49.17599972243504,1398.8485025772761
1.02,3.5700000000000003,2.0,0.044321040000000006,55.5494237063177,1576.744925455324
1.02,4.08,0.01,0.044321040000000006,0.13354277845826518,29.964574323498887
1.02,4.08,0.20900000000000002,0.044321040000000006,3.365616090098073,120.17892097207307
1.02,4.08,0.40800000000000003,0.044321040000000006,7.736752303072433,242.1870437907151
1.02,4.08,0.607,0.044321040000000006,14.549451886427239,432.3446245646319
1.02,4.08,0.806,0.044321040000000006,22.9799224713354,667.6577881053574
1.02,4.08,1.0050000000000001,0.044321040000000006,31.19857218727601,897.0585606023461
1.02,4.08,1.2040000000000002,0.044321040000000006,39.840863641151714,1138.2841151868088
1.02,4.08,1.4030000000000002,0.044321040000000006,48.27133422605987,1373.5972787275343
1.02,4.08,1.6020000000000003,0.044321040000000006,56.70180481096803,1608.9104422682599
1.02,4.08,1.8010000000000004,0.044321040000000006,65.13227539587619,1844.2236058089857
1.02,4.08,2.0,0.044321040000000006,73.56274598078433,2079.53676934971
1.02,4.59,0.01,0.044321040000000006,0.16862235285083693,30.94372317916958
1.02,4.59,0.20900000000000002,0.044321040000000006,4.325912884252525,146.98293793585003
1.02,4.59,0.40800000000000003,0.044321040000000006,9.978075469647298,304.7473527950545
1.02,4.59,0.607,0.044321040000000006,18.71690128213297,548.667395793432
1.02,4.59,0.806,0.044321040000000006,29.50625826529906,849.8223193185806
1.02,4.59,1.0050000000000001,0.044321040000000006,40.02452587702881,1143.4105362224943
1.02,4.59,1.2040000000000002,0.044321040000000006,51.084972231631234,1452.132166368878
1.02,4.59,1.4030000000000002,0.044321040000000006,61.87432921479732,1753.2870898940264
1.02,4.59,1.6020000000000003,0.044321040000000006,72.6636861979634,2054.4420134191746
1.02,4.59,1.8010000000000004,0.044321040000000006,83.4530431811295,2355.5969369443237
1.02,4.59,2.0,0.044321040000000006,94.24240016429556,2656.7518604694715
1.53,0.0,0.01,0.09972234,0.0,27.78347205707491
1.53,0.0,0.20900000000000002,0.09972234,0.0,27.78347205707491
1.53,0.0,0.40800000000000003,0.09972234,0.0,27.78347205707491
1.53,0.0,0.607,0.09972234,0.0,27.78347205707491
1.53,0.0,0.806,0.09972234,0.0,27.78347205707491
1.53,0.0,1.0050000000000001,0.09972234,0.0,27.78347205707491
1.53,0.0,1.2040000000000002,0.09972234,0.0,27.78347205707491
1.53,0.0,1.4030000000000002,0.09972234,0.0,27.78347205707491
1.53,0.0,1.6020000000000003,0.09972234,0.0,27.78347205707491
1.53,0.0,1.8010000000000004,0.09972234,0.0,27.78347205707491
1.53,0.0,2.0,0.09972234,0.0,27.78347205707491
1.53,0.51,0.01,0.09972234,0.002174088729038088,27.844155703556524
1.53,0.51,0.20900000000000002,0.09972234,0.040531743967364656,28.914803078365367
1.53,0.51,0.40800000000000003,0.09972234,0.08667927700288072,30.20288324883971
1.53,0.51,0.607,0.09972234,0.17064356045832058,32.54651293894259
1.53,0.51,0.806,0.09972234,0.2785444958625319,35.55826776368765
1.53,0.51,1.0050000000000001,0.09972234,0.38373435248774285,38.49435035665519
1.53,0.51,1.2040000000000002,0.09972234,0.49434636667095455,41.58177741317776
1.53,0.51,1.4030000000000002,0.09972234,0.6022473020751657,44.59353223792282
1.53,0.51,1.6020000000000003,0.09972234,0.710148237479377,47.605287062667884
1.53,0.51,1.8010000000000004,0.09972234,0.8180491728835884,50.61704188741294
1.53,0.51,2.0,0.09972234,0.9259501082877993,53.62879671215799
1.53,1.02,0.01,0.09972234,0.008578110683502654,28.02290618377135
1.53,1.02,0.20900000000000002,0.09972234,0.17634614996641118,32.70568488124498
1.53,1.02,0.40800000000000003,0.09972234,0.3873720483315314,38.595886529325455
1.53,1.02,0.607,0.09972234,0.7508940624599494,48.742593560649055
1.53,1.02,0.806,0.09972234,1.2124386231025717,61.62532763652068
1.53,1.02,1.0050000000000001,0.09972234,1.662386586744123,74.18437492656639
1.53,1.02,1.2040000000000002,0.09972234,2.1355277443878165,87.39079578826392
1.53,1.02,1.4030000000000002,0.09972234,2.5970723050304385,100.27352986413555
1.53,1.02,1.6020000000000003,0.09972234,3.058616865673061,113.15626394000718
1.53,1.02,1.8010000000000004,0.09972234,3.520161426315683,126.03899801587879
1.53,1.02,2.0,0.09972234,3.9817059869583047,138.9217320917504
1.53,1.53,0.01,0.09972234,0.019146800171226733,28.317901787253792
1.53,1.53,0.20900000000000002,0.09972234,0.4173250135687995,39.431940333964135
1.53,1.53,0.40800000000000003,0.09972234,0.9299919383218164,53.74161316792039
1.53,1.53,0.607,0.09972234,1.7866537015155437,77.65294617729685
1.53,1.53,0.806,0.09972234,2.866405899407878,107.79122884694272
1.53,1.53,1.0050000000000001,0.09972234,3.919028645091862,137.17226823343165
1.53,1.53,1.2040000000000002,0.09972234,5.025910295192547,168.06779418623447
1.53,1.53,1.4030000000000002,0.09972234,6.105662493084882,198.20607685588035
1.53,1.53,1.6020000000000003,0.09972234,7.1854146909772165,228.34435952552622
1.53,1.53,1.8010000000000004,0.09972234,8.26516688886955,258.48264219517205
1.53,1.53,2.0,0.09972234,9.344919086761882,288.6209248648178
1.53,2.04,0.01,0.09972234,0.03384589686501856,28.72818623215763
1.53,2.04,0.20900000000000002,0.09972234,0.7693981649149212,49.25908416972086
1.53,2.04,0.40800000000000003,0.09972234,1.731182088879625,76.10461023037702
1.53,2.04,0.607,0.09972234,3.304945515958937,120.03184382439129
1.53,2.04,0.806,0.09972234,5.2780973873844435,175.10689619959595
1.53,2.04,1.0050000000000001,0.09972234,7.201672578623378,228.7981532889914
1.53,2.04,1.2040000000000002,0.09972234,9.224401130235458,285.25700095000525
1.53,2.04,1.4030000000000002,0.09972234,11.197553001660962,340.33205332520987
1.53,2.04,1.6020000000000003,0.09972234,13.17070487308647,395.40710570041455
1.53,2.04,1.8010000000000004,0.09972234,15.143856744511977,450.48215807561917
1.53,2.04,2.0,0.09972234,17.11700861593748,505.55721045082373
1.53,2.55,0.01,0.09972234,0.05265165098110697,29.253096609254214
1.53,2.55,0.20900000000000002,0.09972234,1.2369728838607075,62.31013336070706
1.53,2.55,0.40800000000000003,0.09972234,2.8032728381733163,106.02904484861294
1.53,2.55,0.607,0.09972234,5.325656921480157,176.434388456626
1.53,2.55,0.806,0.09972234,8.475046333187333,264.340843763777
1.53,2.55,1.0050000000000001,0.09972234,11.545305357665683,350.03859416371307
1.53,2.55,1.2040000000000002,0.09972234,14.773825156601683,440.153754378079
1.53,2.55,1.4030000000000002,0.09972234,17.92321456830886,528.06020968523
1.53,2.55,1.6020000000000003,0.09972234,21.072603980016037,615.9666649923811
1.53,2.55,1.8010000000000004,0.09972234,24.221993391723213,703.873120299532
1.53,2.55,2.0,0.09972234,27.371382803430382,791.7795756066828
1.53,3.06,0.01,0.09972234,0.07554584544318897,29.892124439472042
1.53,3.06,0.20900000000000002,0.09972234,1.8236018434650516,78.68425090477612
1.53,3.06,0.40800000000000003,0.09972234,4.1561815977423,143.79173401166454
1.53,3.06,0.607,0.09972234,7.864708018962018,247.30494545845877
1.53,3.06,0.806,0.09972234,12.479193086376002,376.1054754393664
1.53,3.06,1.0050000000000001,0.09972234,16.977736317925313,501.6698111996481
1.53,3.06,1.2040000000000002,0.09972234,21.708163221203968,633.7065354011816
1.53,3.06,1.4030000000000002,0.09972234,26.322648288617955,762.5070653820892
1.53,3.06,1.6020000000000003,0.09972234,30.93713335603194,891.3075953629968
1.53,3.06,1.8010000000000004,0.09972234,35.55161842344592,1020.1081253439044
1.53,3.06,2.0,0.09972234,40.1661034908599,1148.908655324812
1.53,3.5700000000000003,0.01,0.09972234,0.10251369946454716,30.644857158216162
1.53,3.5700000000000003,0.20900000000000002,0.09972234,2.532281852424492,98.46508439049455
1.53,3.5700000000000003,0.40800000000000003,0.09972234,5.7982598879623435,189.62578720733603
1.53,3.5700000000000003,0.607,0.09972234,10.935455819139031,333.0163386740308
1.53,3.5700000000000003,0.806,0.09972234,17.3088798030217,510.9127615520787
1.53,3.5700000000000003,1.0050000000000001,0.09972234,23.52216750590229,684.3394250613313
1.53,3.5700000000000003,1.2040000000000002,0.09972234,30.055727770787037,866.7056073081744
1.53,3.5700000000000003,1.4030000000000002,0.09972234,36.429151754669704,1044.6020301862222
1.53,3.5700000000000003,1.6020000000000003,0.09972234,42.80257573855238,1222.49845306427
1.53,3.5700000000000003,1.8010000000000004,0.09972234,49.17599972243504,1400.3948759423179
1.53,3.5700000000000003,2.0,0.09972234,55.5494237063177,1578.2912988203655
1.53,4.08,0.01,0.09972234,0.13354277845826518,31.510947688540504
1.53,4.08,0.20900000000000002,0.09972234,3.365616090098073,121.72529433711469
1.53,4.08,0.40800000000000003,0.09972234,7.736752303072433,243.73341715575674
1.53,4.08,0.607,0.09972234,14.549451886427239,433.8909979296735
1.53,4.08,0.806,0.09972234,22.9799224713354,669.2041614703991
1.53,4.08,1.0050000000000001,0.09972234,31.19857218727601,898.6049339673878
1.53,4.08,1.2040000000000002,0.09972234,39.840863641151714,1139.8304885518503
1.53,4.08,1.4030000000000002,0.09972234,48.27133422605987,1375.1436520925758
1.53,4.08,1.6020000000000003,0.09972234,56.70180481096803,1610.4568156333014
1.53,4.08,1.8010000000000004,0.09972234,65.13227539587619,1845.7699791740272
1.53,4.08,2.0,0.09972234,73.56274598078433,2081.083142714752
1.53,4.59,0.01,0.09972234,0.16862235285083693,32.4900965442112
1.53,4.59,0.20900000000000002,0.09972234,4.325912884252525,148.52931130089166
1.53,4.59,0.40800000000000003,0.09972234,9.978075469647298,306.29372616009607
1.53,4.59,0.607,0.09972234,18.71690128213297,550.2137691584736
1.53,4.59,0.806,0.09972234,29.50625826529906,851.3686926836223
1.53,4.59,1.0050000000000001,0.09972234,40.02452587702881,1144.9569095875358
1.53,4.59,1.2040000000000002,0.09972234,51.084972231631234,1453.6785397339195
1.53,4.59,1.4030000000000002,0.09972234,61.87432921479732,1754.833463259068
1.53,4.59,1.6020000000000003,0.09972234,72.6636861979634,2055.9883867842163
1.53,4.59,1.8010000000000004,0.09972234,83.4530431811295,2357.143310309365
1.53,4.59,2.0,0.09972234,94.24240016429556,2658.2982338345128
2.04,0.0,0.01,0.17728416000000002,0.0,29.948394768133177
2.04,0.0,0.20900000000000002,0.17728416000000002,0.0,29.948394768133177
2.04,0.0,0.40800000000000003,0.17728416000000002,0.0,29.948394768133177
2.04,0.0,0.607,0.17728416000000002,0.0,29.948394768133177
2.04,0.0,0.806,0.17728416000000002,0.0,29.948394768133177
2.04,0.0,1.0050000000000001,0.17728416000000002,0.0,29.948394768133177
2.04,0.0,1.2040000000000002,0.17728416000000002,0.0,29.948394768133177
2.04,0.0,1.4030000000000002,0.17728416000000002,0.0,29.948394768133177
2.04,0.0,1.6020000000000003,0.17728416000000002,0.0,29.948394768133177
2.04,0.0,1.8010000000000004,0.17728416000000002,0.0,29.948394768133177
2.04,0.0,2.0,0.17728416000000002,0.0,29.948394768133177
2.04,0.51,0.01,0.17728416000000002,0.002174088729038088,30.009078414614788
2.04,0.51,0.20900000000000002,0.17728416000000002,0.040531743967364656,31.079725789423634
2.04,0.51,0.40800000000000003,0.17728416000000002,0.08667927700288072,32.36780595989797
2.04,0.51,0.607,0.17728416000000002,0.17064356045832058,34.71143565000085
2.04,0.51,0.806,0.17728416000000002,0.2785444958625319,37.72319047474591
2.04,0.51,1.0050000000000001,0.17728416000000002,0.38373435248774285,40.65927306771346
2.04,0.51,1.2040000000000002,0.17728416000000002,0.49434636667095455,43.74670012423603
2.04,0.51,1.4030000000000002,0.17728416000000002,0.6022473020751657,46.75845494898109
2.04,0.51,1.6020000000000003,0.17728416000000002,0.710148237479377,49.77020977372615
2.04,0.51,1.8010000000000004,0.17728416000000002,0.8180491728835884,52.781964598471205
2.04,0.51,2.0,0.17728416000000002,0.9259501082877993,55.79371942321625
2.04,1.02,0.01,0.17728416000000002,0.008578110683502654,30.187828894829615
2.04,1.02,0.20900000000000002,0.17728416000000002,0.17634614996641118,34.870607592303244
2.04,1.02,0.40800000000000003,0.17728416000000002,0.3873720483315314,40.76080924038372
2.04,1.02,0.607,0.17728416000000002,0.7508940624599494,50.90751627170732
2.04,1.02,0.806,0.17728416000000002,1.2124386231025717,63.79025034757894
2.04,1.02,1.0050000000000001,0.17728416000000002,1.662386586744123,76.34929763762464
2.04,1.02,1.2040000000000002,0.17728416000000002,2.1355277443878165,89.5557184993222
2.04,1.02,1.4030000000000002,0.17728416000000002,2.5970723050304385,102.43845257519382
2.04,1.02,1.6020000000000003,0.17728416000000002,3.058616865673061,115.32118665106545
2.04,1.02,1.8010000000000004,0.17728416000000002,3.520161426315683,128.20392072693707
2.04,1.02,2.0,0.17728416000000002,3.9817059869583047,141.08665480280865
2.04,1.53,0.01,0.17728416000000002,0.019146800171226733,30.48282449831206
2.04,1.53,0.20900000000000002,0.17728416000000002,0.4173250135687995,41.5968630450224
2.04,1.53,0.40800000000000003,0.17728416000000002,0.9299919383218164,55.906535878978644
2.04,1.53,0.607,0.17728416000000002,1.7866537015155437,79.81786888835512
2.04,1.53,0.806,0.17728416000000002,2.866405899407878,109.95615155800098
2.04,1.53,1.0050000000000001,0.17728416000000002,3.919028645091862,139.33719094448992
2.04,1.53,1.2040000000000002,0.17728416000000002,5.025910295192547,170.23271689729273
2.04,1.53,1.4030000000000002,0.17728416000000002,6.105662493084882,200.37099956693862
2.04,1.53,1.6020000000000003,0.17728416000000002,7.1854146909772165,230.50928223658445
2.04,1.53,1.8010000000000004,0.17728416000000002,8.26516688886955,260.6475649062303
2.04,1.53,2.0,0.17728416000000002,9.344919086761882,290.78584757587606
2.04,2.04,0.01,0.17728416000000002,0.03384589686501856,30.893108943215893
2.04,2.04,0.20900000000000002,0.17728416000000002,0.7693981649149212,51.42400688077912
2.04,2.04,0.40800000000000003,0.17728416000000002,1.731182088879625,78.26953294143527
2.04,2.04,0.607,0.17728416000000002,3.304945515958937,122.19676653544957
2.04,2.04,0.806,0.17728416000000002,5.2780973873844435,177.2718189106542
2.04,2.04,1.0050000000000001,0.17728416000000002,7.201672578623378,230.96307600004965
2.04,2.04,1.2040000000000002,0.17728416000000002,9.224401130235458,287.4219236610635
2.04,2.04,1.4030000000000002,0.17728416000000002,11.197553001660962,342.4969760362681
2.04,2.04,1.6020000000000003,0.17728416000000002,13.17070487308647,397.5720284114728
2.04,2.04,1.8010000000000004,0.17728416000000002,15.143856744511977,452.6470807866774
2.04,2.04,2.0,0.17728416000000002,17.11700861593748,507.72213316188197
2.04,2.55,0.01,0.17728416000000002,0.05265165098110697,31.418019320312478
2.04,2.55,0.20900000000000002,0.17728416000000002,1.2369728838607075,64.47505607176532
2.04,2.55,0.40800000000000003,0.17728416000000002,2.8032728381733163,108.19396755967122
2.04,2.55,0.607,0.17728416000000002,5.325656921480157,178.59931116768428
2.04,2.55,0.806,0.17728416000000002,8.475046333187333,266.50576647483524
2.04,2.55,1.0050000000000001,0.17728416000000002,11.545305357665683,352.2035168747713
2.04,2.55,1.2040000000000002,0.17728416000000002,14.773825156601683,442.3186770891372
2.04,2.55,1.4030000000000002,0.17728416000000002,17.92321456830886,530.2251323962882
2.04,2.55,1.6020000000000003,0.17728416000000002,21.072603980016037,618.1315877034393
2.04,2.55,1.8010000000000004,0.17728416000000002,24.221993391723213,706.0380430105903
2.04,2.55,2.0,0.17728416000000002,27.371382803430382,793.944498317741
2.04,3.06,0.01,0.17728416000000002,0.07554584544318897,32.0570471505303
2.04,3.06,0.20900000000000002,0.17728416000000002,1.8236018434650516,80.84917361583437
2.04,3.06,0.40800000000000003,0.17728416000000002,4.1561815977423,145.9566567227228
2.04,3.06,0.607,0.17728416000000002,7.864708018962018,249.46986816951704
2.04,3.06,0.806,0.17728416000000002,12.479193086376002,378.2703981504246
2.04,3.06,1.0050000000000001,0.17728416000000002,16.977736317925313,503.83473391070635
2.04,3.06,1.2040000000000002,0.17728416000000002,21.708163221203968,635.8714581122398
2.04,3.06,1.4030000000000002,0.17728416000000002,26.322648288617955,764.6719880931474
2.04,3.06,1.6020000000000003,0.17728416000000002,30.93713335603194,893.4725180740551
2.04,3.06,1.8010000000000004,0.17728416000000002,35.55161842344592,1022.2730480549627
2.04,3.06,2.0,0.17728416000000002,40.1661034908599,1151.0735780358702
2.04,3.5700000000000003,0.01,0.17728416000000002,0.10251369946454716,32.80977986927443
2.04,3.5700000000000003,0.20900000000000002,0.17728416000000002,2.532281852424492,100.63000710155283
2.04,3.5700000000000003,0.40800000000000003,0.17728416000000002,5.7982598879623435,191.79070991839427
2.04,3.5700000000000003,0.607,0.17728416000000002,10.935455819139031,335.18126138508904
2.04,3.5700000000000003,0.806,0.17728416000000002,17.3088798030217,513.0776842631369
2.04,3.5700000000000003,1.0050000000000001,0.17728416000000002,23.52216750590229,686.5043477723896
2.04,3.5700000000000003,1.2040000000000002,0.17728416000000002,30.055727770787037,868.8705300192327
2.04,3.5700000000000003,1.4030000000000002,0.17728416000000002,36.429151754669704,1046.7669528972806
2.04,3.5700000000000003,1.6020000000000003,0.17728416000000002,42.80257573855238,1224.6633757753284
2.04,3.5700000000000003,1.8010000000000004,0.17728416000000002,49.17599972243504,1402.5597986533762
2.04,3.5700000000000003,2.0,0.17728416000000002,55.5494237063177,1580.4562215314238
2.04,4.08,0.01,0.17728416000000002,0.13354277845826518,33.675870399598764
2.04,4.08,0.20900000000000002,0.17728416000000002,3.365616090098073,123.89021704817297
2.04,4.08,0.40800000000000003,0.17728416000000002,7.736752303072433,245.898339866815
2.04,4.08,0.607,0.17728416000000002,14.549451886427239,436.05592064073176
2.04,4.08,0.806,0.17728416000000002,22.9799224713354,671.3690841814573
2.04,4.08,1.0050000000000001,0.17728416000000002,31.19857218727601,900.769856678446
2.04,4.08,1.2040000000000002,0.17728416000000002,39.840863641151714,1141.9954112629086
2.04,4.08,1.4030000000000002,0.17728416000000002,48.27133422605987,1377.3085748036342
2.04,4.08,1.6020000000000003,0.17728416000000002,56.70180481096803,1612.6217383443598
2.04,4.08,1.8010000000000004,0.17728416000000002,65.13227539587619,1847.9349018850855
2.04,4.08,2.0,0.17728416000000002,73.56274598078433,2083.24806542581
2.04,4.59,0.01,0.17728416000000002,0.16862235285083693,34.655019255269465
2.04,4.59,0.20900000000000002,0.17728416000000002,4.325912884252525,150.69423401194996
2.04,4.59,0.40800000000000003,0.17728416000000002,9.978075469647298,308.4586488711543
2.04,4.59,0.607,0.17728416000000002,18.71690128213297,552.3786918695318
2.04,4.59,0.806,0.17728416000000002,29.50625826529906,853.5336153946805
2.04,4.59,1.0050000000000001,0.17728416000000002,40.02452587702881,1147.1218322985942
2.04,4.59,1.2040000000000002,0.17728416000000002,51.084972231631234,1455.8434624449778
2.04,4.59,1.4030000000000002,0.17728416000000002,61.87432921479732,1756.9983859701263
2.04,4.59,1.6020000000000003,0.17728416000000002,72.6636861979634,2058.1533094952747
2.04,4.59,1.8010000000000004,0.17728416000000002,83.4530431811295,2359.3082330204234
2.04,4.59,2.0,0.17728416000000002,94.24240016429556,2660.463156545571
2.55,0.0,0.01,0.27700649999999993,0.0,32.73186682520809
2.55,0.0,0.20900000000000002,0.27700649999999993,0.0,32.73186682520809
2.55,0.0,0.40800000000000003,0.27700649999999993,0.0,32.73186682520809
2.55,0.0,0.607,0.27700649999999993,0.0,32.73186682520809
2.55,0.0,0.806,0.27700649999999993,0.0,32.73186682520809
2.55,0.0,1.0050000000000001,0.27700649999999993,0.0,32.73186682520809
2.55,0.0,1.2040000000000002,0.27700649999999993,0.0,32.73186682520809
2.55,0.0,1.4030000000000002,0.27700649999999993,0.0,32.73186682520809
2.55,0.0,1.6020000000000003,0.27700649999999993,0.0,32.73186682520809
2.55,0.0,1.8010000000000004,0.27700649999999993,0.0,32.73186682520809
2.55,0.0,2.0,0.27700649999999993,0.0,32.73186682520809
2.55,0.51,0.01,0.27700649999999993,0.002174088729038088,32.792550471689694
2.55,0.51,0.20900000000000002,0.27700649999999993,0.040531743967364656,33.863197846498544
2.55,0.51,0.40800000000000003,0.27700649999999993,0.08667927700288072,35.15127801697288
2.55,0.51,0.607,0.27700649999999993,0.17064356045832058,37.49490770707577
2.55,0.51,0.806,0.27700649999999993,0.2785444958625319,40.50666253182082
2.55,0.51,1.0050000000000001,0.27700649999999993,0.38373435248774285,43.44274512478837
2.55,0.51,1.2040000000000002,0.27700649999999993,0.49434636667095455,46.53017218131094
2.55,0.51,1.4030000000000002,0.27700649999999993,0.6022473020751657,49.541927006056
2.55,0.51,1.6020000000000003,0.27700649999999993,0.710148237479377,52.553681830801054
2.55,0.51,1.8010000000000004,0.27700649999999993,0.8180491728835884,55.56543665554611
2.55,0.51,2.0,0.27700649999999993,0.9259501082877993,58.57719148029116
2.55,1.02,0.01,0.27700649999999993,0.008578110683502654,32.971300951904524
2.55,1.02,0.20900000000000002,0.27700649999999993,0.17634614996641118,37.65407964937815
2.55,1.02,0.40800000000000003,0.27700649999999993,0.3873720483315314,43.54428129745864
2.55,1.02,0.607,0.27700649999999993,0.7508940624599494,53.69098832878223
2.55,1.02,0.806,0.27700649999999993,1.2124386231025717,66.57372240465386
2.55,1.02,1.0050000000000001,0.27700649999999993,1.662386586744123,79.13276969469956
2.55,1.02,1.2040000000000002,0.27700649999999993,2.1355277443878165,92.3391905563971
2.55,1.02,1.4030000000000002,0.27700649999999993,2.5970723050304385,105.22192463226872
2.55,1.02,1.6020000000000003,0.27700649999999993,3.058616865673061,118.10465870814036
2.55,1.02,1.8010000000000004,0.27700649999999993,3.520161426315683,130.98739278401197
2.55,1.02,2.0,0.27700649999999993,3.9817059869583047,143.87012685988356
2.55,1.53,0.01,0.27700649999999993,0.019146800171226733,33.266296555386965
2.55,1.53,0.20900000000000002,0.27700649999999993,0.4173250135687995,44.380335102097305
2.55,1.53,0.40800000000000003,0.27700649999999993,0.9299919383218164,58.69000793605356
2.55,1.53,0.607,0.27700649999999993,1.7866537015155437,82.60134094543004
2.55,1.53,0.806,0.27700649999999993,2.866405899407878,112.7396236150759
2.55,1.53,1.0050000000000001,0.27700649999999993,3.919028645091862,142.12066300156482
2.55,1.53,1.2040000000000002,0.27700649999999993,5.025910295192547,173.0161889543676
2.55,1.53,1.4030000000000002,0.27700649999999993,6.105662493084882,203.15447162401352
2.55,1.53,1.6020000000000003,0.27700649999999993,7.1854146909772165,233.29275429365939
2.55,1.53,1.8010000000000004,0.27700649999999993,8.26516688886955,263.4310369633052
2.55,1.53,2.0,0.27700649999999993,9.344919086761882,293.569319632951
2.55,2.04,0.01,0.27700649999999993,0.03384589686501856,33.6765810002908
2.55,2.04,0.20900000000000002,0.27700649999999993,0.7693981649149212,54.207478937854034
2.55,2.04,0.40800000000000003,0.27700649999999993,1.731182088879625,81.05300499851019
2.55,2.04,0.607,0.27700649999999993,3.304945515958937,124.98023859252447
2.55,2.04,0.806,0.27700649999999993,5.2780973873844435,180.0552909677291
2.55,2.04,1.0050000000000001,0.27700649999999993,7.201672578623378,233.74654805712456
2.55,2.04,1.2040000000000002,0.27700649999999993,9.224401130235458,290.2053957181384
2.55,2.04,1.4030000000000002,0.27700649999999993,11.197553001660962,345.280448093343
2.55,2.04,1.6020000000000003,0.27700649999999993,13.17070487308647,400.3555004685477
2.55,2.04,1.8010000000000004,0.27700649999999993,15.143856744511977,455.43055284375237
2.55,2.04,2.0,0.27700649999999993,17.11700861593748,510.50560521895693
2.55,2.55,0.01,0.27700649999999993,0.05265165098110697,34.201491377387384
2.55,2.55,0.20900000000000002,0.27700649999999993,1.2369728838607075,67.25852812884023
2.55,2.55,0.40800000000000003,0.27700649999999993,2.8032728381733163,110.97743961674612
2.55,2.55,0.607,0.27700649999999993,5.325656921480157,181.38278322475915
2.55,2.55,0.806,0.27700649999999993,8.475046333187333,269.2892385319102
2.55,2.55,1.0050000000000001,0.27700649999999993,11.545305357665683,354.98698893184627
2.55,2.55,1.2040000000000002,0.27700649999999993,14.773825156601683,445.1021491462121
2.55,2.55,1.4030000000000002,0.27700649999999993,17.92321456830886,533.0086044533632
2.55,2.55,1.6020000000000003,0.27700649999999993,21.072603980016037,620.9150597605142
2.55,2.55,1.8010000000000004,0.27700649999999993,24.221993391723213,708.8215150676652
2.55,2.55,2.0,0.27700649999999993,27.371382803430382,796.727970374816
2.55,3.06,0.01,0.27700649999999993,0.07554584544318897,34.84051920760521
2.55,3.06,0.20900000000000002,0.27700649999999993,1.8236018434650516,83.63264567290929
2.55,3.06,0.40800000000000003,0.27700649999999993,4.1561815977423,148.74012877979771
2.55,3.06,0.607,0.27700649999999993,7.864708018962018,252.25334022659194
2.55,3.06,0.806,0.27700649999999993,12.479193086376002,381.05387020749953
2.55,3.06,1.0050000000000001,0.27700649999999993,16.977736317925313,506.61820596778125
2.55,3.06,1.2040000000000002,0.27700649999999993,21.708163221203968,638.6549301693148
2.55,3.06,1.4030000000000002,0.27700649999999993,26.322648288617955,767.4554601502224
2.55,3.06,1.6020000000000003,0.27700649999999993,30.93713335603194,896.25599013113
2.55,3.06,1.8010000000000004,0.27700649999999993,35.55161842344592,1025.0565201120376
2.55,3.06,2.0,0.27700649999999993,40.1661034908599,1153.8570500929452
2.55,3.5700000000000003,0.01,0.27700649999999993,0.10251369946454716,35.59325192634934
2.55,3.5700000000000003,0.20900000000000002,0.27700649999999993,2.532281852424492,103.41347915862774
2.55,3.5700000000000003,0.40800000000000003,0.27700649999999993,5.7982598879623435,194.57418197546917
2.55,3.5700000000000003,0.607,0.27700649999999993,10.935455819139031,337.964733442164
2.55,3.5700000000000003,0.806,0.27700649999999993,17.3088798030217,515.8611563202119
2.55,3.5700000000000003,1.0050000000000001,0.27700649999999993,23.52216750590229,689.2878198294644
2.55,3.5700000000000003,1.2040000000000002,0.27700649999999993,30.055727770787037,871.6540020763075
2.55,3.5700000000000003,1.4030000000000002,0.27700649999999993,36.429151754669704,1049.5504249543555
2.55,3.5700000000000003,1.6020000000000003,0.27700649999999993,42.80257573855238,1227.4468478324034
2.55,3.5700000000000003,1.8010000000000004,0.27700649999999993,49.17599972243504,1405.343270710451
2.55,3.5700000000000003,2.0,0.27700649999999993,55.5494237063177,1583.2396935884988
2.55,4.08,0.01,0.27700649999999993,0.13354277845826518,36.45934245667368
2.55,4.08,0.20900000000000002,0.27700649999999993,3.365616090098073,126.67368910524787
2.55,4.08,0.40800000000000003,0.27700649999999993,7.736752303072433,248.68181192388988
2.55,4.08,0.607,0.27700649999999993,14.549451886427239,438.83939269780666
2.55,4.08,0.806,0.27700649999999993,22.9799224713354,674.1525562385323
2.55,4.08,1.0050000000000001,0.27700649999999993,31.19857218727601,903.553328735521
2.55,4.08,1.2040000000000002,0.27700649999999993,39.840863641151714,1144.7788833199836
2.55,4.08,1.4030000000000002,0.27700649999999993,48.27133422605987,1380.0920468607092
2.55,4.08,1.6020000000000003,0.27700649999999993,56.70180481096803,1615.4052104014347
2.55,4.08,1.8010000000000004,0.27700649999999993,65.13227539587619,1850.7183739421605
2.55,4.08,2.0,0.27700649999999993,73.56274598078433,2086.031537482885
2.55,4.59,0.01,0.27700649999999993,0.16862235285083693,37.438491312344375
2.55,4.59,0.20900000000000002,0.27700649999999993,4.325912884252525,153.47770606902486
2.55,4.59,0.40800000000000003,0.27700649999999993,9.978075469647298,311.24212092822927
2.55,4.59,0.607,0.27700649999999993,18.71690128213297,555.1621639266068
2.55,4.59,0.806,0.27700649999999993,29.50625826529906,856.3170874517555
2.55,4.59,1.0050000000000001,0.27700649999999993,40.02452587702881,1149.905304355669
2.55,4.59,1.2040000000000002,0.27700649999999993,51.084972231631234,1458.6269345020528
2.55,4.59,1.4030000000000002,0.27700649999999993,61.87432921479732,1759.7818580272012
2.55,4.59,1.6020000000000003,0.27700649999999993,72.6636861979634,2060.9367815523497
2.55,4.59,1.8010000000000004,0.27700649999999993,83.4530431811295,2362.0917050774983
2.55,4.59,2.0,0.27700649999999993,94.24240016429556,2663.246628602646
3.06,0.0,0.01,0.39888936,0.0,36.13388822829965
3.06,0.0,0.20900000000000002,0.39888936,0.0,36.13388822829965
3.06,0.0,0.40800000000000003,0.39888936,0.0,36.13388822829965
3.06,0.0,0.607,0.39888936,0.0,36.13388822829965
3.06,0.0,0.806,0.39888936,0.0,36.13388822829965
3.06,0.0,1.0050000000000001,0.39888936,0.0,36.13388822829965
3.06,0.0,1.2040000000000002,0.39888936,0.0,36.13388822829965
3.06,0.0,1.4030000000000002,0.39888936,0.0,36.13388822829965
3.06,0.0,1.6020000000000003,0.39888936,0.0,36.13388822829965
3.06,0.0,1.8010000000000004,0.39888936,0.0,36.13388822829965
3.06,0.0,2.0,0.39888936,0.0,36.13388822829965
3.06,0.51,0.01,0.39888936,0.002174088729038088,36.19457187478125
3.06,0.51,0.20900000000000002,0.39888936,0.040531743967364656,37.2652192495901
3.06,0.51,0.40800000000000003,0.39888936,0.08667927700288072,38.55329942006444
3.06,0.51,0.607,0.39888936,0.17064356045832058,40.89692911016732
3.06,0.51,0.806,0.39888936,0.2785444958625319,43.90868393491238
3.06,0.51,1.0050000000000001,0.39888936,0.38373435248774285,46.844766527879926
3.06,0.51,1.2040000000000002,0.39888936,0.49434636667095455,49.9321935844025
3.06,0.51,1.4030000000000002,0.39888936,0.6022473020751657,52.94394840914755
3.06,0.51,1.6020000000000003,0.39888936,0.710148237479377,55.955703233892606
3.06,0.51,1.8010000000000004,0.39888936,0.8180491728835884,58.967458058637675
3.06,0.51,2.0,0.39888936,0.9259501082877993,61.97921288338272
3.06,1.02,0.01,0.39888936,0.008578110683502654,36.373322354996084
3.06,1.02,0.20900000000000002,0.39888936,0.17634614996641118,41.05610105246971
3.06,1.02,0.40800000000000003,0.39888936,0.3873720483315314,46.94630270055019
3.06,1.02,0.607,0.39888936,0.7508940624599494,57.09300973187379
3.06,1.02,0.806,0.39888936,1.2124386231025717,69.9757438077454
3.06,1.02,1.0050000000000001,0.39888936,1.662386586744123,82.53479109779111
3.06,1.02,1.2040000000000002,0.39888936,2.1355277443878165,95.74121195948867
3.06,1.02,1.4030000000000002,0.39888936,2.5970723050304385,108.62394603536029
3.06,1.02,1.6020000000000003,0.39888936,3.058616865673061,121.50668011123192
3.06,1.02,1.8010000000000004,0.39888936,3.520161426315683,134.38941418710354
3.06,1.02,2.0,0.39888936,3.9817059869583047,147.27214826297512
3.06,1.53,0.01,0.39888936,0.019146800171226733,36.668317958478525
3.06,1.53,0.20900000000000002,0.39888936,0.4173250135687995,47.78235650518887
3.06,1.53,0.40800000000000003,0.39888936,0.9299919383218164,62.092029339145114
3.06,1.53,0.607,0.39888936,1.7866537015155437,86.00336234852159
3.06,1.53,0.806,0.39888936,2.866405899407878,116.14164501816745
3.06,1.53,1.0050000000000001,0.39888936,3.919028645091862,145.5226844046564
3.06,1.53,1.2040000000000002,0.39888936,5.025910295192547,176.4182103574592
3.06,1.53,1.4030000000000002,0.39888936,6.105662493084882,206.5564930271051
3.06,1.53,1.6020000000000003,0.39888936,7.1854146909772165,236.69477569675092
3.06,1.53,1.8010000000000004,0.39888936,8.26516688886955,266.8330583663967
3.06,1.53,2.0,0.39888936,9.344919086761882,296.97134103604253
3.06,2.04,0.01,0.39888936,0.03384589686501856,37.07860240338236
3.06,2.04,0.20900000000000002,0.39888936,0.7693981649149212,57.60950034094559
3.06,2.04,0.40800000000000003,0.39888936,1.731182088879625,84.45502640160176
3.06,2.04,0.607,0.39888936,3.304945515958937,128.38225999561604
3.06,2.04,0.806,0.39888936,5.2780973873844435,183.45731237082066
3.06,2.04,1.0050000000000001,0.39888936,7.201672578623378,237.14856946021612
3.06,2.04,1.2040000000000002,0.39888936,9.224401130235458,293.60741712122996
3.06,2.04,1.4030000000000002,0.39888936,11.197553001660962,348.6824694964346
3.06,2.04,1.6020000000000003,0.39888936,13.17070487308647,403.75752187163926
3.06,2.04,1.8010000000000004,0.39888936,15.143856744511977,458.8325742468439
3.06,2.04,2.0,0.39888936,17.11700861593748,513.9076266220485
3.06,2.55,0.01,0.39888936,0.05265165098110697,37.603512780478944
3.06,2.55,0.20900000000000002,0.39888936,1.2369728838607075,70.66054953193179
3.06,2.55,0.40800000000000003,0.39888936,2.8032728381733163,114.37946101983768
3.06,2.55,0.607,0.39888936,5.325656921480157,184.78480462785075
3.06,2.55,0.806,0.39888936,8.475046333187333,272.6912599350017
3.06,2.55,1.0050000000000001,0.39888936,11.545305357665683,358.3890103349378
3.06,2.55,1.2040000000000002,0.39888936,14.773825156601683,448.5041705493037
3.06,2.55,1.4030000000000002,0.39888936,17.92321456830886,536.4106258564548
3.06,2.55,1.6020000000000003,0.39888936,21.072603980016037,624.3170811636057
3.06,2.55,1.8010000000000004,0.39888936,24.221993391723213,712.2235364707568
3.06,2.55,2.0,0.39888936,27.371382803430382,800.1299917779075
3.06,3.06,0.01,0.39888936,0.07554584544318897,38.24254061069677
3.06,3.06,0.20900000000000002,0.39888936,1.8236018434650516,87.03466707600084
3.06,3.06,0.40800000000000003,0.39888936,4.1561815977423,152.14215018288928
3.06,3.06,0.607,0.39888936,7.864708018962018,255.6553616296835
3.06,3.06,0.806,0.39888936,12.479193086376002,384.4558916105911
3.06,3.06,1.0050000000000001,0.39888936,16.977736317925313,510.0202273708729
3.06,3.06,1.2040000000000002,0.39888936,21.708163221203968,642.0569515724063
3.06,3.06,1.4030000000000002,0.39888936,26.322648288617955,770.857481553314
3.06,3.06,1.6020000000000003,0.39888936,30.93713335603194,899.6580115342216
3.06,3.06,1.8010000000000004,0.39888936,35.55161842344592,1028.4585415151291
3.06,3.06,2.0,0.39888936,40.1661034908599,1157.2590714960368
3.06,3.5700000000000003,0.01,0.39888936,0.10251369946454716,38.99527332944089
3.06,3.5700000000000003,0.20900000000000002,0.39888936,2.532281852424492,106.81550056171929
3.06,3.5700000000000003,0.40800000000000003,0.39888936,5.7982598879623435,197.97620337856074
3.06,3.5700000000000003,0.607,0.39888936,10.935455819139031,341.3667548452555
3.06,3.5700000000000003,0.806,0.39888936,17.3088798030217,519.2631777233034
3.06,3.5700000000000003,1.0050000000000001,0.39888936,23.52216750590229,692.6898412325561
3.06,3.5700000000000003,1.2040000000000002,0.39888936,30.055727770787037,875.0560234793992
3.06,3.5700000000000003,1.4030000000000002,0.39888936,36.429151754669704,1052.9524463574471
3.06,3.5700000000000003,1.6020000000000003,0.39888936,42.80257573855238,1230.848869235495
3.06,3.5700000000000003,1.8010000000000004,0.39888936,49.17599972243504,1408.7452921135425
3.06,3.5700000000000003,2.0,0.39888936,55.5494237063177,1586.64171499159
3.06,4.08,0.01,0.39888936,0.13354277845826518,39.861363859765234
3.06,4.08,0.20900000000000002,0.39888936,3.365616090098073,130.07571050833943
3.06,4.08,0.40800000000000003,0.39888936,7.736752303072433,252.08383332698148
3.06,4.08,0.607,0.39888936,14.549451886427239,442.2414141008982
3.06,4.08,0.806,0.39888936,22.9799224713354,677.5545776416238
3.06,4.08,1.0050000000000001,0.39888936,31.19857218727601,906.9553501386125
3.06,4.08,1.2040000000000002,0.39888936,39.840863641151714,1148.180904723075
3.06,4.08,1.4030000000000002,0.39888936,48.27133422605987,1383.4940682638005
3.06,4.08,1.6020000000000003,0.39888936,56.70180481096803,1618.8072318045263
3.06,4.08,1.8010000000000004,0.39888936,65.13227539587619,1854.120395345252
3.06,4.08,2.0,0.39888936,73.56274598078433,2089.4335588859767
3.06,4.59,0.01,0.39888936,0.16862235285083693,40.840512715435935
3.06,4.59,0.20900000000000002,0.39888936,4.325912884252525,156.8797274721164
3.06,4.59,0.40800000000000003,0.39888936,9.978075469647298,314.6441423313208
3.06,4.59,0.607,0.39888936,18.71690128213297,558.5641853296984
3.06,4.59,0.806,0.39888936,29.50625826529906,859.719108854847
3.06,4.59,1.0050000000000001,0.39888936,40.02452587702881,1153.3073257587605
3.06,4.59,1.2040000000000002,0.39888936,51.084972231631234,1462.0289559051441
3.06,4.59,1.4030000000000002,0.39888936,61.87432921479732,1763.1838794302928
3.06,4.59,1.6020000000000003,0.39888936,72.6636861979634,2064.3388029554408
3.06,4.59,1.8010000000000004,0.39888936,83.4530431811295,2365.49372648059
3.06,4.59,2.0,0.39888936,94.24240016429556,2666.6486500057376
3.5700000000000003,0.0,0.01,0.5429327400000001,0.0,40.15445897740785
3.5700000000000003,0.0,0.20900000000000002,0.5429327400000001,0.0,40.15445897740785
3.5700000000000003,0.0,0.40800000000000003,0.5429327400000001,0.0,40.15445897740785
3.5700000000000003,0.0,0.607,0.5429327400000001,0.0,40.15445897740785
3.5700000000000003,0.0,0.806,0.5429327400000001,0.0,40.15445897740785
3.5700000000000003,0.0,1.0050000000000001,0.5429327400000001,0.0,40.15445897740785
3.5700000000000003,0.0,1.2040000000000002,0.5429327400000001,0.0,40.15445897740785
3.5700000000000003,0.0,1.4030000000000002,0.5429327400000001,0.0,40.15445897740785
3.5700000000000003,0.0,1.6020000000000003,0.5429327400000001,0.0,40.15445897740785
3.5700000000000003,0.0,1.8010000000000004,0.5429327400000001,0.0,40.15445897740785
3.5700000000000003,0.0,2.0,0.5429327400000001,0.0,40.15445897740785
3.5700000000000003,0.51,0.01,0.5429327400000001,0.002174088729038088,40.21514262388946
3.5700000000000003,0.51,0.20900000000000002,0.5429327400000001,0.040531743967364656,41.285789998698306
3.5700000000000003,0.51,0.40800000000000003,0.5429327400000001,0.08667927700288072,42.57387016917265
3.5700000000000003,0.51,0.607,0.5429327400000001,0.17064356045832058,44.91749985927553
3.5700000000000003,0.51,0.806,0.5429327400000001,0.2785444958625319,47.92925468402059
3.5700000000000003,0.51,1.0050000000000001,0.5429327400000001,0.38373435248774285,50.86533727698813
3.5700000000000003,0.51,1.2040000000000002,0.5429327400000001,0.49434636667095455,53.95276433351071
3.5700000000000003,0.51,1.4030000000000002,0.5429327400000001,0.6022473020751657,56.96451915825577
3.5700000000000003,0.51,1.6020000000000003,0.5429327400000001,0.710148237479377,59.976273983000816
3.5700000000000003,0.51,1.8010000000000004,0.5429327400000001,0.8180491728835884,62.98802880774588
3.5700000000000003,0.51,2.0,0.5429327400000001,0.9259501082877993,65.99978363249093
3.5700000000000003,1.02,0.01,0.5429327400000001,0.008578110683502654,40.39389310410429
3.5700000000000003,1.02,0.20900000000000002,0.5429327400000001,0.17634614996641118,45.076671801577916
3.5700000000000003,1.02,0.40800000000000003,0.5429327400000001,0.3873720483315314,50.966873449658394
3.5700000000000003,1.02,0.607,0.5429327400000001,0.7508940624599494,61.113580480981994
3.5700000000000003,1.02,0.806,0.5429327400000001,1.2124386231025717,73.99631455685362
3.5700000000000003,1.02,1.0050000000000001,0.5429327400000001,1.662386586744123,86.55536184689932
3.5700000000000003,1.02,1.2040000000000002,0.5429327400000001,2.1355277443878165,99.76178270859687
3.5700000000000003,1.02,1.4030000000000002,0.5429327400000001,2.5970723050304385,112.6445167844685
3.5700000000000003,1.02,1.6020000000000003,0.5429327400000001,3.058616865673061,125.52725086034013
3.5700000000000003,1.02,1.8010000000000004,0.5429327400000001,3.520161426315683,138.40998493621174
3.5700000000000003,1.02,2.0,0.5429327400000001,3.9817059869583047,151.29271901208335
3.5700000000000003,1.53,0.01,0.5429327400000001,0.019146800171226733,40.688888707586734
3.5700000000000003,1.53,0.20900000000000002,0.5429327400000001,0.4173250135687995,51.802927254297074
3.5700000000000003,1.53,0.40800000000000003,0.5429327400000001,0.9299919383218164,66.11260008825332
3.5700000000000003,1.53,0.607,0.5429327400000001,1.7866537015155437,90.02393309762981
3.5700000000000003,1.53,0.806,0.5429327400000001,2.866405899407878,120.16221576727567
3.5700000000000003,1.53,1.0050000000000001,0.5429327400000001,3.919028645091862,149.5432551537646
3.5700000000000003,1.53,1.2040000000000002,0.5429327400000001,5.025910295192547,180.4387811065674
3.5700000000000003,1.53,1.4030000000000002,0.5429327400000001,6.105662493084882,210.5770637762133
3.5700000000000003,1.53,1.6020000000000003,0.5429327400000001,7.1854146909772165,240.71534644585915
3.5700000000000003,1.53,1.8010000000000004,0.5429327400000001,8.26516688886955,270.853629115505
3.5700000000000003,1.53,2.0,0.5429327400000001,9.344919086761882,300.99191178515076
3.5700000000000003,2.04,0.01,0.5429327400000001,0.03384589686501856,41.099173152490565
3.5700000000000003,2.04,0.20900000000000002,0.5429327400000001,0.7693981649149212,61.6300710900538
3.5700000000000003,2.04,0.40800000000000003,0.5429327400000001,1.731182088879625,88.47559715070996
3.5700000000000003,2.04,0.607,0.5429327400000001,3.304945515958937,132.40283074472424
3.5700000000000003,2.04,0.806,0.5429327400000001,5.2780973873844435,187.4778831199289
3.5700000000000003,2.04,1.0050000000000001,0.5429327400000001,7.201672578623378,241.16914020932433
3.5700000000000003,2.04,1.2040000000000002,0.5429327400000001,9.224401130235458,297.6279878703382
3.5700000000000003,2.04,1.4030000000000002,0.5429327400000001,11.197553001660962,352.7030402455428
3.5700000000000003,2.04,1.6020000000000003,0.5429327400000001,13.17070487308647,407.7780926207475
3.5700000000000003,2.04,1.8010000000000004,0.5429327400000001,15.143856744511977,462.8531449959521
3.5700000000000003,2.04,2.0,0.5429327400000001,17.11700861593748,517.9281973711567
3.5700000000000003,2.55,0.01,0.5429327400000001,0.05265165098110697,41.62408352958715
3.5700000000000003,2.55,0.20900000000000002,0.5429327400000001,1.2369728838607075,74.68112028104
3.5700000000000003,2.55,0.40800000000000003,0.5429327400000001,2.8032728381733163,118.4000317689459
3.5700000000000003,2.55,0.607,0.5429327400000001,5.325656921480157,188.80537537695895
3.5700000000000003,2.55,0.806,0.5429327400000001,8.475046333187333,276.71183068410994
3.5700000000000003,2.55,1.0050000000000001,0.5429327400000001,11.545305357665683,362.409581084046
3.5700000000000003,2.55,1.2040000000000002,0.5429327400000001,14.773825156601683,452.5247412984119
3.5700000000000003,2.55,1.4030000000000002,0.5429327400000001,17.92321456830886,540.431196605563
3.5700000000000003,2.55,1.6020000000000003,0.5429327400000001,21.072603980016037,628.337651912714
3.5700000000000003,2.55,1.8010000000000004,0.5429327400000001,24.221993391723213,716.244107219865
3.5700000000000003,2.55,2.0,0.5429327400000001,27.371382803430382,804.1505625270157
3.5700000000000003,3.06,0.01,0.5429327400000001,0.07554584544318897,42.26311135980498
3.5700000000000003,3.06,0.20900000000000002,0.5429327400000001,1.8236018434650516,91.05523782510905
3.5700000000000003,3.06,0.40800000000000003,0.5429327400000001,4.1561815977423,156.16272093199748
3.5700000000000003,3.06,0.607,0.5429327400000001,7.864708018962018,259.6759323787917
3.5700000000000003,3.06,0.806,0.5429327400000001,12.479193086376002,388.4764623596993
3.5700000000000003,3.06,1.0050000000000001,0.5429327400000001,16.977736317925313,514.040798119981
3.5700000000000003,3.06,1.2040000000000002,0.5429327400000001,21.708163221203968,646.0775223215145
3.5700000000000003,3.06,1.4030000000000002,0.5429327400000001,26.322648288617955,774.8780523024221
3.5700000000000003,3.06,1.6020000000000003,0.5429327400000001,30.93713335603194,903.6785822833298
3.5700000000000003,3.06,1.8010000000000004,0.5429327400000001,35.55161842344592,1032.4791122642373
3.5700000000000003,3.06,2.0,0.5429327400000001,40.1661034908599,1161.2796422451447
3.5700000000000003,3.5700000000000003,0.01,0.5429327400000001,0.10251369946454716,43.0158440785491
3.5700000000000003,3.5700000000000003,0.20900000000000002,0.5429327400000001,2.532281852424492,110.8360713108275
3.5700000000000003,3.5700000000000003,0.40800000000000003,0.5429327400000001,5.7982598879623435,201.99677412766894
3.5700000000000003,3.5700000000000003,0.607,0.5429327400000001,10.935455819139031,345.38732559436374
3.5700000000000003,3.5700000000000003,0.806,0.5429327400000001,17.3088798030217,523.2837484724116
3.5700000000000003,3.5700000000000003,1.0050000000000001,0.5429327400000001,23.52216750590229,696.7104119816643
3.5700000000000003,3.5700000000000003,1.2040000000000002,0.5429327400000001,30.055727770787037,879.0765942285074
3.5700000000000003,3.5700000000000003,1.4030000000000002,0.5429327400000001,36.429151754669704,1056.973017106555
3.5700000000000003,3.5700000000000003,1.6020000000000003,0.5429327400000001,42.80257573855238,1234.8694399846029
3.5700000000000003,3.5700000000000003,1.8010000000000004,0.5429327400000001,49.17599972243504,1412.7658628626507
3.5700000000000003,3.5700000000000003,2.0,0.5429327400000001,55.5494237063177,1590.6622857406983
3.5700000000000003,4.08,0.01,0.5429327400000001,0.13354277845826518,43.88193460887344
3.5700000000000003,4.08,0.20900000000000002,0.5429327400000001,3.365616090098073,134.09628125744763
3.5700000000000003,4.08,0.40800000000000003,0.5429327400000001,7.736752303072433,256.1044040760897
3.5700000000000003,4.08,0.607,0.5429327400000001,14.549451886427239,446.26198485000646
3.5700000000000003,4.08,0.806,0.5429327400000001,22.9799224713354,681.575148390732
3.5700000000000003,4.08,1.0050000000000001,0.5429327400000001,31.19857218727601,910.9759208877207
3.5700000000000003,4.08,1.2040000000000002,0.5429327400000001,39.840863641151714,1152.2014754721831
3.5700000000000003,4.08,1.4030000000000002,0.5429327400000001,48.27133422605987,1387.5146390129087
3.5700000000000003,4.08,1.6020000000000003,0.5429327400000001,56.70180481096803,1622.8278025536342
3.5700000000000003,4.08,1.8010000000000004,0.5429327400000001,65.13227539587619,1858.14096609436
3.5700000000000003,4.08,2.0,0.5429327400000001,73.56274598078433,2093.454129635085
3.5700000000000003,4.59,0.01,0.5429327400000001,0.16862235285083693,44.86108346454414
3.5700000000000003,4.59,0.20900000000000002,0.5429327400000001,4.325912884252525,160.9002982212246
3.5700000000000003,4.59,0.40800000000000003,0.5429327400000001,9.978075469647298,318.664713080429
3.5700000000000003,4.59,0.607,0.5429327400000001,18.71690128213297,562.5847560788065
3.5700000000000003,4.59,0.806,0.5429327400000001,29.50625826529906,863.7396796039552
3.5700000000000003,4.59,1.0050000000000001,0.5429327400000001,40.02452587702881,1157.3278965078687
3.5700000000000003,4.59,1.2040000000000002,0.5429327400000001,51.084972231631234,1466.0495266542523
3.5700000000000003,4.59,1.4030000000000002,0.5429327400000001,61.87432921479732,1767.2044501794007
3.5700000000000003,4.59,1.6020000000000003,0.5429327400000001,72.6636861979634,2068.3593737045494
3.5700000000000003,4.59,1.8010000000000004,0.5429327400000001,83.4530431811295,2369.5142972296985
3.5700000000000003,4.59,2.0,0.5429327400000001,94.24240016429556,2670.6692207548463
4.08,0.0,0.01,0.7091366400000001,0.0,44.7935790725327
4.08,0.0,0.20900000000000002,0.7091366400000001,0.0,44.7935790725327
4.08,0.0,0.40800000000000003,0.7091366400000001,0.0,44.7935790725327
4.08,0.0,0.607,0.7091366400000001,0.0,44.7935790725327
4.08,0.0,0.806,0.7091366400000001,0.0,44.7935790725327
4.08,0.0,1.0050000000000001,0.7091366400000001,0.0,44.7935790725327
4.08,0.0,1.2040000000000002,0.7091366400000001,0.0,44.7935790725327
4.08,0.0,1.4030000000000002,0.7091366400000001,0.0,44.7935790725327
4.08,0.0,1.6020000000000003,0.7091366400000001,0.0,44.7935790725327
4.08,0.0,1.8010000000000004,0.7091366400000001,0.0,44.7935790725327
4.08,0.0,2.0,0.7091366400000001,0.0,44.7935790725327
4.08,0.51,0.01,0.7091366400000001,0.002174088729038088,44.854262719014315
4.08,0.51,0.20900000000000002,0.7091366400000001,0.040531743967364656,45.92491009382316
4.08,0.51,0.40800000000000003,0.7091366400000001,0.08667927700288072,47.2129902642975
4.08,0.51,0.607,0.7091366400000001,0.17064356045832058,49.55661995440038
4.08,0.51,0.806,0.7091366400000001,0.2785444958625319,52.568374779145444
4.08,0.51,1.0050000000000001,0.7091366400000001,0.38373435248774285,55.50445737211299
4.08,0.51,1.2040000000000002,0.7091366400000001,0.49434636667095455,58.59188442863556
4.08,0.51,1.4030000000000002,0.7091366400000001,0.6022473020751657,61.603639253380614
4.08,0.51,1.6020000000000003,0.7091366400000001,0.710148237479377,64.61539407812566
4.08,0.51,1.8010000000000004,0.7091366400000001,0.8180491728835884,67.62714890287073
4.08,0.51,2.0,0.7091366400000001,0.9259501082877993,70.63890372761577
4.08,1.02,0.01,0.7091366400000001,0.008578110683502654,45.033013199229146
4.08,1.02,0.20900000000000002,0.7091366400000001,0.17634614996641118,49.71579189670277
4.08,1.02,0.40800000000000003,0.7091366400000001,0.3873720483315314,55.605993544783246
4.08,1.02,0.607,0.7091366400000001,0.7508940624599494,65.75270057610685
4.08,1.02,0.806,0.7091366400000001,1.2124386231025717,78.63543465197847
4.08,1.02,1.0050000000000001,0.7091366400000001,1.662386586744123,91.19448194202417
4.08,1.02,1.2040000000000002,0.7091366400000001,2.1355277443878165,104.40090280372172
4.08,1.02,1.4030000000000002,0.7091366400000001,2.5970723050304385,117.28363687959335
4.08,1.02,1.6020000000000003,0.7091366400000001,3.058616865673061,130.16637095546497
4.08,1.02,1.8010000000000004,0.7091366400000001,3.520161426315683,143.04910503133658
4.08,1.02,2.0,0.7091366400000001,3.9817059869583047,155.9318391072082
4.08,1.53,0.01,0.7091366400000001,0.019146800171226733,45.32800880271158
4.08,1.53,0.20900000000000002,0.7091366400000001,0.4173250135687995,56.44204734942193
4.08,1.53,0.40800000000000003,0.7091366400000001,0.9299919383218164,70.75172018337818
4.08,1.53,0.607,0.7091366400000001,1.7866537015155437,94.66305319275466
4.08,1.53,0.806,0.7091366400000001,2.866405899407878,124.80133586240052
4.08,1.53,1.0050000000000001,0.7091366400000001,3.919028645091862,154.18237524888943
4.08,1.53,1.2040000000000002,0.7091366400000001,5.025910295192547,185.07790120169224
4.08,1.53,1.4030000000000002,0.7091366400000001,6.105662493084882,215.21618387133813
4.08,1.53,1.6020000000000003,0.7091366400000001,7.1854146909772165,245.354466540984
4.08,1.53,1.8010000000000004,0.7091366400000001,8.26516688886955,275.4927492106298
4.08,1.53,2.0,0.7091366400000001,9.344919086761882,305.63103188027566
4.08,2.04,0.01,0.7091366400000001,0.03384589686501856,45.73829324761542
4.08,2.04,0.20900000000000002,0.7091366400000001,0.7693981649149212,66.26919118517864
4.08,2.04,0.40800000000000003,0.7091366400000001,1.731182088879625,93.11471724583481
4.08,2.04,0.607,0.7091366400000001,3.304945515958937,137.0419508398491
4.08,2.04,0.806,0.7091366400000001,5.2780973873844435,192.11700321505373
4.08,2.04,1.0050000000000001,0.7091366400000001,7.201672578623378,245.80826030444916
4.08,2.04,1.2040000000000002,0.7091366400000001,9.224401130235458,302.2671079654631
4.08,2.04,1.4030000000000002,0.7091366400000001,11.197553001660962,357.34216034066765
4.08,2.04,1.6020000000000003,0.7091366400000001,13.17070487308647,412.4172127158723
4.08,2.04,1.8010000000000004,0.7091366400000001,15.143856744511977,467.492265091077
4.08,2.04,2.0,0.7091366400000001,17.11700861593748,522.5673174662816
4.08,2.55,0.01,0.7091366400000001,0.05265165098110697,46.263203624712006
4.08,2.55,0.20900000000000002,0.7091366400000001,1.2369728838607075,79.32024037616486
4.08,2.55,0.40800000000000003,0.7091366400000001,2.8032728381733163,123.03915186407075
4.08,2.55,0.607,0.7091366400000001,5.325656921480157,193.4444954720838
4.08,2.55,0.806,0.7091366400000001,8.475046333187333,281.35095077923484
4.08,2.55,1.0050000000000001,0.7091366400000001,11.545305357665683,367.0487011791709
4.08,2.55,1.2040000000000002,0.7091366400000001,14.773825156601683,457.16386139353676
4.08,2.55,1.4030000000000002,0.7091366400000001,17.92321456830886,545.0703167006878
4.08,2.55,1.6020000000000003,0.7091366400000001,21.072603980016037,632.9767720078388
4.08,2.55,1.8010000000000004,0.7091366400000001,24.221993391723213,720.8832273149899
4.08,2.55,2.0,0.7091366400000001,27.371382803430382,808.7896826221406
4.08,3.06,0.01,0.7091366400000001,0.07554584544318897,46.90223145492983
4.08,3.06,0.20900000000000002,0.7091366400000001,1.8236018434650516,95.6943579202339
4.08,3.06,0.40800000000000003,0.7091366400000001,4.1561815977423,160.80184102712232
4.08,3.06,0.607,0.7091366400000001,7.864708018962018,264.3150524739166
4.08,3.06,0.806,0.7091366400000001,12.479193086376002,393.1155824548242
4.08,3.06,1.0050000000000001,0.7091366400000001,16.977736317925313,518.679918215106
4.08,3.06,1.2040000000000002,0.7091366400000001,21.708163221203968,650.7166424166394
4.08,3.06,1.4030000000000002,0.7091366400000001,26.322648288617955,779.517172397547
4.08,3.06,1.6020000000000003,0.7091366400000001,30.93713335603194,908.3177023784547
4.08,3.06,1.8010000000000004,0.7091366400000001,35.55161842344592,1037.118232359362
4.08,3.06,2.0,0.7091366400000001,40.1661034908599,1165.9187623402697
4.08,3.5700000000000003,0.01,0.7091366400000001,0.10251369946454716,47.65496417367395
4.08,3.5700000000000003,0.20900000000000002,0.7091366400000001,2.532281852424492,115.47519140595236
4.08,3.5700000000000003,0.40800000000000003,0.7091366400000001,5.7982598879623435,206.63589422279378
4.08,3.5700000000000003,0.607,0.7091366400000001,10.935455819139031,350.02644568948864
4.08,3.5700000000000003,0.806,0.7091366400000001,17.3088798030217,527.9228685675365
4.08,3.5700000000000003,1.0050000000000001,0.7091366400000001,23.52216750590229,701.349532076789
4.08,3.5700000000000003,1.2040000000000002,0.7091366400000001,30.055727770787037,883.7157143236323
4.08,3.5700000000000003,1.4030000000000002,0.7091366400000001,36.429151754669704,1061.61213720168
4.08,3.5700000000000003,1.6020000000000003,0.7091366400000001,42.80257573855238,1239.5085600797279
4.08,3.5700000000000003,1.8010000000000004,0.7091366400000001,49.17599972243504,1417.4049829577755
4.08,3.5700000000000003,2.0,0.7091366400000001,55.5494237063177,1595.301405835823
4.08,4.08,0.01,0.7091366400000001,0.13354277845826518,48.521054703998296
4.08,4.08,0.20900000000000002,0.7091366400000001,3.365616090098073,138.7354013525725
4.08,4.08,0.40800000000000003,0.7091366400000001,7.736752303072433,260.7435241712145
4.08,4.08,0.607,0.7091366400000001,14.549451886427239,450.9011049451313
4.08,4.08,0.806,0.7091366400000001,22.9799224713354,686.2142684858569
4.08,4.08,1.0050000000000001,0.7091366400000001,31.19857218727601,915.6150409828456
4.08,4.08,1.2040000000000002,0.7091366400000001,39.840863641151714,1156.840595567308
4.08,4.08,1.4030000000000002,0.7091366400000001,48.27133422605987,1392.1537591080335
4.08,4.08,1.6020000000000003,0.7091366400000001,56.70180481096803,1627.466922648759
4.08,4.08,1.8010000000000004,0.7091366400000001,65.13227539587619,1862.780086189485
4.08,4.08,2.0,0.7091366400000001,73.56274598078433,2098.0932497302097
4.08,4.59,0.01,0.7091366400000001,0.16862235285083693,49.50020355966899
4.08,4.59,0.20900000000000002,0.7091366400000001,4.325912884252525,165.53941831634944
4.08,4.59,0.40800000000000003,0.7091366400000001,9.978075469647298,323.3038331755539
4.08,4.59,0.607,0.7091366400000001,18.71690128213297,567.2238761739314
4.08,4.59,0.806,0.7091366400000001,29.50625826529906,868.3787996990801
4.08,4.59,1.0050000000000001,0.7091366400000001,40.02452587702881,1161.9670166029935
4.08,4.59,1.2040000000000002,0.7091366400000001,51.084972231631234,1470.688646749377
4.08,4.59,1.4030000000000002,0.7091366400000001,61.87432921479732,1771.8435702745257
4.08,4.59,1.6020000000000003,0.7091366400000001,72.6636861979634,2072.998493799674
4.08,4.59,1.8010000000000004,0.7091366400000001,83.4530431811295,2374.153417324823
4.08,4.59,2.0,0.7091366400000001,94.24240016429556,2675.3083408499706
4.59,0.0,0.01,0.89750106,0.0,50.051248513674196
4.59,0.0,0.20900000000000002,0.89750106,0.0,50.051248513674196
4.59,0.0,0.40800000000000003,0.89750106,0.0,50.051248513674196
4.59,0.0,0.607,0.89750106,0.0,50.051248513674196
4.59,0.0,0.806,0.89750106,0.0,50.051248513674196
4.59,0.0,1.0050000000000001,0.89750106,0.0,50.051248513674196
4.59,0.0,1.2040000000000002,0.89750106,0.0,50.051248513674196
4.59,0.0,1.4030000000000002,0.89750106,0.0,50.051248513674196
4.59,0.0,1.6020000000000003,0.89750106,0.0,50.051248513674196
4.59,0.0,1.8010000000000004,0.89750106,0.0,50.051248513674196
4.59,0.0,2.0,0.89750106,0.0,50.051248513674196
4.59,0.51,0.01,0.89750106,0.002174088729038088,50.11193216015581
4.59,0.51,0.20900000000000002,0.89750106,0.040531743967364656,51.18257953496465
4.59,0.51,0.40800000000000003,0.89750106,0.08667927700288072,52.47065970543899
4.59,0.51,0.607,0.89750106,0.17064356045832058,54.81428939554188
4.59,0.51,0.806,0.89750106,0.2785444958625319,57.82604422028693
4.59,0.51,1.0050000000000001,0.89750106,0.38373435248774285,60.76212681325448
4.59,0.51,1.2040000000000002,0.89750106,0.49434636667095455,63.849553869777054
4.59,0.51,1.4030000000000002,0.89750106,0.6022473020751657,66.86130869452211
4.59,0.51,1.6020000000000003,0.89750106,0.710148237479377,69.87306351926716
4.59,0.51,1.8010000000000004,0.89750106,0.8180491728835884,72.88481834401222
4.59,0.51,2.0,0.89750106,0.9259501082877993,75.89657316875727
4.59,1.02,0.01,0.89750106,0.008578110683502654,50.29068264037063
4.59,1.02,0.20900000000000002,0.89750106,0.17634614996641118,54.97346133784426
4.59,1.02,0.40800000000000003,0.89750106,0.3873720483315314,60.86366298592474
4.59,1.02,0.607,0.89750106,0.7508940624599494,71.01037001724833
4.59,1.02,0.806,0.89750106,1.2124386231025717,83.89310409311997
4.59,1.02,1.0050000000000001,0.89750106,1.662386586744123,96.45215138316567
4.59,1.02,1.2040000000000002,0.89750106,2.1355277443878165,109.65857224486322
4.59,1.02,1.4030000000000002,0.89750106,2.5970723050304385,122.54130632073485
4.59,1.02,1.6020000000000003,0.89750106,3.058616865673061,135.42404039660647
4.59,1.02,1.8010000000000004,0.89750106,3.520161426315683,148.30677447247808
4.59,1.02,2.0,0.89750106,3.9817059869583047,161.18950854834966
4.59,1.53,0.01,0.89750106,0.019146800171226733,50.58567824385308
4.59,1.53,0.20900000000000002,0.89750106,0.4173250135687995,61.69971679056343
4.59,1.53,0.40800000000000003,0.89750106,0.9299919383218164,76.00938962451967
4.59,1.53,0.607,0.89750106,1.7866537015155437,99.92072263389615
4.59,1.53,0.806,0.89750106,2.866405899407878,130.059005303542
4.59,1.53,1.0050000000000001,0.89750106,3.919028645091862,159.44004469003093
4.59,1.53,1.2040000000000002,0.89750106,5.025910295192547,190.33557064283374
4.59,1.53,1.4030000000000002,0.89750106,6.105662493084882,220.4738533124796
4.59,1.53,1.6020000000000003,0.89750106,7.1854146909772165,250.61213598212547
4.59,1.53,1.8010000000000004,0.89750106,8.26516688886955,280.7504186517713
4.59,1.53,2.0,0.89750106,9.344919086761882,310.88870132141716
4.59,2.04,0.01,0.89750106,0.03384589686501856,50.99596268875692
4.59,2.04,0.20900000000000002,0.89750106,0.7693981649149212,71.52686062632014
4.59,2.04,0.40800000000000003,0.89750106,1.731182088879625,98.37238668697631
4.59,2.04,0.607,0.89750106,3.304945515958937,142.29962028099058
4.59,2.04,0.806,0.89750106,5.2780973873844435,197.3746726561952
4.59,2.04,1.0050000000000001,0.89750106,7.201672578623378,251.06592974559067
4.59,2.04,1.2040000000000002,0.89750106,9.224401130235458,307.5247774066046
4.59,2.04,1.4030000000000002,0.89750106,11.197553001660962,362.59982978180915
4.59,2.04,1.6020000000000003,0.89750106,13.17070487308647,417.6748821570138
4.59,2.04,1.8010000000000004,0.89750106,15.143856744511977,472.7499345322185
4.59,2.04,2.0,0.89750106,17.11700861593748,527.824986907423
4.59,2.55,0.01,0.89750106,0.05265165098110697,51.5208730658535
4.59,2.55,0.20900000000000002,0.89750106,1.2369728838607075,84.57790981730635
4.59,2.55,0.40800000000000003,0.89750106,2.8032728381733163,128.29682130521223
4.59,2.55,0.607,0.89750106,5.325656921480157,198.7021649132253
4.59,2.55,0.806,0.89750106,8.475046333187333,286.6086202203763
4.59,2.55,1.0050000000000001,0.89750106,11.545305357665683,372.3063706203124
4.59,2.55,1.2040000000000002,0.89750106,14.773825156601683,462.42153083467826
4.59,2.55,1.4030000000000002,0.89750106,17.92321456830886,550.3279861418292
4.59,2.55,1.6020000000000003,0.89750106,21.072603980016037,638.2344414489803
4.59,2.55,1.8010000000000004,0.89750106,24.221993391723213,726.1408967561313
4.59,2.55,2.0,0.89750106,27.371382803430382,814.0473520632821
4.59,3.06,0.01,0.89750106,0.07554584544318897,52.15990089607133
4.59,3.06,0.20900000000000002,0.89750106,1.8236018434650516,100.9520273613754
4.59,3.06,0.40800000000000003,0.89750106,4.1561815977423,166.05951046826382
4.59,3.06,0.607,0.89750106,7.864708018962018,269.5727219150581
4.59,3.06,0.806,0.89750106,12.479193086376002,398.37325189596567
4.59,3.06,1.0050000000000001,0.89750106,16.977736317925313,523.9375876562474
4.59,3.06,1.2040000000000002,0.89750106,21.708163221203968,655.9743118577808
4.59,3.06,1.4030000000000002,0.89750106,26.322648288617955,784.7748418386884
4.59,3.06,1.6020000000000003,0.89750106,30.93713335603194,913.5753718195961
4.59,3.06,1.8010000000000004,0.89750106,35.55161842344592,1042.3759018005037
4.59,3.06,2.0,0.89750106,40.1661034908599,1171.1764317814113
4.59,3.5700000000000003,0.01,0.89750106,0.10251369946454716,52.91263361481545
4.59,3.5700000000000003,0.20900000000000002,0.89750106,2.532281852424492,120.73286084709385
4.59,3.5700000000000003,0.40800000000000003,0.89750106,5.7982598879623435,211.89356366393528
4.59,3.5700000000000003,0.607,0.89750106,10.935455819139031,355.28411513063014
4.59,3.5700000000000003,0.806,0.89750106,17.3088798030217,533.180538008678
4.59,3.5700000000000003,1.0050000000000001,0.89750106,23.52216750590229,706.6072015179305
4.59,3.5700000000000003,1.2040000000000002,0.89750106,30.055727770787037,888.9733837647736
4.59,3.5700000000000003,1.4030000000000002,0.89750106,36.429151754669704,1066.8698066428217
4.59,3.5700000000000003,1.6020000000000003,0.89750106,42.80257573855238,1244.7662295208695
4.59,3.5700000000000003,1.8010000000000004,0.89750106,49.17599972243504,1422.662652398917
4.59,3.5700000000000003,2.0,0.89750106,55.5494237063177,1600.5590752769647
4.59,4.08,0.01,0.89750106,0.13354277845826518,53.77872414513979
4.59,4.08,0.20900000000000002,0.89750106,3.365616090098073,143.99307079371397
4.59,4.08,0.40800000000000003,0.89750106,7.736752303072433,266.001193612356
4.59,4.08,0.607,0.89750106,14.549451886427239,456.1587743862728
4.59,4.08,0.806,0.89750106,22.9799224713354,691.4719379269983
4.59,4.08,1.0050000000000001,0.89750106,31.19857218727601,920.872710423987
4.59,4.08,1.2040000000000002,0.89750106,39.840863641151714,1162.0982650084495
4.59,4.08,1.4030000000000002,0.89750106,48.27133422605987,1397.4114285491753
4.59,4.08,1.6020000000000003,0.89750106,56.70180481096803,1632.7245920899009
4.59,4.08,1.8010000000000004,0.89750106,65.13227539587619,1868.0377556306266
4.59,4.08,2.0,0.89750106,73.56274598078433,2103.350919171351
4.59,4.59,0.01,0.89750106,0.16862235285083693,54.757873000810484
4.59,4.59,0.20900000000000002,0.89750106,4.325912884252525,170.79708775749094
4.59,4.59,0.40800000000000003,0.89750106,9.978075469647298,328.5615026166954
4.59,4.59,0.607,0.89750106,18.71690128213297,572.481545615073
4.59,4.59,0.806,0.89750106,29.50625826529906,873.6364691402216
4.59,4.59,1.0050000000000001,0.89750106,40.02452587702881,1167.224686044135
4.59,4.59,1.2040000000000002,0.89750106,51.084972231631234,1475.9463161905187
4.59,4.59,1.4030000000000002,0.89750106,61.87432921479732,1777.1012397156674
4.59,4.59,1.6020000000000003,0.89750106,72.6636861979634,2078.2561632408156
4.59,4.59,1.8010000000000004,0.89750106,83.4530431811295,2379.4110867659642
4.59,4.59,2.0,0.89750106,94.24240016429556,2680.566010291112
